subject,run,trial_nr,cueonset1,cueoffset1,cueonset2,cueoffset2,stimonset1,stimoffset1,isistimonset,isistimoffset,stimonset2,stimoffset2,responseonset1,responseonset2,responseoffset,cuediff1,cuediff2,stimdiff1,isistimdiff,stimdiff2,rt,rt2,responsecueduration_final,remainduration,responsediff1,responsediff2,durationdiff,trialaccumulation,trialduration,accuracy,prob_value,diffval,rad,correct,leftright,pressedkey,n1,n2,choice
1,1,1,35070,36600,36600,37630,37630,38243,38276,46276,46276,46903,46936,46971,50047,1530,1030,613,8000,627,775,0,600,1625,3111,3076,1025,15.01429881,15.01429881,1,10,-3,190,-1,-1,49,7,10,1.0
1,1,2,50095,51614,51614,52628,52628,53248,53280,61780,61780,62380,62412,62446,65562,1519,1014,620,8500,600,892,0,600,1555,3150,3116,955,30.48175817,15.46745936,0,14,-9,170,-1,1,51,5,14,2.0
1,1,3,65565,67087,67087,68095,68095,68719,68752,75252,75252,75852,75885,75918,79003,1522,1008,624,6500,600,611,0,600,1835,3118,3085,1235,43.92283997,13.4410818,1,14,-7,210,-1,-1,49,7,14,1.0
1,1,4,79005,80523,80523,81527,81527,82147,82180,89180,89180,89810,89842,89876,92943,1518,1004,620,7000,630,660,0,600,1768,3101,3067,1168,57.86350214,13.94066217,1,10,-3,210,-1,-1,49,7,10,1.0
1,1,5,92946,94467,94467,95473,95473,96096,96129,105129,105129,105754,105786,105820,108904,1521,1006,623,9000,625,830,0,600,1595,3118,3084,995,73.82328835,15.95978621,1,10,-5,150,-1,-1,49,5,10,1.0
1,1,6,108906,110428,110428,111437,111437,112043,112075,119575,119575,120206,120238,120272,123336,1522,1009,606,7500,631,687,0,600,1745,3098,3064,1145,88.25560596,14.43231761,1,10,18,150,1,1,51,28,10,2.0
1,1,7,123338,124860,124860,125864,125864,126466,126499,132499,132499,133099,133133,133166,136302,1522,1004,602,6000,600,1274,0,600,1198,3169,3136,598,101.2218851,12.96627912,0,20,8,150,1,-1,49,28,20,1.0
1,1,8,136304,137827,137827,138829,138829,139449,139482,145482,145482,146099,146132,146166,149255,1523,1002,620,6000,617,576,0,600,1862,3123,3089,1262,114.1746905,12.95280541,1,5,2,200,1,1,51,7,5,2.0
1,1,9,149257,150777,150777,151785,151785,152389,152422,161422,161422,162052,162085,162118,165194,1520,1008,604,9000,630,890,0,600,1548,3109,3076,948,130.1143347,15.93964421,0,19,1,150,1,-1,49,20,19,1.0
1,1,10,165196,166727,166727,167736,167736,168336,168368,176868,176868,177483,177516,177550,180658,1531,1009,600,8500,615,472,0,600,1973,3142,3108,1373,145.5784792,15.4641445,1,5,5,190,1,1,51,10,5,2.0
1,1,11,180661,182181,182181,183188,183188,183792,183825,190825,190825,191440,191473,191506,194613,1520,1007,604,7000,615,790,0,600,1664,3140,3107,1064,159.5331961,13.95471688,1,57,-37,190,-1,-1,49,20,57,1.0
1,1,12,194616,196138,196138,197143,197143,197745,197778,204278,204278,204895,204927,204960,208079,1522,1005,602,6500,617,415,0,600,2039,3152,3119,1439,172.9993699,13.4661738,1,7,7,160,1,1,51,14,7,2.0
1,1,13,208082,209602,209602,210605,210605,211211,211244,219244,219244,219876,219908,219941,223035,1520,1003,606,8000,632,550,0,600,1889,3127,3094,1289,187.9550143,14.95564444,1,14,14,180,1,1,51,28,14,2.0
1,1,14,223037,224562,224562,225567,225567,226168,226200,233700,233700,234303,234336,234369,237469,1525,1005,601,7500,603,1075,0,600,1391,3133,3100,791,202.3891717,14.43415736,1,28,-14,160,-1,-1,49,14,28,1.0
1,1,15,237471,238990,238990,239990,239990,240590,240622,247622,247622,248222,248255,248288,251409,1519,1000,600,7000,600,1100,0,600,1381,3154,3121,781,216.3291404,13.93996876,1,14,-4,180,-1,-1,49,10,14,1.0
1,1,16,251412,252930,252930,253934,253934,254540,254572,263572,263572,264172,264205,264238,267354,1518,1004,606,9000,600,860,0,600,1612,3149,3116,1012,232.2737925,15.94465206,0,27,1,180,1,-1,49,28,27,1.0
1,1,17,267356,268881,268881,269886,269886,270508,270540,279040,279040,279666,279699,279733,282807,1525,1005,622,8500,626,566,0,600,1856,3108,3074,1256,247.7271878,15.45339531,1,10,-3,200,-1,-1,49,7,10,1.0
1,1,18,282810,284333,284333,285335,285335,285942,285974,291974,291974,292593,292625,292658,295759,1523,1002,607,6000,619,396,0,600,2053,3134,3101,1453,260.6791425,12.9519547,1,7,13,160,1,1,51,20,7,2.0
1,1,19,295762,297282,297282,298283,298283,298889,298921,306921,306921,307522,307555,307588,310715,1520,1001,606,8000,601,618,0,600,1854,3160,3127,1254,275.6347225,14.95557995,1,40,-12,190,-1,-1,49,28,40,1.0
1,1,20,310718,312237,312237,313242,313242,313862,313895,320395,320395,321025,321057,321091,324150,1519,1005,620,6500,630,487,0,600,1939,3093,3059,1339,289.0694762,13.43475373,1,14,-9,170,-1,-1,49,5,14,1.0
1,1,21,324152,325677,325677,326679,326679,327298,327331,334831,334831,335443,335475,335508,338592,1525,1002,619,7500,612,643,0,600,1799,3117,3084,1199,303.5118146,14.44233844,1,3,2,180,1,1,51,5,3,2.0
1,1,22,338594,340112,340112,341116,341116,341734,341766,350266,350266,350882,350915,350948,354045,1518,1004,618,8500,616,488,0,600,1956,3130,3097,1356,318.9647938,15.45297914,1,3,2,190,1,1,51,5,3,2.0
1,1,23,354047,355569,355569,356572,356572,357177,357209,363709,363709,364334,364366,364399,367483,1522,1003,605,6500,625,698,0,600,1747,3117,3084,1147,332.4027255,13.43793178,1,10,10,210,1,1,51,20,10,2.0
1,1,24,367485,369011,369011,370042,370042,370648,370680,379680,379680,380280,380313,380347,383423,1526,1031,606,9000,600,629,0,600,1808,3110,3076,1208,348.3429324,15.94020683,1,40,-26,210,-1,-1,49,14,40,1.0
1,1,25,383426,384949,384949,385956,385956,386559,386592,393592,393592,394192,394225,394258,397384,1523,1007,603,7000,600,776,0,600,1691,3159,3126,1091,362.3034503,13.96051789,1,14,6,160,1,1,51,20,14,2.0
1,1,26,397387,398911,398911,399915,399915,400519,400552,408552,408552,409183,409216,409250,412325,1524,1004,604,8000,631,625,0,600,1812,3109,3075,1212,377.2445774,14.94112716,1,10,10,200,1,1,51,20,10,2.0
1,1,27,412327,413855,413855,414858,414858,415458,415491,422991,422991,423623,423656,423689,426789,1528,1003,600,7500,632,560,0,600,1877,3133,3100,1277,391.7086454,14.46406796,1,28,-18,200,-1,-1,49,10,28,1.0
1,1,28,426791,428315,428315,429322,429322,429925,429957,435957,435957,436589,436621,436654,439731,1524,1007,603,6000,632,1016,0,600,1418,3110,3077,818,404.6505678,12.94192242,1,13,1,160,1,1,51,14,13,2.0
1,1,29,439734,441255,441255,442259,442259,442886,442919,449919,449919,450519,450551,450584,453679,1521,1004,627,7000,600,1169,0,600,1279,3128,3095,679,418.5987435,13.94817576,1,14,-4,170,-1,-1,49,10,14,1.0
1,1,30,453681,455201,455201,456208,456208,456827,456859,464359,464359,464975,465007,465041,468140,1520,1007,619,7500,616,782,0,600,1656,3133,3099,1056,433.0594484,14.46070488,1,6,1,170,1,1,51,7,6,2.0
1,1,31,468142,469662,469662,470665,470665,471269,471301,479801,479801,480401,480434,480467,483594,1520,1003,604,8500,600,809,0,600,1664,3160,3127,1064,448.513768,15.45431955,1,40,-26,160,-1,-1,49,14,40,1.0
1,1,32,483597,485118,485118,486121,486121,486722,486755,494755,494755,495369,495402,495436,498537,1521,1003,601,8000,614,497,0,600,1964,3135,3101,1364,463.4565872,14.94281924,1,7,3,170,1,1,51,10,7,2.0
1,1,33,498540,500059,500059,501061,501061,501665,501697,510697,510697,511310,511343,511376,514496,1519,1002,604,9000,613,707,0,600,1755,3153,3120,1155,479.4150285,15.95844128,1,56,-28,180,-1,-1,49,28,56,1.0
1,1,34,514499,516025,516025,517034,517034,517652,517684,524184,524184,524799,524831,524864,527932,1526,1009,618,6500,615,912,0,600,1520,3101,3068,920,492.8517392,13.43671071,1,3,2,190,1,1,51,5,3,2.0
1,1,35,527935,529456,529456,530459,530459,531066,531098,537098,537098,537728,537760,537794,540879,1521,1003,607,6000,630,903,0,600,1536,3119,3085,936,505.7987924,12.94705322,1,10,4,210,1,1,51,14,10,2.0
1,1,36,540881,542402,542402,543408,543408,544010,544043,552543,552543,553160,553192,553226,556319,1521,1006,602,8500,617,518,0,600,1936,3127,3093,1336,521.2381725,15.43938007,1,5,5,170,1,1,51,10,5,2.0
1,2,37,39409,40930,40930,41935,41935,42539,42571,49071,49071,49698,49730,49765,52859,1521,1005,604,6500,627,552,0,600,1891,3129,3094,1291,13.45142839,13.45142839,1,10,18,170,1,1,51,28,10,2.0
1,2,38,52862,54383,54383,55389,55389,56015,56048,64048,64048,64662,64694,64727,67819,1521,1006,626,8000,614,1169,0,600,1264,3125,3092,664,28.41133484,14.95990645,1,6,1,180,1,1,51,7,6,2.0
1,2,39,67822,69345,69345,70351,70351,70956,70988,79988,79988,80602,80635,80669,83770,1523,1006,605,9000,614,559,0,600,1893,3135,3101,1293,44.36245148,15.95111664,1,5,9,170,1,1,51,14,5,2.0
1,2,40,83773,85291,85291,86294,86294,86913,86945,95445,95445,96072,96104,96138,99211,1518,1003,619,8500,627,664,0,600,1769,3107,3073,1169,59.80287182,15.44042034,1,10,-3,190,-1,-1,49,7,10,1.0
1,2,41,99213,100733,100733,101738,101738,102343,102375,109875,109875,110475,110508,110541,113644,1520,1005,605,7500,600,982,0,600,1488,3136,3103,888,74.23593045,14.43305863,1,14,14,150,1,1,51,28,14,2.0
1,2,42,113646,115168,115168,116169,116169,116771,116803,123803,123803,124434,124467,124501,127608,1522,1001,602,7000,631,468,0,600,1976,3141,3107,1376,88.20058739,13.96465695,1,28,-14,150,-1,-1,49,14,28,1.0
1,2,43,127611,129134,129134,130139,130139,130744,130776,136776,136776,137376,137408,137442,140566,1523,1005,605,6000,600,584,0,600,1883,3158,3124,1283,101.1583277,12.95774034,1,28,-8,180,-1,-1,49,20,28,1.0
1,2,44,140569,142087,142087,143092,143092,143692,143724,152224,152224,152840,152872,152905,156016,1518,1005,600,8500,616,570,0,600,1891,3144,3111,1291,116.6083145,15.44998673,1,5,5,200,1,1,51,10,5,2.0
1,2,45,156019,157541,157541,158542,158542,159160,159192,166692,166692,167312,167345,167379,170478,1522,1001,618,7500,620,1267,0,600,1172,3133,3099,572,131.0695729,14.46125846,1,6,1,200,1,1,51,7,6,2.0
1,2,46,170481,172006,172006,173011,173011,173616,173648,181648,181648,182266,182298,182331,185428,1525,1005,605,8000,618,976,0,600,1471,3130,3097,871,146.0198901,14.95031716,1,7,7,150,1,1,51,14,7,2.0
1,2,47,185431,186948,186948,187956,187956,188581,188613,195113,195113,195739,195771,195805,198876,1517,1008,625,6500,626,530,0,600,1894,3105,3071,1294,159.4679828,13.44809273,1,10,-5,200,-1,-1,49,5,10,1.0
1,2,48,198879,200404,200404,201409,201409,202012,202045,209045,209045,209659,209691,209724,212825,1525,1005,603,7000,614,458,0,600,1995,3134,3101,1395,173.417103,13.94912019,1,4,6,160,1,1,51,10,4,2.0
1,2,49,212828,214353,214353,215355,215355,215979,216012,222012,222012,222612,222645,222679,225790,1525,1002,624,6000,600,573,0,600,1876,3145,3111,1276,186.3820583,12.96495528,1,20,-13,190,-1,-1,49,7,20,1.0
1,2,50,225793,227313,227313,228318,228318,228923,228956,237956,237956,238557,238589,238622,241750,1520,1005,605,9000,601,1236,0,600,1233,3161,3128,633,202.3420832,15.96002488,1,40,-20,210,-1,-1,49,20,40,1.0
1,2,51,241753,243270,243270,244275,244275,244895,244928,251928,251928,252544,252577,252610,255711,1517,1005,620,7000,616,465,0,600,1977,3134,3101,1377,216.3031149,13.96103169,1,2,3,210,1,1,51,5,2,2.0
1,2,52,255714,257232,257232,258235,258235,258839,258872,264872,264872,265473,265505,265539,268677,1518,1003,604,6000,601,1042,0,600,1432,3172,3138,832,229.2689853,12.96587049,1,14,14,190,1,1,51,28,14,2.0
1,2,53,268680,270200,270200,271205,271205,271809,271841,280341,280341,280942,280975,281009,284120,1520,1005,604,8500,601,1150,0,600,1320,3145,3111,720,244.711629,15.4426437,0,13,1,150,1,-1,49,14,13,1.0
1,2,54,284123,285642,285642,286648,286648,287254,287287,294787,294787,295387,295419,295452,298580,1519,1006,606,7500,600,813,0,600,1656,3161,3128,1056,259.1722559,14.46062683,1,20,8,150,1,1,51,28,20,2.0
1,2,55,298583,300102,300102,301104,301104,301734,301768,308268,308268,308899,308932,308965,312036,1519,1002,630,6500,631,754,0,600,1664,3104,3071,1064,272.6278465,13.45559065,1,20,-10,150,-1,-1,49,10,20,1.0
1,2,56,312039,313560,313560,314565,314565,315170,315202,323202,323202,323804,323837,323870,326973,1521,1005,605,8000,602,980,0,600,1487,3136,3103,887,287.5644097,14.93656319,1,40,-12,210,-1,-1,49,28,40,1.0
1,2,57,326976,328497,328497,329499,329499,330119,330151,339151,339151,339765,339798,339831,342907,1521,1002,620,9000,614,955,0,600,1488,3109,3076,888,303.4987119,15.93430216,1,3,2,210,1,1,51,5,3,2.0
1,2,58,342910,344431,344431,345435,345435,346064,346096,352096,352096,352714,352746,352779,355842,1521,1004,629,6000,618,910,0,600,1518,3096,3063,918,316.4336454,12.93493349,1,7,3,200,1,1,51,10,7,2.0
1,2,59,355845,357365,357365,358370,358370,358977,359009,367509,367509,368109,368141,368174,371278,1520,1005,607,8500,600,883,0,600,1585,3137,3104,985,331.8691109,15.43546552,0,27,1,200,1,-1,49,28,27,1.0
1,2,60,371280,372805,372805,373813,373813,374416,374449,380949,380949,381565,381597,381630,384713,1525,1008,603,6500,616,414,0,600,2034,3116,3083,1434,345.3050251,13.43591423,1,5,9,180,1,1,51,14,5,2.0
1,2,61,384715,386239,386239,387245,387245,387875,387908,396908,396908,397508,397540,397573,400657,1524,1006,630,9000,600,1054,0,600,1386,3117,3084,786,361.2485007,15.94347558,1,14,-4,180,-1,-1,49,10,14,1.0
1,2,62,400660,402178,402178,403183,403183,403801,403833,411333,411333,411951,411984,412018,415094,1518,1005,618,7500,618,853,0,600,1588,3110,3076,988,375.6858418,14.43734113,1,4,1,150,1,1,51,5,4,2.0
1,2,63,415097,416619,416619,417623,417623,418247,418279,425279,425279,425905,425938,425972,429032,1522,1004,624,7000,626,524,0,600,1900,3094,3060,1300,389.6239269,13.93808502,1,10,-3,200,-1,-1,49,7,10,1.0
1,2,64,429035,430558,430558,431562,431562,432183,432215,440215,440215,440832,440865,440899,443973,1523,1004,621,8000,617,499,0,600,1936,3108,3074,1336,404.564366,14.94043917,1,2,3,160,1,1,51,5,2,2.0
1,2,65,443976,445498,445498,446503,446503,447105,447138,453638,453638,454269,454301,454335,457438,1522,1005,602,6500,631,1144,0,600,1296,3137,3103,696,418.0294082,13.46504222,1,19,1,150,1,1,51,20,19,2.0
1,2,66,457441,458962,458962,459966,459966,460572,460604,466604,466604,467222,467255,467289,470402,1521,1004,606,6000,618,632,0,600,1819,3147,3113,1219,430.9933652,12.96395691,1,57,-37,160,-1,-1,49,20,57,1.0
1,2,67,470405,471930,471930,472936,472936,473559,473591,480591,480591,481223,481255,481289,484342,1525,1006,623,7000,632,634,0,600,1780,3087,3053,1180,444.9338363,13.94047111,1,14,-9,160,-1,-1,49,5,14,1.0
1,2,68,484345,485868,485868,486874,486874,487479,487511,496011,496011,496631,496664,496698,499788,1523,1006,605,8500,620,450,0,600,1996,3124,3090,1396,460.3796806,15.44584435,1,7,13,180,1,1,51,20,7,2.0
1,2,69,499791,501312,501312,502318,502318,502924,502956,510956,510956,511574,511606,511640,514727,1521,1006,606,8000,618,637,0,600,1812,3121,3087,1212,475.3192766,14.93959599,1,57,-37,150,-1,-1,49,20,57,1.0
1,2,70,514730,516251,516251,517256,517256,517863,517895,526895,526895,527525,527558,527591,530662,1521,1005,607,9000,630,693,0,600,1744,3104,3071,1144,491.2532913,15.93401467,1,10,4,150,1,1,51,14,10,2.0
1,2,71,530665,532188,532188,533193,533193,533812,533845,541345,541345,541963,541995,542029,545111,1523,1005,619,7500,618,1121,0,600,1314,3116,3082,714,505.7022691,14.4489778,1,6,1,210,1,1,51,7,6,2.0
1,2,72,545114,546635,546635,547638,547638,548242,548274,555774,555774,556375,556408,556441,559565,1521,1003,604,7500,601,551,0,600,1920,3157,3124,1320,520.1565043,14.45423517,1,28,-18,160,-1,-1,49,10,28,1.0
1,3,73,39570,41093,41093,42100,42100,42730,42763,51763,51763,52385,52417,52450,55515,1523,1007,630,9000,622,557,0,600,1861,3098,3065,1261,15.94553562,15.94553562,1,5,5,180,1,1,51,10,5,2.0
1,3,74,55518,57041,57041,58045,58045,58650,58683,67183,67183,67814,67847,67880,70961,1523,1004,605,8500,631,1061,0,600,1376,3114,3081,776,31.39184225,15.44630663,1,27,1,190,1,1,51,28,27,2.0
1,3,75,70963,72482,72482,73488,73488,74118,74151,81151,81151,81776,81808,81841,84913,1519,1006,630,7000,625,432,0,600,1988,3105,3072,1388,45.34348535,13.9516431,1,5,5,150,1,1,51,10,5,2.0
1,3,76,84915,86437,86437,87438,87438,88043,88075,94575,94575,95191,95224,95258,98348,1522,1001,605,6500,616,542,0,600,1914,3124,3090,1314,58.77891652,13.43543117,1,79,-51,210,-1,-1,49,28,79,1.0
1,3,77,98351,99873,99873,100875,100875,101477,101509,107509,107509,108134,108166,108199,111311,1522,1002,602,6000,625,535,0,600,1914,3145,3112,1314,71.74113885,12.96222233,1,5,9,160,1,1,51,14,5,2.0
1,3,78,111314,112831,112831,113837,113837,114438,114471,121971,121971,122572,122604,122637,125760,1517,1006,601,7500,601,676,0,600,1799,3156,3123,1199,86.19076214,14.4496233,1,19,1,200,1,1,51,20,19,2.0
1,3,79,125763,127289,127289,128293,128293,128898,128931,136931,136931,137533,137566,137599,140723,1526,1004,605,8000,602,910,0,600,1553,3157,3124,953,101.1534543,14.96269214,1,10,10,190,1,1,51,20,10,2.0
1,3,80,140726,142248,142248,143249,143249,143855,143887,151387,151387,151987,152020,152054,155187,1522,1001,606,7500,600,365,0,600,2106,3167,3133,1506,115.6173565,14.46390221,1,40,-12,190,-1,-1,49,28,40,1.0
1,3,81,155190,156715,156715,157719,157719,158340,158372,166872,166872,167504,167536,167569,170649,1525,1004,621,8500,632,632,0,600,1786,3113,3080,1186,131.079701,15.46234453,1,14,-9,200,-1,-1,49,5,14,1.0
1,3,82,170652,172177,172177,173184,173184,173792,173824,179824,179824,180456,180489,180522,183613,1525,1007,608,6000,632,809,0,600,1619,3124,3091,1019,144.0433313,12.96363024,1,28,-14,210,-1,-1,49,14,28,1.0
1,3,83,183616,185138,185138,186140,186140,186759,186791,194791,194791,195408,195440,195473,198564,1522,1002,619,8000,617,582,0,600,1858,3124,3091,1258,158.9939796,14.95064834,1,2,3,200,1,1,51,5,2,2.0
1,3,84,198567,200087,200087,201092,201092,201719,201751,210751,210751,211351,211383,211416,214503,1520,1005,627,9000,600,610,0,600,1838,3120,3087,1238,174.9333625,15.93938294,1,14,-4,150,-1,-1,49,10,14,1.0
1,3,85,214506,216027,216027,217032,217032,217654,217686,224186,224186,224810,224843,224876,227948,1521,1005,622,6500,624,660,0,600,1768,3105,3072,1168,188.378301,13.44493849,1,4,1,180,1,1,51,5,4,2.0
1,3,86,227951,229475,229475,230478,230478,231081,231113,238113,238113,238714,238746,238780,241887,1524,1003,603,7000,601,1212,0,600,1257,3141,3107,657,202.3177418,13.93944079,1,14,6,180,1,1,51,20,14,2.0
1,3,87,241889,243409,243409,244412,244412,245031,245064,251064,251064,251693,251725,251759,254845,1520,1003,619,6000,629,344,0,600,2085,3120,3086,1485,215.2752001,12.95745827,1,20,-13,170,-1,-1,49,7,20,1.0
1,3,88,254848,256370,256370,257372,257372,257978,258011,264511,264511,265143,265176,265209,268296,1522,1002,606,6500,632,1386,0,600,1052,3120,3087,452,228.725873,13.4506729,1,19,1,200,1,1,51,20,19,2.0
1,3,89,268298,269820,269820,270827,270827,271432,271464,278464,278464,279064,279096,279130,282253,1522,1007,605,7000,600,1222,0,600,1244,3157,3123,644,242.6828407,13.95696767,1,20,-6,190,-1,-1,49,14,20,1.0
1,3,90,282256,283775,283775,284778,284778,285396,285428,294428,294428,295046,295079,295112,298196,1519,1003,618,9000,618,576,0,600,1866,3117,3084,1266,258.6263747,15.94353405,1,4,1,190,1,1,51,5,4,2.0
1,3,91,298199,299723,299723,300727,300727,301347,301379,309879,309879,310511,310543,310576,313633,1524,1004,620,8500,632,802,0,600,1618,3090,3057,1018,274.0635239,15.43714917,1,14,-7,190,-1,-1,49,7,14,1.0
1,3,92,313636,315160,315160,316163,316163,316768,316801,324301,324301,324925,324957,324991,328068,1524,1003,605,7500,624,500,0,600,1944,3111,3077,1344,288.4976282,14.43410432,1,7,13,160,1,1,51,20,7,2.0
1,3,93,328071,329591,329591,330596,330596,331217,331249,339249,339249,339849,339881,339914,343020,1520,1005,621,8000,600,436,0,600,2018,3139,3106,1418,303.450261,14.95263274,1,10,-3,210,-1,-1,49,7,10,1.0
1,3,94,343023,344541,344541,345547,345547,346154,346187,352687,352687,353318,353350,353384,356474,1518,1006,607,6500,631,612,0,600,1826,3124,3090,1226,316.9039453,13.4536843,1,40,-12,160,-1,-1,49,28,40,1.0
1,3,95,356476,358001,358001,359002,359002,359605,359637,368637,368637,369257,369289,369323,372419,1525,1001,603,9000,620,644,0,600,1807,3130,3096,1207,332.8492136,15.94526832,1,4,6,190,1,1,51,10,4,2.0
1,3,96,372422,373939,373939,374946,374946,375550,375583,382583,382583,383194,383226,383259,386366,1517,1007,604,7000,611,531,0,600,1930,3140,3107,1330,346.7965856,13.94737205,1,79,-51,200,-1,-1,49,28,79,1.0
1,3,97,386369,387893,387893,388897,388897,389520,389552,397052,397052,397654,397686,397719,400821,1524,1004,623,7500,602,590,0,600,1857,3135,3102,1257,361.2507229,14.45413723,1,20,-13,190,-1,-1,49,7,20,1.0
1,3,98,400824,402344,402344,403347,403347,403969,404002,412502,412502,413120,413153,413186,416258,1520,1003,622,8500,618,1398,0,600,1039,3105,3072,439,376.6883647,15.43764188,1,5,2,160,1,1,51,7,5,2.0
1,3,99,416261,417788,417788,418795,418795,419415,419448,425448,425448,426067,426099,426132,429200,1527,1007,620,6000,619,879,0,600,1548,3101,3068,948,389.629965,12.94160028,1,4,1,210,1,1,51,5,4,2.0
1,3,100,429202,430730,430730,431735,431735,432354,432386,440386,440386,440988,441020,441054,444150,1528,1005,619,8000,602,585,0,600,1861,3130,3096,1261,404.5802686,14.9503036,1,20,-13,200,-1,-1,49,7,20,1.0
1,3,101,444153,445674,445674,446679,446679,447283,447315,453815,453815,454443,454475,454508,457605,1521,1005,604,6500,628,782,0,600,1660,3130,3097,1060,418.0346753,13.45440664,1,7,7,200,1,1,51,14,7,2.0
1,3,102,457607,459136,459136,460143,460143,460748,460780,468780,468780,469383,469416,469449,472550,1529,1007,605,8000,603,814,0,600,1642,3134,3101,1042,432.979962,14.9452867,0,19,1,150,1,-1,49,20,19,1.0
1,3,103,472552,474077,474077,475085,475085,475704,475736,484236,484236,484861,484894,484927,487985,1525,1008,619,8500,625,645,0,600,1778,3091,3058,1178,448.4153738,15.43541188,1,7,-2,180,-1,-1,49,5,7,1.0
1,3,104,487987,489512,489512,490517,490517,491147,491180,500180,500180,500805,500837,500871,503931,1525,1005,630,9000,625,1099,0,600,1316,3094,3060,716,464.3608233,15.94544943,1,9,1,200,1,1,51,10,9,2.0
1,3,105,503933,505455,505455,506461,506461,507067,507100,513100,513100,513732,513765,513798,516875,1522,1006,606,6000,632,1152,0,600,1282,3110,3077,682,477.3051222,12.94429888,0,10,4,160,1,-1,49,14,10,1.0
1,3,106,516878,518397,518397,519400,519400,520003,520034,527034,527034,527650,527683,527717,530837,1519,1003,603,7000,616,801,0,600,1658,3154,3120,1058,491.2664847,13.96136258,1,4,6,190,1,1,51,10,4,2.0
1,3,107,530840,532357,532357,533364,533364,533968,534000,541500,541500,542104,542136,542169,545277,1517,1007,604,7500,604,760,0,600,1708,3141,3108,1108,505.707013,14.44052822,1,40,-12,160,-1,-1,49,28,40,1.0
1,3,108,545280,546797,546797,547797,547797,548401,548433,554433,554433,555053,555085,555119,558220,1517,1000,604,6000,620,686,0,600,1773,3135,3101,1173,518.6500154,12.94300246,1,7,7,160,1,1,51,14,7,2.0
1,4,109,40347,41871,41871,42877,42877,43502,43534,52534,52534,53134,53166,53200,56290,1524,1006,625,9000,600,509,0,600,1936,3124,3090,1336,15.94447125,15.94447125,1,10,-3,200,-1,-1,49,7,10,1.0
1,4,110,56293,57818,57818,58827,58827,59435,59468,67468,67468,68070,68102,68136,71251,1525,1009,608,8000,602,990,0,600,1466,3149,3115,866,30.90531249,14.96084124,1,20,8,200,1,1,51,28,20,2.0
1,4,111,71254,72774,72774,73778,73778,74400,74432,80432,80432,81049,81081,81115,84204,1520,1004,622,6000,617,645,0,600,1792,3123,3089,1192,43.85844848,12.95313599,1,3,2,210,1,1,51,5,3,2.0
1,4,112,84207,85727,85727,86731,86731,87347,87380,94380,94380,95001,95034,95068,98141,1520,1004,616,7000,621,331,0,600,2108,3107,3073,1508,57.79562161,13.93717313,1,7,-2,200,-1,-1,49,5,7,1.0
1,4,113,98144,99667,99667,100674,100674,101300,101332,107832,107832,108464,108496,108529,111581,1523,1007,626,6500,632,668,0,600,1744,3085,3052,1144,71.23508425,13.43946264,1,10,-3,200,-1,-1,49,7,10,1.0
1,4,114,111584,113109,113109,114113,114113,114738,114770,123270,123270,123901,123934,123968,127036,1525,1004,625,8500,631,524,0,600,1891,3102,3068,1291,86.69036451,15.45528026,1,10,-5,170,-1,-1,49,5,10,1.0
1,4,115,127039,128559,128559,129565,129565,130199,130231,137731,137731,138342,138375,138408,141498,1520,1006,634,7500,611,449,0,600,1980,3123,3090,1380,101.1518321,14.4614676,1,5,5,160,1,1,51,10,5,2.0
1,4,116,141501,143022,143022,144028,144028,144637,144669,150669,150669,151301,151334,151368,154463,1521,1006,609,6000,632,1103,0,600,1329,3129,3095,729,114.11714,12.96530786,1,28,-8,150,-1,-1,49,20,28,1.0
1,4,117,154466,155990,155990,156997,156997,157628,157660,164660,164660,165280,165312,165345,168405,1524,1007,631,7000,620,454,0,600,1964,3093,3060,1364,128.0591305,13.94199053,1,5,5,160,1,1,51,10,5,2.0
1,4,118,168408,169927,169927,170931,170931,171535,171567,180067,180067,180698,180731,180764,183841,1519,1004,604,8500,631,497,0,600,1945,3110,3077,1345,143.4950122,15.43588169,1,10,18,170,1,1,51,28,10,2.0
1,4,119,183844,185369,185369,186371,186371,186978,187010,194510,194510,195110,195142,195176,198284,1525,1002,607,7500,600,790,0,600,1676,3142,3108,1076,157.9382842,14.44327202,1,28,-14,170,-1,-1,49,14,28,1.0
1,4,120,198287,199807,199807,200809,200809,201429,201462,209462,209462,210064,210097,210130,213246,1520,1002,620,8000,602,1151,0,600,1305,3149,3116,705,172.8995814,14.96129718,1,15,-1,210,-1,-1,49,14,15,1.0
1,4,121,213249,214771,214771,215780,215780,216384,216416,222916,222916,223534,223567,223600,226693,1522,1009,604,6500,618,578,0,600,1869,3126,3093,1269,186.3472914,13.44771002,1,20,8,150,1,1,51,28,20,2.0
1,4,122,226696,228220,228220,229224,229224,229848,229880,238880,238880,239500,239532,239566,242642,1524,1004,624,9000,620,1732,0,600,696,3110,3076,96,202.2955356,15.94824416,1,5,2,180,1,1,51,7,5,2.0
1,4,123,242645,244163,244163,245168,245168,245772,245804,252304,252304,252908,252941,252975,256100,1518,1005,604,6500,604,1224,0,600,1245,3159,3125,645,215.7540219,13.45848633,1,15,-1,160,-1,-1,49,14,15,1.0
1,4,124,256103,257625,257625,258635,258635,259240,259272,267772,267772,268394,268427,268460,271542,1522,1010,605,8500,622,865,0,600,1576,3115,3082,976,231.19626,15.44223809,1,20,-6,210,-1,-1,49,14,20,1.0
1,4,125,271545,273068,273068,274071,274071,274675,274708,282208,282208,282840,282873,282906,286003,1523,1003,604,7500,632,1493,0,600,945,3130,3097,345,245.656775,14.46051503,1,11,-1,210,-1,-1,49,10,11,1.0
1,4,126,286006,287529,287529,288535,288535,289139,289172,297172,297172,297788,297820,297853,300953,1523,1006,604,8000,616,1432,0,600,1019,3133,3100,419,260.6070183,14.95024333,1,21,-1,150,-1,-1,49,20,21,1.0
1,4,127,300956,302480,302480,303485,303485,304090,304122,311122,311122,311738,311770,311804,314917,1524,1005,605,7000,616,795,0,600,1655,3147,3113,1055,274.5707869,13.96376856,1,79,-51,160,-1,-1,49,28,79,1.0
1,4,128,314920,316442,316442,317444,317444,318048,318080,324080,324080,324697,324730,324763,327877,1522,1002,604,6000,617,408,0,600,2047,3147,3114,1447,287.5312002,12.96041332,1,5,5,190,1,1,51,10,5,2.0
1,4,129,327880,329399,329399,330406,330406,331023,331055,340055,340055,340670,340703,340736,343833,1519,1007,617,9000,615,558,0,600,1884,3130,3097,1284,303.4864541,15.95525389,1,2,5,190,1,1,51,7,2,2.0
1,4,130,343836,345354,345354,346357,346357,346961,346994,354494,354494,355094,355127,355160,358272,1518,1003,604,7500,600,504,0,600,1971,3145,3112,1371,317.9252945,14.43884035,1,15,-1,210,-1,-1,49,14,15,1.0
1,4,131,358274,359798,359798,360802,360802,361422,361454,368454,368454,369072,369104,369138,372220,1524,1004,620,7000,618,539,0,600,1895,3116,3082,1295,331.8737785,13.94848404,1,2,3,200,1,1,51,5,2,2.0
1,4,132,372223,373747,373747,374749,374749,375356,375388,381388,381388,382008,382040,382073,385156,1524,1002,607,6000,620,795,0,600,1652,3116,3083,1052,344.8095944,12.93581584,1,56,-28,200,-1,-1,49,28,56,1.0
1,4,133,385159,386684,386684,387688,387688,388305,388338,397338,397338,397938,397970,398004,401103,1525,1004,617,9000,600,908,0,600,1546,3133,3099,946,360.7568245,15.94723012,0,21,-1,160,-1,1,51,20,21,2.0
1,4,134,401106,402631,402631,403639,403639,404263,404295,410795,410795,411412,411444,411478,414552,1525,1008,624,6500,617,1499,0,600,927,3108,3074,327,374.205186,13.44836154,1,6,-1,170,-1,-1,49,5,6,1.0
1,4,135,414555,416079,416079,417082,417082,417685,417717,426217,426217,426833,426865,426898,430000,1524,1003,603,8500,616,884,0,600,1570,3135,3102,970,389.6532272,15.4480412,1,57,-37,150,-1,-1,49,20,57,1.0
1,4,136,430003,431524,431524,432527,432527,433132,433164,441164,441164,441767,441799,441833,444950,1521,1003,605,8000,603,1415,0,600,1053,3151,3117,453,404.6036779,14.95045066,1,40,-20,180,-1,-1,49,20,40,1.0
1,4,137,444953,446474,446474,447479,447479,448085,448117,456117,456117,456749,456781,456815,459907,1521,1005,606,8000,632,1552,0,600,884,3126,3092,284,419.5601616,14.9564837,0,21,-1,180,-1,1,51,20,21,2.0
1,4,138,459909,461431,461431,462437,462437,463055,463087,471587,471587,472205,472237,472270,475360,1522,1006,618,8500,618,1099,0,600,1337,3123,3090,737,435.0138109,15.45364935,1,6,-1,150,-1,-1,49,5,6,1.0
1,4,139,475363,476887,476887,477891,477891,478513,478545,485545,485545,486162,486194,486228,489301,1524,1004,622,7000,617,595,0,600,1838,3107,3073,1238,448.9542866,13.94047563,1,2,5,160,1,1,51,7,2,2.0
1,4,140,489304,490823,490823,491830,491830,492435,492468,501468,501468,502088,502120,502153,505254,1519,1007,605,9000,620,557,0,600,1892,3134,3101,1292,464.9076745,15.95338792,1,5,5,170,1,1,51,10,5,2.0
1,4,141,505256,506779,506779,507782,507782,508388,508420,514921,514921,515539,515571,515604,518696,1523,1003,606,6501,618,488,0,600,1961,3125,3092,1361,478.349783,13.44210851,1,56,-28,160,-1,-1,49,28,56,1.0
1,4,142,518698,520219,520219,521224,521224,521827,521860,529360,529360,529992,530025,530058,533153,1521,1005,603,7500,632,878,0,600,1561,3128,3095,961,492.8063587,14.45657577,1,20,-10,200,-1,-1,49,10,20,1.0
1,4,143,533156,534679,534679,535683,535683,536286,536318,542318,542318,542918,542950,542983,546109,1523,1004,603,6000,600,1425,0,600,1045,3159,3126,445,505.7627677,12.95640897,0,15,-1,210,-1,1,51,14,15,2.0
1,4,144,546112,547637,547637,548643,548643,549268,549300,555300,555300,555915,555947,555981,559044,1525,1006,625,6000,615,874,0,600,1555,3097,3063,955,518.6977069,12.93493921,1,5,2,150,1,1,51,7,5,2.0
1,5,145,38964,40489,40489,41495,41495,42097,42129,48129,48129,48746,48778,48812,51909,1525,1006,602,6000,617,585,0,600,1865,3131,3097,1265,12.94545124,12.94545124,1,2,5,150,1,1,51,7,2,2.0
1,5,146,51912,53442,53442,54449,54449,55052,55084,64084,64084,64714,64745,64779,67849,1530,1007,603,9000,630,329,0,600,2101,3104,3070,1501,28.88586992,15.94041868,1,4,6,200,1,1,51,10,4,2.0
1,5,147,67852,69371,69371,70373,70373,70976,71008,79008,79008,79625,79657,79691,82808,1519,1002,603,8000,617,440,0,600,2019,3151,3117,1419,43.84383898,14.95796906,1,2,5,200,1,1,51,7,2,2.0
1,5,148,82811,84335,84335,85342,85342,85942,85975,92475,92475,93107,93139,93173,96271,1524,1007,600,6500,632,521,0,600,1916,3132,3098,1316,57.30748354,13.46364456,1,20,-10,150,-1,-1,49,10,20,1.0
1,5,149,96274,97800,97800,98806,98806,99412,99445,106445,106445,107048,107080,107114,110219,1526,1006,606,7000,603,791,0,600,1668,3139,3105,1068,71.25488814,13.9474046,1,40,-20,170,-1,-1,49,20,40,1.0
1,5,150,110222,111743,111743,112747,112747,113371,113403,120903,120903,121535,121568,121601,124658,1521,1004,624,7500,632,1192,0,600,1227,3090,3057,627,85.69420855,14.43932041,1,9,1,190,1,1,51,10,9,2.0
1,5,151,124661,126182,126182,127186,127186,127806,127838,136338,136338,136938,136970,137003,140094,1521,1004,620,8500,600,1260,0,600,1195,3124,3091,595,101.1303931,15.43618455,1,6,1,160,1,1,51,7,6,2.0
1,5,152,140097,141617,141617,142620,142620,143226,143258,151258,151258,151859,151892,151925,155040,1520,1003,606,8000,601,506,0,600,1964,3148,3115,1364,116.0761589,14.94576585,1,28,-14,180,-1,-1,49,14,28,1.0
1,5,153,155042,156564,156564,157565,157565,158184,158217,164717,164717,165333,165365,165398,168492,1522,1001,619,6500,616,385,0,600,2057,3127,3094,1457,129.5283874,13.45222848,1,2,5,180,1,1,51,7,2,2.0
1,5,154,168495,170018,170018,171022,171022,171628,171661,180161,180161,180762,180795,180828,183952,1523,1004,606,8500,601,742,0,600,1724,3157,3124,1124,144.988351,15.45996355,1,28,-8,210,-1,-1,49,20,28,1.0
1,5,155,183955,185477,185477,186485,186485,187090,187123,194123,194123,194723,194755,194789,197902,1522,1008,605,7000,600,436,0,600,2029,3147,3113,1429,158.9382972,13.94994619,1,40,-26,190,-1,-1,49,14,40,1.0
1,5,156,197905,199428,199428,200436,200436,201065,201097,208597,208597,209197,209229,209263,212338,1523,1008,629,7500,600,401,0,600,2039,3109,3075,1439,173.3738754,14.43557823,1,14,-9,210,-1,-1,49,5,14,1.0
1,5,157,212341,213863,213863,214867,214867,215470,215502,224502,224502,225129,225161,225194,228288,1522,1004,603,9000,627,808,0,600,1636,3127,3094,1036,189.3235184,15.94964303,1,4,3,210,1,1,51,7,4,2.0
1,5,158,228290,229813,229813,230820,230820,231423,231456,237456,237456,238086,238118,238152,241244,1523,1007,603,6000,630,2139,0,600,298,3126,3092,-302,202.2803716,12.95685316,1,6,1,200,1,1,51,7,6,2.0
1,5,159,241248,242768,242768,243775,243775,244378,244410,250910,250910,251512,251545,251578,254697,1520,1007,603,6500,602,964,0,600,1504,3152,3119,904,215.7328128,13.45244123,1,10,4,180,1,1,51,14,10,2.0
1,5,160,254700,256221,256221,257225,257225,257853,257887,265387,265387,266002,266034,266068,269147,1521,1004,628,7500,615,340,0,600,2092,3113,3079,1492,230.1831232,14.45031038,1,3,2,160,1,1,51,5,3,2.0
1,5,161,269150,270673,270673,271678,271678,272285,272317,279317,279317,279918,279950,279983,283085,1523,1005,607,7000,601,331,0,600,2133,3135,3102,1533,244.1207532,13.93762998,1,10,18,210,1,1,51,28,10,2.0
1,5,162,283088,284612,284612,285620,285620,286228,286260,294260,294260,294892,294925,294959,298033,1524,1008,608,8000,632,1020,0,600,1408,3108,3074,808,259.0690697,14.94831649,1,28,-8,150,-1,-1,49,20,28,1.0
1,5,163,298036,299559,299559,300568,300568,301171,301204,307204,307204,307805,307839,307872,310997,1523,1009,603,6000,601,778,0,600,1686,3158,3125,1086,272.0328412,12.96377158,1,20,8,180,1,1,51,28,20,2.0
1,5,164,311000,312526,312526,313532,313532,314136,314168,322668,322668,323300,323333,323367,326456,1526,1006,604,8500,632,1290,0,600,1142,3123,3089,542,287.4910759,15.4582347,0,14,-4,160,-1,1,51,10,14,2.0
1,5,165,326458,327981,327981,328987,328987,329604,329636,338636,338636,339266,339298,339331,342410,1523,1006,617,9000,630,565,0,600,1859,3112,3079,1259,303.4461746,15.95509869,1,4,1,190,1,1,51,5,4,2.0
1,5,166,342413,343937,343937,344944,344944,345574,345606,354106,354106,354728,354760,354793,357853,1524,1007,630,8500,622,1550,0,600,867,3093,3060,267,318.8892294,15.44305475,1,4,1,170,1,1,51,5,4,2.0
1,5,167,357856,359380,359380,360384,360384,360988,361020,368020,368020,368635,368668,368701,371812,1524,1004,604,7000,615,443,0,600,2010,3144,3111,1410,332.8479395,13.95871008,1,57,-37,170,-1,-1,49,20,57,1.0
1,5,168,371815,373337,373337,374343,374343,374961,374993,381493,381493,382126,382160,382194,385272,1522,1006,618,6500,633,668,0,600,1753,3112,3078,1153,346.3073687,13.45942926,1,13,1,210,1,1,51,14,13,2.0
1,5,169,385275,386799,386799,387804,387804,388410,388443,396443,396443,397043,397075,397108,400207,1524,1005,606,8000,600,1691,0,600,774,3132,3099,174,361.2426147,14.93524599,1,28,-8,170,-1,-1,49,20,28,1.0
1,5,170,400210,401732,401732,402735,402735,403341,403375,412375,412375,412994,413028,413062,416159,1522,1003,606,9000,619,460,0,600,1990,3131,3097,1390,377.1946719,15.95205716,1,56,-28,160,-1,-1,49,28,56,1.0
1,5,171,416161,417680,417680,418683,418683,419286,419318,425318,425318,425919,425951,425984,429122,1519,1003,603,6000,601,331,0,600,2143,3171,3138,1543,390.1577323,12.96306039,1,10,18,190,1,1,51,28,10,2.0
1,5,172,429125,430647,430647,431654,431654,432257,432290,439790,439790,440390,440422,440456,443567,1522,1007,603,7500,600,762,0,600,1706,3145,3111,1106,404.6022685,14.44453619,1,7,3,150,1,1,51,10,7,2.0
1,5,173,443569,445092,445092,446095,446095,446713,446746,455746,455746,456378,456411,456444,459528,1523,1003,618,9000,632,475,0,600,1949,3117,3084,1349,420.5633966,15.96112813,1,5,9,190,1,1,51,14,5,2.0
1,5,174,459531,461050,461050,462055,462055,462657,462690,470190,470190,470791,470823,470856,473988,1519,1005,602,7500,601,947,0,600,1526,3165,3132,926,435.0234129,14.46001629,1,7,3,190,1,1,51,10,7,2.0
1,5,175,473991,475517,475517,476521,476521,477128,477160,485660,485660,486262,486296,486329,489450,1526,1004,607,8500,602,1190,0,600,1271,3154,3121,671,450.4852138,15.46180089,1,20,-6,200,-1,-1,49,14,20,1.0
1,5,176,489453,490978,490978,491984,491984,492590,492622,499622,499622,500252,500285,500318,503398,1525,1006,606,7000,630,662,0,600,1771,3113,3080,1171,464.4333946,13.94818088,1,14,14,190,1,1,51,28,14,2.0
1,5,177,503401,504926,504926,505931,505931,506535,506567,514567,514567,515168,515200,515234,518354,1525,1005,604,8000,601,1155,0,600,1310,3154,3120,710,479.3890165,14.95562184,1,27,1,200,1,1,51,28,27,2.0
1,5,178,518357,519878,519878,520885,520885,521515,521547,527547,527547,528162,528195,528228,531292,1521,1007,630,6000,615,360,0,600,2067,3097,3064,1467,492.3279519,12.93893543,1,2,3,200,1,1,51,5,2,2.0
1,5,179,531296,532820,532820,533825,533825,534432,534464,540964,540964,541567,541600,541634,544746,1524,1005,607,6500,603,925,0,600,1536,3146,3112,936,505.7815687,13.4536168,1,28,-8,180,-1,-1,49,20,28,1.0
1,5,180,544749,546271,546271,547275,547275,547907,547939,554439,554439,555066,555098,555131,558189,1522,1004,632,6500,627,903,0,600,1512,3091,3058,912,519.22415,13.44258132,1,4,1,170,1,1,51,5,4,2.0
1,6,181,36753,38273,38273,39279,39279,39889,39921,45921,45921,46553,46586,46620,49688,1520,1006,610,6000,632,815,0,600,1617,3102,3068,1017,12.93635165,12.93635165,1,20,8,210,1,1,51,28,20,2.0
1,6,182,49691,51219,51219,52226,52226,52832,52864,61364,61364,61997,62029,62062,65147,1528,1007,606,8500,633,932,0,600,1494,3118,3085,894,28.39620671,15.45985507,1,10,4,170,1,1,51,14,10,2.0
1,6,183,65150,66673,66673,67676,67676,68308,68340,74840,74840,75456,75488,75521,78603,1523,1003,632,6500,616,508,0,600,1918,3115,3082,1318,41.85077187,13.45456515,1,3,2,190,1,1,51,5,3,2.0
1,6,184,78606,80128,80128,81131,81131,81735,81767,89267,89267,89868,89901,89934,93046,1522,1003,604,7500,601,598,0,600,1872,3145,3112,1272,56.29428617,14.44351431,1,28,-18,200,-1,-1,49,10,28,1.0
1,6,185,93049,94571,94571,95577,95577,96195,96228,105228,105228,105832,105864,105898,109004,1522,1006,618,9000,604,856,0,600,1594,3140,3106,994,72.25138915,15.95710298,1,14,-9,200,-1,-1,49,5,14,1.0
1,6,186,109006,110531,110531,111535,111535,112141,112174,119174,119174,119806,119840,119873,122965,1525,1004,606,7000,632,1265,0,600,1168,3125,3092,568,86.21285811,13.96146895,1,11,-1,210,-1,-1,49,10,11,1.0
1,6,187,122967,124490,124490,125494,125494,126100,126132,134132,134132,134738,134770,134804,137926,1523,1004,606,8000,606,1098,0,600,1363,3156,3122,763,101.17391,14.96105188,1,40,-12,190,-1,-1,49,28,40,1.0
1,6,188,137929,139451,139451,140455,140455,141056,141089,148589,148589,149193,149226,149260,152366,1522,1004,601,7500,604,624,0,600,1845,3140,3106,1245,115.6141655,14.4402555,1,20,-13,160,-1,-1,49,7,20,1.0
1,6,189,152369,153894,153894,154897,154897,155500,155532,163532,163532,164163,164196,164230,167318,1525,1003,603,8000,631,671,0,600,1767,3122,3088,1167,130.5657263,14.95156083,1,5,5,210,1,1,51,10,5,2.0
1,6,190,167321,168846,168846,169850,169850,170452,170484,179484,179484,180106,180139,180172,183264,1525,1004,602,9000,622,481,0,600,1966,3125,3092,1366,146.5122856,15.94655931,1,4,3,150,1,1,51,7,4,2.0
1,6,191,183267,184790,184790,185796,185796,186400,186432,192932,192932,193563,193596,193630,196722,1523,1006,604,6500,631,649,0,600,1787,3126,3092,1187,159.9701063,13.45782065,1,40,-20,160,-1,-1,49,20,40,1.0
1,6,192,196725,198246,198246,199253,199253,199884,199917,208417,208417,209036,209068,209101,212166,1521,1007,631,8500,619,616,0,600,1806,3098,3065,1206,175.413793,15.44368668,1,2,3,150,1,1,51,5,2,2.0
1,6,193,212168,213689,213689,214692,214692,215312,215344,222344,222344,222944,222978,223011,226124,1521,1003,620,7000,600,402,0,600,2054,3146,3113,1454,189.3717247,13.9579317,1,7,7,180,1,1,51,14,7,2.0
1,6,194,226127,227644,227644,228645,228645,229269,229301,235301,235301,235919,235951,235985,239084,1517,1001,624,6000,618,358,0,600,2082,3133,3099,1482,202.3315937,12.95986908,1,2,5,190,1,1,51,7,2,2.0
1,6,195,239087,240609,240609,241617,241617,242218,242251,251251,251251,251870,251902,251935,255033,1522,1008,601,9000,619,618,0,600,1832,3131,3098,1232,218.28049,15.94889629,1,14,-7,170,-1,-1,49,7,14,1.0
1,6,196,255036,256560,256560,257567,257567,258197,258230,266730,266730,267362,267394,267427,270498,1524,1007,630,8500,632,557,0,600,1850,3104,3071,1250,233.7459749,15.46548491,1,7,-2,160,-1,-1,49,5,7,1.0
1,6,197,270501,272026,272026,273033,273033,273636,273669,279669,279669,280300,280332,280365,283438,1525,1007,603,6000,631,1342,0,600,1092,3106,3073,492,246.6861899,12.94021497,1,8,-1,190,-1,-1,49,7,8,1.0
1,6,198,283441,284963,284963,285969,285969,286574,286606,293606,293606,294207,294239,294273,297399,1522,1006,605,7000,601,648,0,600,1818,3160,3126,1218,260.6469085,13.96071859,1,40,-20,150,-1,-1,49,20,40,1.0
1,6,199,297402,298925,298925,299932,299932,300538,300570,307070,307070,307694,307727,307760,310849,1523,1007,606,6500,624,999,0,600,1441,3122,3089,841,274.0965911,13.44968266,1,7,7,180,1,1,51,14,7,2.0
1,6,200,310852,312372,312372,313379,313379,313983,314016,321516,321516,322120,322153,322186,325286,1520,1007,604,7500,604,362,0,600,2103,3133,3100,1503,288.533872,14.43728086,1,7,7,210,1,1,51,14,7,2.0
1,6,201,325289,326812,326812,327816,327816,328420,328452,336452,336452,337054,337086,337120,340234,1523,1004,604,8000,602,634,0,600,1833,3148,3114,1233,303.481797,14.94792503,1,14,6,170,1,1,51,20,14,2.0
1,6,202,340237,341761,341761,342768,342768,343370,343402,350902,350902,351504,351537,351571,354695,1524,1007,602,7500,602,934,0,600,1531,3158,3124,931,317.9423305,14.46053341,1,20,-10,170,-1,-1,49,10,20,1.0
1,6,203,354698,356222,356222,357232,357232,357834,357866,366866,366866,367466,367499,367533,370636,1524,1010,602,9000,600,1464,0,600,1000,3137,3103,400,333.883718,15.94138752,1,20,-6,160,-1,-1,49,14,20,1.0
1,6,204,370639,372157,372157,373159,373159,373759,373791,381791,381791,382423,382456,382490,385582,1518,1002,600,8000,632,483,0,600,1965,3126,3092,1365,348.8290318,14.94531383,1,14,-4,200,-1,-1,49,10,14,1.0
1,6,205,385585,387106,387106,388111,388111,388720,388752,395252,395252,395853,395886,395920,399045,1521,1005,609,6500,601,1198,0,600,1266,3159,3125,666,362.2924696,13.46343783,1,20,8,200,1,1,51,28,20,2.0
1,6,206,399048,400574,400574,401581,401581,402188,402220,409220,409220,409820,409852,409887,413009,1526,1007,607,7000,600,1425,0,600,1035,3157,3122,435,376.2564989,13.96402923,1,21,-1,180,-1,-1,49,20,21,1.0
1,6,207,413012,414535,414535,415542,415542,416175,416207,422207,422207,422840,422872,422905,425953,1523,1007,633,6000,633,989,0,600,1415,3081,3048,815,389.1999389,12.94344002,1,6,-1,160,-1,-1,49,5,6,1.0
1,6,208,425956,427479,427479,428485,428485,429092,429124,437624,437624,438256,438289,438322,441418,1523,1006,607,8500,632,585,0,600,1847,3129,3096,1247,404.6655895,15.46565065,1,10,18,170,1,1,51,28,10,2.0
1,6,209,441421,442945,442945,443951,443951,444553,444585,451085,451085,451685,451717,451750,454872,1524,1006,602,6500,600,1002,0,600,1466,3155,3122,866,418.1196671,13.45407757,1,14,-9,150,-1,-1,49,5,14,1.0
1,6,210,454875,456399,456399,457406,457406,458010,458043,466043,466043,466643,466675,466708,469824,1524,1007,604,8000,600,1644,0,600,821,3149,3116,221,433.0714464,14.95177931,0,14,6,160,1,-1,49,20,14,1.0
1,6,211,469827,471353,471353,472355,472355,472960,472992,478992,478992,479592,479625,479658,482771,1526,1002,605,6000,600,1347,0,600,1120,3146,3113,520,446.0180696,12.9466232,1,14,-7,150,-1,-1,49,7,14,1.0
1,6,212,482773,484301,484301,485309,485309,485914,485947,494947,494947,495550,495582,495617,498721,1528,1008,605,9000,603,783,0,600,1673,3139,3104,1073,461.9689871,15.95091745,1,10,18,170,1,1,51,28,10,2.0
1,6,213,498724,500250,500250,501257,501257,501860,501892,509392,509392,510014,510046,510080,513179,1526,1007,603,7500,622,424,0,600,2018,3133,3099,1418,476.4264416,14.45745451,1,4,6,170,1,1,51,10,4,2.0
1,6,214,513182,514707,514707,515716,515716,516321,516354,523354,523354,523986,524020,524054,527123,1525,1009,605,7000,632,749,0,600,1680,3103,3069,1080,490.3699226,13.94348101,1,40,-26,200,-1,-1,49,14,40,1.0
1,6,215,527126,528649,528649,529655,529655,530260,530292,538792,538792,539393,539426,539459,542569,1523,1006,605,8500,601,1179,0,600,1286,3143,3110,686,505.8165073,15.44658477,1,40,-12,170,-1,-1,49,28,40,1.0
1,6,216,542572,544092,544092,545097,545097,545704,545736,551736,551736,552337,552369,552402,555531,1520,1005,607,6000,601,1653,0,600,814,3162,3129,214,518.7783904,12.96188301,0,14,6,150,1,-1,49,20,14,1.0
2,1,1,65423,66947,66947,67977,67977,68583,68616,77616,77616,78216,78248,78284,81398,1524,1030,606,9000,600,1692,0,600,748,3150,3114,148,16.01074227,16.01074227,1,28,-14,170,-1,-1,49,14,28,1.0
2,1,2,81446,82974,82974,83989,83989,84616,84648,91648,91648,92280,92314,92347,95406,1528,1015,627,7000,632,711,0,600,1687,3092,3059,1087,29.97213555,13.96139328,1,7,7,180,1,1,51,14,7,2.0
2,1,3,95409,96931,96931,97937,97937,98542,98575,106575,106575,107206,107240,107274,110349,1522,1006,605,8000,631,957,0,600,1479,3109,3075,879,44.9150123,14.94287675,1,20,-6,150,-1,-1,49,14,20,1.0
2,1,4,110352,111872,111872,112878,112878,113496,113528,121028,121028,121647,121680,121713,124804,1520,1006,618,7500,619,419,0,600,2018,3124,3091,1418,59.36884196,14.45382966,1,3,2,150,1,1,51,5,3,2.0
2,1,5,124806,126330,126330,127335,127335,127952,127984,136484,136484,137116,137150,137183,140265,1524,1005,617,8500,632,477,0,600,1945,3115,3082,1345,74.83032293,15.46148097,1,10,-3,190,-1,-1,49,7,10,1.0
2,1,6,140268,141790,141790,142797,142797,143403,143436,149936,149936,150538,150570,150604,153721,1522,1007,606,6500,602,1415,0,600,1048,3151,3117,448,88.28569823,13.45537529,0,21,-1,190,-1,1,51,20,21,2.0
2,1,7,153723,155246,155246,156249,156249,156854,156886,162886,162886,163488,163521,163555,166671,1523,1003,605,6000,602,864,0,600,1603,3150,3116,1003,101.2361178,12.95041957,1,14,-4,180,-1,-1,49,10,14,1.0
2,1,8,166674,168197,168197,169202,169202,169827,169859,178859,178859,179472,179504,179538,182622,1523,1005,625,9000,613,769,0,600,1665,3118,3084,1065,117.1873682,15.9512504,1,3,2,210,1,1,51,5,3,2.0
2,1,9,182625,184149,184149,185156,185156,185777,185810,192310,192310,192925,192957,192991,196077,1524,1007,621,6500,615,1094,0,600,1339,3120,3086,739,130.6428191,13.45545093,1,6,-1,170,-1,-1,49,5,6,1.0
2,1,10,196080,197603,197603,198609,198609,199217,199250,205250,205250,205851,205883,205917,209014,1523,1006,608,6000,601,104,0,600,2358,3131,3097,1758,143.57935,12.93653089,1,28,-18,190,-1,-1,49,10,28,1.0
2,1,11,209016,210543,210543,211547,211547,212153,212185,219685,219685,220286,220318,220351,223446,1527,1004,606,7500,601,679,0,600,1783,3128,3095,1183,158.0111859,14.43183584,1,28,-8,190,-1,-1,49,20,28,1.0
2,1,12,223448,224976,224976,225977,225977,226597,226630,235130,235130,235749,235782,235815,238881,1528,1001,620,8500,619,651,0,600,1781,3099,3066,1181,173.4464068,15.43522092,1,4,3,200,1,1,51,7,4,2.0
2,1,13,238884,240410,240410,241411,241411,242032,242065,250065,250065,250697,250730,250763,253830,1526,1001,621,8000,632,723,0,600,1697,3100,3067,1097,188.3954416,14.94903486,1,10,-3,170,-1,-1,49,7,10,1.0
2,1,14,253833,255360,255360,256366,256366,256973,257005,264005,264005,264638,264671,264704,267764,1527,1006,607,7000,633,519,0,600,1908,3093,3060,1308,202.3288023,13.93336068,1,14,14,170,1,1,51,28,14,2.0
2,1,15,267766,269286,269286,270292,270292,270898,270930,278930,278930,279560,279593,279626,282710,1520,1006,606,8000,630,212,0,600,2226,3117,3084,1626,217.2752386,14.94643631,1,10,10,150,1,1,51,20,10,2.0
2,1,16,282713,284236,284236,285244,285244,285850,285882,291882,291882,292514,292547,292580,295669,1523,1008,606,6000,632,577,0,600,1854,3122,3089,1254,230.2341593,12.95892069,1,10,18,210,1,1,51,28,10,2.0
2,1,17,295672,297195,297195,298201,298201,298833,298865,305365,305365,305981,306013,306047,309117,1523,1006,632,6500,616,463,0,600,1960,3104,3070,1360,243.683098,13.44893873,1,2,5,190,1,1,51,7,2,2.0
2,1,18,309120,310640,310640,311646,311646,312250,312283,319783,319783,320402,320435,320469,323552,1520,1006,604,7500,619,307,0,600,2144,3117,3083,1544,258.1169749,14.43387689,1,14,14,180,1,1,51,28,14,2.0
2,1,19,323555,325080,325080,326087,326087,326692,326724,335724,335724,336356,336388,336422,339505,1525,1007,605,9000,632,179,0,600,2252,3117,3083,1652,274.0695733,15.95259834,1,7,7,150,1,1,51,14,7,2.0
2,1,20,339508,341032,341032,342039,342039,342664,342697,349697,349697,350316,350349,350382,353447,1524,1007,625,7000,619,34,0,600,2391,3098,3065,1791,288.0125434,13.94297017,1,3,2,200,1,1,51,5,3,2.0
2,1,21,353450,354975,354975,355981,355981,356584,356616,365116,365116,365717,365750,365783,368887,1525,1006,603,8500,601,718,0,600,1747,3137,3104,1147,303.452325,15.43978157,1,28,-18,190,-1,-1,49,10,28,1.0
2,1,22,368890,370403,370403,371404,371404,372035,372068,378068,378068,378684,378717,378751,381847,1513,1001,631,6000,616,326,0,600,2113,3130,3096,1513,316.4119334,12.95960838,1,4,3,190,1,1,51,7,4,2.0
2,1,23,381850,383371,383371,384377,384377,384986,385019,391519,391519,392140,392172,392205,395302,1521,1006,609,6500,621,163,0,600,2280,3130,3097,1680,329.8669112,13.45497781,1,79,-51,200,-1,-1,49,28,79,1.0
2,1,24,395305,396827,396827,397832,397832,398436,398470,405470,405470,406071,406103,406137,409241,1522,1005,604,7000,601,1078,0,600,1390,3138,3104,790,343.80567,13.93875878,1,28,-8,170,-1,-1,49,20,28,1.0
2,1,25,409243,410770,410770,411775,411775,412391,412423,420923,420923,421545,421577,421611,424696,1527,1005,616,8500,622,1059,0,600,1371,3119,3085,771,359.2608976,15.45522763,1,6,-1,180,-1,-1,49,5,6,1.0
2,1,26,424699,426223,426223,427230,427230,427832,427864,435864,435864,436486,436519,436553,439631,1524,1007,602,8000,622,403,0,600,2042,3112,3078,1442,374.1970316,14.93613401,1,7,7,210,1,1,51,14,7,2.0
2,1,27,439635,441157,441157,442161,442161,442793,442826,450326,450326,450943,450975,451009,454083,1522,1004,632,7500,617,598,0,600,1827,3108,3074,1227,388.648245,14.45121333,1,2,5,170,1,1,51,7,2,2.0
2,1,28,454086,455608,455608,456613,456613,457218,457250,466250,466250,466851,466884,466917,470019,1522,1005,605,9000,601,718,0,600,1749,3135,3102,1149,404.5838902,15.93564522,1,28,-8,160,-1,-1,49,20,28,1.0
2,1,29,470022,471544,471544,472547,472547,473153,473186,479686,479686,480287,480320,480354,483471,1522,1003,606,6500,601,376,0,600,2092,3151,3117,1492,418.0359786,13.45208846,1,10,4,170,1,1,51,14,10,2.0
2,1,30,483474,485000,485000,486006,486006,486612,486644,494144,494144,494774,494807,494841,497930,1526,1006,606,7500,630,220,0,600,2212,3123,3089,1612,432.4950199,14.45904123,1,14,14,180,1,1,51,28,14,2.0
2,1,31,497933,499456,499456,500464,500464,501093,501125,510125,510125,510728,510760,510794,513880,1523,1008,629,9000,603,637,0,600,1800,3120,3086,1200,448.4451224,15.95010255,1,14,-4,190,-1,-1,49,10,14,1.0
2,1,32,513883,515408,515408,516412,516412,517018,517049,525049,525049,525650,525683,525716,528837,1525,1004,606,8000,601,669,0,600,1795,3154,3121,1195,463.4016618,14.95653941,1,20,-10,200,-1,-1,49,10,20,1.0
2,1,33,528840,530366,530366,531375,531375,532004,532036,539036,539036,539659,539692,539725,542776,1526,1009,629,7000,623,1704,0,600,709,3084,3051,109,477.3404393,13.93877747,1,6,-1,180,-1,-1,49,5,6,1.0
2,1,34,542779,544299,544299,545302,545302,545907,545940,551940,551940,552573,552605,552638,555733,1520,1003,605,6000,633,325,0,600,2114,3128,3095,1514,490.2982016,12.9577623,1,20,8,200,1,1,51,28,20,2.0
2,1,35,555736,557255,557255,558257,558257,558864,558897,567397,567397,567997,568029,568063,571169,1519,1002,607,8500,600,529,0,600,1943,3140,3106,1343,505.7332658,15.43506421,1,28,-8,210,-1,-1,49,20,28,1.0
2,1,36,571171,572697,572697,573702,573702,574307,574341,582841,582841,583442,583474,583507,586619,1526,1005,605,8500,601,568,0,600,1895,3145,3112,1295,521.1837237,15.45045784,1,28,-18,210,-1,-1,49,10,28,1.0
2,2,37,39673,41193,41193,42199,42199,42806,42839,49339,49339,49939,49971,50004,53130,1520,1006,607,6500,600,322,0,600,2145,3159,3126,1545,13.45780901,13.45780901,1,13,1,160,1,1,51,14,13,2.0
2,2,38,53133,54656,54656,55658,55658,56263,56295,65295,65295,65911,65943,65977,69072,1523,1002,605,9000,616,491,0,600,1963,3129,3095,1363,29.40016954,15.94236053,1,5,5,210,1,1,51,10,5,2.0
2,2,39,69074,70598,70598,71602,71602,72204,72237,79737,79737,80359,80391,80424,83507,1524,1004,602,7500,622,278,0,600,2170,3116,3083,1570,43.83496977,14.43480023,1,10,10,210,1,1,51,20,10,2.0
2,2,40,83510,85032,85032,86038,86038,86645,86678,92678,92678,93309,93342,93375,96464,1522,1006,607,6000,631,254,0,600,2180,3122,3089,1580,56.79263443,12.95766466,1,10,18,150,1,1,51,28,10,2.0
2,2,41,96467,97990,97990,98998,98998,99602,99635,107635,107635,108267,108299,108333,111416,1523,1008,604,8000,632,2255,0,600,178,3117,3083,-422,71.7444366,14.95180217,1,14,14,150,1,1,51,28,14,2.0
2,2,42,111419,112937,112937,113943,113943,114568,114600,121600,121600,122200,122233,122267,125361,1518,1006,625,7000,600,385,0,600,2066,3128,3094,1466,85.68905817,13.94462157,1,10,-5,200,-1,-1,49,5,10,1.0
2,2,43,125364,126887,126887,127894,127894,128517,128549,137049,137049,137669,137701,137734,140801,1523,1007,623,8500,620,908,0,600,1519,3100,3067,919,101.1293412,15.44028302,1,4,1,190,1,1,51,5,4,2.0
2,2,44,140804,142327,142327,143332,143332,143935,143968,151468,151468,152098,152131,152165,155239,1523,1005,603,7500,630,138,0,600,2301,3108,3074,1701,115.5667969,14.43745574,1,7,7,160,1,1,51,14,7,2.0
2,2,45,155242,156765,156765,157769,157769,158375,158408,167408,167408,168010,168042,168075,171181,1523,1004,606,9000,602,794,0,600,1671,3139,3106,1071,131.5086322,15.94183528,1,13,1,160,1,1,51,14,13,2.0
2,2,46,171183,172702,172702,173707,173707,174313,174346,180346,180346,180947,180979,181012,184129,1519,1005,606,6000,601,832,0,600,1637,3150,3117,1037,144.4575972,12.94896495,0,27,1,180,1,-1,49,28,27,1.0
2,2,47,184132,185657,185657,186660,186660,187266,187299,194299,194299,194916,194948,194982,198070,1525,1003,606,7000,617,478,0,600,1971,3122,3088,1371,158.398171,13.94057382,1,56,-28,180,-1,-1,49,28,56,1.0
2,2,48,198072,199595,199595,200599,200599,201201,201234,207734,207734,208334,208367,208401,211520,1523,1004,602,6500,600,225,0,600,2246,3153,3119,1646,171.8482259,13.45005494,1,40,-26,160,-1,-1,49,14,40,1.0
2,2,49,211523,213047,213047,214051,214051,214652,214685,223185,223185,223817,223849,223882,226981,1524,1004,601,8500,632,491,0,600,1948,3132,3099,1348,187.3088691,15.46064322,1,28,-18,160,-1,-1,49,10,28,1.0
2,2,50,226984,228502,228502,229510,229510,230113,230146,238146,238146,238762,238795,238829,241928,1518,1008,603,8000,616,587,0,600,1868,3133,3099,1268,202.2555092,14.94664002,1,5,5,170,1,1,51,10,5,2.0
2,2,51,241931,243452,243452,244460,244460,245088,245120,252120,252120,252734,252767,252801,255867,1521,1008,628,7000,614,658,0,600,1771,3100,3066,1171,216.195222,13.93971286,1,2,5,200,1,1,51,7,2,2.0
2,2,52,255870,257392,257392,258397,258397,259027,259059,268059,268059,268660,268692,268725,271826,1522,1005,630,9000,601,882,0,600,1560,3134,3101,960,232.1538956,15.95867358,1,10,-3,190,-1,-1,49,7,10,1.0
2,2,53,271829,273350,273350,274354,274354,274981,275013,282513,282513,283145,283179,283212,286286,1521,1004,627,7500,632,564,0,600,1852,3107,3074,1252,246.613774,14.45987839,1,10,-3,190,-1,-1,49,7,10,1.0
2,2,54,286289,287811,287811,288819,288819,289445,289478,297478,297478,298092,298124,298158,301251,1522,1008,626,8000,614,69,0,600,2361,3127,3093,1761,261.5787368,14.96496279,1,2,3,150,1,1,51,5,2,2.0
2,2,55,301254,302772,302772,303777,303777,304380,304412,312912,312912,313514,313546,313580,316698,1518,1005,603,8500,602,411,0,600,2061,3152,3118,1461,277.0260151,15.44727829,0,28,-8,190,-1,1,51,20,28,2.0
2,2,56,316701,318227,318227,319234,319234,319841,319873,325873,325873,326503,326536,326569,329659,1526,1007,607,6000,630,254,0,600,2176,3123,3090,1576,289.9870976,12.96108259,1,10,18,200,1,1,51,28,10,2.0
2,2,57,329662,331183,331183,332190,332190,332797,332831,339331,339331,339933,339965,339998,343113,1521,1007,607,6500,602,311,0,600,2152,3148,3115,1552,303.4409466,13.45384895,1,20,-10,180,-1,-1,49,10,20,1.0
2,2,58,343116,344643,344643,345648,345648,346276,346308,352308,352308,352934,352967,353000,356074,1527,1005,628,6000,626,338,0,600,2076,3107,3074,1476,316.4021919,12.96124532,1,5,2,170,1,1,51,7,5,2.0
2,2,59,356077,357600,357600,358606,358606,359211,359243,367243,367243,367876,367909,367942,371025,1523,1006,605,8000,633,310,0,600,2123,3116,3083,1523,331.3523195,14.95012756,0,10,10,190,1,-1,49,20,10,1.0
2,2,60,371028,372555,372555,373560,373560,374183,374216,381216,381216,381832,381864,381896,384964,1527,1005,623,7000,616,815,0,600,1614,3100,3068,1014,345.2921131,13.93979362,1,7,-2,210,-1,-1,49,5,7,1.0
2,2,61,384967,386492,386492,387497,387497,388100,388133,397133,397133,397765,397798,397831,400927,1525,1005,603,9000,632,584,0,600,1851,3129,3096,1251,361.2545195,15.96240642,1,14,6,200,1,1,51,20,14,2.0
2,2,62,400930,402453,402453,403460,403460,404063,404095,411595,411595,412212,412244,412278,415380,1523,1007,603,7500,617,520,0,600,1930,3136,3102,1330,375.7079725,14.45345297,1,7,7,160,1,1,51,14,7,2.0
2,2,63,415383,416910,416910,417918,417918,418542,418574,425074,425074,425703,425736,425769,428842,1527,1008,624,6500,629,589,0,600,1823,3106,3073,1223,389.1694902,13.46151774,1,10,-5,190,-1,-1,49,5,10,1.0
2,2,64,428844,430372,430372,431380,431380,431980,432013,440513,440513,441145,441177,441211,444307,1528,1008,600,8500,632,548,0,600,1884,3130,3096,1284,404.6340796,15.46458941,1,14,-7,200,-1,-1,49,7,14,1.0
2,2,65,444309,445831,445831,446835,446835,447452,447484,454484,454484,455107,455139,455173,458269,1522,1004,617,7000,623,619,0,600,1815,3130,3096,1215,418.5969887,13.96290908,1,4,1,210,1,1,51,5,4,2.0
2,2,66,458272,459796,459796,460801,460801,461410,461444,468944,468944,469544,469577,469611,472733,1524,1005,609,7500,600,323,0,600,2139,3156,3122,1539,433.0597833,14.46279456,1,14,6,160,1,1,51,20,14,2.0
2,2,67,472734,474254,474254,475260,475260,475890,475922,481922,481922,482525,482557,482591,485683,1520,1006,630,6000,603,445,0,600,1996,3126,3092,1396,446.010214,12.95043072,1,10,-3,150,-1,-1,49,7,10,1.0
2,2,68,485686,487212,487212,488219,488219,488828,488861,497361,497361,497962,497995,498029,501146,1526,1007,609,8500,601,315,0,600,2142,3151,3117,1542,461.4726481,15.46243415,1,20,-6,180,-1,-1,49,14,20,1.0
2,2,69,501147,502671,502671,503677,503677,504284,504317,512317,512317,512918,512951,512985,516107,1524,1006,607,8000,601,1034,0,600,1428,3156,3122,828,476.4350603,14.96241215,1,40,-12,170,-1,-1,49,28,40,1.0
2,2,70,516111,517630,517630,518635,518635,519236,519269,528269,528269,528872,528904,528938,532044,1519,1005,601,9000,603,401,0,600,2071,3140,3106,1471,492.3712718,15.93621146,0,14,-4,160,-1,1,51,10,14,2.0
2,2,71,532047,533573,533573,534584,534584,535185,535217,541717,541717,542319,542351,542384,545503,1526,1011,601,6500,602,317,0,600,2143,3152,3119,1543,505.8302807,13.45900899,1,14,-4,190,-1,-1,49,10,14,1.0
2,2,72,545506,547030,547030,548035,548035,548641,548673,556673,556673,557290,557322,557356,560437,1524,1005,606,8000,617,311,0,600,2137,3115,3081,1537,520.7643653,14.93408452,1,57,-37,180,-1,-1,49,20,57,1.0
2,3,73,42487,44010,44010,45014,45014,45619,45652,54652,54652,55284,55318,55353,58429,1523,1004,605,9000,632,335,0,600,2101,3111,3076,1501,15.94358884,15.94358884,1,40,-20,210,-1,-1,49,20,40,1.0
2,3,74,58432,59953,59953,60958,60958,61566,61599,67599,67599,68229,68261,68295,71393,1521,1005,608,6000,630,586,0,600,1850,3132,3098,1250,28.90795736,12.96436852,1,7,13,160,1,1,51,20,7,2.0
2,3,75,71396,72916,72916,73920,73920,74522,74554,82054,82054,82657,82689,82723,85854,1520,1004,602,7500,603,206,0,600,2265,3165,3131,1665,43.36864458,14.46068721,1,28,-8,160,-1,-1,49,20,28,1.0
2,3,76,85857,87378,87378,88384,88384,89010,89044,97044,97044,97659,97691,97725,100790,1521,1006,626,8000,615,198,0,600,2234,3099,3065,1634,58.30432023,14.93567566,1,2,5,150,1,1,51,7,2,2.0
2,3,77,100792,102319,102319,103326,103326,103933,103966,110966,110966,111594,111626,111659,114732,1527,1007,607,7000,628,759,0,600,1672,3106,3073,1072,72.24671512,13.94239489,1,10,18,190,1,1,51,28,10,2.0
2,3,78,114734,116258,116258,117263,117263,117868,117901,126401,126401,127014,127046,127080,130186,1524,1005,605,8500,613,139,0,600,2314,3140,3106,1714,87.70051133,15.45379621,1,79,-51,180,-1,-1,49,28,79,1.0
2,3,79,130189,131714,131714,132717,132717,133321,133354,139854,139854,140454,140486,140520,143627,1525,1003,604,6500,600,657,0,600,1811,3141,3107,1211,101.1410794,13.4405681,0,20,-6,150,-1,1,51,14,20,2.0
2,3,80,143630,145152,145152,146155,146155,146771,146804,153804,153804,154425,154457,154490,157586,1522,1003,616,7000,621,680,0,600,1758,3129,3096,1158,115.1000164,13.95893697,1,7,-2,210,-1,-1,49,5,7,1.0
2,3,81,157588,159113,159113,160114,160114,160720,160753,168253,168253,168886,168919,168952,172026,1525,1001,606,7500,633,923,0,600,1512,3107,3074,912,129.5403841,14.4403677,1,10,18,190,1,1,51,28,10,2.0
2,3,82,172029,173547,173547,174554,174554,175161,175195,181195,181195,181795,181828,181862,184971,1518,1007,607,6000,600,212,0,600,2256,3143,3109,1656,142.4854474,12.94506335,1,10,4,160,1,1,51,14,10,2.0
2,3,83,184974,186493,186493,187497,187497,188102,188134,194634,194634,195236,195269,195303,198437,1519,1004,605,6500,602,50,0,600,2420,3168,3134,1820,155.9516494,13.46620194,1,40,-26,170,-1,-1,49,14,40,1.0
2,3,84,198440,199963,199963,200968,200968,201597,201629,210629,210629,211258,211290,211325,214387,1523,1005,629,9000,629,454,0,600,1960,3097,3062,1360,171.9008566,15.94920724,1,10,-3,200,-1,-1,49,7,10,1.0
2,3,85,214390,215914,215914,216922,216922,217527,217560,225560,225560,226184,226216,226250,229326,1524,1008,605,8000,624,1017,0,600,1422,3110,3076,822,186.8401376,14.93928102,1,7,3,170,1,1,51,10,7,2.0
2,3,86,229329,230852,230852,231858,231858,232463,232496,240996,240996,241628,241662,241696,244767,1523,1006,605,8500,632,145,0,600,2289,3105,3071,1689,202.2814269,15.44128923,1,20,-6,180,-1,-1,49,14,20,1.0
2,3,87,244770,246289,246289,247292,247292,247924,247957,254457,254457,255090,255123,255156,258235,1519,1003,632,6500,633,892,0,600,1521,3112,3079,921,215.749443,13.46801608,0,10,-3,170,-1,1,51,7,10,2.0
2,3,88,258238,259762,259762,260766,260766,261369,261404,268404,268404,269004,269036,269070,272203,1524,1004,603,7000,600,621,0,600,1848,3167,3133,1248,229.7177776,13.96833461,1,20,8,190,1,1,51,28,20,2.0
2,3,89,272206,273729,273729,274735,274735,275352,275384,283384,283384,284015,284048,284081,287143,1523,1006,617,8000,631,291,0,600,2132,3095,3062,1532,244.656898,14.9391204,1,20,-6,160,-1,-1,49,14,20,1.0
2,3,90,287146,288668,288668,289677,289677,290282,290314,297814,297814,298414,298446,298480,301582,1522,1009,605,7500,600,466,0,600,1998,3136,3102,1398,259.0960175,14.4391195,0,28,-8,150,-1,1,51,20,28,2.0
2,3,91,301584,303102,303102,304107,304107,304710,304742,310742,310742,311363,311395,311429,314538,1518,1005,603,6000,621,630,0,600,1823,3143,3109,1223,272.0519439,12.95592647,1,5,5,170,1,1,51,10,5,2.0
2,3,92,314541,316062,316062,317070,317070,317677,317709,326709,326709,327331,327364,327397,330489,1521,1008,607,9000,622,322,0,600,2120,3125,3092,1520,288.0030819,15.95113799,1,5,5,210,1,1,51,10,5,2.0
2,3,93,330492,332017,332017,333023,333023,333625,333658,342158,342158,342778,342811,342844,345929,1525,1006,602,8500,620,251,0,600,2196,3118,3085,1596,303.4426128,15.43953084,1,4,6,200,1,1,51,10,4,2.0
2,3,94,345932,347451,347451,348456,348456,349060,349093,356093,356093,356725,356758,356791,359870,1519,1005,604,7000,632,409,0,600,2031,3112,3079,1431,317.3844028,13.94179008,1,15,-1,160,-1,-1,49,14,15,1.0
2,3,95,359873,361396,361396,362404,362404,363005,363037,372037,372037,372663,372695,372728,375804,1523,1008,601,9000,626,565,0,600,1877,3109,3076,1277,333.3177274,15.93332451,1,79,-51,160,-1,-1,49,28,79,1.0
2,3,96,375807,377331,377331,378336,378336,378946,378978,386978,386978,387586,387619,387652,390767,1524,1005,610,8000,608,183,0,600,2270,3148,3115,1670,348.2808293,14.96310194,1,40,-12,180,-1,-1,49,28,40,1.0
2,3,97,390770,392294,392294,393301,393301,393930,393963,400463,400463,401085,401118,401151,404211,1524,1007,629,6500,622,648,0,600,1770,3093,3060,1170,361.7253776,13.44454834,1,6,-1,160,-1,-1,49,5,6,1.0
2,3,98,404214,405737,405737,406743,406743,407349,407381,413381,413381,413982,414015,414049,417167,1523,1006,606,6000,601,865,0,600,1599,3152,3118,999,374.681142,12.95576434,1,10,10,210,1,1,51,20,10,2.0
2,3,99,417170,418693,418693,419703,419703,420329,420362,428862,428862,429476,429508,429541,432618,1523,1010,626,8500,614,564,0,600,1863,3110,3077,1263,390.1321504,15.45100841,1,2,3,160,1,1,51,5,2,2.0
2,3,100,432621,434149,434149,435151,435152,435779,435811,443311,443311,443931,443964,443998,447065,1528,1002,627,7500,620,1985,0,600,438,3101,3067,-162,404.5786452,14.44649477,1,6,-1,190,-1,-1,49,5,6,1.0
2,3,101,447066,448589,448589,449593,449593,450213,450246,458246,458246,458869,458902,458936,462012,1523,1004,620,8000,623,466,0,600,1964,3110,3076,1364,419.525774,14.94712882,1,4,3,160,1,1,51,7,4,2.0
2,3,102,462015,463536,463536,464539,464539,465144,465177,471177,471177,471808,471840,471873,474965,1521,1003,605,6000,631,290,0,600,2150,3125,3092,1550,432.478476,12.95270201,1,11,-1,210,-1,-1,49,10,11,1.0
2,3,103,474968,476485,476485,477493,477493,478110,478142,484642,484642,485258,485292,485325,488429,1517,1008,617,6500,616,304,0,600,2138,3137,3104,1538,445.9425308,13.46405481,1,2,5,190,1,1,51,7,2,2.0
2,3,104,488431,489954,489954,490960,490960,491578,491611,499111,499111,499736,499769,499802,502880,1523,1006,618,7500,625,796,0,600,1632,3111,3078,1032,460.3941594,14.45162859,1,4,1,200,1,1,51,5,4,2.0
2,3,105,502883,504406,504406,505412,505412,506016,506048,513048,513048,513669,513702,513736,516844,1523,1006,604,7000,621,400,0,600,2046,3142,3108,1446,474.3575862,13.9634268,1,5,5,190,1,1,51,10,5,2.0
2,3,106,516847,518375,518375,519381,519381,519988,520020,528520,528520,529120,529152,529186,532309,1528,1006,607,8500,600,351,0,600,2108,3157,3123,1508,489.822432,15.46484586,1,40,-20,180,-1,-1,49,20,40,1.0
2,3,107,532312,533838,533838,534847,534847,535475,535507,544507,544507,545121,545153,545186,548269,1526,1009,628,9000,614,896,0,600,1527,3116,3083,927,505.7824153,15.95998326,1,8,-1,150,-1,-1,49,7,8,1.0
2,3,108,548272,549796,549796,550800,550800,551419,551451,558951,558951,559568,559601,559634,562726,1524,1004,619,7500,617,30,0,600,2406,3125,3092,1806,520.2395475,14.45713217,1,2,3,180,1,1,51,5,2,2.0
2,4,109,48862,50362,50362,51392,51392,52018,52051,60551,60551,61154,61187,61222,64309,1500,1030,626,8500,603,395,0,600,2046,3122,3087,1446,15.47793596,15.47793596,1,14,6,180,1,1,51,20,14,2.0
2,4,110,64358,65887,65887,66902,66902,67507,67539,73539,73539,74160,74193,74227,77316,1529,1015,605,6000,621,804,0,600,1626,3123,3089,1026,28.4419968,12.96406084,1,5,9,190,1,1,51,14,5,2.0
2,4,111,77325,78845,78845,79850,79850,80480,80512,87012,87012,87640,87673,87706,90766,1520,1005,630,6500,628,682,0,600,1735,3093,3060,1135,41.88601206,13.44401525,1,4,3,210,1,1,51,7,4,2.0
2,4,112,90769,92293,92293,93295,93295,93918,93950,101450,101450,102081,102114,102148,105228,1524,1002,623,7500,631,244,0,600,2176,3114,3080,1576,56.34808488,14.46207283,1,20,-6,160,-1,-1,49,14,20,1.0
2,4,113,105230,106753,106753,107756,107756,108380,108412,117412,117412,118032,118065,118098,121179,1523,1003,624,9000,620,307,0,600,2123,3114,3081,1523,72.29962789,15.95154301,1,5,5,190,1,1,51,10,5,2.0
2,4,114,121182,122703,122703,123710,123710,124315,124348,131348,131348,131981,132013,132047,135134,1521,1007,605,7000,633,51,0,600,2383,3121,3087,1783,86.25329362,13.95366573,0,21,-1,170,-1,1,51,20,21,2.0
2,4,115,135136,136659,136659,137663,137663,138267,138300,146300,146300,146918,146951,146984,150087,1523,1004,604,8000,618,305,0,600,2146,3136,3103,1546,101.2074406,14.95414699,1,4,6,160,1,1,51,10,4,2.0
2,4,116,150090,151609,151609,152615,152615,153218,153250,161250,161250,161850,161882,161916,165041,1519,1006,603,8000,600,970,0,600,1502,3159,3125,902,116.1612796,14.953839,1,28,-14,150,-1,-1,49,14,28,1.0
2,4,117,165044,166567,166567,167571,167571,168180,168212,174212,174212,174843,174876,174909,177982,1523,1004,609,6000,631,269,0,600,2164,3106,3073,1564,129.1026152,12.94133564,1,10,10,180,1,1,51,20,10,2.0
2,4,118,177985,179508,179508,180511,180511,181128,181160,187660,187660,188283,188316,188351,191425,1523,1003,617,6500,623,861,0,600,1573,3109,3074,973,142.5448311,13.44221588,1,5,2,160,1,1,51,7,5,2.0
2,4,119,191428,192948,192948,193976,193976,194592,194625,202125,202125,202749,202781,202814,205873,1520,1028,616,7500,624,840,0,600,1572,3092,3059,972,156.9924825,14.44765136,1,5,2,200,1,1,51,7,5,2.0
2,4,120,205875,207395,207395,208398,208398,209025,209057,216057,216057,216657,216690,216723,219824,1520,1003,627,7000,600,329,0,600,2121,3134,3101,1521,170.9432429,13.9507604,1,14,-7,190,-1,-1,49,7,14,1.0
2,4,121,219826,221350,221350,222354,222354,222980,223012,232012,232012,232630,232663,232696,235773,1524,1004,626,9000,618,369,0,600,2059,3110,3077,1459,186.8928184,15.94957549,1,3,2,160,1,1,51,5,3,2.0
2,4,122,235776,237299,237299,238306,238306,238931,238963,247463,247463,248097,248129,248163,251208,1523,1007,625,8500,634,375,0,600,2036,3079,3045,1436,202.3277223,15.4349039,1,20,-13,210,-1,-1,49,7,20,1.0
2,4,123,251211,252728,252728,253733,253733,254337,254370,262870,262870,263474,263507,263541,266665,1517,1005,604,8500,604,901,0,600,1569,3158,3124,969,217.7853734,15.4576511,0,15,-1,160,-1,1,51,14,15,2.0
2,4,124,266668,268193,268193,269197,269197,269801,269835,277335,277335,277937,277970,278003,281122,1525,1004,604,7500,602,481,0,600,1984,3152,3119,1384,232.2418902,14.45651681,1,29,-1,190,-1,-1,49,28,29,1.0
2,4,125,281125,282641,282641,283642,283642,284248,284280,292280,292280,292880,292914,292947,296082,1516,1001,606,8000,600,335,0,600,2142,3168,3135,1542,247.2019672,14.96007698,1,28,-14,210,-1,-1,49,14,28,1.0
2,4,126,296084,297608,297608,298615,298615,299221,299253,305253,305253,305856,305889,305923,309040,1524,1007,606,6000,603,1383,0,600,1077,3151,3117,477,260.1603656,12.95839845,1,14,14,150,1,1,51,28,14,2.0
2,4,127,309043,310567,310567,311572,311572,312202,312235,321235,321235,321854,321887,321920,324982,1524,1005,630,9000,619,220,0,600,2202,3095,3062,1602,276.1016428,15.94127718,1,7,-2,210,-1,-1,49,5,7,1.0
2,4,128,324985,326507,326507,327513,327513,328117,328149,334649,334649,335270,335302,335335,338434,1522,1006,604,6500,621,333,0,600,2114,3132,3099,1514,289.5536677,13.45202487,1,5,9,160,1,1,51,14,5,2.0
2,4,129,338437,339958,339958,340960,340960,341563,341596,348596,348596,349197,349230,349263,352383,1521,1002,603,7000,601,312,0,600,2161,3153,3120,1561,303.5025078,13.94884019,1,14,14,200,1,1,51,28,14,2.0
2,4,130,352385,353913,353913,354918,354918,355545,355578,364578,364578,365191,365224,365257,368331,1528,1005,627,9000,613,139,0,600,2288,3107,3074,1688,319.450654,15.94814618,1,2,3,210,1,1,51,5,2,2.0
2,4,131,368334,369851,369851,370855,370855,371460,371492,378492,378492,379093,379126,379159,382280,1517,1004,605,7000,601,420,0,600,2053,3154,3121,1453,333.3996078,13.9489538,1,28,-8,150,-1,-1,49,20,28,1.0
2,4,132,382282,383806,383806,384811,384811,385441,385473,391973,391973,392595,392627,392660,395722,1524,1005,630,6500,622,553,0,600,1866,3095,3062,1266,346.8408259,13.44121811,1,5,2,160,1,1,51,7,5,2.0
2,4,133,395725,397245,397245,398248,398248,398856,398889,407389,407389,408012,408044,408077,411159,1520,1003,608,8500,623,313,0,600,2133,3115,3082,1533,362.2784821,15.43765614,1,5,5,210,1,1,51,10,5,2.0
2,4,134,411162,412682,412682,413683,413683,414289,414321,422321,422321,422947,422980,423013,426119,1520,1001,606,8000,626,403,0,600,2044,3139,3106,1444,377.2387164,14.96023428,0,21,-1,150,-1,1,51,20,21,2.0
2,4,135,426121,427641,427641,428644,428644,429249,429282,435282,435282,435901,435935,435968,439068,1520,1003,605,6000,619,136,0,600,2317,3133,3100,1717,390.1879679,12.94925153,1,79,-51,180,-1,-1,49,28,79,1.0
2,4,136,439071,440594,440594,441601,441601,442205,442238,449738,449738,450359,450392,450426,453515,1523,1007,604,7500,621,386,0,600,2059,3123,3089,1459,404.6349927,14.44702485,1,5,5,180,1,1,51,10,5,2.0
2,4,137,453518,455041,455041,456048,456048,456668,456701,463201,463201,463818,463850,463883,466972,1523,1007,620,6500,617,478,0,600,1955,3122,3089,1355,418.0915514,13.4565587,1,3,2,200,1,1,51,5,3,2.0
2,4,138,466974,468496,468496,469496,469496,470122,470155,477655,477655,478256,478288,478322,481408,1522,1000,626,7500,601,447,0,600,2004,3120,3086,1404,432.5273714,14.43582,1,14,-9,190,-1,-1,49,5,14,1.0
2,4,139,481411,482935,482935,483939,483939,484542,484575,491575,491575,492189,492221,492255,495361,1524,1004,603,7000,614,368,0,600,2087,3140,3106,1487,446.4799568,13.95258538,1,4,6,150,1,1,51,10,4,2.0
2,4,140,495363,496890,496890,497895,497895,498512,498544,507544,507544,508175,508208,508242,511295,1527,1005,617,9000,631,248,0,600,2172,3087,3053,1572,462.4144461,15.93448924,1,14,-9,150,-1,-1,49,5,14,1.0
2,4,141,511298,512820,512820,513827,513827,514433,514466,520466,520466,521068,521100,521134,524243,1522,1007,606,6000,602,366,0,600,2097,3143,3109,1497,475.3630193,12.94857319,1,20,8,190,1,1,51,28,20,2.0
2,4,142,524246,525769,525769,526776,526776,527381,527414,535914,535914,536536,536568,536602,539710,1523,1007,605,8500,622,269,0,600,2174,3142,3108,1574,490.8295225,15.46650329,1,79,-51,160,-1,-1,49,28,79,1.0
2,4,143,539713,541238,541238,542242,542242,542873,542905,550905,550905,551505,551538,551571,554659,1525,1004,631,8000,600,968,0,600,1472,3121,3088,872,505.7789567,14.94943415,1,10,10,200,1,1,51,20,10,2.0
2,4,144,554662,556187,556187,557192,557192,557795,557827,566327,566327,566945,566978,567012,570118,1525,1005,603,8500,618,272,0,600,2177,3140,3106,1577,521.2377798,15.45882305,1,5,5,200,1,1,51,10,5,2.0
2,5,145,40225,41749,41749,42753,42753,43353,43386,49386,49386,50018,50050,50084,53156,1524,1004,600,6000,632,76,0,600,2364,3106,3072,1764,12.93283241,12.93283241,1,10,4,170,1,1,51,14,10,2.0
2,5,146,53159,54682,54682,55685,55685,56290,56323,65324,65324,65942,65974,66007,69105,1523,1003,605,9001,618,326,0,600,2124,3131,3098,1524,28.87997177,15.94713936,1,5,5,200,1,1,51,10,5,2.0
2,5,147,69107,70627,70627,71631,71631,72234,72268,79768,79768,80396,80429,80465,83573,1520,1004,603,7500,628,462,0,600,1983,3144,3108,1383,43.34906427,14.4690925,1,7,3,160,1,1,51,10,7,2.0
2,5,148,83576,85097,85097,86104,86104,86737,86770,95270,95270,95890,95923,95956,99020,1521,1007,633,8500,620,650,0,600,1769,3097,3064,1169,58.79599359,15.44692932,1,4,1,170,1,1,51,5,4,2.0
2,5,149,99023,100540,100540,101545,101545,102150,102183,108683,108683,109283,109316,109349,112478,1517,1005,605,6500,600,490,0,600,1983,3162,3129,1383,72.25430164,13.45830804,1,14,6,150,1,1,51,20,14,2.0
2,5,150,112481,114005,114005,115007,115007,115613,115645,123645,123645,124254,124287,124321,127432,1524,1002,606,8000,609,855,0,600,1604,3145,3111,1004,87.20747164,14.95317,1,56,-28,210,-1,-1,49,28,56,1.0
2,5,151,127434,128958,128958,129967,129967,130576,130608,137608,137608,138242,138274,138309,141382,1524,1009,609,7000,634,720,0,600,1704,3108,3073,1104,101.1582748,13.95080319,0,14,-4,170,-1,1,51,10,14,2.0
2,5,152,141385,142908,142908,143915,143915,144515,144548,153048,153048,153680,153713,153747,156832,1523,1007,600,8500,632,413,0,600,2025,3119,3085,1425,116.6080369,15.44976202,1,14,-7,160,-1,-1,49,7,14,1.0
2,5,153,156835,158359,158359,159366,159366,159973,160005,167505,167505,168121,168153,168186,171285,1524,1007,607,7500,616,810,0,600,1636,3132,3099,1036,131.0610025,14.45296569,1,5,5,210,1,1,51,10,5,2.0
2,5,154,171288,172814,172814,173817,173817,174449,174482,180482,180482,181099,181132,181165,184222,1526,1003,632,6000,617,806,0,600,1616,3090,3057,1016,143.9979047,12.93690216,1,2,3,200,1,1,51,5,2,2.0
2,5,155,184225,185748,185748,186749,186749,187350,187382,195382,195382,195999,196032,196065,199159,1523,1001,601,8000,617,363,0,600,2095,3127,3094,1495,158.9346577,14.93675299,1,2,5,160,1,1,51,7,2,2.0
2,5,156,199161,200676,200676,201683,201683,202284,202318,211318,211318,211934,211966,211999,215118,1515,1007,601,9000,616,344,0,600,2117,3152,3119,1517,174.8944595,15.95980184,1,2,5,190,1,1,51,7,2,2.0
2,5,157,215121,216643,216643,217648,217648,218251,218284,225284,225284,225904,225936,225969,229067,1522,1005,603,7000,620,453,0,600,1997,3131,3098,1397,188.842399,13.94793945,1,4,6,200,1,1,51,10,4,2.0
2,5,158,229069,230592,230592,231597,231597,232201,232233,238733,238733,239342,239374,239408,242523,1523,1005,604,6500,609,283,0,600,2176,3149,3115,1576,202.2987299,13.45633088,1,40,-20,200,-1,-1,49,20,40,1.0
2,5,159,242525,244051,244051,245057,245057,245662,245694,252694,252694,253309,253342,253377,256461,1526,1006,605,7000,615,642,0,600,1806,3119,3084,1206,216.2374871,13.93875728,1,40,-12,210,-1,-1,49,28,40,1.0
2,5,160,256464,257987,257987,258994,258994,259599,259632,268132,268132,268761,268794,268829,271929,1523,1007,605,8500,629,396,0,600,2040,3135,3100,1440,231.7055683,15.46808117,1,7,7,150,1,1,51,14,7,2.0
2,5,161,271932,273453,273453,274456,274456,275064,275096,284096,284096,284728,284760,284795,287877,1521,1003,608,9000,632,411,0,600,2025,3117,3082,1425,247.6531971,15.94762876,1,28,-8,180,-1,-1,49,20,28,1.0
2,5,162,287880,289402,289402,290406,290406,291011,291043,298543,298543,299163,299196,299230,302316,1522,1004,605,7500,620,221,0,600,2228,3120,3086,1628,262.0919944,14.43879736,1,79,-51,200,-1,-1,49,28,79,1.0
2,5,163,302319,303837,303837,304844,304844,305446,305478,311978,311978,312594,312627,312661,315764,1518,1007,602,6500,616,297,0,600,2160,3137,3103,1560,275.539879,13.4478846,1,4,3,190,1,1,51,7,4,2.0
2,5,164,315767,317288,317288,318293,318293,318924,318957,326957,326957,327580,327613,327646,330699,1521,1005,631,8000,623,316,0,600,2104,3086,3053,1504,290.4752654,14.93538636,1,4,1,210,1,1,51,5,4,2.0
2,5,165,330702,332225,332225,333229,333229,333833,333866,339866,339866,340493,340526,340560,343639,1523,1004,604,6000,627,310,0,600,2132,3113,3079,1532,303.4148673,12.93960196,1,5,2,180,1,1,51,7,5,2.0
2,5,166,343642,345164,345164,346167,346168,346773,346807,355807,355807,356408,356442,356477,359610,1522,1003,605,9000,601,1042,0,600,1427,3168,3133,827,319.3860744,15.97120709,0,15,-1,210,-1,1,51,14,15,2.0
2,5,167,359613,361135,361135,362140,362140,362748,362781,370281,370281,370912,370945,370979,374066,1522,1005,608,7500,631,349,0,600,2085,3121,3087,1485,333.8414262,14.45535179,1,29,-1,160,-1,-1,49,28,29,1.0
2,5,168,374069,375593,375593,376599,376599,377223,377256,385256,385256,385877,385910,385943,389029,1524,1006,624,8000,621,512,0,600,1913,3119,3086,1313,348.8050941,14.96366788,1,4,6,180,1,1,51,10,4,2.0
2,5,169,389032,390560,390560,391570,391570,392200,392233,398733,398733,399334,399366,399401,402474,1528,1010,630,6500,601,237,0,600,2194,3108,3073,1594,362.249647,13.44455286,1,10,-5,190,-1,-1,49,5,10,1.0
2,5,170,402477,403997,403997,405001,405001,405607,405639,414139,414139,414772,414806,414840,417939,1520,1004,606,8500,633,585,0,600,1852,3133,3099,1252,377.714805,15.46515806,0,10,10,180,1,-1,49,20,10,1.0
2,5,171,417942,419467,419467,420470,420470,421075,421107,427107,427107,427740,427774,427808,430905,1525,1003,605,6000,633,356,0,600,2078,3131,3097,1478,390.6805468,12.96574178,1,20,-6,150,-1,-1,49,14,20,1.0
2,5,172,430908,432434,432434,433438,433438,434044,434077,441077,441077,441691,441723,441756,444862,1526,1004,606,7000,614,593,0,600,1857,3139,3106,1257,404.6376009,13.95705412,1,3,2,170,1,1,51,5,3,2.0
2,5,173,444865,446389,446389,447395,447395,447999,448032,454532,454532,455134,455167,455201,458303,1524,1006,604,6500,602,302,0,600,2162,3136,3102,1562,418.0785994,13.44099843,1,28,-14,190,-1,-1,49,14,28,1.0
2,5,174,458306,459828,459828,460835,460835,461441,461473,469973,469973,470605,470638,470673,473758,1522,1007,606,8500,632,281,0,600,2152,3120,3085,1552,433.5328169,15.4542175,0,21,-1,150,-1,1,51,20,21,2.0
2,5,175,473761,475280,475280,476284,476284,476913,476945,482945,482945,483561,483594,483627,486700,1519,1004,629,6000,616,464,0,600,1968,3106,3073,1368,446.4760793,12.94326248,1,3,2,200,1,1,51,5,3,2.0
2,5,176,486703,488225,488225,489228,489228,489833,489866,497866,497866,498488,498520,498554,501645,1522,1003,605,8000,622,289,0,600,2159,3125,3091,1559,461.4200834,14.9440041,1,14,14,170,1,1,51,28,14,2.0
2,5,177,501647,503167,503167,504173,504173,504780,504813,511813,511813,512434,512467,512501,515590,1520,1006,607,7000,621,380,0,600,2066,3123,3089,1466,475.3654994,13.94541593,1,7,7,180,1,1,51,14,7,2.0
2,5,178,515592,517116,517116,518121,518121,518722,518755,526255,526255,526856,526888,526922,530042,1524,1005,601,7500,601,286,0,600,2183,3154,3120,1583,489.8173558,14.45185641,1,10,18,190,1,1,51,28,10,2.0
2,5,179,530045,531569,531569,532574,532574,533179,533213,542213,542213,542815,542847,542880,546000,1524,1005,605,9000,602,477,0,600,1987,3153,3120,1387,505.7754589,15.95810313,1,40,-20,200,-1,-1,49,20,40,1.0
2,5,180,546003,547533,547533,548539,548539,549143,549175,557675,557675,558276,558310,558345,561461,1530,1006,604,8500,601,1022,0,600,1437,3151,3116,837,521.2367072,15.46124833,1,14,-7,200,-1,-1,49,7,14,1.0
2,6,181,42074,43594,43594,44597,44597,45201,45233,51233,51233,51867,51899,51935,55011,1520,1003,604,6000,634,632,0,600,1807,3112,3076,1207,12.93843212,12.93843212,0,29,-1,190,-1,1,51,28,29,2.0
2,6,182,55014,56536,56536,57538,57538,58141,58174,64674,64674,65277,65309,65342,68471,1522,1002,603,6500,603,199,0,600,2271,3162,3129,1671,26.39832346,13.45989134,1,28,-18,150,-1,-1,49,10,28,1.0
2,6,183,68473,69998,69998,71002,71002,71632,71664,80664,80664,81286,81318,81351,84414,1525,1004,630,9000,622,874,0,600,1545,3096,3063,945,42.34131442,15.94299096,1,6,-1,200,-1,-1,49,5,6,1.0
2,6,184,84416,85937,85937,86941,86941,87543,87576,94576,94576,95179,95212,95246,98352,1521,1004,602,7000,603,502,0,600,1968,3140,3106,1368,56.27894494,13.93763052,1,10,-3,200,-1,-1,49,7,10,1.0
2,6,185,98354,99880,99880,100884,100884,101505,101537,110037,110037,110656,110688,110721,113789,1526,1004,621,8500,619,557,0,600,1873,3101,3068,1273,71.71591762,15.43697267,1,3,2,160,1,1,51,5,3,2.0
2,6,186,113792,115311,115311,116315,116315,116923,116955,124455,124455,125076,125109,125143,128241,1519,1004,608,7500,621,594,0,600,1854,3132,3098,1254,86.16977832,14.4538607,1,20,8,210,1,1,51,28,20,2.0
2,6,187,128245,129758,129758,130759,130759,131367,131399,139399,139399,140027,140059,140093,143199,1513,1001,608,8000,628,139,0,600,2311,3140,3106,1711,101.1259528,14.95617448,1,4,6,210,1,1,51,10,4,2.0
2,6,188,143202,144722,144722,145728,145728,146332,146366,153366,153366,153995,154027,154060,157156,1520,1006,604,7000,629,581,0,600,1860,3129,3096,1260,115.0827972,13.95684438,1,5,5,160,1,1,51,10,5,2.0
2,6,189,157158,158680,158680,159686,159686,160318,160351,166851,166851,167479,167511,167544,170610,1522,1006,632,6500,628,719,0,600,1693,3099,3066,1093,128.5372232,13.45442604,1,10,-5,150,-1,-1,49,5,10,1.0
2,6,190,170613,172134,172134,173139,173139,173740,173772,182272,182272,182874,182906,182940,186070,1521,1005,601,8500,602,494,0,600,1977,3164,3130,1377,143.9973529,15.46012971,0,21,-1,190,-1,1,51,20,21,2.0
2,6,191,186073,187597,187597,188629,188629,189237,189269,196769,196769,197402,197435,197470,200515,1524,1032,608,7500,633,888,0,600,1515,3080,3045,915,158.4419362,14.4445833,1,8,-1,170,-1,-1,49,7,8,1.0
2,6,192,200517,202037,202037,203040,203040,203662,203695,209695,209695,210318,210351,210385,213459,1520,1003,622,6000,623,463,0,600,1969,3108,3074,1369,171.3857662,12.94382992,1,4,3,170,1,1,51,7,4,2.0
2,6,193,213462,214983,214983,215988,215988,216597,216629,224629,224629,225229,225261,225294,228405,1521,1005,609,8000,600,338,0,600,2127,3144,3111,1527,186.3326301,14.94686393,1,7,7,210,1,1,51,14,7,2.0
2,6,194,228408,229931,229931,230937,230937,231542,231576,240576,240576,241206,241240,241273,244348,1523,1006,605,9000,630,436,0,600,2000,3108,3075,1400,202.2754083,15.94277821,1,20,-6,200,-1,-1,49,14,20,1.0
2,6,195,244350,245871,245871,246875,246875,247475,247508,256509,256509,257142,257175,257208,260291,1521,1004,600,9001,633,676,0,600,1765,3116,3083,1165,218.2194489,15.94404057,0,15,-1,170,-1,1,51,14,15,2.0
2,6,196,260295,261817,261817,262822,262822,263430,263462,271962,271962,272563,272595,272630,275746,1522,1005,608,8500,601,352,0,600,2112,3151,3116,1512,233.6730411,15.4535922,1,14,6,170,1,1,51,20,14,2.0
2,6,197,275748,277269,277269,278271,278271,278890,278922,285922,285922,286554,286587,286621,289695,1521,1002,619,7000,632,466,0,600,1960,3108,3074,1360,247.6217583,13.94871724,1,20,-13,150,-1,-1,49,7,20,1.0
2,6,198,289698,291212,291212,292217,292217,292824,292857,298857,298857,299488,299520,299554,302650,1514,1005,607,6000,631,586,0,600,1857,3130,3096,1257,260.5765565,12.95479821,1,14,6,210,1,1,51,20,14,2.0
2,6,199,302652,304176,304176,305181,305181,305784,305816,312316,312316,312931,312964,312999,316096,1524,1005,603,6500,615,262,0,600,2191,3132,3097,1591,274.023044,13.44648754,1,56,-28,200,-1,-1,49,28,56,1.0
2,6,200,316099,317619,317619,318619,318619,319237,319269,326769,326769,327369,327401,327435,330560,1520,1000,618,7500,600,680,0,600,1782,3159,3125,1182,288.4877049,14.46466083,1,8,-1,180,-1,-1,49,7,8,1.0
2,6,201,330563,332087,332087,333092,333092,333721,333754,341754,341754,342376,342409,342442,345502,1524,1005,629,8000,622,354,0,600,2066,3093,3060,1466,303.4291707,14.94146582,1,3,2,160,1,1,51,5,3,2.0
2,6,202,345505,347024,347024,348032,348032,348637,348669,354669,354669,355284,355316,355350,358453,1519,1008,605,6000,615,756,0,600,1697,3137,3103,1097,316.3804916,12.95132091,1,40,-12,160,-1,-1,49,28,40,1.0
2,6,203,358456,359978,359978,360987,360987,361594,361626,368626,368626,369243,369275,369309,372393,1522,1009,607,7000,617,638,0,600,1807,3118,3084,1207,330.3196801,13.93918851,1,4,6,170,1,1,51,10,4,2.0
2,6,204,372395,373919,373919,374924,374924,375529,375561,382061,382061,382678,382711,382744,385839,1524,1005,605,6500,617,778,0,600,1671,3128,3095,1071,343.7662132,13.44653304,1,20,8,150,1,1,51,28,20,2.0
2,6,205,385842,387364,387364,388366,388366,388973,389006,398006,398006,398609,398641,398675,401777,1522,1002,607,9000,603,431,0,600,2035,3136,3102,1435,359.7042861,15.93807291,0,15,-1,180,-1,1,51,14,15,2.0
2,6,206,401780,403308,403308,404315,404315,404918,404950,412450,412450,413084,413117,413152,416224,1528,1007,603,7500,634,332,0,600,2096,3107,3072,1496,374.1507495,14.44646343,1,20,-13,190,-1,-1,49,7,20,1.0
2,6,207,416226,417751,417751,418753,418753,419356,419388,427388,427388,428011,428044,428078,431158,1525,1002,603,8000,623,314,0,600,2133,3114,3080,1533,389.0854837,14.93473424,1,4,6,190,1,1,51,10,4,2.0
2,6,208,431161,432679,432679,433682,433682,434288,434320,442820,442820,443424,443456,443489,446605,1518,1003,606,8500,604,792,0,600,1677,3149,3116,1077,404.5314698,15.44598609,1,40,-20,180,-1,-1,49,20,40,1.0
2,6,209,446607,448134,448134,449138,449138,449756,449789,456289,456289,456906,456938,456971,460053,1527,1004,618,6500,617,408,0,600,2026,3115,3082,1426,417.9803658,13.44889594,1,2,3,180,1,1,51,5,2,2.0
2,6,210,460056,461578,461578,462586,462586,463192,463226,469226,469226,469847,469879,469913,473015,1522,1008,606,6000,621,365,0,600,2078,3136,3102,1478,430.9421216,12.96175581,1,79,-51,190,-1,-1,49,28,79,1.0
2,6,211,473018,474544,474544,475548,475548,476153,476187,484687,484687,485287,485320,485355,488464,1526,1004,605,8500,600,378,0,600,2087,3144,3109,1487,446.3912435,15.44912195,1,7,7,190,1,1,51,14,7,2.0
2,6,212,488466,489990,489990,490994,490994,491599,491631,498631,498631,499249,499282,499315,502420,1524,1004,605,7000,618,267,0,600,2182,3138,3105,1582,460.3471181,13.95587463,1,40,-20,150,-1,-1,49,20,40,1.0
2,6,213,502423,503950,503950,504956,504956,505588,505621,513621,513621,514240,514272,514304,517366,1527,1006,632,8000,619,319,0,600,2097,3094,3062,1497,475.2923937,14.9452755,1,2,3,210,1,1,51,5,2,2.0
2,6,214,517369,518890,518890,519897,519897,520503,520535,529535,529535,530147,530180,530215,533334,1521,1007,606,9000,612,221,0,600,2233,3154,3119,1633,491.260549,15.9681553,1,40,-20,150,-1,-1,49,20,40,1.0
2,6,215,533337,534860,534860,535865,535865,536492,536525,544025,544025,544627,544660,544693,547784,1523,1005,627,7500,602,514,0,600,1929,3124,3091,1329,505.7112208,14.4506718,0,14,-4,180,-1,1,51,10,14,2.0
2,6,216,547787,549313,549313,550319,550319,550925,550957,556957,556957,557559,557592,557626,560743,1526,1006,606,6000,602,278,0,600,2182,3151,3117,1582,518.6702454,12.95902466,1,28,-14,160,-1,-1,49,14,28,1.0
3,1,1,65685,67210,67210,68237,68237,68859,68891,75391,75391,76013,76045,76081,79148,1525,1027,622,6500,622,965,0,600,1439,3103,3067,839,13.49950096,13.49950096,1,56,-28,210,-1,-1,49,28,56,1.0
3,1,2,79199,80720,80720,81735,81735,82359,82391,88391,88391,89005,89038,89071,92152,1521,1015,624,6000,614,1316,0,600,1110,3114,3081,510,26.45391043,12.95440946,1,3,2,190,1,1,51,5,3,2.0
3,1,3,92155,93676,93676,94678,94678,95307,95340,103840,103840,104440,104472,104506,107596,1521,1002,629,8500,600,764,0,600,1684,3124,3090,1084,41.89726421,15.44335379,1,10,-3,210,-1,-1,49,7,10,1.0
3,1,4,107599,109126,109126,110135,110135,110741,110773,118773,118773,119404,119436,119470,122550,1527,1009,606,8000,631,757,0,600,1670,3114,3080,1070,56.8517692,14.95450499,0,27,1,150,1,-1,49,28,27,1.0
3,1,5,122553,124077,124077,125083,125083,125683,125715,133215,133215,133835,133868,133901,136995,1524,1006,600,7500,620,713,0,600,1737,3127,3094,1137,71.29691844,14.44514924,1,5,2,210,1,1,51,7,5,2.0
3,1,6,136998,138520,138520,139526,139526,140130,140163,149163,149163,149765,149797,149832,152931,1522,1006,604,9000,602,975,0,600,1491,3134,3099,891,87.232595,15.93567656,1,27,1,160,1,1,51,28,27,2.0
3,1,7,152934,154455,154455,155462,155462,156067,156099,163099,163099,163702,163734,163768,166877,1521,1007,605,7000,603,531,0,600,1933,3143,3109,1333,101.1788595,13.94626454,1,28,-8,200,-1,-1,49,20,28,1.0
3,1,8,166880,168407,168407,169409,169409,170015,170048,177048,177048,177649,177681,177714,180822,1527,1002,606,7000,601,1181,0,600,1283,3141,3108,683,115.123297,13.94443745,1,20,-10,160,-1,-1,49,10,20,1.0
3,1,9,180825,182347,182347,183347,183347,183975,184007,190007,190007,190622,190655,190688,193769,1522,1000,628,6000,615,765,0,600,1670,3114,3081,1070,128.07027,12.94697302,1,2,3,150,1,1,51,5,2,2.0
3,1,10,193771,195291,195291,196293,196293,196898,196931,203431,203431,204031,204065,204098,207222,1520,1002,605,6500,600,709,0,600,1764,3157,3124,1164,141.5238544,13.45358436,1,13,1,200,1,1,51,14,13,2.0
3,1,11,207225,208750,208750,209759,209759,210365,210397,219397,219397,220025,220057,220090,223178,1525,1009,606,9000,628,442,0,600,1990,3121,3088,1390,157.4793821,15.95552778,1,7,13,210,1,1,51,20,7,2.0
3,1,12,223181,224703,224703,225705,225705,226311,226343,234843,234843,235475,235507,235542,238635,1522,1002,606,8500,632,1457,0,600,981,3128,3093,381,172.9368331,15.457451,0,9,1,210,1,-1,49,10,9,1.0
3,1,13,238638,240167,240167,241172,241172,241779,241812,249312,249312,249931,249963,249996,253081,1529,1005,607,7500,619,764,0,600,1676,3118,3085,1076,187.3818811,14.44504798,1,57,-37,150,-1,-1,49,20,57,1.0
3,1,14,253083,254605,254605,255610,255610,256216,256248,264248,264248,264848,264880,264913,268019,1522,1005,606,8000,600,1147,0,600,1320,3139,3106,720,202.3205209,14.93863975,1,13,1,160,1,1,51,14,13,2.0
3,1,15,268022,269544,269544,270547,270547,271178,271210,277710,277710,278310,278342,278376,281476,1522,1003,631,6500,600,753,0,600,1691,3134,3100,1091,215.7771365,13.45661566,1,14,-7,170,-1,-1,49,7,14,1.0
3,1,16,281479,282999,282999,284005,284005,284634,284667,291667,291667,292268,292300,292333,295431,1520,1006,629,7000,601,426,0,600,2018,3131,3098,1418,229.732341,13.95520443,1,14,-9,190,-1,-1,49,5,14,1.0
3,1,17,295434,296959,296959,297963,297963,298570,298603,306103,306103,306735,306768,306801,309874,1525,1004,607,7500,632,495,0,600,1937,3106,3073,1337,244.1752418,14.44290086,1,14,6,200,1,1,51,20,14,2.0
3,1,18,309877,311402,311402,312409,312409,313012,313045,321545,321545,322177,322210,322243,325330,1525,1007,603,8500,632,182,0,600,2251,3120,3087,1651,259.631689,15.4564472,1,40,-26,170,-1,-1,49,14,40,1.0
3,1,19,325333,326857,326857,327863,327863,328469,328501,337501,337501,338120,338152,338186,341263,1524,1006,606,9000,619,560,0,600,1885,3111,3077,1285,275.5640881,15.93239906,1,20,-10,190,-1,-1,49,10,20,1.0
3,1,20,341266,342788,342788,343794,343794,344398,344432,352432,352432,353065,353098,353131,356215,1522,1006,604,8000,633,537,0,600,1898,3117,3084,1298,290.5158149,14.95172683,1,40,-12,190,-1,-1,49,28,40,1.0
3,1,21,356218,357739,357739,358745,358745,359351,359384,365384,365384,365985,366018,366052,369160,1521,1006,606,6000,601,561,0,600,1905,3142,3108,1305,303.4608876,12.94507269,1,14,14,150,1,1,51,28,14,2.0
3,1,22,369163,370686,370686,371689,371689,372318,372350,381350,381350,381964,381997,382031,385095,1523,1003,629,9000,614,451,0,600,1980,3098,3064,1380,319.3958973,15.93500967,1,2,5,190,1,1,51,7,2,2.0
3,1,23,385098,386618,386618,387622,387622,388228,388262,395762,395762,396393,396425,396458,399549,1520,1004,606,7500,631,767,0,600,1672,3124,3091,1072,333.8502302,14.45433292,1,10,4,150,1,1,51,14,10,2.0
3,1,24,399552,401075,401075,402081,402081,402686,402718,408718,408718,409337,409370,409403,412497,1523,1006,605,6000,619,580,0,600,1867,3127,3094,1267,346.7986566,12.94842643,1,20,-10,180,-1,-1,49,10,20,1.0
3,1,25,412500,414025,414025,415031,415031,415636,415668,423668,423668,424301,424333,424366,427459,1525,1006,605,8000,633,579,0,600,1852,3126,3093,1252,361.7601304,14.96147374,1,10,10,170,1,1,51,20,10,2.0
3,1,26,427462,428985,428985,429989,429989,430615,430647,439147,439147,439763,439795,439829,442893,1523,1004,626,8500,616,514,0,600,1917,3098,3064,1317,377.1941447,15.43401431,1,4,3,200,1,1,51,7,4,2.0
3,1,27,442895,444422,444422,445430,445430,446057,446090,453090,453090,453721,453754,453788,456850,1527,1008,627,7000,631,644,0,600,1763,3096,3062,1163,391.150377,13.95623234,1,14,-7,160,-1,-1,49,7,14,1.0
3,1,28,456852,458372,458372,459379,459379,459982,460014,466514,466514,467135,467168,467201,470297,1520,1007,603,6500,621,448,0,600,2001,3129,3096,1401,404.5984102,13.44803317,1,5,9,150,1,1,51,14,5,2.0
3,1,29,470300,471823,471823,472830,472830,473431,473463,479963,479963,480577,480609,480642,483747,1523,1007,601,6500,614,561,0,600,1894,3138,3105,1294,418.0485218,13.45011159,1,2,3,150,1,1,51,5,2,2.0
3,1,30,483750,485275,485275,486282,486282,486886,486918,494418,494418,495019,495051,495084,498188,1525,1007,604,7500,601,461,0,600,2002,3137,3104,1402,432.489277,14.44075523,1,20,-10,200,-1,-1,49,10,20,1.0
3,1,31,498191,499718,499718,500727,500727,501351,501384,508384,508384,509000,509032,509066,512150,1527,1009,624,7000,616,634,0,600,1790,3118,3084,1190,446.4510458,13.96176876,1,2,3,170,1,1,51,5,2,2.0
3,1,32,512153,513674,513674,514682,514682,515288,515320,524320,524320,524922,524954,524987,528102,1521,1008,606,9000,602,1025,0,600,1438,3148,3115,838,462.4031062,15.95206043,0,19,1,180,1,-1,49,20,19,1.0
3,1,33,528104,529629,529629,530635,530635,531256,531288,539788,539788,540402,540435,540469,543562,1525,1006,621,8500,614,512,0,600,1922,3127,3093,1322,477.8631922,15.46008602,1,2,3,200,1,1,51,5,2,2.0
3,1,34,543565,545090,545090,546097,546097,546702,546735,552735,552735,553354,553386,553419,556520,1525,1007,605,6000,619,390,0,600,2054,3134,3101,1454,490.8206586,12.95746637,1,5,9,160,1,1,51,14,5,2.0
3,1,35,556523,558050,558050,559056,559056,559658,559691,567691,567691,568315,568348,568381,571477,1527,1006,602,8000,624,421,0,600,2020,3129,3096,1420,505.7777212,14.95706256,1,7,3,160,1,1,51,10,7,2.0
3,1,36,571478,573003,573003,574007,574007,574611,574644,583644,583644,584246,584280,584314,587437,1525,1004,604,9000,602,1744,0,600,721,3157,3123,121,521.7378786,15.96015744,0,20,8,200,1,-1,49,28,20,1.0
3,2,37,39432,40957,40957,41963,41963,42571,42604,49104,49104,49706,49738,49771,52889,1525,1006,608,6500,602,286,0,600,2173,3151,3118,1573,13.45742207,13.45742207,1,13,1,210,1,1,51,14,13,2.0
3,2,38,52891,54417,54417,55421,55421,56023,56056,63056,63056,63656,63688,63722,66833,1526,1004,602,7000,600,140,0,600,2328,3145,3111,1728,27.40180528,13.9443832,1,19,1,180,1,1,51,20,19,2.0
3,2,39,66836,68358,68358,69363,69363,69992,70025,77525,77525,78143,78176,78209,81273,1522,1005,629,7500,618,517,0,600,1909,3097,3064,1309,41.8422227,14.44041742,1,4,1,190,1,1,51,5,4,2.0
3,2,40,81276,82803,82803,83806,83806,84412,84446,90446,90446,91046,91078,91112,94217,1527,1003,606,6000,600,297,0,600,2167,3139,3105,1567,54.78602791,12.94380521,1,40,-12,210,-1,-1,49,28,40,1.0
3,2,41,94220,95740,95740,96743,96743,97343,97375,105375,105375,105992,106024,106058,109151,1520,1003,600,8000,617,453,0,600,2007,3127,3093,1407,69.71960827,14.93358036,1,4,3,190,1,1,51,7,4,2.0
3,2,42,109154,110679,110679,111688,111688,112291,112323,121323,121323,121953,121986,122019,125088,1525,1009,603,9000,630,912,0,600,1521,3102,3069,921,85.65665688,15.93704861,0,9,1,210,1,-1,49,10,9,1.0
3,2,43,125091,126612,126612,127616,127616,128222,128253,136753,136753,137356,137388,137422,140523,1521,1004,606,8500,603,333,0,600,2133,3135,3101,1533,101.0921882,15.43553131,1,28,-18,170,-1,-1,49,10,28,1.0
3,2,44,140526,142049,142049,143054,143054,143680,143712,151712,151712,152314,152347,152382,155458,1523,1005,626,8000,602,341,0,600,2103,3111,3076,1503,116.026867,14.93467879,1,14,-9,200,-1,-1,49,5,14,1.0
3,2,45,155460,156983,156983,157989,157989,158592,158625,165125,165125,165725,165758,165791,168914,1523,1006,603,6500,600,837,0,600,1631,3156,3123,1031,129.4826828,13.45581587,1,28,-8,190,-1,-1,49,20,28,1.0
3,2,46,168916,170443,170443,171449,171449,172068,172100,181100,181100,181728,181761,181795,184860,1527,1006,619,9000,628,484,0,600,1936,3099,3065,1336,145.4289923,15.94630944,1,6,1,170,1,1,51,7,6,2.0
3,2,47,184863,186382,186382,187388,187388,187988,188020,196520,196520,197132,197165,197199,200300,1519,1006,600,8500,612,487,0,600,1976,3135,3101,1376,160.8685771,15.43958479,0,6,1,180,1,-1,49,7,6,1.0
3,2,48,200303,201831,201831,202836,202836,203442,203475,210975,210975,211606,211639,211672,214768,1528,1005,606,7500,631,358,0,600,2072,3129,3096,1472,175.3364123,14.46783527,1,7,13,210,1,1,51,20,7,2.0
3,2,49,214771,216296,216296,217304,217304,217910,217942,223942,223942,224567,224601,224634,227725,1525,1008,606,6000,625,256,0,600,2180,3124,3091,1580,188.2934851,12.95707281,1,7,7,200,1,1,51,14,7,2.0
3,2,50,227728,229255,229255,230260,230260,230861,230893,237893,237893,238494,238526,238560,241664,1527,1005,601,7000,601,1235,0,600,1231,3138,3104,631,202.2328515,13.93936631,0,20,-10,200,-1,1,51,10,20,2.0
3,2,51,241667,243191,243191,244194,244194,244826,244859,252359,252359,252979,253012,253046,256120,1524,1003,632,7500,620,78,0,600,2343,3108,3074,1743,216.6895421,14.45669069,1,6,1,190,1,1,51,7,6,2.0
3,2,52,256123,257648,257648,258654,258654,259274,259305,268305,268305,268921,268953,268987,272056,1525,1006,620,9000,616,365,0,600,2068,3103,3069,1468,232.6247625,15.93522031,1,4,1,180,1,1,51,5,4,2.0
3,2,53,272059,273587,273587,274592,274592,275196,275229,281729,281729,282330,282364,282397,285491,1528,1005,604,6500,601,846,0,600,1616,3127,3094,1016,246.0600464,13.4352839,1,28,-14,210,-1,-1,49,14,28,1.0
3,2,54,285494,287014,287014,288020,288020,288646,288679,296679,296679,297298,297331,297364,300441,1520,1006,626,8000,619,438,0,600,1991,3110,3077,1391,261.0096261,14.94957971,1,4,1,170,1,1,51,5,4,2.0
3,2,55,300444,301968,301968,302972,302972,303580,303612,312112,312112,312714,312747,312780,315863,1524,1004,608,8500,602,-1,2501,0,561,3116,3083,-39,276.4316719,15.42204584,-1,56,-28,200,-1,-2,-1,28,56,
3,2,56,315866,317391,317391,318394,318394,318998,319030,326030,326030,326662,326695,326729,329810,1525,1003,604,7000,632,506,0,600,1930,3115,3081,1330,290.3782688,13.94659693,1,19,1,170,1,1,51,20,19,2.0
3,2,57,329813,331339,331339,332344,332344,332969,333001,339001,339001,339628,339661,339694,342763,1526,1005,625,6000,627,141,0,600,2276,3102,3069,1676,303.3317203,12.95345147,0,7,-2,150,-1,1,51,5,7,2.0
3,2,58,342766,344287,344287,345290,345290,345921,345954,352454,352454,353072,353104,353138,356206,1521,1003,631,6500,618,233,0,600,2194,3102,3068,1594,316.7742752,13.4425549,1,4,3,160,1,1,51,7,4,2.0
3,2,59,356209,357733,357733,358737,358737,359368,359400,366400,366400,367032,367065,367099,370159,1524,1004,631,7000,632,517,0,600,1892,3094,3060,1292,330.7275407,13.95326553,1,7,-2,200,-1,-1,49,5,7,1.0
3,2,60,370162,371686,371686,372694,372694,373296,373329,381329,381329,381947,381979,382013,385119,1524,1008,602,8000,618,302,0,600,2146,3140,3106,1546,345.6876488,14.96010802,1,5,9,180,1,1,51,14,5,2.0
3,2,61,385122,386648,386648,387653,387653,388260,388292,396792,396792,397413,397445,397479,400568,1526,1005,607,8500,621,383,0,600,2058,3123,3089,1458,361.136608,15.44895922,1,79,-51,160,-1,-1,49,28,79,1.0
3,2,62,400571,402098,402098,403101,403101,403708,403740,411240,411240,411860,411892,411927,415004,1527,1003,607,7500,620,593,0,600,1850,3112,3077,1250,375.572861,14.43625305,1,79,-51,170,-1,-1,49,28,79,1.0
3,2,63,415007,416536,416536,417543,417543,418150,418182,424182,424182,424782,424815,424848,427968,1529,1007,607,6000,600,1321,0,600,1136,3153,3120,536,388.5364801,12.96361906,1,14,-4,160,-1,-1,49,10,14,1.0
3,2,64,427971,429488,429488,430491,430491,431095,431127,440127,440127,440747,440780,440813,443928,1517,1003,604,9000,620,761,0,600,1695,3148,3115,1095,404.4964275,15.9599474,1,5,2,160,1,1,51,7,5,2.0
3,2,65,443931,445450,445450,446460,446460,447065,447097,454597,454597,455199,455231,455264,458380,1519,1010,605,7500,602,214,0,600,2250,3149,3116,1650,418.9478328,14.45140529,0,20,8,150,1,-1,49,28,20,1.0
3,2,66,458383,459907,459907,460918,460918,461521,461553,470553,470553,471153,471185,471219,474338,1524,1011,603,9000,600,184,0,600,2278,3153,3119,1678,434.9059772,15.95814441,1,10,18,150,1,1,51,28,10,2.0
3,2,67,474341,475860,475860,476864,476864,477469,477502,486002,486002,486626,486658,486691,489787,1519,1004,605,8500,624,97,0,600,2351,3129,3096,1751,450.3549005,15.44892336,1,5,9,190,1,1,51,14,5,2.0
3,2,68,489790,491313,491313,492317,492317,492922,492955,499955,499955,500557,500590,500623,503741,1523,1004,605,7000,602,156,0,600,2310,3151,3118,1710,464.3095848,13.9546843,1,14,6,180,1,1,51,20,14,2.0
3,2,69,503744,505268,505268,506273,506273,506904,506936,513436,513436,514054,514086,514119,517205,1524,1005,631,6500,618,247,0,600,2175,3119,3086,1575,477.7734688,13.46388395,1,4,6,170,1,1,51,10,4,2.0
3,2,70,517207,518736,518736,519736,519736,520355,520388,526388,526388,527004,527037,527070,530156,1529,1000,619,6000,616,317,0,600,2119,3119,3086,1519,490.7244911,12.95102227,1,4,6,170,1,1,51,10,4,2.0
3,2,71,530159,531682,531682,532686,532686,533290,533322,541322,541322,541955,541987,542020,545096,1523,1004,604,8000,633,335,0,600,2101,3109,3076,1501,505.6637401,14.93924908,1,20,-6,200,-1,-1,49,14,20,1.0
3,2,72,545099,546623,546623,547629,547629,548236,548268,555268,555268,555868,555901,555934,559043,1524,1006,607,7000,600,341,0,600,2122,3142,3109,1522,519.6107963,13.94705619,1,28,-8,160,-1,-1,49,20,28,1.0
3,3,73,39497,41023,41023,42028,42028,42657,42690,48690,48690,49306,49339,49373,52434,1526,1005,629,6000,616,130,0,600,2294,3095,3061,1694,12.93844929,12.93844929,1,3,2,160,1,1,51,5,3,2.0
3,3,74,52437,53964,53964,54972,54972,55604,55637,62637,62637,63264,63297,63330,66387,1527,1008,632,7000,627,451,0,600,1955,3090,3057,1355,26.8908837,13.95243441,1,8,-1,200,-1,-1,49,7,8,1.0
3,3,75,66390,67909,67909,68912,68912,69533,69565,78065,78065,78685,78718,78751,81831,1519,1003,621,8500,620,862,0,600,1575,3113,3080,975,42.33543656,15.44455286,1,6,-1,160,-1,-1,49,5,6,1.0
3,3,76,81834,83360,83360,84367,84367,84973,85006,93006,93006,93636,93668,93702,96793,1526,1007,606,8000,630,193,0,600,2238,3125,3091,1638,57.29747172,14.96203516,1,7,3,190,1,1,51,10,7,2.0
3,3,77,96796,98322,98322,99325,99325,99952,99984,107484,107484,108116,108149,108182,111251,1526,1003,627,7500,632,177,0,600,2235,3102,3069,1635,71.75512493,14.45765321,0,8,-1,150,-1,1,51,7,8,2.0
3,3,78,111253,112777,112777,113781,113781,114385,114417,120917,120917,121519,121552,121586,124710,1524,1004,604,6500,602,251,0,600,2215,3158,3124,1615,85.21369455,13.45856962,1,20,-10,180,-1,-1,49,10,20,1.0
3,3,79,124712,126239,126239,127244,127244,127849,127881,136881,136881,137482,137516,137549,140652,1527,1005,605,9000,601,194,0,600,2268,3136,3103,1668,101.1560352,15.94234064,1,40,-12,210,-1,-1,49,28,40,1.0
3,3,80,140655,142177,142177,143182,143182,143808,143841,151841,151841,152474,152506,152540,155600,1522,1005,626,8000,633,380,0,600,2034,3094,3060,1434,116.1041591,14.94812388,1,28,-8,160,-1,-1,49,20,28,1.0
3,3,81,155603,157128,157128,158132,158132,158737,158770,167270,167270,167901,167933,167966,171052,1525,1004,605,8500,631,381,0,600,2054,3119,3086,1454,131.5565422,15.45238318,1,21,-1,200,-1,-1,49,20,21,1.0
3,3,82,171055,172580,172580,173587,173587,174210,174243,180743,180743,181371,181403,181436,184507,1525,1007,623,6500,628,193,0,600,2224,3104,3071,1624,145.010984,13.45444171,0,6,-1,170,-1,1,51,5,6,2.0
3,3,83,184510,186033,186033,187037,187037,187642,187675,196675,196675,197307,197340,197373,200453,1523,1004,605,9000,632,313,0,600,2123,3113,3080,1523,160.9572738,15.94628985,1,20,-10,190,-1,-1,49,10,20,1.0
3,3,84,200456,201980,201980,202982,202982,203588,203620,210620,210620,211242,211274,211307,214396,1524,1002,606,7000,622,96,0,600,2350,3122,3089,1750,174.8996636,13.94238976,1,7,7,150,1,1,51,14,7,2.0
3,3,85,214399,215926,215926,216933,216933,217539,217572,223572,223572,224173,224205,224239,227354,1527,1007,606,6000,601,667,0,600,1792,3149,3115,1192,187.8580876,12.95842407,1,14,6,200,1,1,51,20,14,2.0
3,3,86,227357,228879,228879,229885,229885,230492,230526,238026,238026,238643,238675,238708,241799,1522,1006,607,7500,617,185,0,600,2263,3124,3091,1663,202.3030567,14.44496903,1,79,-51,210,-1,-1,49,28,79,1.0
3,3,87,241802,243320,243320,244325,244325,244943,244975,253975,253975,254595,254627,254660,257745,1518,1005,618,9000,620,509,0,600,1930,3118,3085,1330,218.2489927,15.94593607,1,4,6,180,1,1,51,10,4,2.0
3,3,88,257748,259269,259269,260273,260273,260877,260909,267409,267409,268041,268073,268106,271204,1521,1004,604,6500,632,199,0,600,2240,3131,3098,1640,231.7084028,13.45941009,1,20,-6,160,-1,-1,49,14,20,1.0
3,3,89,271207,272729,272729,273740,273740,274343,274375,280375,280375,280977,281009,281042,284143,1522,1011,603,6000,602,817,0,600,1645,3134,3101,1045,244.64669,12.93828717,1,14,-7,210,-1,-1,49,7,14,1.0
3,3,90,284146,285671,285671,286676,286676,287280,287313,294313,294313,294930,294962,294995,298079,1525,1005,604,7000,617,377,0,600,2072,3117,3084,1472,258.5833722,13.93668217,1,4,6,210,1,1,51,10,4,2.0
3,3,91,298082,299605,299605,300609,300609,301214,301247,309247,309247,309878,309911,309944,313014,1523,1004,605,8000,631,462,0,600,1975,3103,3070,1375,273.5180112,14.93463901,0,10,4,160,1,-1,49,14,10,1.0
3,3,92,313017,314539,314539,315547,315547,316153,316186,324686,324686,325319,325351,325384,328460,1522,1008,606,8500,633,693,0,600,1738,3109,3076,1138,288.9640509,15.44603973,1,10,4,200,1,1,51,14,10,2.0
3,3,93,328463,329988,329988,330997,330997,331623,331655,339155,339155,339755,339787,339820,342909,1525,1009,626,7500,600,60,0,600,2380,3122,3089,1780,303.4133003,14.44924942,1,10,-5,200,-1,-1,49,5,10,1.0
3,3,94,342913,344438,344438,345443,345443,346076,346109,353609,353609,354241,354274,354307,357369,1525,1005,633,7500,632,322,0,600,2083,3095,3062,1483,317.8728291,14.45952882,0,14,-7,210,-1,1,51,7,14,2.0
3,3,95,357372,358895,358895,359901,359901,360506,360538,369538,369538,370139,370172,370206,373318,1523,1006,605,9000,601,204,0,600,2261,3146,3112,1661,333.8222588,15.94942963,1,14,14,190,1,1,51,28,14,2.0
3,3,96,373321,374845,374845,375850,375850,376473,376506,383506,383506,384128,384160,384193,387267,1524,1005,623,7000,622,269,0,600,2157,3107,3074,1557,347.7705098,13.94825105,1,10,10,160,1,1,51,20,10,2.0
3,3,97,387270,388796,388796,389805,389805,390412,390444,398444,398444,399045,399077,399110,402218,1526,1009,607,8000,601,403,0,600,2054,3141,3108,1454,362.722114,14.95160418,1,14,6,150,1,1,51,20,14,2.0
3,3,98,402221,403740,403740,404748,404748,405379,405411,411411,411411,412011,412044,412078,415178,1519,1008,631,6000,600,266,0,600,2176,3134,3100,1576,375.6816552,12.95954117,1,14,-7,180,-1,-1,49,7,14,1.0
3,3,99,415181,416707,416707,417711,417711,418332,418364,424864,424864,425492,425524,425558,428639,1526,1004,621,6500,628,179,0,600,2242,3115,3081,1642,389.1422903,13.46063508,1,5,9,210,1,1,51,14,5,2.0
3,3,100,428642,430172,430172,431175,431175,431796,431828,440328,440328,440960,440993,441026,444097,1530,1003,621,8500,632,225,0,600,2189,3104,3071,1589,404.6000972,15.4578069,1,10,-5,180,-1,-1,49,5,10,1.0
3,3,101,444099,445626,445626,446634,446634,447236,447268,453268,453268,453902,453934,453967,457031,1527,1008,602,6000,634,328,0,600,2101,3097,3064,1501,417.5347178,12.93462063,1,20,8,170,1,1,51,28,20,2.0
3,3,102,457034,458557,458557,459562,459562,460168,460200,468200,468200,468832,468865,468899,471970,1523,1005,606,8000,632,228,0,600,2206,3105,3071,1606,432.4741935,14.9394757,1,10,10,210,1,1,51,20,10,2.0
3,3,103,471973,473499,473499,474503,474503,475108,475141,481641,481641,482272,482304,482338,485411,1526,1004,605,6500,631,108,0,600,2326,3107,3073,1726,445.914604,13.44041049,1,20,-10,210,-1,-1,49,10,20,1.0
3,3,104,485414,486936,486936,487942,487942,488570,488603,495604,495604,496219,496252,496285,499352,1522,1006,628,7001,615,1300,0,600,1128,3100,3067,528,459.8550907,13.94048673,1,2,3,170,1,1,51,5,2,2.0
3,3,105,499355,500878,500878,501886,501886,502486,502519,511519,511519,512120,512152,512184,515294,1523,1008,600,9000,601,562,0,600,1906,3142,3110,1306,475.797227,15.94213633,0,8,-1,160,-1,1,51,7,8,2.0
3,3,106,515297,516823,516823,517831,517831,518437,518469,525969,525969,526597,526631,526664,529740,1526,1008,606,7500,628,208,0,600,2224,3109,3076,1624,490.2437616,14.44653455,1,7,7,180,1,1,51,14,7,2.0
3,3,107,529743,531267,531267,532271,532271,532878,532912,541412,541412,542014,542047,542081,545202,1524,1004,607,8500,602,572,0,600,1891,3155,3121,1291,505.7051121,15.46135049,1,10,18,190,1,1,51,28,10,2.0
3,3,108,545204,546729,546729,547736,547736,548343,548377,557377,557377,558010,558043,558076,561167,1525,1007,607,9000,633,192,0,600,2236,3124,3091,1636,521.669967,15.9648549,1,29,-1,180,-1,-1,49,28,29,1.0
3,4,109,51512,53033,53033,54041,54041,54669,54701,62201,62201,62826,62859,62894,65945,1521,1008,628,7500,625,771,0,600,1647,3086,3051,1047,14.43511002,14.43511002,1,6,-1,200,-1,-1,49,5,6,1.0
3,4,110,65948,67465,67465,68469,68469,69073,69105,75105,75105,75739,75771,75805,78881,1517,1004,604,6000,634,405,0,600,2036,3110,3076,1436,27.37060336,12.93549334,1,40,-26,190,-1,-1,49,14,40,1.0
3,4,111,78884,80409,80409,81411,81411,82017,82050,90050,90050,90665,90698,90731,93837,1525,1002,606,8000,615,205,0,600,2247,3139,3106,1647,42.32671275,14.95610939,1,10,18,190,1,1,51,28,10,2.0
3,4,112,93839,95365,95365,96369,96369,96992,97024,104024,104024,104650,104683,104716,107780,1526,1004,623,7000,626,358,0,600,2063,3097,3064,1463,56.27019822,13.94348548,1,5,5,190,1,1,51,10,5,2.0
3,4,113,107783,109310,109310,110311,110311,110932,110964,119464,119464,120079,120111,120144,123212,1527,1001,621,8500,615,720,0,600,1716,3101,3068,1116,71.70197319,15.43177497,1,2,3,200,1,1,51,5,2,2.0
3,4,114,123215,124738,124738,125745,125745,126351,126383,135383,135383,136014,136047,136080,139148,1523,1007,606,9000,631,295,0,600,2138,3101,3068,1538,87.63742584,15.93545266,1,10,4,200,1,1,51,14,10,2.0
3,4,115,139151,140672,140672,141679,141679,142310,142343,148843,148843,149443,149475,149509,152589,1521,1007,631,6500,600,736,0,600,1705,3114,3080,1105,101.0788528,13.44142695,1,10,-3,210,-1,-1,49,7,10,1.0
3,4,116,152592,154113,154113,155122,155122,155727,155760,162260,162260,162892,162925,162958,166036,1521,1009,605,6500,632,408,0,600,2025,3111,3078,1425,114.5252228,13.44637001,1,28,-14,150,-1,-1,49,14,28,1.0
3,4,117,166039,167561,167561,168566,168566,169170,169202,178202,178202,178833,178865,178898,181992,1522,1005,604,9000,631,746,0,600,1692,3127,3094,1092,130.4815449,15.95632214,0,28,-8,150,-1,1,51,20,28,2.0
3,4,118,181994,183514,183514,184520,184520,185137,185169,193169,193169,193797,193829,193863,196947,1520,1006,617,8000,628,316,0,600,2113,3118,3084,1513,145.4358755,14.95433051,0,6,-1,150,-1,1,51,5,6,2.0
3,4,119,196948,198465,198465,199471,199471,200077,200110,207610,207610,208229,208262,208295,211400,1517,1006,606,7500,619,179,0,600,2273,3138,3105,1673,159.8899106,14.45403518,1,4,6,170,1,1,51,10,4,2.0
3,4,120,211403,212920,212920,213929,213929,214533,214566,220566,220566,221182,221215,221248,224354,1517,1009,604,6000,616,176,0,600,2278,3139,3106,1678,172.8438479,12.95393725,1,56,-28,170,-1,-1,49,28,56,1.0
3,4,121,224357,225877,225877,226880,226880,227482,227515,236015,236015,236647,236680,236714,239799,1520,1003,602,8500,632,512,0,600,1931,3119,3085,1331,188.2887163,15.44486838,0,20,-10,170,-1,1,51,10,20,2.0
3,4,122,239801,241325,241325,242327,242327,242928,242960,249960,249960,250594,250627,250660,253751,1524,1002,601,7000,634,95,0,600,2344,3124,3091,1744,202.24083,13.95211377,1,28,-18,200,-1,-1,49,10,28,1.0
3,4,123,253754,255277,255277,256281,256281,256906,256940,263940,263940,264557,264589,264622,267708,1523,1004,625,7000,617,258,0,600,2173,3119,3086,1573,216.1978805,13.95705051,1,4,1,150,1,1,51,5,4,2.0
3,4,124,267711,269234,269234,270240,270240,270862,270894,278894,278894,279527,279559,279593,282667,1523,1006,622,8000,633,141,0,600,2275,3108,3074,1675,231.156012,14.95813145,1,15,-1,190,-1,-1,49,14,15,1.0
3,4,125,282670,284192,284192,285197,285197,285823,285856,294356,294356,294958,294991,295024,298106,1522,1005,626,8500,602,246,0,600,2199,3115,3082,1599,246.5951734,15.43916139,1,40,-26,190,-1,-1,49,14,40,1.0
3,4,126,298109,299635,299635,300637,300637,301243,301275,307275,307275,307904,307936,307970,311020,1526,1002,606,6000,629,-1,2501,0,536,3084,3050,-64,259.5090185,12.91384516,-1,7,13,180,1,-2,-1,20,7,
3,4,127,311023,312547,312547,313578,313578,314184,314217,323217,323217,323817,323850,323883,326987,1524,1031,606,9000,600,590,0,600,1849,3137,3104,1249,275.4761803,15.96716175,1,40,-12,150,-1,-1,49,28,40,1.0
3,4,128,326990,328509,328509,329510,329510,330127,330159,336659,336659,337273,337306,337340,340444,1519,1001,617,6500,614,337,0,600,2112,3138,3104,1512,288.9335816,13.45740128,1,4,3,210,1,1,51,7,4,2.0
3,4,129,340447,341970,341970,342977,342977,343584,343617,351117,351117,351738,351770,351803,354879,1523,1007,607,7500,621,368,0,600,2074,3109,3076,1474,303.3680407,14.4344591,1,7,13,170,1,1,51,20,7,2.0
3,4,130,354882,356408,356408,357413,357413,358043,358076,367076,367076,367680,367712,367746,370838,1526,1005,630,9000,604,331,0,600,2104,3126,3092,1504,319.328008,15.95996729,1,40,-20,210,-1,-1,49,20,40,1.0
3,4,131,370841,372362,372362,373367,373367,373973,374006,380006,380006,380637,380669,380702,383792,1521,1005,606,6000,631,541,0,600,1896,3123,3090,1296,332.2812877,12.9532797,0,29,-1,170,-1,1,51,28,29,2.0
3,4,132,383794,385322,385322,386328,386328,386931,386963,394463,394463,395093,395126,395159,398240,1528,1006,603,7500,630,826,0,600,1607,3114,3081,1007,346.7296167,14.4483291,1,57,-37,200,-1,-1,49,20,57,1.0
3,4,133,398243,399767,399767,400771,400771,401397,401429,407929,407929,408546,408578,408611,411699,1524,1004,626,6500,617,544,0,600,1885,3121,3088,1285,360.1879176,13.45830081,1,2,3,210,1,1,51,5,2,2.0
3,4,134,411702,413225,413225,414229,414229,414851,414883,423383,423383,424000,424033,424066,427158,1523,1004,622,8500,617,701,0,600,1733,3125,3092,1133,375.647598,15.4596804,1,2,5,180,1,1,51,7,2,2.0
3,4,135,427161,428685,428685,429691,429691,430298,430331,438331,438331,438963,438995,439028,442098,1524,1006,607,8000,632,523,0,600,1908,3103,3070,1308,390.5868299,14.9392319,1,10,18,170,1,1,51,28,10,2.0
3,4,136,442101,443623,443623,444629,444629,445259,445291,452291,452291,452892,452925,452958,456050,1522,1006,630,7000,601,451,0,600,1990,3125,3092,1390,404.5393972,13.9525673,1,14,-7,150,-1,-1,49,7,14,1.0
3,4,137,456053,457572,457572,458574,458574,459202,459234,466234,466234,466862,466894,466927,469987,1519,1002,628,7000,628,452,0,600,1971,3093,3060,1371,418.4758208,13.93642361,0,8,-1,180,-1,1,51,7,8,2.0
3,4,138,469990,471508,471508,472512,472512,473115,473147,479647,479647,480248,480280,480314,483452,1518,1004,603,6500,601,337,0,600,2137,3172,3138,1537,431.941235,13.46541421,1,20,-10,160,-1,-1,49,10,20,1.0
3,4,139,483455,484979,484979,485986,485986,486593,486626,495626,495626,496227,496259,496293,499398,1524,1007,607,9000,601,333,0,600,2128,3139,3105,1528,447.8869842,15.94574923,1,28,-8,190,-1,-1,49,20,28,1.0
3,4,140,499400,500919,500919,501924,501924,502530,502562,510562,510562,511183,511216,511250,514344,1519,1005,606,8000,621,421,0,600,2028,3128,3094,1428,462.8330682,14.94608403,1,79,-51,160,-1,-1,49,28,79,1.0
3,4,141,514347,515871,515871,516874,516874,517477,517510,525010,525010,525631,525663,525697,528795,1524,1003,603,7500,621,1009,0,600,1440,3132,3098,840,477.2838546,14.45078632,1,5,9,210,1,1,51,14,5,2.0
3,4,142,528797,530323,530323,531330,531330,531949,531982,540482,540482,541099,541131,541164,544239,1526,1007,619,8500,617,207,0,600,2224,3108,3075,1624,492.7276751,15.44382058,1,5,5,150,1,1,51,10,5,2.0
3,4,143,544242,545760,545760,546768,546768,547390,547423,553423,553423,554036,554069,554103,557177,1518,1008,622,6000,613,756,0,600,1683,3108,3074,1083,505.6661886,12.93851348,1,4,3,160,1,1,51,7,4,2.0
3,4,144,557180,558701,558701,559707,559707,560326,560359,569359,569359,569991,570023,570056,573121,1521,1006,619,9000,632,391,0,600,2031,3098,3065,1431,521.6096524,15.94346378,1,10,-5,190,-1,-1,49,5,10,1.0
3,5,145,40219,41740,41740,42746,42746,43355,43388,50388,50388,50989,51022,51057,54157,1521,1006,609,7000,601,422,0,600,2041,3135,3100,1441,13.93909178,13.93909178,1,40,-26,210,-1,-1,49,14,40,1.0
3,5,146,54160,55682,55682,56687,56687,57291,57325,66325,66325,66953,66985,67018,70100,1522,1005,604,9000,628,340,0,600,2101,3115,3082,1501,29.8824311,15.94333932,1,7,13,160,1,1,51,20,7,2.0
3,5,147,70103,71626,71626,72629,72629,73235,73267,79267,79267,79868,79902,79936,83052,1523,1003,606,6000,601,186,0,600,2281,3150,3116,1681,42.83421278,12.95178168,1,40,-20,150,-1,-1,49,20,40,1.0
3,5,148,83055,84580,84580,85583,85583,86184,86216,94716,94716,95330,95363,95397,98509,1525,1003,601,8500,614,340,0,600,2117,3146,3112,1517,58.29113461,15.45692183,1,9,1,150,1,1,51,10,9,2.0
3,5,149,98512,100038,100038,101044,101044,101650,101682,109682,109682,110304,110336,110369,113474,1526,1006,606,8000,622,558,0,600,1882,3138,3105,1282,73.25551759,14.96438299,1,5,5,200,1,1,51,10,5,2.0
3,5,150,113477,115003,115003,116008,116008,116615,116647,124147,124147,124747,124779,124812,127907,1526,1005,607,7500,600,456,0,600,2006,3128,3095,1406,87.68853563,14.43301804,1,10,10,150,1,1,51,20,10,2.0
3,5,151,127910,129434,129434,130440,130440,131047,131079,137579,137579,138194,138226,138260,141368,1524,1006,607,6500,615,238,0,600,2210,3142,3108,1610,101.1495435,13.46100785,1,79,-51,160,-1,-1,49,28,79,1.0
3,5,152,141371,142893,142893,143897,143897,144520,144553,152553,152553,153166,153199,153232,156334,1522,1004,623,8000,613,850,0,600,1588,3135,3102,988,116.1153669,14.96582345,0,7,-2,200,-1,1,51,5,7,2.0
3,5,153,156337,157857,157857,158864,158864,159470,159504,168004,168004,168604,168637,168670,171788,1520,1007,606,8500,600,410,0,600,2057,3151,3118,1457,131.5695682,15.45420123,1,10,18,210,1,1,51,28,10,2.0
3,5,154,171791,173317,173317,174321,174321,174943,174976,182476,182476,183097,183129,183163,186244,1526,1004,622,7500,621,828,0,600,1599,3115,3081,999,146.0256757,14.45610758,0,4,1,170,1,-1,49,5,4,1.0
3,5,155,186247,187768,187768,188774,188774,189396,189429,195429,195429,196062,196094,196128,199186,1521,1006,622,6000,633,382,0,600,2036,3092,3058,1436,158.9680592,12.94238344,0,19,1,150,1,-1,49,20,19,1.0
3,5,156,199189,200715,200715,201720,201720,202348,202382,208882,208882,209508,209540,209573,212652,1526,1005,628,6500,626,340,0,600,2075,3112,3079,1475,172.4334011,13.46534189,1,6,1,210,1,1,51,7,6,2.0
3,5,157,212655,214177,214177,215178,215178,215783,215815,224815,224815,225442,225474,225507,228607,1522,1001,605,9000,627,822,0,600,1623,3133,3100,1023,188.3887993,15.9553982,1,9,1,190,1,1,51,10,9,2.0
3,5,158,228610,230134,230134,231143,231143,231771,231804,238804,238804,239436,239469,239503,242556,1524,1009,628,7000,632,124,0,600,2283,3087,3053,1683,202.3381132,13.94931391,1,10,-5,210,-1,-1,49,5,10,1.0
3,5,159,242559,244085,244085,245092,245092,245698,245730,253730,253730,254335,254368,254401,257516,1526,1007,606,8000,605,339,0,600,2117,3148,3115,1517,217.2977695,14.95965629,1,40,-12,150,-1,-1,49,28,40,1.0
3,5,160,257519,259043,259043,260050,260050,260654,260689,269689,269689,270291,270324,270357,273461,1524,1007,604,9000,602,817,0,600,1646,3137,3104,1046,233.2428515,15.94508204,1,20,8,210,1,1,51,28,20,2.0
3,5,161,273464,274986,274986,275990,275990,276608,276641,284141,284141,284772,284806,284839,287899,1522,1004,618,7500,631,485,0,600,1940,3093,3060,1340,247.6807116,14.43786015,1,20,-13,170,-1,-1,49,7,20,1.0
3,5,162,287902,289425,289425,290433,290433,291061,291094,298094,298094,298717,298749,298782,301833,1523,1008,628,7000,623,256,0,600,2162,3084,3051,1562,261.6148585,13.9341469,1,6,1,200,1,1,51,7,6,2.0
3,5,163,301836,303355,303355,304359,304359,304964,304997,311497,311497,312110,312142,312175,315274,1519,1004,605,6500,613,207,0,600,2252,3132,3099,1652,275.055524,13.44066543,1,4,6,150,1,1,51,10,4,2.0
3,5,164,315275,316797,316797,317804,317804,318410,318443,324443,324443,325063,325095,325129,328207,1522,1007,606,6000,620,918,0,600,1527,3112,3078,927,287.9883479,12.93282397,1,79,-51,150,-1,-1,49,28,79,1.0
3,5,165,328209,329732,329732,330738,330738,331342,331375,339875,339875,340506,340539,340572,343660,1523,1006,604,8500,631,156,0,600,2280,3121,3088,1680,303.4410771,15.45272913,1,40,-20,180,-1,-1,49,20,40,1.0
3,5,166,343663,345188,345188,346192,346192,346798,346831,352831,352831,353456,353488,353522,356620,1525,1004,606,6000,625,2273,0,600,167,3132,3098,-433,316.4011896,12.96011254,1,7,13,160,1,1,51,20,7,2.0
3,5,167,356623,358144,358144,359152,359152,359778,359810,366810,366810,367425,367458,367492,370576,1521,1008,626,7000,615,764,0,600,1666,3118,3084,1066,330.3570329,13.95584329,1,4,1,210,1,1,51,5,4,2.0
3,5,168,370579,372104,372104,373110,373110,373731,373764,382264,382264,382882,382914,382947,386034,1525,1006,621,8500,618,284,0,600,2146,3120,3087,1546,345.8153367,15.45830383,1,2,3,170,1,1,51,5,2,2.0
3,5,169,386037,387561,387561,388566,388566,389169,389203,398203,398203,398827,398860,398893,402001,1524,1005,603,9000,624,532,0,600,1912,3141,3108,1312,361.7827408,15.96740403,1,5,5,190,1,1,51,10,5,2.0
3,5,170,402004,403527,403527,404534,404534,405155,405187,412687,412687,413287,413319,413353,416466,1523,1007,621,7500,600,337,0,600,2112,3147,3113,1512,376.2469414,14.46420067,1,10,-5,150,-1,-1,49,5,10,1.0
3,5,171,416469,417997,417997,419004,419004,419636,419668,427668,427668,428289,428321,428355,431411,1528,1007,632,8000,621,612,0,600,1800,3090,3056,1200,391.1922887,14.94534723,1,5,2,160,1,1,51,7,5,2.0
3,5,172,431413,432937,432937,433942,433942,434567,434599,441099,441099,441702,441734,441767,444848,1524,1005,625,6500,603,830,0,600,1613,3114,3081,1013,404.6294111,13.43712244,1,13,1,170,1,1,51,14,13,2.0
3,5,173,444851,446371,446371,447375,447375,448006,448038,456038,456038,456671,456704,456738,459806,1520,1004,631,8000,633,463,0,600,1949,3102,3068,1349,419.5878014,14.95839031,1,14,-7,180,-1,-1,49,7,14,1.0
3,5,174,459809,461331,461331,462334,462334,462941,462974,469974,469974,470577,470610,470644,473754,1522,1003,607,7000,603,821,0,600,1644,3144,3110,1044,433.5348639,13.94706252,1,40,-12,150,-1,-1,49,28,40,1.0
3,5,175,473756,475279,475279,476284,476284,476889,476921,482921,482921,483521,483554,483587,486702,1523,1005,605,6000,600,151,0,600,2316,3148,3115,1716,446.4835342,12.94867023,1,20,-10,200,-1,-1,49,10,20,1.0
3,5,176,486705,488228,488228,489233,489233,489851,489884,496384,496384,497007,497041,497075,500144,1523,1005,618,6500,623,430,0,600,2001,3103,3069,1401,459.9257061,13.44217189,1,5,9,210,1,1,51,14,5,2.0
3,5,177,500147,501673,501673,502685,502685,503300,503332,510832,510832,511433,511465,511498,514604,1526,1012,615,7500,601,397,0,600,2049,3139,3106,1449,474.3847407,14.4590346,1,40,-26,200,-1,-1,49,14,40,1.0
3,5,178,514607,516126,516126,517131,517131,517738,517770,526770,526770,527394,527426,527459,530551,1519,1005,607,9000,624,321,0,600,2124,3125,3092,1524,490.3321931,15.94745247,1,7,7,190,1,1,51,14,7,2.0
3,5,179,530554,532078,532078,533083,533083,533687,533720,542220,542220,542853,542885,542919,546013,1524,1005,604,8500,633,875,0,600,1559,3128,3094,959,505.793895,15.46170186,0,20,-6,150,-1,1,51,14,20,2.0
3,5,180,546016,547536,547536,548541,548541,549167,549201,556701,556701,557314,557346,557379,560466,1520,1005,626,7500,613,449,0,600,1987,3120,3087,1387,520.2467025,14.45280748,1,4,3,210,1,1,51,7,4,2.0
3,6,181,39279,40802,40802,41807,41807,42416,42448,50448,50448,51049,51081,51115,54233,1523,1005,609,8000,601,184,0,600,2278,3152,3118,1678,14.95553802,14.95553802,1,56,-28,190,-1,-1,49,28,56,1.0
3,6,182,54236,55763,55763,56768,56768,57376,57408,66408,66408,67025,67057,67091,70186,1527,1005,608,9000,617,228,0,600,2215,3129,3095,1615,30.90835123,15.9528132,1,13,1,180,1,1,51,14,13,2.0
3,6,183,70189,71711,71711,72717,72717,73343,73375,80875,80875,81475,81508,81541,84625,1522,1006,626,7500,600,317,0,600,2129,3117,3084,1529,45.34702262,14.43867139,1,20,-13,150,-1,-1,49,7,20,1.0
3,6,184,84627,86145,86145,87148,87148,87776,87808,93808,93808,94424,94456,94490,97578,1518,1003,628,6000,616,479,0,600,1956,3122,3088,1356,58.30080407,12.95378145,1,4,1,170,1,1,51,5,4,2.0
3,6,185,97581,99107,99107,100113,100113,100718,100751,107751,107751,108352,108384,108417,111535,1526,1006,605,7000,601,188,0,600,2274,3151,3118,1674,72.25827134,13.95746727,1,20,-10,190,-1,-1,49,10,20,1.0
3,6,186,111538,113062,113062,114069,114069,114674,114706,121206,121206,121824,121856,121890,124999,1524,1007,605,6500,618,496,0,600,1950,3143,3109,1350,85.72144651,13.46317517,1,57,-37,210,-1,-1,49,20,57,1.0
3,6,187,125002,126519,126519,127528,127528,128133,128164,136664,136664,137265,137297,137330,140448,1517,1009,605,8500,601,602,0,600,1866,3151,3118,1266,101.171119,15.44967252,1,20,-10,210,-1,-1,49,10,20,1.0
3,6,188,140451,141975,141975,142983,142983,143606,143638,151638,151638,152256,152289,152322,155407,1524,1008,623,8000,618,310,0,600,2117,3118,3085,1517,116.129409,14.95828996,1,14,-7,200,-1,-1,49,7,14,1.0
3,6,189,155410,156935,156935,157940,157940,158546,158578,166078,166078,166678,166710,166744,169848,1525,1005,606,7500,600,623,0,600,1841,3138,3104,1241,130.5707968,14.44138777,1,13,1,150,1,1,51,14,13,2.0
3,6,190,169851,171375,171375,172381,172381,172985,173018,181518,181518,182133,182165,182198,185290,1524,1006,604,8500,615,225,0,600,2226,3125,3092,1626,146.0127273,15.4419305,1,10,10,210,1,1,51,20,10,2.0
3,6,191,185293,186815,186815,187820,187820,188426,188458,197458,197458,198060,198094,198127,201237,1522,1005,606,9000,602,172,0,600,2293,3143,3110,1693,161.959452,15.9467247,1,28,-8,190,-1,-1,49,20,28,1.0
3,6,192,201240,202764,202764,203768,203768,204391,204423,210923,210923,211523,211557,211590,214702,1524,1004,623,6500,600,441,0,600,2008,3145,3112,1408,175.4241366,13.46468464,1,14,-9,180,-1,-1,49,5,14,1.0
3,6,193,214705,216230,216230,217238,217238,217841,217874,223874,223874,224474,224507,224540,227645,1525,1008,603,6000,600,562,0,600,1902,3138,3105,1302,188.3674814,12.94334475,1,27,1,170,1,1,51,28,27,2.0
3,6,194,227648,229173,229173,230177,230177,230805,230837,237837,237837,238468,238501,238534,241603,1525,1004,628,7000,631,523,0,600,1889,3102,3069,1289,202.3251023,13.95762096,1,14,-9,150,-1,-1,49,5,14,1.0
3,6,195,241605,243129,243129,244136,244136,244744,244776,251776,251776,252405,252437,252469,255558,1524,1007,608,7000,629,284,0,600,2148,3121,3089,1548,216.2803541,13.95525174,1,28,-14,200,-1,-1,49,14,28,1.0
3,6,196,255561,257086,257086,258089,258089,258714,258748,265248,265248,265863,265895,265929,268997,1525,1003,625,6500,615,105,0,600,2327,3102,3068,1727,229.7187365,13.43838239,1,2,5,150,1,1,51,7,2,2.0
3,6,197,268999,270516,270516,271519,271519,272137,272169,280169,280169,280771,280804,280838,283947,1517,1003,618,8000,602,373,0,600,2087,3143,3109,1487,244.6696891,14.95095266,1,20,-10,200,-1,-1,49,10,20,1.0
3,6,198,283949,285473,285473,286477,286477,287107,287140,294640,294640,295268,295301,295334,298401,1524,1004,630,7500,628,429,0,600,1985,3100,3067,1385,259.1234588,14.45376969,1,7,7,170,1,1,51,14,7,2.0
3,6,199,298404,299928,299928,300935,300935,301566,301599,310099,310099,310715,310748,310782,313842,1524,1007,631,8500,616,384,0,600,2038,3094,3060,1438,274.5644105,15.44095172,1,4,3,180,1,1,51,7,4,2.0
3,6,200,313845,315367,315367,316373,316373,316978,317010,326010,326010,326611,326644,326677,329787,1522,1006,605,9000,601,563,0,600,1903,3143,3110,1303,290.5093084,15.94489791,1,19,1,180,1,1,51,20,19,2.0
3,6,201,329790,331315,331315,332317,332317,332922,332954,338954,338954,339571,339603,339637,342745,1525,1002,605,6000,617,660,0,600,1791,3142,3108,1191,303.46758,12.95827158,1,5,5,180,1,1,51,10,5,2.0
3,6,202,342748,344274,344274,345283,345283,345892,345925,352425,352425,353025,353057,353091,356207,1526,1009,609,6500,600,443,0,600,2013,3150,3116,1413,316.9298478,13.4622678,1,20,8,210,1,1,51,28,20,2.0
3,6,203,356210,357734,357734,358739,358739,359342,359375,367375,367375,367996,368028,368062,371162,1524,1005,603,8000,621,459,0,600,1988,3134,3100,1388,331.8845635,14.95471564,1,5,9,210,1,1,51,14,5,2.0
3,6,204,371165,372687,372687,373693,373693,374297,374331,381831,381831,382445,382478,382511,385610,1522,1006,604,7500,614,331,0,600,2123,3132,3099,1523,346.3322127,14.44764925,1,4,6,180,1,1,51,10,4,2.0
3,6,205,385613,387133,387133,388136,388136,388758,388791,397791,397791,398411,398443,398476,401567,1520,1003,622,9000,620,737,0,600,1698,3124,3091,1098,362.2891629,15.95695016,1,4,1,200,1,1,51,5,4,2.0
3,6,206,401570,403095,403095,404103,404103,404730,404763,411763,411763,412365,412399,412433,415515,1525,1008,627,7000,602,829,0,600,1609,3116,3082,1009,376.2372913,13.9481284,1,20,-13,160,-1,-1,49,7,20,1.0
3,6,207,415517,417038,417038,418042,418042,418661,418693,424693,424693,425295,425327,425361,428453,1521,1004,619,6000,602,1034,0,600,1420,3126,3092,820,389.175099,12.93780772,1,20,-6,170,-1,-1,49,14,20,1.0
3,6,208,428456,429979,429979,430982,430982,431588,431620,440120,440120,440722,440755,440789,443900,1523,1003,606,8500,602,693,0,600,1773,3145,3111,1173,404.6226834,15.44758446,1,20,-10,190,-1,-1,49,10,20,1.0
3,6,209,443903,445428,445428,446435,446435,447059,447091,453591,453591,454221,454255,454288,457336,1525,1007,624,6500,630,990,0,600,1424,3081,3048,824,418.0583139,13.43563045,1,7,-2,190,-1,-1,49,5,7,1.0
3,6,210,457339,458860,458860,459863,459863,460486,460518,469018,469018,469635,469667,469701,472788,1521,1003,623,8500,617,546,0,600,1890,3121,3087,1290,433.510468,15.45215415,1,4,1,200,1,1,51,5,4,2.0
3,6,211,472791,474315,474315,475318,475318,475921,475954,481954,481954,482556,482588,482622,485749,1524,1003,603,6000,602,781,0,600,1687,3161,3127,1087,446.4708165,12.96034849,1,40,-12,180,-1,-1,49,28,40,1.0
3,6,212,485752,487274,487274,488277,488277,488883,488916,496416,496416,497019,497052,497086,500200,1522,1003,606,7500,603,700,0,600,1766,3148,3114,1166,460.9222065,14.45138992,0,14,6,200,1,-1,49,20,14,1.0
3,6,213,500203,501725,501725,502728,502728,503332,503365,511365,511365,511965,511997,512030,515140,1522,1003,604,8000,600,567,0,600,1904,3143,3110,1304,475.8616463,14.93943984,1,10,10,150,1,1,51,20,10,2.0
3,6,214,515143,516664,516664,517671,517671,518278,518311,527311,527311,527927,527960,527993,531098,1521,1007,607,9000,616,559,0,600,1890,3138,3105,1290,491.8197133,15.95806696,1,56,-28,200,-1,-1,49,28,56,1.0
3,6,215,531101,532623,532623,533625,533625,534229,534261,541261,541261,541877,541910,541943,545058,1522,1002,604,7000,616,508,0,600,1948,3148,3115,1348,505.780427,13.96071373,1,56,-28,210,-1,-1,49,28,56,1.0
3,6,216,545061,546586,546586,547593,547593,548221,548254,555754,555754,556355,556387,556421,559509,1525,1007,628,7500,601,379,0,600,2060,3122,3088,1460,520.2306245,14.45019748,1,14,-7,180,-1,-1,49,7,14,1.0
4,1,1,71715,73239,73239,74266,74266,74888,74920,81420,81420,82025,82057,82095,85170,1524,1027,622,6500,605,584,0,600,1838,3113,3075,1238,13.49163419,13.49163419,1,14,-4,200,-1,-1,49,10,14,1.0
4,1,2,85230,86755,86755,87766,87766,88383,88416,96916,96916,97535,97567,97601,100669,1525,1011,617,8500,619,814,0,600,1614,3102,3068,1014,28.93201876,15.44038457,1,5,2,200,1,1,51,7,5,2.0
4,1,3,100672,102199,102199,103200,103200,103804,103836,111836,111836,112459,112492,112525,115631,1527,1001,604,8000,623,625,0,600,1820,3139,3106,1220,43.89470936,14.9626906,0,5,9,170,1,-1,49,14,5,1.0
4,1,4,115634,117157,117157,118161,118161,118766,118800,125800,125800,126402,126435,126468,129597,1523,1004,605,7000,602,558,0,600,1908,3162,3129,1308,57.86018986,13.96548051,0,20,8,200,1,-1,49,28,20,1.0
4,1,5,129600,131119,131119,132123,132123,132725,132758,141758,141758,142389,142422,142455,145534,1519,1004,602,9000,631,757,0,600,1687,3112,3079,1087,73.79761245,15.93742259,1,7,7,150,1,1,51,14,7,2.0
4,1,6,145538,147057,147057,148064,148064,148670,148703,154703,154703,155305,155337,155370,158492,1519,1007,606,6000,602,350,0,600,2116,3155,3122,1516,86.75502488,12.95741243,1,28,-18,160,-1,-1,49,10,28,1.0
4,1,7,158495,160019,160019,161019,161019,161624,161656,169156,169156,169773,169805,169839,172937,1524,1000,605,7500,617,457,0,600,1997,3132,3098,1397,101.1999858,14.44496089,1,56,-28,180,-1,-1,49,28,56,1.0
4,1,8,172940,174460,174460,175463,175463,176067,176101,183101,183101,183701,183733,183766,186895,1520,1003,604,7000,600,1298,0,600,1175,3162,3129,575,115.158057,13.95807118,0,13,1,200,1,-1,49,14,13,1.0
4,1,9,186898,188420,188420,189425,189425,190049,190081,198581,198581,199202,199234,199268,202346,1522,1005,624,8500,621,596,0,600,1832,3112,3078,1232,130.6091163,15.45105934,1,4,1,190,1,1,51,5,4,2.0
4,1,10,202349,203870,203870,204872,204872,205476,205508,211508,211508,212109,212142,212176,215289,1521,1002,604,6000,601,439,0,600,2033,3147,3113,1433,143.5518165,12.94270016,1,20,-10,150,-1,-1,49,10,20,1.0
4,1,11,215292,216815,216815,217820,217820,218425,218458,227458,227458,228058,228090,228124,231237,1523,1005,605,9000,600,411,0,600,2056,3147,3113,1456,159.4997137,15.94789726,1,20,-13,150,-1,-1,49,7,20,1.0
4,1,12,231240,232762,232762,233767,233767,234391,234423,242423,242423,243032,243064,243098,246182,1522,1005,624,8000,609,342,0,600,2098,3118,3084,1498,174.444935,14.94522126,1,40,-26,170,-1,-1,49,14,40,1.0
4,1,13,246185,247707,247707,248710,248710,249335,249367,256867,256867,257487,257519,257552,260629,1522,1003,625,7500,620,799,0,600,1631,3110,3077,1031,188.8916892,14.44675424,1,4,1,180,1,1,51,5,4,2.0
4,1,14,260632,262154,262154,263157,263157,263773,263805,270305,270305,270937,270969,271002,274082,1522,1003,616,6500,632,375,0,600,2052,3113,3080,1452,202.3451618,13.45347256,1,10,-3,180,-1,-1,49,7,10,1.0
4,1,15,274085,275595,275595,276597,276597,277200,277234,285734,285734,286350,286383,286416,289522,1510,1002,603,8500,616,433,0,600,2036,3139,3106,1436,217.7846643,15.43950252,1,2,5,210,1,1,51,7,2,2.0
4,1,16,289525,291052,291052,292056,292056,292686,292719,299219,299219,299820,299852,299886,302986,1527,1004,630,6500,601,365,0,600,2073,3134,3100,1473,231.249088,13.46442367,1,14,-9,150,-1,-1,49,5,14,1.0
4,1,17,302989,304512,304512,305517,305517,306124,306157,312157,312157,312774,312807,312841,315923,1523,1005,607,6000,617,348,0,600,2100,3116,3082,1500,244.185498,12.93641005,1,57,-37,210,-1,-1,49,20,57,1.0
4,1,18,315926,317451,317451,318454,318454,319063,319095,327095,327095,327711,327744,327778,330867,1525,1003,609,8000,616,282,0,600,2165,3123,3089,1565,259.1299737,14.94447572,1,57,-37,180,-1,-1,49,20,57,1.0
4,1,19,330870,332391,332391,333399,333399,334005,334037,341537,341537,342151,342184,342217,345320,1521,1008,606,7500,614,267,0,600,2184,3136,3103,1584,273.5825953,14.45262155,1,40,-20,150,-1,-1,49,20,40,1.0
4,1,20,345323,346849,346849,347850,347850,348455,348488,357488,357488,358118,358150,358185,361265,1526,1001,605,9000,630,311,0,600,2127,3115,3080,1527,289.5275782,15.94498289,1,10,-3,150,-1,-1,49,7,10,1.0
4,1,21,361268,362792,362792,363795,363795,364400,364434,371434,371434,372037,372069,372103,375202,1524,1003,605,7000,603,394,0,600,2071,3133,3099,1471,303.46443,13.93685183,1,10,-3,180,-1,-1,49,7,10,1.0
4,1,22,375205,376724,376724,377727,377727,378328,378360,387360,387360,387969,388002,388035,391153,1519,1003,601,9000,609,289,0,600,2179,3151,3118,1579,319.4163012,15.95187118,1,79,-51,200,-1,-1,49,28,79,1.0
4,1,23,391156,392682,392682,393687,393687,394291,394324,400324,400324,400956,400990,401024,404100,1526,1005,604,6000,632,273,0,600,2160,3110,3076,1560,332.362208,12.94590684,1,28,-18,150,-1,-1,49,10,28,1.0
4,1,24,404103,405625,405625,406633,406633,407250,407283,415283,415283,415902,415935,415969,419043,1522,1008,617,8000,619,466,0,600,1968,3108,3074,1368,347.3052406,14.94303255,1,4,1,180,1,1,51,5,4,2.0
4,1,25,419046,420572,420572,421572,421572,422179,422212,429712,429712,430345,430378,430412,433491,1526,1000,607,7500,633,370,0,600,2064,3113,3079,1464,361.7533572,14.44811664,0,7,7,200,1,-1,49,14,7,1.0
4,1,26,433494,435016,435016,436020,436020,436627,436660,443160,443160,443792,443825,443858,446926,1522,1004,607,6500,632,293,0,600,2142,3101,3068,1542,375.1887297,13.4353725,1,7,13,210,1,1,51,20,7,2.0
4,1,27,446929,448455,448455,449462,449462,450092,450124,457124,457124,457725,457758,457791,460873,1526,1007,630,7000,601,341,0,600,2095,3115,3082,1495,389.1355997,13.94686995,1,10,-5,160,-1,-1,49,5,10,1.0
4,1,28,460875,462399,462399,463403,463403,464008,464040,472540,472540,473142,473174,473208,476325,1524,1004,605,8500,602,313,0,600,2152,3151,3117,1552,404.5879111,15.45231146,0,27,1,190,1,-1,49,28,27,1.0
4,1,29,476329,477852,477852,478855,478855,479463,479495,485495,485495,486108,486141,486175,489292,1523,1003,608,6000,613,287,0,600,2166,3151,3117,1566,417.5544813,12.96657019,1,40,-12,190,-1,-1,49,28,40,1.0
4,1,30,489295,490815,490815,491820,491820,492425,492458,498958,498958,499589,499622,499655,502752,1520,1005,605,6500,631,521,0,600,1918,3130,3097,1318,431.0144911,13.46000978,1,7,3,180,1,1,51,10,7,2.0
4,1,31,502755,504279,504279,505288,505288,505912,505945,513945,513945,514578,514611,514645,517703,1524,1009,624,8000,633,288,0,600,2122,3092,3058,1522,445.966515,14.95202397,1,10,-5,160,-1,-1,49,5,10,1.0
4,1,32,517707,519232,519232,520238,520238,520842,520876,529876,529876,530507,530539,530572,533652,1525,1006,604,9000,631,317,0,600,2117,3113,3080,1517,461.914487,15.947972,1,10,18,190,1,1,51,28,10,2.0
4,1,33,533655,535177,535177,536183,536183,536791,536823,543823,543823,544456,544488,544522,547596,1522,1006,608,7000,633,274,0,600,2157,3108,3074,1557,475.8580753,13.94358824,1,14,6,190,1,1,51,20,14,2.0
4,1,34,547599,549122,549122,550126,550126,550729,550762,559262,559262,559864,559897,559931,563038,1523,1004,603,8500,602,269,0,600,2199,3141,3107,1599,491.2999295,15.44185426,1,14,6,210,1,1,51,20,14,2.0
4,1,35,563041,564564,564564,565569,565569,566173,566205,573705,573705,574326,574358,574392,577490,1523,1005,604,7500,621,716,0,600,1731,3132,3098,1131,505.7526786,14.45274902,1,5,9,200,1,1,51,14,5,2.0
4,1,36,577493,579015,579015,580017,580017,580621,580653,589653,589653,590286,590318,590351,593445,1522,1002,604,9000,633,517,0,600,1922,3127,3094,1322,521.7072526,15.954574,0,9,1,210,1,-1,49,10,9,1.0
4,2,37,39732,41252,41252,42255,42255,42865,42898,50898,50898,51501,51534,51568,54694,1520,1003,610,8000,603,388,0,600,2076,3160,3126,1476,14.96277467,14.96277467,1,29,-1,170,-1,-1,49,28,29,1.0
4,2,38,54697,56218,56218,57228,57228,57831,57865,64366,64366,64991,65024,65057,68156,1521,1010,603,6501,625,325,0,600,2115,3132,3099,1515,28.42469381,13.46191914,1,7,3,190,1,1,51,10,7,2.0
4,2,39,68158,69680,69680,70686,70686,71315,71347,78347,78347,78967,78999,79033,82105,1522,1006,629,7000,620,269,0,600,2154,3106,3072,1554,42.37447663,13.94978282,1,4,3,180,1,1,51,7,4,2.0
4,2,40,82108,83636,83636,84642,84642,85271,85303,91303,91303,91903,91935,91969,95065,1528,1006,629,6000,600,418,0,600,2019,3130,3096,1419,55.33414497,12.95966834,1,14,-9,170,-1,-1,49,5,14,1.0
4,2,41,95068,96593,96593,97601,97601,98206,98238,107238,107238,107839,107872,107906,111017,1525,1008,605,9000,601,436,0,600,2025,3145,3111,1425,71.28576211,15.95161714,0,15,-1,180,-1,1,51,14,15,2.0
4,2,42,111020,112543,112543,113544,113544,114152,114184,122684,122684,123285,123317,123351,126456,1523,1001,608,8500,601,402,0,600,2065,3139,3105,1465,86.72483912,15.43907701,0,20,8,160,1,-1,49,28,20,1.0
4,2,43,126459,127984,127984,128987,128987,129610,129643,137143,137143,137760,137792,137826,140895,1525,1003,623,7500,617,303,0,600,2129,3103,3069,1529,101.1638254,14.4389863,1,3,2,200,1,1,51,5,3,2.0
4,2,44,140898,142420,142420,143424,143424,144031,144063,152563,152563,153195,153227,153261,156351,1522,1004,607,8500,632,251,0,600,2184,3124,3090,1584,116.6203691,15.45654363,1,14,14,200,1,1,51,28,14,2.0
4,2,45,156354,157872,157872,158877,158877,159483,159516,168516,168516,169131,169163,169197,172287,1518,1005,606,9000,615,450,0,600,2006,3124,3090,1406,132.5560875,15.93571845,1,56,-28,160,-1,-1,49,28,56,1.0
4,2,46,172290,173810,173810,174814,174814,175421,175453,182453,182453,183068,183102,183135,186245,1520,1004,607,7000,615,243,0,600,2211,3143,3110,1611,146.5138796,13.95779213,1,56,-28,200,-1,-1,49,28,56,1.0
4,2,47,186248,187770,187770,188772,188772,189380,189412,197412,197412,198012,198044,198078,201204,1522,1002,608,8000,600,261,0,600,2207,3160,3126,1607,161.4725924,14.95871276,1,40,-26,210,-1,-1,49,14,40,1.0
4,2,48,201207,202727,202727,203736,203736,204360,204392,211892,211892,212507,212539,212573,215643,1520,1009,624,7500,615,337,0,600,2095,3104,3070,1495,175.9119463,14.43935395,1,3,2,150,1,1,51,5,3,2.0
4,2,49,215646,217168,217168,218173,218174,218776,218808,224808,224808,225409,225442,225475,228598,1522,1005,602,6000,601,194,0,600,2276,3156,3123,1676,188.8661696,12.95422323,1,40,-26,170,-1,-1,49,14,40,1.0
4,2,50,228600,230124,230124,231128,231128,231747,231780,238280,238280,238895,238927,238961,242047,1524,1004,619,6500,615,349,0,600,2089,3120,3086,1489,202.3158364,13.4496668,1,2,3,210,1,1,51,5,2,2.0
4,2,51,242050,243575,243575,244580,244580,245203,245235,253735,253735,254335,254368,254402,257495,1525,1005,623,8500,600,324,0,600,2123,3127,3093,1523,217.7647447,15.44890829,1,40,-20,170,-1,-1,49,20,40,1.0
4,2,52,257499,259022,259022,260027,260027,260654,260687,269687,269687,270319,270352,270385,273444,1523,1005,627,9000,632,253,0,600,2160,3092,3059,1560,233.7122381,15.94749345,0,10,-3,170,-1,1,51,7,10,2.0
4,2,53,273447,274971,274971,275978,275978,276606,276639,283139,283139,283752,283784,283817,286899,1524,1007,628,6500,613,242,0,600,2186,3115,3082,1586,247.1681019,13.45586378,1,2,3,160,1,1,51,5,2,2.0
4,2,54,286902,288427,288427,289432,289432,290058,290091,297091,297091,297717,297750,297783,300864,1525,1005,626,7000,626,439,0,600,1979,3114,3081,1379,261.132343,13.96424105,1,7,-2,160,-1,-1,49,5,7,1.0
4,2,55,300867,302383,302383,303385,303385,304002,304034,312034,312034,312667,312699,312732,315805,1516,1002,617,8000,633,43,0,600,2389,3106,3073,1789,276.0738133,14.94147034,1,14,-4,160,-1,-1,49,10,14,1.0
4,2,56,315808,317332,317332,318334,318334,318936,318968,326468,326468,327068,327100,327134,330271,1524,1002,602,7500,600,45,0,600,2427,3171,3137,1827,290.5391588,14.4653455,1,56,-28,190,-1,-1,49,28,56,1.0
4,2,57,330274,331798,331798,332802,332802,333406,333440,339440,339440,340059,340092,340125,343235,1524,1004,604,6000,619,147,0,600,2302,3143,3110,1702,303.5034637,12.96430494,1,4,6,160,1,1,51,10,4,2.0
4,2,58,343238,344764,344764,345772,345772,346379,346411,355411,355411,356015,356048,356081,359181,1526,1008,607,9000,604,233,0,600,2222,3133,3100,1622,319.4501336,15.94666986,1,10,10,200,1,1,51,20,10,2.0
4,2,59,359184,360705,360705,361708,361708,362340,362374,368374,368374,368991,369023,369056,372118,1521,1003,632,6000,617,224,0,600,2203,3095,3062,1603,332.3863725,12.93623888,1,2,5,190,1,1,51,7,2,2.0
4,2,60,372121,373642,373642,374673,374673,375276,375308,383808,383808,384410,384442,384475,387563,1521,1031,603,8500,602,156,0,600,2287,3121,3088,1687,347.8315937,15.44522126,1,14,-4,150,-1,-1,49,10,14,1.0
4,2,61,387566,389085,389085,390091,390091,390697,390730,398730,398730,399330,399362,399396,402506,1519,1006,606,8000,600,14,0,600,2455,3144,3110,1855,362.7745063,14.94291261,1,28,-14,210,-1,-1,49,14,28,1.0
4,2,62,402509,404028,404028,405035,405035,405642,405675,412675,412675,413280,413313,413346,416429,1519,1007,607,7000,605,-1,2501,0,561,3116,3083,-39,376.6976563,13.92314999,-1,28,-8,150,-1,-2,-1,20,28,
4,2,63,416431,417957,417957,418961,418961,419585,419617,427117,427117,427720,427752,427785,430861,1526,1004,624,7500,603,139,0,600,2304,3109,3076,1704,391.1290709,14.43141455,1,40,-26,150,-1,-1,49,14,40,1.0
4,2,64,430864,432390,432390,433395,433395,434021,434054,440554,440554,441185,441218,441252,444302,1526,1005,626,6500,631,252,0,600,2160,3084,3050,1560,404.57,13.44092911,1,10,-3,190,-1,-1,49,7,10,1.0
4,2,65,444305,445828,445828,446830,446830,447433,447465,456465,456465,457085,457118,457151,460246,1523,1002,603,9000,620,159,0,600,2293,3128,3095,1693,420.5139601,15.94396011,1,5,5,190,1,1,51,10,5,2.0
4,2,66,460249,461771,461771,462779,462779,463385,463417,470917,470917,471519,471551,471584,474702,1522,1008,606,7500,602,250,0,600,2212,3151,3118,1612,434.9708102,14.45685011,1,14,6,190,1,1,51,20,14,2.0
4,2,67,474705,476228,476228,477232,477232,477836,477869,484869,484869,485472,485504,485537,488665,1523,1004,604,7000,603,521,0,600,1945,3161,3128,1345,448.9328255,13.96201527,1,21,-1,190,-1,-1,49,20,21,1.0
4,2,68,488668,490189,490189,491196,491196,491800,491832,497832,497832,498433,498467,498500,501632,1521,1007,604,6000,601,136,0,600,2331,3165,3132,1731,461.9005535,12.96772799,1,20,-6,200,-1,-1,49,14,20,1.0
4,2,69,501635,503152,503152,504159,504159,504788,504820,512820,512820,513446,513477,513510,516565,1517,1007,629,8000,626,250,0,600,2171,3088,3055,1571,476.8328736,14.93232011,1,5,2,200,1,1,51,7,5,2.0
4,2,70,516568,518092,518092,519097,519097,519703,519736,526236,526236,526861,526893,526926,530017,1524,1005,606,6500,625,90,0,600,2350,3124,3091,1750,490.284855,13.45198148,1,7,13,180,1,1,51,20,7,2.0
4,2,71,530020,531543,531543,532551,532551,533156,533188,541688,541688,542320,542352,542385,545452,1523,1008,605,8500,632,461,0,600,1971,3100,3067,1371,505.719853,15.43499792,1,11,-1,190,-1,-1,49,10,11,1.0
4,2,72,545455,546972,546972,547975,547975,548607,548641,557141,557141,557773,557806,557839,560905,1517,1003,632,8500,632,10,0,600,2406,3099,3066,1806,521.1733906,15.45353765,1,20,-13,180,-1,-1,49,7,20,1.0
4,3,73,38660,40180,40180,41189,41189,41815,41848,50848,50848,51448,51481,51514,54598,1520,1009,626,9000,600,118,0,600,2327,3117,3084,1727,15.93935546,15.93935546,1,10,-5,160,-1,-1,49,5,10,1.0
4,3,74,54601,56128,56128,57132,57132,57761,57793,65793,65793,66408,66441,66475,69563,1527,1004,629,8000,615,475,0,600,1950,3122,3088,1350,30.90432578,14.96497032,1,4,1,180,1,1,51,5,4,2.0
4,3,75,69566,71088,71088,72093,72093,72701,72733,80233,80233,80834,80866,80899,84006,1522,1005,608,7500,601,77,0,600,2387,3140,3107,1787,45.34724562,14.44291984,1,28,-8,150,-1,-1,49,20,28,1.0
4,3,76,84009,85530,85530,86531,86531,87134,87167,94167,94167,94768,94800,94834,97966,1521,1001,603,7000,601,39,0,600,2435,3166,3132,1835,59.307234,13.95998838,1,40,-20,210,-1,-1,49,20,40,1.0
4,3,77,97969,99489,99489,100493,100493,101099,101131,107631,107631,108252,108285,108318,111400,1520,1004,606,6500,621,763,0,600,1686,3115,3082,1086,72.74171209,13.43447809,1,79,-51,150,-1,-1,49,28,79,1.0
4,3,78,111403,112928,112928,113934,113934,114537,114569,120569,120569,121199,121232,121265,124343,1525,1006,603,6000,630,82,0,600,2354,3111,3078,1754,85.68425042,12.94253833,1,28,-14,180,-1,-1,49,14,28,1.0
4,3,79,124346,125868,125868,126874,126874,127479,127512,136012,136012,136613,136646,136679,139809,1522,1006,605,8500,601,226,0,600,2240,3163,3130,1640,101.1504183,15.46616789,1,10,10,210,1,1,51,20,10,2.0
4,3,80,139812,141338,141338,142346,142346,142953,142986,149486,149486,150087,150120,150154,153249,1526,1008,607,6500,601,160,0,600,2298,3129,3095,1698,114.5898386,13.43942025,1,28,-18,170,-1,-1,49,10,28,1.0
4,3,81,153252,154778,154778,155785,155785,156388,156421,164921,164921,165521,165553,165587,168698,1526,1007,603,8500,600,275,0,600,2189,3145,3111,1589,130.0390485,15.44920995,0,14,-4,170,-1,1,51,10,14,2.0
4,3,82,168701,170225,170225,171232,171232,171838,171871,179871,179871,180475,180507,180540,183641,1524,1007,606,8000,604,99,0,600,2360,3134,3101,1760,144.9815847,14.94253622,0,27,1,200,1,-1,49,28,27,1.0
4,3,83,183644,185171,185171,186176,186176,186786,186819,195819,195819,196450,196482,196515,199601,1527,1005,610,9000,631,250,0,600,2177,3119,3086,1577,160.9415818,15.95999712,1,14,14,180,1,1,51,28,14,2.0
4,3,84,199604,201133,201133,202137,202137,202744,202777,210277,210277,210877,210911,210944,214067,1529,1004,607,7500,600,118,0,600,2342,3156,3123,1742,175.4075355,14.46595363,1,28,-14,150,-1,-1,49,14,28,1.0
4,3,85,214070,215592,215592,216596,216596,217197,217229,224229,224229,224831,224864,224898,228019,1522,1004,601,7000,602,252,0,600,2219,3155,3121,1619,189.3599009,13.9523654,1,20,-10,170,-1,-1,49,10,20,1.0
4,3,86,228022,229549,229549,230554,230554,231176,231209,237209,237209,237841,237873,237907,240956,1527,1005,622,6000,632,404,0,600,2010,3083,3049,1410,202.2973536,12.93745273,1,14,-7,160,-1,-1,49,7,14,1.0
4,3,87,240959,242481,242481,243488,243488,244093,244126,252126,252126,252757,252789,252822,255900,1522,1007,605,8000,631,206,0,600,2229,3111,3078,1629,217.2405679,14.94321426,1,7,7,200,1,1,51,14,7,2.0
4,3,88,255903,257432,257432,258439,258439,259040,259072,268072,268072,268688,268721,268754,271833,1529,1007,601,9000,616,373,0,600,2074,3112,3079,1474,233.1733466,15.93277877,1,2,5,170,1,1,51,7,2,2.0
4,3,89,271835,273359,273359,274365,274365,274992,275024,281524,281524,282155,282187,282221,285289,1524,1006,627,6500,631,33,0,600,2379,3102,3068,1779,246.629487,13.45614042,1,10,-5,200,-1,-1,49,5,10,1.0
4,3,90,285292,286819,286819,287829,287829,288435,288467,294467,294467,295068,295101,295134,298233,1527,1010,606,6000,601,232,0,600,2224,3132,3099,1624,259.573857,12.94436994,1,20,-6,200,-1,-1,49,14,20,1.0
4,3,91,298236,299756,299756,300758,300758,301362,301395,308395,308395,309018,309051,309085,312171,1520,1002,604,7000,623,247,0,600,2204,3120,3086,1604,273.5113106,13.93745363,1,5,5,200,1,1,51,10,5,2.0
4,3,92,312174,313698,313698,314706,314706,315313,315347,323847,323847,324447,324479,324512,327631,1524,1008,607,8500,600,277,0,600,2184,3152,3119,1584,288.9715753,15.46026472,0,13,1,210,1,-1,49,14,13,1.0
4,3,93,327634,329159,329159,330166,330166,330767,330799,338299,338299,338927,338959,338992,342073,1525,1007,601,7500,628,340,0,600,2099,3114,3081,1499,303.4141516,14.4425763,1,6,1,210,1,1,51,7,6,2.0
4,3,94,342076,343601,343601,344608,344608,345212,345245,352745,352745,353363,353396,353429,356526,1525,1007,604,7500,618,197,0,600,2249,3130,3097,1649,317.8666903,14.45253867,1,4,6,170,1,1,51,10,4,2.0
4,3,95,356529,358056,358056,359061,359061,359691,359724,365724,365724,366344,366377,366410,369465,1527,1005,630,6000,620,380,0,600,2038,3088,3055,1438,330.8059171,12.93922678,1,20,-13,200,-1,-1,49,7,20,1.0
4,3,96,369468,370990,370990,371993,371993,372625,372657,381157,381157,381758,381791,381824,384929,1522,1003,632,8500,601,301,0,600,2141,3138,3105,1541,346.2694349,15.46351781,1,28,-8,190,-1,-1,49,20,28,1.0
4,3,97,384932,386461,386461,387464,387464,388071,388104,396104,396104,396707,396740,396773,399896,1529,1003,607,8000,603,226,0,600,2232,3156,3123,1632,361.2367211,14.9672862,1,40,-20,190,-1,-1,49,20,40,1.0
4,3,98,399899,401426,401426,402433,402433,403057,403089,412089,412089,412716,412748,412782,415859,1527,1007,624,9000,627,404,0,600,2011,3111,3077,1411,377.2004342,15.96371308,1,7,-2,170,-1,-1,49,5,7,1.0
4,3,99,415862,417387,417387,418393,418393,419022,419054,426054,426054,426669,426702,426735,429796,1525,1006,629,7000,615,192,0,600,2233,3094,3061,1633,391.1365182,13.93608399,1,3,2,170,1,1,51,5,3,2.0
4,3,100,429799,431321,431321,432327,432327,432950,432983,439483,439483,440085,440118,440152,443234,1522,1006,623,6500,602,344,0,600,2103,3116,3082,1503,404.5741544,13.43763625,1,20,-13,200,-1,-1,49,7,20,1.0
4,3,101,443237,444757,444757,445762,445762,446378,446411,455411,455411,456012,456044,456077,459171,1520,1005,616,9000,601,354,0,600,2104,3127,3094,1504,420.5113236,15.93716915,1,10,-5,150,-1,-1,49,5,10,1.0
4,3,102,459174,460697,460697,461703,461703,462309,462342,468842,468842,469464,469497,469531,472608,1523,1006,606,6500,622,271,0,600,2172,3111,3077,1572,433.9483957,13.43707212,1,79,-51,210,-1,-1,49,28,79,1.0
4,3,103,472611,474131,474131,475137,475137,475765,475797,483297,483297,483930,483964,483997,487069,1520,1006,628,7500,633,202,0,600,2211,3105,3072,1611,448.4091133,14.46071765,1,14,-7,150,-1,-1,49,7,14,1.0
4,3,104,487072,488596,488596,489601,489601,490204,490236,497236,497236,497868,497901,497934,501031,1524,1005,603,7000,632,362,0,600,2074,3130,3097,1474,462.3709358,13.9618224,0,10,4,160,1,-1,49,14,10,1.0
4,3,105,501034,502554,502554,503561,503561,504167,504201,512201,512201,512802,512833,512868,515976,1520,1007,606,8000,601,337,0,600,2129,3143,3108,1529,477.3164104,14.9454747,1,10,18,200,1,1,51,28,10,2.0
4,3,106,515979,517508,517508,518514,518514,519119,519152,527652,527652,528284,528318,528351,531422,1529,1006,605,8500,632,298,0,600,2130,3104,3071,1530,492.7618598,15.44544938,1,10,10,210,1,1,51,20,10,2.0
4,3,107,531425,532946,532946,533951,533951,534554,534587,540587,540587,541187,541219,541253,544377,1521,1005,603,6000,600,62,0,600,2409,3158,3124,1809,505.7171248,12.955265,1,20,-10,180,-1,-1,49,10,20,1.0
4,3,108,544380,545901,545901,546906,546906,547511,547543,553543,553543,554159,554192,554225,557318,1521,1005,605,6000,616,255,0,600,2198,3126,3093,1598,518.6583752,12.94125035,1,79,-51,180,-1,-1,49,28,79,1.0
4,4,109,46705,48228,48228,49232,49232,49858,49890,58390,58390,58991,59025,59059,62145,1523,1004,626,8500,601,156,0,600,2290,3120,3086,1690,15.44093243,15.44093243,1,14,-9,160,-1,-1,49,5,14,1.0
4,4,110,62149,63673,63673,64678,64678,65281,65313,71313,71313,71913,71947,71980,75088,1524,1005,603,6000,600,178,0,600,2290,3141,3108,1690,28.38325077,12.94231834,1,14,14,200,1,1,51,28,14,2.0
4,4,111,75090,76615,76615,77622,77622,78228,78260,85760,85760,86360,86393,86426,89549,1525,1007,606,7500,600,282,0,600,2180,3156,3123,1580,42.84455455,14.46130378,1,20,-6,190,-1,-1,49,14,20,1.0
4,4,112,89551,91076,91076,92079,92079,92682,92715,99215,99215,99818,99850,99883,103004,1525,1003,603,6500,603,248,0,600,2218,3154,3121,1618,56.29942207,13.45486752,1,10,10,210,1,1,51,20,10,2.0
4,4,113,103007,104528,104528,105536,105536,106141,106173,114173,114173,114805,114838,114871,117959,1521,1008,605,8000,632,56,0,600,2378,3121,3088,1778,71.25373872,14.95431665,1,28,-14,210,-1,-1,49,14,28,1.0
4,4,114,117961,119482,119482,120486,120486,121110,121143,130143,130143,130758,130789,130824,133908,1521,1004,624,9000,615,276,0,600,2160,3119,3084,1560,87.20317287,15.94943415,1,2,3,170,1,1,51,5,2,2.0
4,4,115,133910,135434,135434,136441,136441,137063,137096,144096,144096,144708,144740,144774,147863,1524,1007,622,7000,612,258,0,600,2177,3123,3089,1577,101.1584104,13.95523758,1,3,2,180,1,1,51,5,3,2.0
4,4,116,147866,149386,149386,150388,150388,150995,151029,157529,157529,158161,158194,158227,161320,1520,1002,607,6500,632,549,0,600,1890,3126,3093,1290,114.6151798,13.45676935,0,10,18,200,1,-1,49,28,10,1.0
4,4,117,161323,162850,162850,163860,163860,164492,164525,171525,171525,172156,172189,172222,175255,1527,1010,632,7000,631,164,0,600,2236,3066,3033,1636,128.5502841,13.93510429,1,5,2,180,1,1,51,7,5,2.0
4,4,118,175258,176782,176782,177786,177786,178391,178424,187424,187424,188050,188083,188116,191191,1524,1004,605,9000,626,111,0,600,2330,3108,3075,1730,144.486965,15.93668096,1,7,13,180,1,1,51,20,7,2.0
4,4,119,191194,192716,192716,193720,193720,194346,194379,201879,201879,202506,202539,202572,205628,1522,1004,626,7500,627,251,0,600,2170,3089,3056,1570,158.9231063,14.43614124,1,6,-1,150,-1,-1,49,5,6,1.0
4,4,120,205631,207153,207153,208156,208156,208763,208795,216795,216795,217399,217432,217465,220574,1522,1003,607,8000,604,210,0,600,2254,3142,3109,1654,173.8698349,14.94672862,1,40,-20,200,-1,-1,49,20,40,1.0
4,4,121,220577,222102,222102,223106,223106,223713,223745,229745,229745,230375,230409,230442,233533,1525,1004,607,6000,630,187,0,600,2247,3124,3091,1647,186.8283946,12.95855967,1,20,-10,160,-1,-1,49,10,20,1.0
4,4,122,233536,235057,235057,236060,236060,236678,236710,245210,245210,245812,245844,245877,248975,1521,1003,618,8500,602,171,0,600,2285,3131,3098,1685,202.2705143,15.44211975,1,14,-9,210,-1,-1,49,5,14,1.0
4,4,123,248978,250496,250496,251500,251500,252106,252138,258139,258139,258767,258800,258833,261911,1518,1004,606,6001,628,176,0,600,2267,3111,3078,1667,215.207038,12.93652366,1,10,10,160,1,1,51,20,10,2.0
4,4,124,261914,263436,263436,264440,264440,265071,265103,273603,273603,274229,274262,274295,277366,1522,1004,631,8500,626,198,0,600,2219,3104,3071,1619,230.6609403,15.45390229,1,8,-1,200,-1,-1,49,7,8,1.0
4,4,125,277369,278890,278890,279896,279896,280501,280534,288534,288534,289164,289196,289229,292313,1521,1006,605,8000,630,56,0,600,2382,3117,3084,1782,245.6087746,14.94783428,0,14,6,150,1,-1,49,20,14,1.0
4,4,126,292316,293843,293843,294848,294848,295454,295486,302986,302986,303601,303633,303666,306749,1527,1005,606,7500,615,88,0,600,2359,3116,3083,1759,260.0436489,14.43487436,1,4,6,180,1,1,51,10,4,2.0
4,4,127,306751,308273,308273,309275,309275,309878,309912,316912,316912,317544,317578,317612,320711,1522,1002,603,7000,632,912,0,600,1529,3133,3099,929,274.006725,13.96307603,1,20,-10,170,-1,-1,49,10,20,1.0
4,4,128,320714,322236,322236,323240,323240,323845,323877,330377,330377,330978,331011,331044,334158,1522,1004,605,6500,601,599,0,600,1869,3147,3114,1269,287.4530706,13.4463456,1,20,-6,180,-1,-1,49,14,20,1.0
4,4,129,334161,335683,335683,336688,336688,337291,337323,346323,346323,346954,346987,347020,350115,1522,1005,603,9000,631,425,0,600,2014,3128,3095,1414,303.4100581,15.95698752,0,11,-1,200,-1,1,51,10,11,2.0
4,4,130,350117,351640,351640,352646,352646,353278,353310,360810,360810,361425,361458,361491,364558,1523,1006,632,7500,615,455,0,600,1969,3100,3067,1369,317.8528495,14.44279147,1,4,3,180,1,1,51,7,4,2.0
4,4,131,364560,366085,366085,367091,367091,367699,367731,374731,374731,375331,375364,375397,378495,1525,1006,608,7000,600,294,0,600,2167,3131,3098,1567,331.7903312,13.93748166,1,40,-26,170,-1,-1,49,14,40,1.0
4,4,132,378498,380016,380016,381021,381021,381623,381655,390655,390655,391255,391288,391322,394448,1518,1005,602,9000,600,288,0,600,2187,3160,3126,1587,347.743604,15.95327277,1,14,14,200,1,1,51,28,14,2.0
4,4,133,394451,395973,395973,396977,396977,397605,397638,406138,406138,406739,406771,406805,409889,1522,1004,628,8500,601,313,0,600,2132,3118,3084,1532,363.1839777,15.44037372,1,14,-7,160,-1,-1,49,7,14,1.0
4,4,134,409892,411413,411413,412421,412421,413027,413060,419560,419560,420161,420194,420227,423333,1521,1008,606,6500,601,274,0,600,2190,3139,3106,1590,376.6284025,13.44442479,1,14,14,160,1,1,51,28,14,2.0
4,4,135,423336,424858,424858,425863,425863,426467,426500,434500,434500,435101,435133,435166,438278,1522,1005,604,8000,601,373,0,600,2095,3145,3112,1495,391.5726778,14.94427532,1,28,-18,210,-1,-1,49,10,28,1.0
4,4,136,438281,439801,439801,440806,440806,441435,441468,447468,447468,448086,448118,448151,451231,1520,1005,629,6000,618,280,0,600,2148,3113,3080,1548,404.5263164,12.95363861,1,5,2,160,1,1,51,7,5,2.0
4,4,137,451234,452759,452759,453759,453759,454360,454394,461394,461394,462011,462044,462077,465168,1525,1000,601,7000,617,357,0,600,2100,3124,3091,1500,418.4635588,13.93724238,1,5,2,200,1,1,51,7,5,2.0
4,4,138,465171,466696,466696,467700,467700,468306,468339,474339,474339,474940,474973,475007,478108,1525,1004,606,6000,601,204,0,600,2260,3135,3101,1660,431.4018683,12.93830947,0,10,18,210,1,-1,49,28,10,1.0
4,4,139,478108,479628,479628,480634,480634,481240,481273,490273,490273,490875,490908,490941,494041,1520,1006,606,9000,602,295,0,600,2171,3133,3100,1571,447.3367375,15.93486924,1,20,8,190,1,1,51,28,20,2.0
4,4,140,494044,495568,495568,496573,496573,497178,497210,505710,505710,506329,506361,506395,509494,1524,1005,605,8500,619,360,0,600,2087,3133,3099,1487,462.7887919,15.4520544,1,4,6,150,1,1,51,10,4,2.0
4,4,141,509497,511018,511018,512022,512022,512625,512657,520157,520157,520759,520791,520823,523942,1521,1004,603,7500,602,383,0,600,2087,3151,3119,1487,477.2367642,14.4479723,1,40,-20,150,-1,-1,49,20,40,1.0
4,4,142,523945,525465,525465,526470,526470,527074,527106,535106,535106,535730,535763,535796,538896,1520,1005,604,8000,624,299,0,600,2148,3133,3100,1548,492.1913943,14.95463005,1,7,7,170,1,1,51,14,7,2.0
4,4,143,538899,540421,540421,541424,541424,542041,542074,548574,548574,549205,549237,549271,552357,1522,1003,617,6500,631,316,0,600,2111,3120,3086,1511,505.6516544,13.4602602,1,28,-14,150,-1,-1,49,14,28,1.0
4,4,144,552359,553885,553885,554890,554890,555514,555546,562046,562046,562660,562693,562726,565815,1526,1005,624,6500,614,315,0,600,2116,3122,3089,1516,519.1097419,13.45808746,1,2,3,160,1,1,51,5,2,2.0
4,5,145,39062,40589,40589,41593,41593,42193,42225,51225,51225,51856,51888,51921,54999,1527,1004,600,9000,631,273,0,600,2165,3111,3078,1565,15.93838902,15.93838902,1,7,-2,150,-1,-1,49,5,7,1.0
4,5,146,55002,56527,56527,57530,57530,58135,58168,65668,65668,66269,66302,66335,69447,1525,1003,605,7500,601,309,0,600,2157,3145,3112,1557,30.38557359,14.44718457,1,28,-14,200,-1,-1,49,14,28,1.0
4,5,147,69450,70972,70972,71975,71975,72582,72614,78614,78614,79215,79248,79282,82408,1522,1003,607,6000,601,261,0,600,2206,3160,3126,1606,43.3473089,12.96173531,1,10,18,190,1,1,51,28,10,2.0
4,5,148,82411,83933,83933,84936,84936,85543,85576,92576,92576,93208,93240,93273,96342,1522,1003,607,7000,632,589,0,600,1847,3102,3069,1247,57.28053789,13.93322899,0,14,-4,160,-1,1,51,10,14,2.0
4,5,149,96345,97868,97868,98873,98873,99496,99528,107528,107528,108155,108187,108220,111303,1523,1005,623,8000,627,505,0,600,1917,3116,3083,1317,72.24160722,14.96106933,1,7,-2,210,-1,-1,49,5,7,1.0
4,5,150,111306,112827,112827,113830,113830,114435,114468,120968,120968,121568,121600,121634,124760,1521,1003,605,6500,600,320,0,600,2151,3160,3126,1551,85.69928875,13.45768154,1,29,-1,210,-1,-1,49,28,29,1.0
4,5,151,124763,126289,126289,127295,127295,127925,127957,136457,136457,137061,137093,137127,140200,1526,1006,630,8500,604,270,0,600,2164,3107,3073,1564,101.1387898,15.43950101,1,40,-12,200,-1,-1,49,28,40,1.0
4,5,152,140203,141725,141725,142730,142730,143333,143365,152365,152365,152983,153015,153047,156134,1522,1005,603,9000,618,312,0,600,2140,3119,3087,1540,117.0726633,15.93387358,1,4,6,210,1,1,51,10,4,2.0
4,5,153,156137,157659,157659,158664,158664,159267,159300,165300,165300,165902,165935,165969,169083,1522,1005,603,6000,602,278,0,600,2190,3148,3114,1590,130.021788,12.94912466,1,28,-8,180,-1,-1,49,20,28,1.0
4,5,154,169086,170605,170605,171612,171612,172244,172276,179276,179276,179876,179908,179941,183041,1519,1007,632,7000,600,135,0,600,2307,3133,3100,1707,143.9796115,13.95782347,1,10,-5,170,-1,-1,49,5,10,1.0
4,5,155,183044,184566,184566,185570,185570,186175,186208,193708,193708,194308,194341,194374,197493,1522,1004,605,7500,600,313,0,600,2156,3152,3119,1556,158.4317858,14.45217434,1,21,-1,180,-1,-1,49,20,21,1.0
4,5,156,197496,199017,199017,200023,200023,200628,200661,208661,208661,209261,209294,209327,212458,1521,1006,605,8000,600,227,0,600,2241,3164,3131,1641,173.3959422,14.96415637,0,15,-1,150,-1,1,51,14,15,2.0
4,5,157,212460,213985,213985,214991,214991,215595,215628,222128,222128,222729,222763,222796,225903,1525,1006,604,6500,601,205,0,600,2259,3140,3107,1659,186.841183,13.44524085,1,28,-8,190,-1,-1,49,20,28,1.0
4,5,158,225906,227430,227430,228437,228437,229042,229075,237575,237575,238177,238209,238243,241351,1524,1007,605,8500,602,301,0,600,2161,3142,3108,1561,202.2893063,15.44812327,1,40,-12,160,-1,-1,49,28,40,1.0
4,5,159,241354,242875,242875,243881,243881,244484,244516,251516,251516,252148,252181,252214,255311,1521,1006,603,7000,632,99,0,600,2339,3130,3097,1739,216.2494433,13.96013695,1,20,-6,190,-1,-1,49,14,20,1.0
4,5,160,255314,256834,256834,257841,257841,258468,258500,267500,267500,268128,268160,268194,271264,1520,1007,627,9000,628,659,0,600,1759,3104,3070,1159,232.2030382,15.95359491,1,8,-1,180,-1,-1,49,7,8,1.0
4,5,161,271267,272790,272790,273793,273793,274402,274434,282934,282934,283535,283568,283601,286729,1523,1003,609,8500,601,619,0,600,1845,3161,3128,1245,247.6676649,15.46462678,0,10,4,200,1,-1,49,14,10,1.0
4,5,162,286732,288255,288255,289263,289263,289869,289901,297401,297401,298003,298035,298068,301177,1523,1008,606,7500,602,210,0,600,2251,3142,3109,1651,262.1159687,14.44830378,1,28,-8,200,-1,-1,49,20,28,1.0
4,5,163,301180,302708,302708,303715,303715,304318,304351,310851,310851,311458,311490,311524,314639,1528,1007,603,6500,607,247,0,600,2208,3149,3115,1608,275.5777806,13.46181186,1,40,-26,150,-1,-1,49,14,40,1.0
4,5,164,314642,316171,316171,317179,317179,317782,317814,323814,323814,324441,324474,324507,327603,1529,1008,603,6000,627,258,0,600,2175,3129,3096,1575,288.5412291,12.9634485,1,7,3,150,1,1,51,10,7,2.0
4,5,165,327606,329130,329130,330135,330135,330739,330771,338771,338771,339389,339421,339454,342563,1524,1005,604,8000,618,308,0,600,2141,3142,3109,1541,303.5010602,14.95983107,1,57,-37,180,-1,-1,49,20,57,1.0
4,5,166,342566,344088,344088,345090,345090,345714,345746,353246,353246,353848,353880,353913,357018,1522,1002,624,7500,602,271,0,600,2179,3138,3105,1579,317.9558394,14.45477922,1,14,-9,160,-1,-1,49,5,14,1.0
4,5,167,357021,358547,358547,359556,359556,360161,360193,366693,366693,367321,367354,367388,370475,1526,1009,605,6500,628,349,0,600,2083,3121,3087,1483,331.4129646,13.45712524,0,10,4,170,1,-1,49,14,10,1.0
4,5,168,370478,372004,372004,373008,373008,373638,373671,380671,380671,381272,381304,381338,384434,1526,1004,630,7000,601,259,0,600,2180,3130,3096,1580,345.3719516,13.95898699,1,20,-13,190,-1,-1,49,7,20,1.0
4,5,169,384437,385959,385959,386966,386966,387585,387618,396118,396118,396750,396782,396815,399886,1522,1007,619,8500,632,304,0,600,2116,3104,3071,1516,360.8245566,15.45260497,1,14,-9,150,-1,-1,49,5,14,1.0
4,5,170,399889,401413,401413,402416,402416,403048,403080,412080,412080,412709,412741,412775,415844,1524,1003,632,9000,629,393,0,600,2019,3103,3069,1419,376.7826073,15.95805069,1,8,-1,180,-1,-1,49,7,8,1.0
4,5,171,415847,417370,417370,418375,418375,418979,419013,425013,425013,425646,425679,425712,428808,1523,1005,604,6000,633,254,0,600,2181,3129,3096,1581,389.746264,12.96365673,1,20,-10,210,-1,-1,49,10,20,1.0
4,5,172,428811,430333,430333,431360,431360,431961,431993,439993,439993,440595,440628,440661,443773,1522,1027,601,8000,602,204,0,600,2244,3145,3112,1644,404.7106901,14.96442608,1,20,-10,160,-1,-1,49,10,20,1.0
4,5,173,443775,445300,445300,446306,446306,446933,446965,454465,454465,455079,455111,455144,458218,1525,1006,627,7500,614,236,0,600,2192,3107,3074,1592,419.1556917,14.44500158,1,2,3,150,1,1,51,5,2,2.0
4,5,174,458221,459741,459741,460747,460747,461364,461397,469897,469897,470528,470561,470595,473680,1520,1006,617,8500,631,571,0,600,1855,3119,3085,1255,434.618517,15.4628253,1,8,-1,160,-1,-1,49,7,8,1.0
4,5,175,473683,475202,475202,476206,476206,476813,476846,483846,483846,484478,484510,484544,487632,1519,1004,607,7000,632,350,0,600,2088,3122,3088,1488,448.5701796,13.95166265,1,14,14,190,1,1,51,28,14,2.0
4,5,176,487635,489158,489158,490165,490165,490766,490798,496798,496798,497398,497432,497465,500594,1523,1007,601,6000,600,392,0,600,2077,3162,3129,1477,461.5316256,12.96144602,1,11,-1,150,-1,-1,49,10,11,1.0
4,5,177,500596,502121,502121,503127,503127,503744,503777,512777,512777,513378,513410,513443,516534,1525,1006,617,9000,601,258,0,600,2193,3124,3091,1593,477.4730336,15.94140796,1,20,-13,170,-1,-1,49,7,20,1.0
4,5,178,516538,518063,518063,519068,519068,519673,519705,527705,527705,528323,528356,528389,531487,1525,1005,605,8000,618,134,0,600,2313,3131,3098,1713,492.4255005,14.95246695,1,56,-28,180,-1,-1,49,28,56,1.0
4,5,179,531490,533018,533018,534021,534021,534624,534656,541156,541156,541782,541815,541849,544921,1528,1003,603,6500,626,527,0,600,1913,3106,3072,1313,505.8584827,13.43298218,0,8,-1,150,-1,1,51,7,8,2.0
4,5,180,544924,546448,546448,547452,547452,548075,548107,554107,554107,554730,554763,554796,557864,1524,1004,623,6000,623,168,0,600,2258,3101,3068,1658,518.8023141,12.94383143,1,7,13,170,1,1,51,20,7,2.0
4,6,181,39124,40650,40650,41655,41655,42257,42290,49790,49790,50391,50424,50459,53589,1526,1005,602,7500,601,128,0,600,2338,3165,3130,1738,14.46652047,14.46652047,1,28,-18,150,-1,-1,49,10,28,1.0
4,6,182,53591,55114,55114,56122,56122,56750,56782,64782,64782,65415,65447,65482,68534,1523,1008,628,8000,633,357,0,600,2051,3087,3052,1451,29.41169773,14.94517726,1,14,-9,180,-1,-1,49,5,14,1.0
4,6,183,68536,70057,70057,71065,71065,71692,71725,77725,77725,78355,78387,78421,81480,1521,1008,627,6000,630,613,0,600,1801,3093,3059,1201,42.35804545,12.94634771,1,7,-2,170,-1,-1,49,5,7,1.0
4,6,184,81483,83007,83007,84014,84014,84619,84651,93651,93651,94252,94286,94319,97433,1524,1007,605,9000,601,346,0,600,2117,3147,3114,1517,58.31127211,15.95322666,1,28,-8,150,-1,-1,49,20,28,1.0
4,6,185,97436,98963,98963,99968,99968,100571,100603,107103,107103,107735,107768,107801,110880,1527,1005,603,6500,632,504,0,600,1929,3112,3079,1329,71.7578606,13.44658849,0,10,4,180,1,-1,49,14,10,1.0
4,6,186,110883,112406,112406,113412,113412,114017,114051,122551,122551,123152,123184,123218,126348,1523,1006,605,8500,601,259,0,600,2206,3164,3130,1606,87.22553525,15.46767465,1,40,-20,180,-1,-1,49,20,40,1.0
4,6,187,126351,127871,127871,128877,128877,129495,129526,136526,136526,137141,137174,137207,140282,1520,1006,618,7000,615,561,0,600,1880,3108,3075,1280,101.1600356,13.93450039,1,4,1,210,1,1,51,5,4,2.0
4,6,188,140285,141815,141815,142820,142820,143443,143475,149475,149475,150092,150125,150159,153245,1530,1005,623,6000,617,308,0,600,2117,3120,3086,1517,114.1228902,12.96285453,1,2,5,160,1,1,51,7,2,2.0
4,6,189,153247,154766,154766,155772,155772,156381,156413,163913,163913,164514,164546,164579,167707,1519,1006,609,7500,601,204,0,600,2261,3161,3128,1661,128.585001,14.4621108,1,56,-28,200,-1,-1,49,28,56,1.0
4,6,190,167710,169232,169232,170236,170236,170840,170873,177873,177873,178489,178521,178554,181663,1522,1004,604,7000,616,307,0,600,2147,3142,3109,1547,142.54123,13.95622902,1,10,4,170,1,1,51,14,10,2.0
4,6,191,181666,183190,183190,184198,184198,184804,184836,193836,193836,194455,194487,194520,197600,1524,1008,606,9000,619,270,0,600,2173,3113,3080,1573,158.4773462,15.93611623,1,5,9,210,1,1,51,14,5,2.0
4,6,192,197602,199131,199131,200135,200135,200762,200795,209295,209295,209918,209950,209983,213040,1529,1004,627,8500,623,218,0,600,2199,3090,3057,1599,173.9177341,15.44038789,1,5,2,160,1,1,51,7,5,2.0
4,6,193,213043,214560,214560,215568,215568,216197,216231,222731,222731,223348,223382,223415,226483,1517,1008,629,6500,617,261,0,600,2168,3101,3068,1568,187.3610614,13.44332727,1,5,2,160,1,1,51,7,5,2.0
4,6,194,226486,228012,228012,229017,229017,229621,229654,237654,237654,238257,238289,238322,241422,1526,1005,604,8000,603,301,0,600,2161,3133,3100,1561,202.30018,14.9391186,1,20,-10,190,-1,-1,49,10,20,1.0
4,6,195,241425,242950,242950,243959,243959,244582,244614,252614,252614,253240,253272,253306,256360,1525,1009,623,8000,626,674,0,600,1743,3088,3054,1143,217.2376899,14.93750998,1,8,-1,170,-1,-1,49,7,8,1.0
4,6,196,256362,257884,257884,258890,258890,259512,259545,267045,267045,267675,267707,267740,270803,1522,1006,622,7500,630,844,0,600,1576,3096,3063,976,231.6808063,14.44311632,1,7,-2,180,-1,-1,49,5,7,1.0
4,6,197,270806,272325,272325,273325,273325,273931,273963,282463,282463,283078,283111,283144,286250,1519,1000,606,8500,615,203,0,600,2257,3139,3106,1657,247.1271579,15.44635163,1,56,-28,150,-1,-1,49,28,56,1.0
4,6,198,286253,287776,287776,288782,288782,289389,289422,296422,296422,297025,297057,297091,300187,1523,1006,607,7000,603,227,0,600,2234,3130,3096,1634,261.0645046,13.93734665,1,40,-12,160,-1,-1,49,28,40,1.0
4,6,199,300190,301717,301717,302718,302718,303343,303375,312375,312375,313002,313034,313068,316136,1527,1001,625,9000,627,653,0,600,1767,3102,3068,1167,277.0131853,15.94868077,1,6,-1,150,-1,-1,49,5,6,1.0
4,6,200,316138,317662,317662,318670,318670,319273,319307,325307,325307,325925,325958,325991,329092,1524,1008,603,6000,618,102,0,600,2345,3134,3101,1745,289.9693242,12.95613892,1,57,-37,180,-1,-1,49,20,57,1.0
4,6,201,329094,330616,330616,331624,331624,332226,332258,338758,338758,339358,339392,339426,342547,1522,1008,602,6500,600,319,0,600,2149,3155,3121,1549,303.4249054,13.45558112,0,20,8,210,1,-1,49,28,20,1.0
4,6,202,342550,344073,344073,345081,345081,345688,345721,353221,353221,353824,353856,353889,357000,1523,1008,607,7500,603,248,0,600,2211,3144,3111,1611,317.8773539,14.45244857,1,40,-12,200,-1,-1,49,28,40,1.0
4,6,203,357003,358527,358527,359532,359532,360138,360172,368172,368172,368772,368805,368839,371944,1524,1005,606,8000,600,270,0,600,2195,3139,3105,1595,332.8208063,14.94345233,0,20,-6,160,-1,1,51,14,20,2.0
4,6,204,371946,373468,373468,374477,374477,375085,375119,381119,381119,381742,381774,381807,384907,1522,1009,608,6000,623,266,0,600,2172,3133,3100,1572,345.7851431,12.96433688,1,7,3,210,1,1,51,10,7,2.0
4,6,205,384910,386433,386433,387443,387443,388068,388101,397101,397101,397730,397763,397796,400869,1523,1010,625,9000,629,326,0,600,2087,3106,3073,1487,361.7463478,15.96120463,1,10,-3,180,-1,-1,49,7,10,1.0
4,6,206,400872,402392,402392,403394,403394,404000,404033,411033,411033,411662,411695,411728,414829,1520,1002,606,7000,629,362,0,600,2081,3134,3101,1481,375.7065543,13.96020656,1,10,4,160,1,1,51,14,10,2.0
4,6,207,414832,416356,416356,417364,417364,417968,418000,426500,426500,427102,427135,427170,430272,1524,1008,604,8500,602,301,0,600,2161,3137,3102,1561,391.1487524,15.4421981,1,28,-8,210,-1,-1,49,20,28,1.0
4,6,208,430274,431796,431796,432800,432800,433422,433454,439954,439954,440570,440602,440635,443705,1522,1004,622,6500,616,334,0,600,2102,3103,3070,1502,404.5825175,13.43376509,1,4,1,200,1,1,51,5,4,2.0
4,6,209,443708,445229,445229,446235,446235,446836,446868,455368,455368,455970,456003,456036,459148,1521,1006,601,8500,602,308,0,600,2162,3145,3112,1562,420.0246511,15.44213362,1,14,-7,200,-1,-1,49,7,14,1.0
4,6,210,459151,460671,460671,461672,461672,462281,462313,469813,469813,470445,470479,470512,473595,1520,1001,609,7500,632,215,0,600,2223,3116,3083,1623,434.4726301,14.44797893,1,10,18,170,1,1,51,28,10,2.0
4,6,211,473598,475123,475123,476128,476128,476731,476763,484763,484763,485386,485419,485453,488560,1525,1005,603,8000,623,368,0,600,2076,3141,3107,1476,449.4364486,14.96381856,0,7,3,180,1,-1,49,10,7,1.0
4,6,212,488562,490084,490084,491091,491091,491693,491725,500725,500725,501351,501383,501416,504501,1522,1007,602,9000,626,214,0,600,2229,3118,3085,1629,465.3780003,15.94155171,1,7,3,180,1,1,51,10,7,2.0
4,6,213,504503,506026,506026,507028,507028,507633,507665,514166,514166,514798,514830,514863,517950,1523,1002,605,6501,632,640,0,600,1797,3120,3087,1197,478.8269574,13.44895711,1,10,4,200,1,1,51,14,10,2.0
4,6,214,517953,519477,519477,520480,520480,521086,521118,528118,528118,528751,528784,528817,531911,1524,1003,606,7000,633,226,0,600,2208,3127,3094,1608,492.7876187,13.9606613,1,10,10,170,1,1,51,20,10,2.0
4,6,215,531913,533440,533440,534448,534448,535052,535085,541085,541085,541707,541740,541774,544857,1527,1008,604,6000,622,273,0,600,2166,3117,3083,1566,505.7346186,12.94699984,1,7,13,200,1,1,51,20,7,2.0
4,6,216,544860,546386,546386,547393,547393,548020,548053,555053,555053,555653,555686,555720,558792,1526,1007,627,7000,600,300,0,600,2140,3106,3072,1540,519.6689077,13.93428914,1,20,-10,180,-1,-1,49,10,20,1.0
5,1,1,94204,95729,95729,96743,96743,97347,97379,105379,105379,105983,106015,106053,109167,1525,1014,604,8000,604,854,0,600,1599,3152,3114,999,14.97569185,14.97569185,1,10,10,190,1,1,51,20,10,2.0
5,1,2,109172,110692,110692,111695,111695,112302,112336,121336,121336,121952,121984,122017,125123,1520,1003,607,9000,616,1307,0,600,1147,3139,3106,547,30.93004445,15.9543526,1,2,5,190,1,1,51,7,2,2.0
5,1,3,125126,126643,126643,127650,127650,128256,128288,134288,134288,134888,134921,134956,138091,1517,1007,606,6000,600,1172,0,600,1298,3170,3135,698,43.89740245,12.967358,1,20,8,170,1,1,51,28,20,2.0
5,1,4,138094,139616,139616,140619,140619,141224,141256,148756,148756,149357,149389,149423,152537,1522,1003,605,7500,601,569,0,600,1900,3148,3114,1300,58.34301362,14.44561117,1,28,-14,150,-1,-1,49,14,28,1.0
5,1,5,152540,154059,154059,155067,155067,155672,155705,162205,162205,162818,162850,162884,165987,1519,1008,605,6500,613,885,0,600,1570,3137,3103,970,71.79293863,13.44992501,1,2,5,160,1,1,51,7,2,2.0
5,1,6,165990,167510,167510,168513,168513,169142,169174,176174,176174,176789,176822,176855,179945,1520,1003,629,7000,615,1196,0,600,1237,3123,3090,637,85.75118378,13.95824515,1,6,-1,180,-1,-1,49,5,6,1.0
5,1,7,179948,181473,181473,182479,182479,183083,183115,191615,191615,192248,192281,192314,195391,1525,1006,604,8500,633,500,0,600,1932,3110,3077,1332,101.1970987,15.44591494,1,28,-8,200,-1,-1,49,20,28,1.0
5,1,8,195393,196912,196912,197913,197913,198523,198557,206057,206057,206677,206709,206742,209833,1519,1001,610,7500,620,907,0,600,1543,3124,3091,943,115.6393968,14.44229812,1,4,1,210,1,1,51,5,4,2.0
5,1,9,209836,211358,211358,212361,212361,212966,212998,221498,221498,222122,222155,222188,225294,1522,1003,605,8500,624,625,0,600,1821,3139,3106,1221,131.1005803,15.46118347,1,4,6,160,1,1,51,10,4,2.0
5,1,10,225297,226819,226819,227827,227827,228429,228462,234962,234962,235563,235596,235629,238745,1522,1008,602,6500,601,638,0,600,1829,3149,3116,1229,144.551036,13.45045569,1,10,-5,210,-1,-1,49,5,10,1.0
5,1,11,238748,240268,240268,241269,241269,241873,241905,248905,248905,249523,249555,249589,252683,1520,1001,604,7000,618,421,0,600,2036,3128,3094,1436,158.4898055,13.93876946,1,56,-28,190,-1,-1,49,28,56,1.0
5,1,12,252686,254212,254212,255222,255222,255827,255859,264859,264859,265460,265493,265526,268643,1526,1010,605,9000,601,703,0,600,1755,3150,3117,1155,174.4488649,15.9590594,1,20,-6,210,-1,-1,49,14,20,1.0
5,1,13,268646,270168,270168,271171,271171,271779,271813,277813,277813,278445,278477,278511,281606,1522,1003,608,6000,632,422,0,600,2013,3129,3095,1413,187.4124662,12.96360136,0,21,-1,210,-1,1,51,20,21,2.0
5,1,14,281609,283126,283126,284131,284131,284738,284770,292770,292770,293371,293403,293437,296541,1517,1005,607,8000,601,495,0,600,1975,3138,3104,1375,202.3475496,14.93508334,1,20,8,170,1,1,51,28,20,2.0
5,1,15,296544,298070,298070,299078,299078,299683,299716,307216,307216,307816,307850,307885,310993,1526,1008,605,7500,600,633,0,600,1828,3143,3108,1228,216.7996973,14.45214777,1,10,18,190,1,1,51,28,10,2.0
5,1,16,310996,312518,312518,313520,313520,314126,314159,320659,320659,321279,321311,321344,324449,1522,1002,606,6500,620,374,0,600,2076,3138,3105,1476,230.2553088,13.4556115,1,4,6,160,1,1,51,10,4,2.0
5,1,17,324452,325975,325975,326983,326983,327590,327622,336122,336122,336753,336786,336821,339913,1523,1008,607,8500,631,745,0,600,1686,3127,3092,1086,245.7195179,15.46420903,0,14,6,150,1,-1,49,20,14,1.0
5,1,18,339916,341444,341444,342451,342451,343056,343089,349089,349089,349710,349743,349776,352861,1528,1007,605,6000,621,447,0,600,1992,3118,3085,1392,258.6667742,12.9472564,1,4,3,200,1,1,51,7,4,2.0
5,1,19,352864,354388,354388,355391,355391,355996,356028,365028,365028,365650,365682,365715,368824,1524,1003,605,9000,622,300,0,600,2146,3142,3109,1546,274.6305028,15.96372853,1,5,5,150,1,1,51,10,5,2.0
5,1,20,368827,370357,370357,371364,371364,371971,372004,380004,380004,380623,380655,380688,383781,1530,1007,607,8000,619,515,0,600,1922,3126,3093,1322,289.5867488,14.95624599,1,7,3,190,1,1,51,10,7,2.0
5,1,21,383784,385305,385305,386309,386309,386916,386949,393949,393949,394553,394585,394618,397725,1521,1004,607,7000,604,1176,0,600,1288,3140,3107,688,303.5312749,13.94452616,1,15,-1,160,-1,-1,49,14,15,1.0
5,1,22,397728,399252,399252,400260,400260,400868,400901,407401,407401,408035,408067,408102,411193,1524,1008,608,6500,634,480,0,600,1946,3126,3091,1346,316.9985794,13.46730451,1,20,8,170,1,1,51,28,20,2.0
5,1,23,411196,412716,412716,413719,413719,414323,414357,420357,420357,420982,421014,421048,424135,1520,1003,604,6000,625,543,0,600,1905,3121,3087,1305,329.9410676,12.94248813,1,5,2,150,1,1,51,7,5,2.0
5,1,24,424138,425658,425658,426664,426664,427270,427302,434302,434302,434935,434967,435000,438080,1520,1006,606,7000,633,700,0,600,1735,3113,3080,1135,343.8862031,13.94513549,1,28,-14,180,-1,-1,49,14,28,1.0
5,1,25,438083,439608,439608,440611,440611,441215,441248,449748,449748,450362,450394,450428,453525,1525,1003,604,8500,614,749,0,600,1705,3131,3097,1105,359.330481,15.444278,1,2,5,190,1,1,51,7,2,2.0
5,1,26,453528,455050,455050,456054,456054,456660,456692,464692,464692,465325,465357,465391,468487,1522,1004,606,8000,633,553,0,600,1882,3130,3096,1282,374.2930554,14.96257435,1,28,-8,190,-1,-1,49,20,28,1.0
5,1,27,468490,470017,470017,471020,471020,471623,471655,479155,479155,479768,479800,479834,482927,1527,1003,603,7500,613,515,0,600,1939,3127,3093,1339,388.7328204,14.43976497,1,5,2,190,1,1,51,7,5,2.0
5,1,28,482930,484456,484456,485460,485460,486090,486122,495122,495122,495734,495767,495800,498876,1526,1004,630,9000,612,539,0,600,1889,3109,3076,1289,404.6823408,15.94952045,1,2,3,170,1,1,51,5,2,2.0
5,1,29,498879,500405,500405,501408,501408,502012,502044,509044,509044,509659,509693,509727,512841,1526,1003,604,7000,615,600,0,600,1852,3148,3114,1252,418.6471238,13.96478295,1,57,-37,180,-1,-1,49,20,57,1.0
5,1,30,512844,514368,514368,515374,515374,515974,516006,524506,524506,525138,525171,525205,528288,1524,1006,600,8500,632,739,0,600,1699,3117,3083,1099,434.0934076,15.44628379,1,6,-1,190,-1,-1,49,5,6,1.0
5,1,31,528291,529812,529812,530813,530813,531432,531464,539464,539464,540079,540111,540145,543238,1521,1001,619,8000,615,1033,0,600,1411,3127,3093,811,449.0436464,14.95023887,1,3,2,210,1,1,51,5,3,2.0
5,1,32,543241,544764,544764,545770,545770,546378,546412,552912,552912,553515,553547,553580,556694,1523,1006,608,6500,603,571,0,600,1889,3147,3114,1289,462.4998067,13.45616026,1,14,-4,210,-1,-1,49,10,14,1.0
5,1,33,556697,558222,558222,559227,559227,559834,559866,567366,567366,567985,568017,568051,571143,1525,1005,607,7500,619,554,0,600,1890,3126,3092,1290,476.9488801,14.44907339,1,4,6,160,1,1,51,10,4,2.0
5,1,34,571146,572668,572668,573671,573671,574277,574309,580309,580309,580941,580973,581008,584108,1522,1003,606,6000,632,488,0,600,1949,3135,3100,1349,489.9138896,12.96500957,1,20,8,200,1,1,51,28,20,2.0
5,1,35,584111,585636,585636,586643,586643,587248,587281,596281,596281,596914,596947,596980,600058,1525,1007,605,9000,633,1671,0,600,759,3111,3078,159,505.8638986,15.95000894,0,15,-1,180,-1,1,51,14,15,2.0
5,1,36,600061,601582,601582,602587,602587,603194,603227,610227,610227,610854,610886,610920,614012,1521,1005,607,7000,627,514,0,600,1926,3126,3092,1326,519.8177597,13.9538611,1,5,9,210,1,1,51,14,5,2.0
5,2,37,40071,41592,41592,42609,42609,43220,43252,51252,51252,51854,51887,51922,55017,1521,1017,611,8000,602,451,0,600,1998,3130,3095,1398,14.95868994,14.95868994,1,28,-18,200,-1,-1,49,10,28,1.0
5,2,38,55022,56549,56549,57553,57553,58159,58192,67192,67192,67794,67827,67860,70960,1527,1004,606,9000,602,560,0,600,1901,3133,3100,1301,30.89913913,15.94044919,1,7,13,190,1,1,51,20,7,2.0
5,2,39,70963,72491,72491,73493,73493,74099,74132,82632,82632,83261,83293,83326,86397,1528,1002,606,8500,629,565,0,600,1870,3104,3071,1270,46.33651951,15.43738038,1,10,10,150,1,1,51,20,10,2.0
5,2,40,86400,87920,87920,88925,88925,89554,89587,97087,97087,97702,97734,97768,100835,1520,1005,629,7500,615,686,0,600,1745,3101,3067,1145,60.77417955,14.43766004,1,4,1,200,1,1,51,5,4,2.0
5,2,41,100838,102357,102357,103360,103360,103966,103999,110499,110499,111100,111134,111168,114295,1519,1003,606,6500,601,908,0,600,1563,3161,3127,963,74.23449814,13.46031859,0,13,1,170,1,-1,49,14,13,1.0
5,2,42,114298,115816,115816,116816,116816,117447,117479,124479,124479,125083,125115,125149,128250,1518,1000,631,7000,604,458,0,600,1989,3135,3101,1389,88.18939047,13.95489232,1,14,-9,170,-1,-1,49,5,14,1.0
5,2,43,128252,129777,129777,130783,130783,131393,131425,137425,137425,138026,138058,138092,141189,1525,1006,610,6000,601,465,0,600,1993,3131,3097,1393,101.1288461,12.93945563,1,14,14,190,1,1,51,28,14,2.0
5,2,44,141192,142713,142713,143719,143719,144349,144382,153382,153382,154015,154049,154083,157134,1521,1006,630,9000,633,408,0,600,2002,3085,3051,1402,117.073472,15.94462591,1,14,-9,160,-1,-1,49,5,14,1.0
5,2,45,157137,158659,158659,159666,159666,160269,160302,168302,168302,168913,168947,168981,172073,1522,1007,603,8000,611,609,0,600,1848,3126,3092,1248,132.0125705,14.93909853,1,40,-26,180,-1,-1,49,14,40,1.0
5,2,46,172076,173605,173605,174610,174610,175215,175248,182748,182748,183371,183403,183437,186524,1529,1005,605,7500,623,1872,0,600,566,3121,3087,-34,146.4636473,14.45107677,0,9,1,180,1,-1,49,10,9,1.0
5,2,47,186527,188048,188048,189051,189051,189658,189690,195690,195690,196312,196344,196378,199478,1521,1003,607,6000,622,782,0,600,1665,3134,3100,1065,159.417481,12.95383368,1,5,2,190,1,1,51,7,5,2.0
5,2,48,199481,201007,201007,202014,202014,202621,202655,211155,211155,211787,211819,211852,214938,1526,1007,607,8500,632,645,0,600,1783,3119,3086,1183,174.8770495,15.45956853,1,28,-14,180,-1,-1,49,14,28,1.0
5,2,49,214941,216461,216461,217467,217467,218073,218105,224605,224605,225226,225259,225293,228391,1520,1006,606,6500,621,518,0,600,1929,3132,3098,1329,188.3301707,13.45312113,1,4,3,160,1,1,51,7,4,2.0
5,2,50,228394,229920,229920,230923,230923,231550,231583,238583,238583,239202,239234,239267,242354,1526,1003,627,7000,619,385,0,600,2040,3120,3087,1440,202.2924952,13.96232453,1,2,3,210,1,1,51,5,2,2.0
5,2,51,242356,243874,243874,244882,244882,245483,245515,254515,254515,255147,255179,255213,258291,1518,1008,601,9000,632,633,0,600,1808,3112,3078,1208,218.2312987,15.93880351,1,7,7,160,1,1,51,14,7,2.0
5,2,52,258295,259815,259815,260820,260820,261423,261456,267956,267956,268556,268590,268625,271757,1520,1005,603,6500,600,620,0,600,1852,3167,3132,1252,231.6963169,13.46501816,1,10,4,170,1,1,51,14,10,2.0
5,2,53,271760,273286,273286,274296,274296,274904,274937,280937,280937,281538,281572,281605,284702,1526,1010,608,6000,601,2400,0,600,55,3130,3097,-545,244.6410296,12.9447127,0,27,1,150,1,-1,49,28,27,1.0
5,2,54,284705,286228,286228,287236,287236,287866,287899,294899,294899,295516,295549,295582,298647,1523,1008,630,7000,617,351,0,600,2071,3098,3065,1471,258.5861949,13.94516533,1,3,2,170,1,1,51,5,3,2.0
5,2,55,298650,300178,300178,301183,301183,301789,301823,309323,309323,309954,309986,310020,313095,1528,1005,606,7500,631,403,0,600,2027,3109,3075,1427,273.0343522,14.44815729,1,14,14,160,1,1,51,28,14,2.0
5,2,56,313098,314619,314619,315625,315625,316229,316261,324761,324761,325365,325398,325433,328558,1521,1006,604,8500,604,582,0,600,1883,3160,3125,1283,288.496594,15.46224181,0,28,-8,200,-1,1,51,20,28,2.0
5,2,57,328560,330080,330080,331082,331082,331687,331719,339719,339719,340352,340384,340418,343501,1520,1002,605,8000,633,669,0,600,1771,3117,3083,1171,303.4403044,14.9437104,1,10,-3,180,-1,-1,49,7,10,1.0
5,2,58,343504,345033,345033,346039,346039,346645,346677,354677,354677,355309,355342,355377,358450,1529,1006,606,8000,632,792,0,600,1635,3108,3073,1035,318.389512,14.94920764,1,10,-3,160,-1,-1,49,7,10,1.0
5,2,59,358453,359976,359976,360981,360981,361585,361617,368617,368617,369235,369267,369300,372397,1523,1005,604,7000,618,424,0,600,2026,3130,3097,1426,332.3353069,13.94579485,1,2,5,160,1,1,51,7,2,2.0
5,2,60,372400,373919,373919,374924,374924,375529,375561,382061,382061,382664,382697,382730,385855,1519,1005,605,6500,603,617,0,600,1851,3158,3125,1251,345.7942866,13.45897969,1,28,-18,210,-1,-1,49,10,28,1.0
5,2,61,385858,387379,387379,388382,388382,389012,389044,395044,395044,395644,395676,395710,398789,1521,1003,630,6000,600,602,0,600,1844,3113,3079,1244,358.7278897,12.9336031,1,20,-10,170,-1,-1,49,10,20,1.0
5,2,62,398792,400313,400313,401317,401317,401923,401955,409455,409455,410055,410088,410123,413249,1521,1004,606,7500,600,1647,0,600,822,3161,3126,222,373.1878216,14.45993196,1,14,-4,160,-1,-1,49,10,14,1.0
5,2,63,413252,414776,414776,415785,415785,416393,416425,424925,424925,425526,425558,425592,428702,1524,1009,608,8500,601,571,0,600,1887,3144,3110,1287,388.6408403,15.45301868,1,28,-8,180,-1,-1,49,20,28,1.0
5,2,64,428705,430227,430227,431232,431232,431838,431870,440870,440870,441475,441507,441540,444663,1522,1005,606,9000,605,454,0,600,2008,3156,3123,1408,404.6019832,15.96114294,1,57,-37,150,-1,-1,49,20,57,1.0
5,2,65,444666,446192,446192,447197,447197,447802,447834,454834,454834,455448,455480,455513,458619,1526,1005,605,7000,614,398,0,600,2052,3139,3106,1452,418.5579351,13.95595187,1,2,5,200,1,1,51,7,2,2.0
5,2,66,458622,460148,460148,461153,461153,461757,461789,470289,470289,470891,470923,470957,474062,1526,1005,604,8500,602,1857,0,600,606,3139,3105,6,434.0007633,15.4428282,0,27,1,190,1,-1,49,28,27,1.0
5,2,67,474065,475587,475587,476590,476590,477197,477230,485230,485230,485830,485862,485895,489017,1522,1003,607,8000,600,418,0,600,2050,3155,3122,1450,448.9558829,14.95511954,1,20,8,200,1,1,51,28,20,2.0
5,2,68,489020,490545,490545,491548,491548,492152,492184,501184,501184,501801,501834,501868,504979,1525,1003,604,9000,617,406,0,600,2045,3145,3111,1445,464.9172181,15.9613352,1,3,2,150,1,1,51,5,3,2.0
5,2,69,504982,506503,506503,507506,507506,508113,508145,514145,514145,514767,514799,514833,517919,1521,1003,607,6000,622,415,0,600,2032,3120,3086,1432,477.8570489,12.93983082,1,5,5,190,1,1,51,10,5,2.0
5,2,70,517922,519443,519443,520448,520448,521049,521082,528582,528582,529214,529246,529281,532378,1521,1005,601,7500,632,392,0,600,2049,3132,3097,1449,492.3169733,14.45992443,1,14,6,210,1,1,51,20,14,2.0
5,2,71,532381,533907,533907,534914,534914,535519,535552,542052,542052,542665,542697,542730,545822,1526,1007,605,6500,613,550,0,600,1899,3125,3092,1299,505.7608162,13.44384285,1,40,-26,180,-1,-1,49,14,40,1.0
5,2,72,545825,547347,547347,548353,548353,548956,548988,556988,556988,557588,557622,557655,560784,1522,1006,603,8000,600,525,0,600,1944,3162,3129,1344,520.7226835,14.96186739,1,14,14,210,1,1,51,28,14,2.0
5,3,73,39463,40987,40987,42001,42001,42621,42654,49154,49154,49756,49789,49825,52925,1524,1014,620,6500,602,512,0,600,1928,3136,3100,1328,13.47456193,13.47456193,1,14,-7,190,-1,-1,49,7,14,1.0
5,3,74,52930,54447,54447,55454,55454,56054,56086,62086,62086,62690,62723,62756,65863,1517,1007,600,6000,604,1373,0,600,1099,3140,3107,499,26.41164202,12.93708009,1,40,-12,150,-1,-1,49,28,40,1.0
5,3,75,65866,67387,67387,68393,68393,68994,69026,76026,76026,76646,76679,76712,79801,1521,1006,601,7000,620,314,0,600,2138,3122,3089,1538,40.34912592,13.9374839,1,4,3,160,1,1,51,7,4,2.0
5,3,76,79804,81323,81323,82327,82327,82931,82964,91964,91964,92595,92628,92661,95758,1519,1004,604,9000,631,1075,0,600,1367,3130,3097,767,56.30639891,15.95727299,1,7,3,170,1,1,51,10,7,2.0
5,3,77,95761,97284,97284,98294,98294,98900,98933,106933,106933,107533,107566,107600,110706,1523,1010,606,8000,600,467,0,600,1994,3140,3106,1394,71.25373456,14.94733565,1,14,-9,170,-1,-1,49,5,14,1.0
5,3,78,110709,112231,112231,113233,113233,113838,113870,122370,122370,122995,123028,123061,126170,1522,1002,605,8500,625,857,0,600,1589,3142,3109,989,86.71830733,15.46457276,1,5,5,200,1,1,51,10,5,2.0
5,3,79,126172,127695,127695,128698,128698,129300,129333,136833,136833,137433,137465,137499,140618,1523,1003,602,7500,600,613,0,600,1859,3153,3119,1259,101.1655271,14.44721978,1,15,-1,210,-1,-1,49,14,15,1.0
5,3,80,140620,142146,142146,143152,143152,143757,143790,151790,151790,152390,152422,152455,155564,1526,1006,605,8000,600,405,0,600,2058,3142,3109,1458,116.1118071,14.94628002,1,14,-4,200,-1,-1,49,10,14,1.0
5,3,81,155567,157087,157087,158089,158089,158692,158724,165724,165724,166328,166361,166394,169530,1520,1002,603,7000,604,522,0,600,1949,3169,3136,1349,130.0780559,13.96624872,1,40,-12,160,-1,-1,49,28,40,1.0
5,3,82,169533,171059,171059,172067,172067,172673,172707,178707,178707,179307,179340,179373,182485,1526,1008,606,6000,600,701,0,600,1759,3145,3112,1159,143.0329087,12.95485285,1,7,13,180,1,1,51,20,7,2.0
5,3,83,182488,184008,184008,185009,185009,185613,185646,194646,194646,195262,195295,195330,198434,1520,1001,604,9000,616,337,0,600,2122,3139,3104,1522,158.9815112,15.94860253,1,79,-51,210,-1,-1,49,28,79,1.0
5,3,84,198437,199960,199960,200963,200963,201568,201601,210101,210101,210734,210766,210800,213895,1523,1003,605,8500,633,1361,0,600,1075,3129,3095,475,174.4432242,15.46171294,1,20,-10,160,-1,-1,49,10,20,1.0
5,3,85,213898,215420,215420,216427,216427,217058,217090,224590,224590,225191,225223,225258,228339,1522,1007,631,7500,601,771,0,600,1668,3116,3081,1068,188.8868612,14.44363703,1,14,-9,150,-1,-1,49,5,14,1.0
5,3,86,228342,229863,229863,230864,230864,231493,231525,238025,238025,238658,238690,238723,241779,1521,1001,629,6500,633,408,0,600,2008,3089,3056,1408,202.3266367,13.43977552,0,10,-5,170,-1,1,51,5,10,2.0
5,3,87,241782,243301,243301,244310,244310,244941,244974,250974,250974,251606,251639,251672,254732,1519,1009,631,6000,632,391,0,600,2018,3093,3060,1418,215.2799988,12.95336206,0,14,-9,170,-1,1,51,5,14,2.0
5,3,88,254735,256257,256257,257261,257261,257863,257897,266397,266397,267014,267047,267081,270173,1522,1004,602,8500,617,868,0,600,1587,3126,3092,987,230.7207386,15.44073984,1,2,5,180,1,1,51,7,2,2.0
5,3,89,270176,271705,271705,272710,272710,273319,273351,280351,280351,280951,280983,281017,284110,1529,1005,609,7000,600,524,0,600,1933,3127,3093,1333,244.6573242,13.93658557,1,28,-8,180,-1,-1,49,20,28,1.0
5,3,90,284113,285637,285637,286642,286642,287248,287281,296281,296281,296914,296946,296980,300046,1524,1005,606,9000,633,974,0,600,1458,3100,3066,858,260.593929,15.93660486,1,7,13,170,1,1,51,20,7,2.0
5,3,91,300049,301576,301576,302578,302578,303182,303214,311214,311214,311848,311880,311913,315001,1527,1002,604,8000,634,743,0,600,1690,3121,3088,1090,275.548806,14.95487695,1,28,-14,200,-1,-1,49,14,28,1.0
5,3,92,315004,316526,316526,317535,317535,318141,318174,324674,324674,325306,325339,325372,328441,1522,1009,606,6500,632,533,0,600,1898,3102,3069,1298,288.9888784,13.44007235,1,10,4,180,1,1,51,14,10,2.0
5,3,93,328444,329966,329966,330968,330968,331599,331631,339131,339131,339750,339782,339816,342878,1522,1002,631,7500,619,392,0,600,2034,3096,3062,1434,303.4256325,14.43675418,1,3,2,150,1,1,51,5,3,2.0
5,3,94,342881,344402,344402,345408,345408,346013,346046,353546,353546,354167,354199,354232,357332,1521,1006,605,7500,621,1236,0,600,1211,3133,3100,611,317.8798828,14.4542503,1,4,3,150,1,1,51,7,4,2.0
5,3,95,357335,358857,358857,359860,359860,360464,360497,366997,366997,367629,367662,367697,370783,1522,1003,604,6500,632,640,0,600,1799,3121,3086,1199,331.3306061,13.45072329,1,28,-14,190,-1,-1,49,14,28,1.0
5,3,96,370786,372304,372304,373308,373308,373913,373946,381946,381946,382549,382581,382615,385737,1518,1004,605,8000,603,1229,0,600,1241,3156,3122,641,346.2845905,14.95398435,1,15,-1,170,-1,-1,49,14,15,1.0
5,3,97,385740,387261,387261,388266,388266,388892,388924,395924,395924,396556,396589,396623,399686,1521,1005,626,7000,632,552,0,600,1864,3097,3063,1264,360.2330604,13.94846994,1,20,-6,170,-1,-1,49,14,20,1.0
5,3,98,399689,401212,401212,402216,402216,402839,402871,408871,408871,409503,409536,409570,412629,1523,1004,623,6000,632,413,0,600,2005,3093,3059,1405,373.1766394,12.94357902,1,7,3,170,1,1,51,10,7,2.0
5,3,99,412632,414159,414159,415166,415166,415771,415803,424803,424803,425435,425468,425501,428586,1527,1007,605,9000,632,1614,0,600,815,3118,3085,215,389.1338738,15.95723442,1,10,10,180,1,1,51,20,10,2.0
5,3,100,428589,430114,430114,431121,431121,431728,431760,440260,440260,440863,440896,440930,444043,1525,1007,607,8500,603,1738,0,600,720,3147,3113,120,404.5898123,15.45593846,1,14,14,210,1,1,51,28,14,2.0
5,3,101,444045,445564,445564,446566,446566,447170,447202,453702,453702,454318,454351,454386,457479,1519,1002,604,6500,616,254,0,600,2205,3128,3093,1605,418.0260768,13.43626448,1,79,-51,200,-1,-1,49,28,79,1.0
5,3,102,457481,459008,459008,460012,460012,460613,460645,468145,468145,468747,468780,468813,471923,1527,1004,601,7500,602,893,0,600,1573,3143,3110,973,432.4704184,14.44434158,1,14,-9,190,-1,-1,49,5,14,1.0
5,3,103,471926,473445,473445,474450,474450,475069,475101,482101,482101,482701,482733,482767,485862,1519,1005,619,7000,600,1201,0,600,1256,3129,3095,656,446.4093183,13.93889994,0,11,-1,210,-1,1,51,10,11,2.0
5,3,104,485865,487386,487386,488391,488391,488996,489028,497528,497528,498141,498174,498207,501315,1521,1005,605,8500,613,1698,0,600,758,3141,3108,158,461.8625943,15.45327603,1,4,3,160,1,1,51,7,4,2.0
5,3,105,501318,502842,502842,503845,503845,504451,504483,510483,510483,511115,511148,511182,514272,1524,1003,606,6000,632,356,0,600,2079,3124,3090,1479,474.8187876,12.95619325,1,10,18,210,1,1,51,28,10,2.0
5,3,106,514273,515792,515792,516792,516792,517399,517431,525431,525431,526034,526066,526100,529204,1519,1000,607,8000,603,174,0,600,2297,3138,3104,1697,489.7516548,14.9328672,1,40,-20,200,-1,-1,49,20,40,1.0
5,3,107,529207,530733,530733,531740,531740,532348,532380,541380,541380,541980,542012,542045,545139,1526,1007,608,9000,600,549,0,600,1910,3127,3094,1310,505.6857066,15.93405181,1,14,6,180,1,1,51,20,14,2.0
5,3,108,545141,546661,546661,547664,547664,548290,548323,555823,555823,556440,556473,556506,559579,1520,1003,626,7500,617,819,0,600,1615,3106,3073,1015,520.1261852,14.44047857,1,2,5,160,1,1,51,7,2,2.0
5,4,109,39510,41038,41038,42059,42059,42674,42707,48707,48707,49308,49340,49376,52460,1528,1021,615,6000,601,595,0,600,1840,3120,3084,1240,12.96205091,12.96205091,1,10,-3,150,-1,-1,49,7,10,1.0
5,4,110,52464,53991,53991,54992,54992,55600,55633,62633,62633,63247,63280,63314,66428,1527,1001,608,7000,614,832,0,600,1618,3148,3114,1018,26.92803414,13.96598323,1,40,-12,210,-1,-1,49,28,40,1.0
5,4,111,66431,67948,67948,68953,68953,69558,69591,76091,76091,76695,76727,76761,79892,1517,1005,605,6500,604,1725,0,600,744,3165,3131,144,40.39205031,13.46401617,1,10,10,170,1,1,51,20,10,2.0
5,4,112,79894,81416,81416,82418,82418,83022,83056,92056,92056,92689,92721,92754,95843,1522,1002,604,9000,633,512,0,600,1927,3122,3089,1327,56.34404484,15.95199453,1,10,-3,170,-1,-1,49,7,10,1.0
5,4,113,95846,97369,97369,98372,98372,98978,99010,107010,107010,107610,107642,107676,110797,1523,1003,606,8000,600,383,0,600,2085,3155,3121,1485,71.2976275,14.95358265,1,10,18,200,1,1,51,28,10,2.0
5,4,114,110800,112327,112327,113334,113334,113939,113973,121473,121473,122089,122122,122155,125249,1527,1007,605,7500,616,424,0,600,2021,3127,3094,1421,85.74908096,14.45145346,1,4,6,160,1,1,51,10,4,2.0
5,4,115,125252,126779,126779,127787,127787,128413,128447,136947,136947,137564,137596,137629,140695,1527,1008,626,8500,617,555,0,600,1867,3099,3066,1267,101.1952801,15.44619911,1,2,3,180,1,1,51,5,2,2.0
5,4,116,140697,142215,142215,143219,143219,143852,143885,149885,149885,150485,150517,150551,153635,1518,1004,633,6000,600,1127,0,600,1318,3118,3084,718,114.1357051,12.94042508,1,11,-1,200,-1,-1,49,10,11,1.0
5,4,117,153638,155165,155165,156169,156169,156799,156832,164832,164832,165448,165480,165514,168589,1527,1004,630,8000,616,567,0,600,1856,3109,3075,1256,129.089635,14.95392981,1,3,2,170,1,1,51,5,3,2.0
5,4,118,168592,170112,170112,171118,171118,171722,171756,178756,178756,179377,179409,179443,182525,1520,1006,604,7000,621,475,0,600,1974,3116,3082,1374,143.0258167,13.93618176,1,4,6,150,1,1,51,10,4,2.0
5,4,119,182528,184056,184056,185063,185063,185668,185701,194701,194701,195334,195367,195400,198472,1528,1007,605,9000,633,1924,0,600,503,3105,3072,-97,158.9724581,15.94664134,1,7,3,210,1,1,51,10,7,2.0
5,4,120,198475,199996,199996,200999,200999,201606,201638,210138,210138,210742,210774,210808,213910,1521,1003,607,8500,604,561,0,600,1904,3136,3102,1304,174.4104833,15.43802527,1,15,-1,170,-1,-1,49,14,15,1.0
5,4,121,213913,215438,215438,216440,216440,217045,217077,223577,223577,224210,224243,224277,227357,1525,1002,605,6500,633,1736,0,600,699,3114,3080,99,187.8575087,13.44702541,0,8,-1,170,-1,1,51,7,8,2.0
5,4,122,227360,228888,228888,229896,229896,230503,230535,238035,238035,238666,238698,238731,241805,1528,1008,607,7500,631,497,0,600,1929,3107,3074,1329,202.3055175,14.44800872,1,7,7,150,1,1,51,14,7,2.0
5,4,123,241808,243327,243327,244330,244330,244936,244970,250970,250970,251571,251604,251637,254751,1519,1003,606,6000,601,441,0,600,2030,3147,3114,1430,215.2513708,12.94585331,1,15,-1,190,-1,-1,49,14,15,1.0
5,4,124,254754,256274,256274,257279,257279,257887,257920,264920,264920,265551,265585,265619,268700,1520,1005,608,7000,631,570,0,600,1866,3115,3081,1266,229.2007149,13.94934416,1,11,-1,190,-1,-1,49,10,11,1.0
5,4,125,268703,270228,270228,271234,271234,271839,271873,278373,278373,278975,279007,279040,282162,1525,1006,605,6500,602,746,0,600,1716,3155,3122,1116,242.6626307,13.46191575,0,14,14,160,1,-1,49,28,14,1.0
5,4,126,282165,283686,283686,284691,284691,285298,285332,292832,292832,293441,293473,293507,296629,1521,1005,607,7500,609,1003,0,600,1455,3156,3122,855,257.1294491,14.46681843,1,40,-26,180,-1,-1,49,14,40,1.0
5,4,127,296632,298156,298156,299161,299161,299766,299798,308798,308798,309399,309432,309467,312548,1524,1005,605,9000,601,-1,2501,0,564,3116,3081,-36,273.0474947,15.91804557,-1,20,-13,150,-1,-2,-1,7,20,
5,4,128,312551,314069,314069,315100,315100,315717,315749,324249,324249,324881,324914,324947,327988,1518,1031,617,8500,632,816,0,600,1586,3074,3041,986,288.4881055,15.44061086,1,8,-1,210,-1,-1,49,7,8,1.0
5,4,129,327991,329515,329515,330518,330518,331126,331159,339159,339159,339760,339793,339827,342946,1524,1003,608,8000,601,937,0,600,1527,3153,3119,927,303.446097,14.95799141,1,21,-1,190,-1,-1,49,20,21,1.0
5,4,130,342949,344474,344474,345477,345477,346106,346139,354139,354139,354758,354790,354824,357909,1525,1003,629,8000,619,997,0,600,1427,3119,3085,827,318.4091601,14.96306315,1,4,1,180,1,1,51,5,4,2.0
5,4,131,357912,359434,359434,360437,360437,361043,361075,367575,367575,368192,368224,368257,371358,1522,1003,606,6500,617,1368,0,600,1084,3134,3101,484,331.8579481,13.44878801,1,10,4,170,1,1,51,14,10,2.0
5,4,132,371361,372877,372877,373882,373882,374488,374521,381521,381521,382121,382154,382188,385299,1516,1005,606,7000,600,1445,0,600,1028,3145,3111,428,345.7991989,13.94125078,1,29,-1,150,-1,-1,49,28,29,1.0
5,4,133,385302,386825,386825,387831,387831,388457,388489,394489,394489,395111,395143,395176,398237,1523,1006,626,6000,622,516,0,600,1907,3094,3061,1307,358.7363962,12.93719731,1,10,-5,190,-1,-1,49,5,10,1.0
5,4,134,398240,399771,399771,400777,400777,401396,401428,408928,408928,409530,409562,409596,412690,1531,1006,619,7500,602,583,0,600,1859,3128,3094,1259,373.1893242,14.45292797,1,7,3,190,1,1,51,10,7,2.0
5,4,135,412692,414213,414213,415216,415216,415821,415854,424354,424354,424963,424995,425029,428145,1521,1003,605,8500,609,637,0,600,1825,3150,3116,1225,388.6446581,15.45533395,1,79,-51,210,-1,-1,49,28,79,1.0
5,4,136,428148,429668,429668,430671,430671,431276,431308,440308,440308,440940,440973,441006,444092,1520,1003,605,9000,632,541,0,600,1899,3119,3086,1299,404.5913061,15.94664797,0,10,-3,150,-1,1,51,7,10,2.0
5,4,137,444095,445619,445619,446622,446622,447226,447259,455759,455759,456390,456423,456456,459526,1524,1003,604,8500,631,402,0,600,2036,3103,3070,1436,420.0262669,15.43496084,1,7,13,180,1,1,51,20,7,2.0
5,4,138,459529,461050,461050,462053,462053,462680,462714,468714,468714,469335,469368,469401,472488,1521,1003,627,6000,621,995,0,600,1433,3120,3087,833,432.9872399,12.96097298,1,4,1,150,1,1,51,5,4,2.0
5,4,139,472490,474017,474017,475022,475022,475628,475660,482160,482160,482761,482794,482828,485930,1527,1005,606,6500,601,1532,0,600,929,3136,3102,329,446.4298728,13.44263293,1,14,6,210,1,1,51,20,14,2.0
5,4,140,485933,487459,487459,488466,488466,489072,489104,497104,497104,497704,497736,497770,500866,1526,1007,606,8000,600,557,0,600,1904,3130,3096,1304,461.365853,14.93598016,1,40,-26,200,-1,-1,49,14,40,1.0
5,4,141,500869,502391,502391,503398,503398,504005,504037,511037,511037,511669,511701,511734,514826,1522,1007,607,7000,632,1034,0,600,1398,3125,3092,798,475.3260458,13.96019278,1,10,18,150,1,1,51,28,10,2.0
5,4,142,514830,516350,516350,517355,517355,517981,518014,525514,525514,526130,526163,526197,529273,1520,1005,626,7500,616,825,0,600,1608,3110,3076,1008,489.7725143,14.44646852,1,2,3,190,1,1,51,5,2,2.0
5,4,143,529276,530797,530797,531800,531800,532404,532436,541436,541436,542050,542082,542116,545234,1521,1003,604,9000,614,247,0,600,2211,3152,3118,1611,505.7336253,15.961111,1,40,-20,190,-1,-1,49,20,40,1.0
5,4,144,545237,546762,546762,547764,547764,548368,548400,555900,555900,556507,556539,556573,559696,1525,1002,604,7500,607,1031,0,600,1431,3157,3123,831,520.1958641,14.4622388,1,40,-20,150,-1,-1,49,20,40,1.0
5,5,145,37461,38986,38986,40004,40004,40614,40647,49647,49647,50268,50301,50337,53422,1525,1018,610,9000,621,496,0,600,1930,3121,3085,1330,15.97298271,15.97298271,1,4,3,200,1,1,51,7,4,2.0
5,5,146,53427,54953,54953,55954,55954,56559,56592,63092,63092,63723,63755,63789,66888,1526,1001,605,6500,631,1462,0,600,975,3133,3099,375,29.43728455,13.46430185,0,13,1,200,1,-1,49,14,13,1.0
5,5,147,66891,68414,68414,69416,69416,70020,70054,77554,77554,78156,78189,78223,81326,1523,1002,604,7500,602,2051,0,600,418,3137,3103,-182,43.87484936,14.43756481,1,27,1,160,1,1,51,28,27,2.0
5,5,148,81329,82846,82846,83850,83850,84453,84486,92486,92486,93113,93147,93181,96285,1517,1004,603,8000,627,1078,0,600,1371,3138,3104,771,58.83428425,14.95943488,1,6,1,150,1,1,51,7,6,2.0
5,5,149,96288,97812,97812,98817,98817,99423,99457,106457,106457,107088,107121,107155,110243,1524,1005,606,7000,631,612,0,600,1822,3122,3088,1222,72.79199691,13.95771266,1,20,-6,170,-1,-1,49,14,20,1.0
5,5,150,110246,111773,111773,112774,112774,113375,113407,119407,119407,120038,120072,120105,123183,1527,1001,601,6000,631,662,0,600,1778,3111,3078,1178,85.73129313,12.93929622,1,7,-2,160,-1,-1,49,5,7,1.0
5,5,151,123186,124706,124706,125714,125714,126318,126351,134851,134851,135482,135515,135550,138620,1520,1008,604,8500,631,1633,0,600,804,3105,3070,204,101.169297,15.43800388,1,19,1,180,1,1,51,20,19,2.0
5,5,152,138623,140142,140142,141147,141147,141752,141785,150285,150285,150916,150948,150982,154072,1519,1005,605,8500,631,384,0,600,2056,3124,3090,1456,116.6206519,15.45135492,1,7,13,210,1,1,51,20,7,2.0
5,5,153,154075,155594,155594,156596,156596,157203,157235,164235,164235,164835,164868,164903,168038,1519,1002,607,7000,600,1372,0,600,1100,3170,3135,500,130.5869618,13.9663099,0,27,1,200,1,-1,49,28,27,1.0
5,5,154,168041,169564,169564,170566,170566,171173,171206,179206,179206,179807,179839,179874,182983,1523,1002,607,8000,601,1541,0,600,926,3144,3109,326,145.5313958,14.94443395,0,27,1,200,1,-1,49,28,27,1.0
5,5,155,182986,184510,184510,185513,185513,186118,186150,192150,192150,192768,192800,192834,195922,1524,1003,605,6000,618,675,0,600,1775,3122,3088,1175,158.470284,12.93888819,1,4,6,160,1,1,51,10,4,2.0
5,5,156,195925,197450,197450,198455,198455,199061,199093,205593,205593,206210,206243,206276,209370,1525,1005,606,6500,617,390,0,600,2057,3127,3094,1457,171.9191539,13.44886998,1,4,6,180,1,1,51,10,4,2.0
5,5,157,209373,210896,210896,211899,211899,212524,212557,220057,220057,220671,220704,220737,223826,1523,1003,625,7500,614,1552,0,600,883,3122,3089,283,186.3746651,14.45551115,1,2,3,190,1,1,51,5,2,2.0
5,5,158,223829,225356,225356,226359,226359,226964,226996,235996,235996,236597,236630,236664,239775,1527,1003,605,9000,601,630,0,600,1834,3145,3111,1234,202.3238438,15.94917871,1,14,-4,180,-1,-1,49,10,14,1.0
5,5,159,239777,241302,241302,242304,242304,242909,242942,251442,251442,252043,252076,252110,255216,1525,1002,605,8500,601,1566,0,600,901,3140,3106,301,217.7648594,15.44101558,0,19,1,200,1,-1,49,20,19,1.0
5,5,160,255219,256743,256743,257745,257745,258351,258382,266382,266382,267015,267047,267081,270160,1524,1002,606,8000,633,830,0,600,1605,3113,3079,1005,232.7086135,14.9437541,1,10,4,190,1,1,51,14,10,2.0
5,5,161,270163,271687,271687,272693,272693,273297,273330,280330,280330,280947,280980,281013,284115,1524,1006,604,7000,617,393,0,600,2056,3135,3102,1456,246.6639126,13.95529915,1,4,3,210,1,1,51,7,4,2.0
5,5,162,284118,285642,285642,286648,286648,287255,287287,294787,294787,295411,295444,295478,298574,1524,1006,607,7500,624,457,0,600,1982,3130,3096,1382,261.1227591,14.4588465,1,79,-51,180,-1,-1,49,28,79,1.0
5,5,163,298577,300101,300101,301106,301106,301711,301744,310744,310744,311361,311394,311428,314535,1524,1005,605,9000,617,468,0,600,1981,3141,3107,1381,277.0836875,15.96092838,1,56,-28,210,-1,-1,49,28,56,1.0
5,5,164,314538,316061,316061,317066,317066,317696,317729,323729,323729,324362,324396,324431,327491,1523,1005,630,6000,633,385,0,600,2024,3095,3060,1424,290.0390026,12.95531512,1,14,-9,200,-1,-1,49,5,14,1.0
5,5,165,327494,329016,329016,330019,330019,330625,330659,337159,337159,337762,337794,337827,340939,1522,1003,606,6500,603,436,0,600,2030,3145,3112,1430,303.4870592,13.44805663,1,10,10,200,1,1,51,20,10,2.0
5,5,166,340942,342462,342462,343467,343467,344093,344125,351125,351125,351758,351790,351823,354840,1520,1005,626,7000,633,-1,2501,0,515,3050,3017,-85,317.3885348,13.9014755,-1,7,-2,210,-1,-2,-1,5,7,
5,5,167,354843,356366,356366,357366,357366,357966,357999,366999,366999,367602,367635,367669,370802,1523,1000,600,9000,603,528,0,600,1946,3167,3133,1346,333.3503919,15.96185714,1,10,-5,180,-1,-1,49,5,10,1.0
5,5,168,370805,372328,372328,373332,373332,373950,373983,379983,379983,380586,380619,380653,383738,1523,1004,618,6000,603,611,0,600,1841,3119,3085,1241,346.2855623,12.93517043,1,10,-3,180,-1,-1,49,7,10,1.0
5,5,169,383740,385261,385261,386270,386270,386895,386927,394927,394927,395561,395593,395627,398676,1521,1009,625,8000,634,1058,0,600,1353,3083,3049,753,361.2246238,14.93906147,1,7,-2,200,-1,-1,49,5,7,1.0
5,5,170,398679,400200,400200,401203,401203,401807,401839,409339,409339,409961,409994,410027,413131,1521,1003,604,7500,622,401,0,600,2049,3137,3104,1449,375.679239,14.45461523,1,4,3,180,1,1,51,7,4,2.0
5,5,171,413134,414660,414660,415668,415668,416274,416306,422806,422806,423440,423473,423507,426567,1526,1008,606,6500,634,1295,0,600,1131,3094,3060,531,389.1156668,13.43642781,0,14,6,200,1,-1,49,20,14,1.0
5,5,172,426570,428096,428096,429099,429099,429704,429737,438237,438237,438856,438890,438924,442016,1526,1003,605,8500,619,360,0,600,2087,3126,3092,1487,404.5644811,15.44881423,1,4,6,170,1,1,51,10,4,2.0
5,5,173,442019,443538,443538,444544,444544,445149,445182,452182,452182,452783,452816,452849,455962,1519,1006,605,7000,601,379,0,600,2090,3146,3113,1490,418.5104998,13.94601875,1,28,-14,160,-1,-1,49,14,28,1.0
5,5,174,455965,457486,457486,458487,458487,459091,459124,467124,467124,467726,467758,467792,470925,1521,1001,604,8000,602,690,0,600,1782,3167,3133,1182,433.4733707,14.96287088,1,7,3,170,1,1,51,10,7,2.0
5,5,175,470928,472450,472450,473452,473452,474058,474090,482590,482590,483223,483255,483288,486389,1522,1002,606,8500,633,304,0,600,2133,3134,3101,1533,448.9373829,15.46401225,1,20,-6,170,-1,-1,49,14,20,1.0
5,5,176,486392,487913,487913,488918,488918,489546,489579,495579,495579,496181,496213,496246,499334,1521,1005,628,6000,602,1157,0,600,1287,3121,3088,687,461.8815746,12.94419166,1,28,-18,150,-1,-1,49,10,28,1.0
5,5,177,499337,500856,500856,501864,501864,502468,502501,511501,511501,512102,512134,512167,515270,1519,1008,604,9000,601,690,0,600,1778,3136,3103,1178,477.8183874,15.93681279,1,10,4,170,1,1,51,14,10,2.0
5,5,178,515273,516797,516797,517802,517802,518405,518438,524938,524938,525557,525589,525623,528727,1524,1005,603,6500,619,591,0,600,1858,3138,3104,1258,491.275195,13.45680756,1,4,3,160,1,1,51,7,4,2.0
5,5,179,528730,530257,530257,531263,531263,531869,531902,539402,539402,540015,540049,540082,543182,1527,1006,606,7500,613,298,0,600,2150,3133,3100,1550,505.730176,14.45498107,1,40,-20,190,-1,-1,49,20,40,1.0
5,5,180,543185,544706,544706,545710,545710,546313,546346,554846,554846,555449,555482,555515,558618,1521,1004,603,8500,603,305,0,600,2164,3136,3103,1564,521.1652502,15.43507415,1,40,-12,190,-1,-1,49,28,40,1.0
5,6,181,36529,38052,38052,39068,39068,39679,39711,46211,46211,46844,46877,46913,49987,1523,1016,611,6500,633,1267,0,600,1150,3110,3074,550,13.47088696,13.47088696,0,27,1,200,1,-1,49,28,27,1.0
5,6,182,49992,51513,51513,52517,52517,53124,53156,60156,60156,60757,60789,60822,63949,1521,1004,607,7000,601,874,0,600,1593,3160,3127,993,27.43048518,13.95959822,1,13,1,170,1,1,51,14,13,2.0
5,6,183,63951,65471,65471,66477,66477,67081,67113,74613,74613,75238,75270,75303,78392,1520,1006,604,7500,625,451,0,600,1994,3122,3089,1394,41.87392361,14.44343844,1,5,9,170,1,1,51,14,5,2.0
5,6,184,78395,79915,79915,80916,80916,81522,81555,90555,90555,91176,91208,91242,94347,1520,1001,606,9000,621,562,0,600,1890,3139,3105,1290,57.82896631,15.9550427,1,57,-37,160,-1,-1,49,20,57,1.0
5,6,185,94350,95879,95879,96885,96885,97494,97527,105527,105527,106160,106192,106225,109305,1529,1006,609,8000,633,1089,0,600,1334,3113,3080,734,72.78649003,14.95752372,1,14,-4,190,-1,-1,49,10,14,1.0
5,6,186,109308,110833,110833,111838,111838,112443,112475,120975,120975,121578,121611,121645,124757,1525,1005,605,8500,603,662,0,600,1800,3146,3112,1200,88.23889365,15.45240362,1,14,-4,200,-1,-1,49,10,14,1.0
5,6,187,124760,126281,126281,127285,127285,127889,127922,133922,133922,134522,134555,134590,137716,1521,1004,604,6000,600,582,0,600,1889,3161,3126,1289,101.1974127,12.95851908,1,20,-13,180,-1,-1,49,7,20,1.0
5,6,188,137719,139239,139239,140244,140244,140845,140879,149379,149379,149993,150026,150060,153174,1520,1005,601,8500,614,637,0,600,1823,3148,3114,1223,116.6561025,15.45868979,1,2,5,180,1,1,51,7,2,2.0
5,6,189,153177,154700,154700,155702,155702,156307,156339,163339,163339,163939,163971,164005,167124,1523,1002,605,7000,600,1416,0,600,1054,3153,3119,454,130.6056456,13.94954305,0,10,18,160,1,-1,49,28,10,1.0
5,6,190,167127,168648,168648,169655,169655,170258,170290,176290,176290,176920,176953,176986,180063,1521,1007,603,6000,630,926,0,600,1513,3110,3077,913,143.5452504,12.9396048,1,20,-6,190,-1,-1,49,14,20,1.0
5,6,191,180066,181590,181590,182597,182597,183200,183233,191233,191233,191839,191872,191906,195020,1524,1007,603,8000,606,601,0,600,1859,3148,3114,1259,158.5019182,14.95666788,1,40,-12,180,-1,-1,49,28,40,1.0
5,6,192,195023,196547,196547,197552,197552,198184,198217,207217,207217,207835,207868,207901,210965,1524,1005,632,9000,618,651,0,600,1770,3097,3064,1170,174.4467036,15.94478532,1,2,3,190,1,1,51,5,2,2.0
5,6,193,210968,212490,212490,213495,213495,214102,214135,220635,220635,221249,221281,221314,224426,1522,1005,607,6500,614,308,0,600,2144,3145,3112,1544,187.9080031,13.46129949,1,57,-37,180,-1,-1,49,20,57,1.0
5,6,194,224429,225953,225953,226958,226958,227562,227594,235094,235094,235707,235739,235772,238864,1524,1005,604,7500,613,482,0,600,1972,3125,3092,1372,202.3457936,14.43779052,1,2,5,210,1,1,51,7,2,2.0
5,6,195,238867,240394,240394,241401,241401,242005,242038,249038,249038,249657,249690,249723,252809,1527,1007,604,7000,619,543,0,600,1900,3119,3086,1300,216.290141,13.94434746,1,4,3,210,1,1,51,7,4,2.0
5,6,196,252812,254333,254333,255342,255342,255948,255981,263981,263981,264612,264646,264679,267756,1521,1009,606,8000,631,309,0,600,2124,3110,3077,1524,231.2374661,14.94732511,0,19,1,180,1,-1,49,20,19,1.0
5,6,197,267759,269280,269280,270286,270286,270890,270923,279923,279923,280527,280561,280594,283705,1521,1006,604,9000,604,924,0,600,1541,3144,3111,941,247.186782,15.94931583,1,14,14,190,1,1,51,28,14,2.0
5,6,198,283708,285232,285232,286239,286239,286839,286872,295372,295372,295989,296022,296055,299140,1524,1007,600,8500,617,320,0,600,2132,3118,3085,1532,262.6204509,15.43366895,1,2,3,150,1,1,51,5,2,2.0
5,6,199,299143,300662,300662,301669,301669,302275,302307,308307,308307,308907,308939,308973,312078,1519,1007,606,6000,600,761,0,600,1707,3139,3105,1107,275.5596555,12.93920461,0,13,1,150,1,-1,49,14,13,1.0
5,6,200,312081,313603,313603,314606,314606,315212,315245,322745,322745,323374,323406,323439,326534,1522,1003,606,7500,629,1070,0,600,1370,3128,3095,770,290.0159421,14.45628652,1,10,10,210,1,1,51,20,10,2.0
5,6,201,326537,328057,328057,329063,329063,329664,329696,336196,336196,336798,336832,336865,339992,1520,1006,601,6500,602,881,0,600,1590,3160,3127,990,303.4737585,13.45781648,1,7,-2,160,-1,-1,49,5,7,1.0
5,6,202,339995,341517,341517,342517,342517,343122,343154,351654,351654,352255,352287,352320,355447,1522,1000,605,8500,601,648,0,600,1824,3160,3127,1224,318.9279775,15.45421895,1,20,-10,210,-1,-1,49,10,20,1.0
5,6,203,355450,356968,356968,357970,357970,358575,358608,365608,365608,366235,366267,366299,369396,1518,1002,605,7000,627,884,0,600,1564,3129,3097,964,332.8776408,13.94966329,1,28,-8,200,-1,-1,49,20,28,1.0
5,6,204,369399,370920,370920,371924,371924,372529,372563,380063,380063,380684,380717,380750,383851,1521,1004,605,7500,621,850,0,600,1599,3134,3101,999,347.3324829,14.45484215,1,4,6,190,1,1,51,10,4,2.0
5,6,205,383854,385378,385378,386381,386381,386987,387020,396020,396020,396651,396683,396717,399799,1524,1003,606,9000,631,801,0,600,1635,3116,3082,1035,363.2801703,15.94768733,1,7,3,210,1,1,51,10,7,2.0
5,6,206,399802,401320,401320,402324,402324,402932,402965,408965,408965,409598,409630,409664,412756,1518,1004,608,6000,633,522,0,600,1915,3126,3092,1315,376.2372621,12.95709188,1,20,-10,180,-1,-1,49,10,20,1.0
5,6,207,412759,414277,414277,415282,415282,415886,415919,423919,423919,424544,424578,424612,427722,1518,1005,604,8000,625,340,0,600,2108,3144,3110,1508,391.2033951,14.966133,1,5,2,200,1,1,51,7,5,2.0
5,6,208,427725,429249,429249,430257,430257,430864,430896,437396,437396,438015,438048,438081,441181,1524,1008,607,6500,619,593,0,600,1849,3133,3100,1249,404.6624188,13.45902369,1,56,-28,200,-1,-1,49,28,56,1.0
5,6,209,441184,442709,442709,443714,443714,444319,444352,451852,451852,452453,452486,452520,455642,1525,1005,605,7500,601,966,0,600,1498,3156,3122,898,419.1231111,14.46069227,1,10,-5,170,-1,-1,49,5,10,1.0
5,6,210,455645,457170,457170,458174,458174,458779,458811,466811,466811,467411,467444,467477,470586,1525,1004,605,8000,600,146,0,600,2320,3142,3109,1720,434.0671747,14.94406359,1,28,-14,170,-1,-1,49,14,28,1.0
5,6,211,470589,472111,472111,473118,473118,473722,473755,479755,479755,480374,480407,480440,483530,1522,1007,604,6000,619,485,0,600,1963,3123,3090,1363,447.0114106,12.94423596,1,4,1,190,1,1,51,5,4,2.0
5,6,212,483533,485055,485055,486058,486058,486663,486696,495696,495696,496327,496360,496393,499477,1522,1003,605,9000,631,1126,0,600,1313,3117,3084,713,462.9582352,15.94682456,1,20,8,180,1,1,51,28,20,2.0
5,6,213,499480,501007,501007,502014,502014,502621,502653,509653,509653,510266,510298,510332,513414,1527,1007,607,7000,613,436,0,600,2010,3116,3082,1410,476.8951206,13.93688541,1,57,-37,210,-1,-1,49,20,57,1.0
5,6,214,513417,514938,514938,515941,515941,516546,516578,523078,523078,523710,523744,523777,526863,1521,1003,605,6500,632,963,0,600,1476,3119,3086,876,490.3442573,13.44913668,1,14,-7,190,-1,-1,49,7,14,1.0
5,6,215,526866,528394,528394,529399,529399,530029,530062,538562,538562,539183,539216,539249,542306,1528,1005,630,8500,621,579,0,600,1837,3090,3057,1237,505.7871096,15.44285231,1,4,1,210,1,1,51,5,4,2.0
5,6,216,542309,543830,543830,544834,544834,545439,545471,552471,552471,553072,553106,553141,556254,1521,1004,605,7000,601,827,0,600,1642,3148,3113,1042,519.7351429,13.94803328,0,13,1,200,1,-1,49,14,13,1.0
6,1,1,82800,84330,84330,85361,85361,85970,86002,95002,95002,95622,95654,95690,98769,1530,1031,609,9000,620,845,0,600,1565,3115,3079,965,16.00735145,16.00735145,1,5,2,150,1,1,51,7,5,2.0
6,1,2,98822,100345,100345,101353,101353,101958,101991,108991,108991,109591,109623,109658,112768,1523,1008,605,7000,600,470,0,600,1994,3145,3110,1394,29.95412415,13.9467727,1,14,14,150,1,1,51,28,14,2.0
6,1,3,112770,114290,114290,115296,115296,115920,115953,122453,122453,123071,123103,123136,126229,1520,1006,624,6500,618,550,0,600,1882,3126,3093,1282,43.41575752,13.46163336,1,4,6,160,1,1,51,10,4,2.0
6,1,4,126231,127754,127754,128762,128762,129366,129400,135400,135400,136000,136033,136066,139194,1523,1008,604,6000,600,420,0,600,2045,3161,3128,1445,56.38126309,12.96550557,1,20,-10,200,-1,-1,49,10,20,1.0
6,1,5,139197,140721,140721,141725,141725,142334,142367,150867,150867,151500,151532,151565,154651,1524,1004,609,8500,633,284,0,600,2146,3119,3086,1546,71.83808508,15.456822,1,28,-14,150,-1,-1,49,14,28,1.0
6,1,6,154654,156177,156177,157186,157186,157791,157823,165323,165323,165923,165955,165989,169115,1523,1009,605,7500,600,68,0,600,2395,3160,3126,1795,86.30136714,14.46328205,1,20,-13,210,-1,-1,49,7,20,1.0
6,1,7,169118,170642,170642,171646,171646,172251,172284,180284,180284,180904,180936,180970,184073,1524,1004,605,8000,620,787,0,600,1660,3137,3103,1060,101.259875,14.9585079,1,2,5,210,1,1,51,7,2,2.0
6,1,8,184076,185599,185599,186606,186606,187210,187242,196242,196242,196844,196877,196910,200023,1523,1007,604,9000,602,569,0,600,1895,3146,3113,1295,117.2100325,15.95015747,1,14,14,180,1,1,51,28,14,2.0
6,1,9,200026,201553,201553,202559,202559,203164,203197,209197,209197,209822,209855,209889,212966,1527,1006,605,6000,625,272,0,600,2165,3111,3077,1565,130.1523048,12.94227232,1,79,-51,180,-1,-1,49,28,79,1.0
6,1,10,212968,214490,214490,215493,215493,216094,216128,222628,222628,223229,223261,223295,226429,1522,1003,601,6500,601,582,0,600,1891,3168,3134,1291,143.616101,13.46379616,1,10,10,190,1,1,51,20,10,2.0
6,1,11,226432,227962,227962,228970,228970,229575,229608,237108,237108,237709,237741,237774,240889,1530,1008,605,7500,601,1026,0,600,1430,3148,3115,830,158.0758289,14.45972792,1,8,-1,150,-1,-1,49,7,8,1.0
6,1,12,240892,242413,242413,243419,243419,244022,244055,252055,252055,252656,252688,252722,255855,1521,1006,603,8000,601,654,0,600,1815,3167,3133,1215,173.0417332,14.96590426,1,14,6,170,1,1,51,20,14,2.0
6,1,13,255858,257382,257382,258386,258386,258991,259023,267523,267523,268154,268188,268221,271290,1524,1004,605,8500,631,654,0,600,1782,3102,3069,1182,188.4767847,15.43505151,1,7,7,160,1,1,51,14,7,2.0
6,1,14,271293,272818,272818,273823,273824,274431,274463,281463,281463,282096,282129,282164,285240,1525,1005,607,7000,633,369,0,600,2061,3111,3076,1461,202.4266815,13.9498968,1,14,6,170,1,1,51,20,14,2.0
6,1,15,285243,286768,286768,287772,287772,288377,288409,296409,296409,297042,297075,297110,300201,1525,1004,605,8000,633,676,0,600,1757,3126,3091,1157,217.387567,14.96088556,1,14,-4,150,-1,-1,49,10,14,1.0
6,1,16,300203,301723,301723,302728,302728,303346,303379,310879,310879,311479,311512,311546,314658,1520,1005,618,7500,600,669,0,600,1788,3146,3112,1188,231.8446476,14.45708056,1,10,-5,180,-1,-1,49,5,10,1.0
6,1,17,314661,316182,316182,317189,317189,317793,317826,326326,326326,326956,326990,327024,330104,1521,1007,604,8500,630,438,0,600,2000,3114,3080,1400,247.2909763,15.44632866,1,10,18,180,1,1,51,28,10,2.0
6,1,18,330107,331633,331633,332642,332642,333247,333279,339779,339779,340380,340412,340446,343550,1526,1009,605,6500,601,527,0,600,1932,3138,3104,1332,260.736777,13.44580069,1,14,-7,180,-1,-1,49,7,14,1.0
6,1,19,343553,345080,345080,346088,346088,346692,346725,355725,355725,356355,356387,356420,359510,1527,1008,604,9000,630,674,0,600,1757,3123,3090,1157,276.6965918,15.95981486,1,14,6,180,1,1,51,20,14,2.0
6,1,20,359513,361035,361035,362043,362043,362671,362704,369704,369704,370324,370356,370388,373473,1522,1008,628,7000,620,771,0,600,1651,3117,3085,1051,290.6590357,13.96244385,1,3,2,190,1,1,51,5,3,2.0
6,1,21,373475,374996,374996,375999,375999,376601,376635,382635,382635,383260,383292,383326,386414,1521,1003,602,6000,625,609,0,600,1840,3122,3088,1240,303.6007472,12.94171151,1,14,-9,150,-1,-1,49,5,14,1.0
6,1,22,386417,387940,387940,388943,388943,389575,389609,398609,398609,399241,399274,399308,402360,1523,1003,632,9000,632,349,0,600,2061,3086,3052,1461,319.5458953,15.94514812,1,10,-5,210,-1,-1,49,5,10,1.0
6,1,23,402363,403886,403886,404891,404891,405496,405528,412528,412528,413160,413192,413225,416321,1523,1005,605,7000,632,977,0,600,1458,3129,3096,858,333.5075797,13.96168444,1,11,-1,210,-1,-1,49,10,11,1.0
6,1,24,416324,417848,417848,418855,418855,419461,419493,425493,425493,426126,426159,426192,429267,1524,1007,606,6000,633,173,0,600,2257,3108,3075,1657,346.4532347,12.94565499,1,10,18,210,1,1,51,28,10,2.0
6,1,25,429270,430796,430796,431800,431800,432407,432439,438939,438939,439540,439572,439606,442715,1526,1004,607,6500,601,371,0,600,2091,3143,3109,1491,359.9015993,13.44836458,1,10,4,150,1,1,51,14,10,2.0
6,1,26,442718,444240,444240,445247,445247,445848,445880,453880,453880,454510,454543,454576,457665,1522,1007,601,8000,630,1035,0,600,1405,3122,3089,805,374.8509265,14.94932725,1,6,-1,210,-1,-1,49,5,6,1.0
6,1,27,457668,459186,459186,460193,460193,460799,460831,469331,469331,469946,469978,470012,473116,1518,1007,606,8500,615,333,0,600,2121,3138,3104,1521,390.30233,15.45140341,1,40,-26,170,-1,-1,49,14,40,1.0
6,1,28,473119,474642,474642,475652,475652,476257,476289,483789,483789,484416,484449,484482,487552,1523,1010,605,7500,627,301,0,600,2134,3103,3070,1534,404.7383172,14.4359872,1,5,5,170,1,1,51,10,5,2.0
6,1,29,487555,489082,489082,490090,490090,490693,490725,497725,497725,498326,498359,498393,501517,1527,1008,603,7000,601,480,0,600,1981,3158,3124,1381,418.7027532,13.96443608,0,14,6,200,1,-1,49,20,14,1.0
6,1,30,501519,503041,503041,504043,504043,504659,504692,511192,511192,511815,511847,511881,514969,1522,1002,616,6500,623,320,0,600,2117,3122,3088,1517,432.1552942,13.45254101,1,3,2,170,1,1,51,5,3,2.0
6,1,31,514971,516491,516491,517495,517495,518100,518131,524131,524131,524731,524765,524798,527910,1520,1004,605,6000,600,55,0,600,2416,3145,3112,1816,445.0959537,12.94065949,1,20,-6,170,-1,-1,49,14,20,1.0
6,1,32,527913,529430,529430,530437,530437,531042,531075,539575,539575,540203,540235,540269,543357,1517,1007,605,8500,628,279,0,600,2164,3122,3088,1564,460.5432702,15.44731649,1,5,9,210,1,1,51,14,5,2.0
6,1,33,543360,544891,544891,545895,545895,546498,546531,554531,554531,555134,555166,555199,558292,1531,1004,603,8000,603,486,0,600,1973,3126,3093,1373,475.4785593,14.93528912,1,10,10,170,1,1,51,20,10,2.0
6,1,34,558295,559823,559823,560830,560830,561434,561467,568967,568967,569571,569603,569637,572736,1528,1007,604,7500,604,330,0,600,2127,3133,3099,1527,489.9222659,14.4437066,1,20,-13,180,-1,-1,49,7,20,1.0
6,1,35,572739,574270,574270,575271,575271,575875,575907,584907,584907,585513,585545,585579,588696,1531,1001,604,9000,606,187,0,600,2271,3151,3117,1671,505.8817502,15.95948428,1,56,-28,160,-1,-1,49,28,56,1.0
6,1,36,588698,590221,590221,591227,591227,591850,591882,600382,600382,601013,601046,601080,604139,1523,1006,623,8500,631,357,0,600,2060,3093,3059,1460,521.3252486,15.44349837,0,11,-1,200,-1,1,51,10,11,2.0
6,2,37,42504,44027,44027,45048,45048,45660,45694,53194,53194,53827,53859,53895,56955,1523,1021,612,7500,633,384,0,600,2027,3096,3060,1427,14.46329531,14.46329531,1,10,18,170,1,1,51,28,10,2.0
6,2,38,56960,58484,58484,59489,59489,60093,60127,69127,69127,69728,69761,69794,72897,1524,1005,604,9000,601,525,0,600,1941,3136,3103,1341,30.40378213,15.94048682,1,10,4,210,1,1,51,14,10,2.0
6,2,39,72900,74424,74424,75430,75430,76034,76066,84066,84066,84667,84700,84734,87831,1524,1006,604,8000,601,582,0,600,1883,3131,3097,1283,45.3370513,14.93326917,1,19,1,200,1,1,51,20,19,2.0
6,2,40,87834,89355,89355,90360,90360,90963,90995,97495,97495,98097,98129,98162,101280,1521,1005,603,6500,602,416,0,600,2053,3151,3118,1453,58.78676473,13.44971343,1,20,-6,200,-1,-1,49,14,20,1.0
6,2,41,101283,102806,102806,103814,103814,104422,104455,110455,110455,111081,111115,111149,114222,1523,1008,608,6000,626,849,0,600,1586,3107,3073,986,71.72800885,12.94124411,1,5,5,160,1,1,51,10,5,2.0
6,2,42,114225,115748,115748,116752,116752,117357,117391,124391,124391,125009,125042,125076,128158,1523,1004,605,7000,618,414,0,600,2036,3116,3082,1436,85.6656265,13.93761766,1,4,6,170,1,1,51,10,4,2.0
6,2,43,128162,129686,129686,130696,130696,131318,131350,139850,139850,140472,140504,140537,143598,1524,1010,622,8500,622,713,0,600,1709,3094,3061,1109,101.1042828,15.43865626,1,4,1,180,1,1,51,5,4,2.0
6,2,44,143601,145122,145122,146127,146127,146754,146786,152786,152786,153418,153452,153485,156545,1521,1005,627,6000,632,420,0,600,1995,3093,3060,1395,114.0517642,12.94748148,1,14,-9,180,-1,-1,49,5,14,1.0
6,2,45,156548,158073,158073,159080,159080,159685,159719,168219,168219,168819,168852,168885,172008,1525,1007,605,8500,600,417,0,600,2046,3156,3123,1446,129.5145858,15.46282159,1,14,6,200,1,1,51,20,14,2.0
6,2,46,172011,173533,173533,174538,174538,175140,175172,184172,184172,184796,184829,184862,187945,1522,1005,602,9000,624,473,0,600,1974,3116,3083,1374,145.4510894,15.93650356,1,5,2,210,1,1,51,7,5,2.0
6,2,47,187948,189465,189465,190471,190471,191076,191109,198609,198609,199242,199275,199308,202412,1517,1006,605,7500,633,596,0,600,1843,3137,3104,1243,159.9178542,14.46676477,1,14,-7,190,-1,-1,49,7,14,1.0
6,2,48,202415,203940,203940,204948,204948,205552,205585,212585,212585,213194,213227,213261,216347,1525,1008,604,7000,609,385,0,600,2069,3120,3086,1469,173.853642,13.93578786,1,40,-20,190,-1,-1,49,20,40,1.0
6,2,49,216350,217870,217870,218876,218876,219482,219514,226014,226014,226647,226681,226714,229792,1520,1006,606,6500,633,48,0,600,2387,3111,3078,1787,187.2979483,13.44430629,1,20,-10,210,-1,-1,49,10,20,1.0
6,2,50,229795,231317,231317,232324,232324,232931,232964,240964,240964,241588,241621,241654,244757,1522,1007,607,8000,624,530,0,600,1910,3136,3103,1310,202.2632869,14.96533862,1,79,-51,180,-1,-1,49,28,79,1.0
6,2,51,244760,246280,246280,247287,247287,247915,247947,255447,255447,256047,256079,256113,259223,1520,1007,628,7500,600,243,0,600,2202,3144,3110,1602,216.728833,14.4655461,1,20,-13,150,-1,-1,49,7,20,1.0
6,2,52,259226,260750,260750,261753,261753,262373,262405,270905,270905,271508,271540,271574,274675,1524,1003,620,8500,603,328,0,600,2122,3135,3101,1522,232.180844,15.45201093,1,14,-9,170,-1,-1,49,5,14,1.0
6,2,53,274678,276205,276205,277209,277209,277811,277845,285845,285845,286445,286478,286511,289642,1527,1004,602,8000,600,263,0,600,2204,3164,3131,1604,247.1485262,14.96768223,1,20,-13,190,-1,-1,49,7,20,1.0
6,2,54,289645,291169,291169,292175,292175,292780,292812,299312,299312,299943,299975,300008,303096,1524,1006,605,6500,631,250,0,600,2184,3121,3088,1584,260.6015849,13.45305873,1,7,13,170,1,1,51,20,7,2.0
6,2,55,303097,304613,304613,305617,305617,306218,306251,315251,315251,315869,315901,315934,319049,1516,1004,601,9000,618,795,0,600,1666,3148,3115,1066,276.554837,15.95325204,1,4,1,170,1,1,51,5,4,2.0
6,2,56,319051,320575,320575,321583,321583,322210,322242,329242,329242,329872,329904,329937,333010,1524,1008,627,7000,630,335,0,600,2076,3106,3073,1476,290.5157267,13.96088978,1,14,-4,150,-1,-1,49,10,14,1.0
6,2,57,333013,334537,334537,335542,335542,336149,336182,342182,342182,342812,342844,342878,345952,1524,1005,607,6000,630,598,0,600,1836,3108,3074,1236,303.4582335,12.94250678,1,10,4,190,1,1,51,14,10,2.0
6,2,58,345955,347477,347477,348482,348482,349086,349118,356618,356618,357250,357283,357316,360397,1522,1005,604,7500,632,313,0,600,2124,3114,3081,1524,317.9029985,14.44476495,1,7,13,210,1,1,51,20,7,2.0
6,2,59,360400,361923,361923,362927,362927,363534,363568,370568,370568,371201,371235,371269,374351,1523,1004,607,7000,633,731,0,600,1702,3116,3082,1102,331.8571091,13.95411059,0,13,1,200,1,-1,49,14,13,1.0
6,2,60,374354,375875,375875,376881,376881,377495,377527,386027,386027,386644,386676,386710,389790,1521,1006,614,8500,617,507,0,600,1935,3114,3080,1335,347.2961465,15.43903747,1,4,1,210,1,1,51,5,4,2.0
6,2,61,389793,391316,391316,392322,392322,392929,392961,398961,398961,399562,399594,399627,402738,1523,1006,607,6000,601,564,0,600,1899,3144,3111,1299,360.2438079,12.94766138,1,20,-10,190,-1,-1,49,10,20,1.0
6,2,62,402741,404260,404260,405263,405263,405869,405901,412401,412401,413021,413053,413086,416185,1519,1003,606,6500,620,749,0,600,1703,3132,3099,1103,373.6903689,13.446561,1,13,1,170,1,1,51,14,13,2.0
6,2,63,416188,417712,417712,418719,418719,419324,419356,428356,428356,428965,428998,429031,432149,1524,1007,605,9000,609,509,0,600,1946,3151,3118,1346,389.6543668,15.96399791,1,40,-12,150,-1,-1,49,28,40,1.0
6,2,64,432152,433672,433672,434679,434679,435283,435316,443316,443316,443933,443965,443998,447111,1520,1007,604,8000,617,310,0,600,2142,3146,3113,1542,404.6169327,14.96256589,1,56,-28,180,-1,-1,49,28,56,1.0
6,2,65,447114,448635,448635,449640,449640,450242,450274,459274,459274,459894,459927,459960,463049,1521,1005,602,9000,620,421,0,600,2031,3122,3089,1431,420.55528,15.93834723,1,4,3,150,1,1,51,7,4,2.0
6,2,66,463052,464575,464575,465579,465579,466187,466220,473220,473220,473853,473886,473919,476992,1523,1004,608,7000,633,853,0,600,1579,3106,3073,979,434.4978711,13.94259115,1,14,6,150,1,1,51,20,14,2.0
6,2,67,476995,478520,478520,479525,479525,480130,480162,488162,488162,488767,488800,488833,491928,1525,1005,605,8000,605,456,0,600,2004,3128,3095,1404,449.4340646,14.93619347,1,40,-26,150,-1,-1,49,14,40,1.0
6,2,68,491931,493456,493456,494458,494458,495062,495095,503595,503595,504215,504247,504281,507376,1525,1002,604,8500,620,582,0,600,1867,3129,3095,1267,464.8819268,15.44786223,1,4,3,190,1,1,51,7,4,2.0
6,2,69,507379,508904,508904,509907,509907,510515,510548,516548,516548,517179,517212,517245,520333,1525,1003,608,6000,631,321,0,600,2112,3121,3088,1512,477.8394363,12.95750953,0,20,8,160,1,-1,49,28,20,1.0
6,2,70,520337,521865,521865,522873,522873,523501,523534,530034,530034,530650,530683,530716,533779,1528,1008,628,6500,616,359,0,600,2061,3096,3063,1461,491.2849179,13.44548156,1,2,3,160,1,1,51,5,2,2.0
6,2,71,533782,535309,535309,536314,536314,536919,536952,544452,544452,545073,545105,545140,548218,1527,1005,605,7500,621,341,0,600,2101,3113,3078,1501,505.7237468,14.43882894,1,79,-51,180,-1,-1,49,28,79,1.0
6,2,72,548221,549742,549742,550746,550746,551350,551383,559383,559383,560006,560039,560072,563169,1521,1004,604,8000,623,714,0,600,1734,3130,3097,1134,520.6747867,14.95103983,1,9,1,160,1,1,51,10,9,2.0
6,3,73,13496,15019,15019,16035,16035,16652,16684,23684,23684,24290,24322,24357,27462,1523,1016,617,7000,606,714,0,600,1724,3140,3105,1124,13.97925591,13.97925591,1,10,-3,170,-1,-1,49,7,10,1.0
6,3,74,27467,28989,28989,29997,29997,30603,30637,39137,39137,39770,39802,39835,42910,1522,1008,606,8500,633,690,0,600,1741,3108,3075,1141,29.4246983,15.44544238,1,14,6,150,1,1,51,20,14,2.0
6,3,75,42913,44439,44439,45444,45444,46045,46077,52077,52077,52698,52730,52764,55854,1526,1005,601,6000,621,741,0,600,1706,3124,3090,1106,42.36910418,12.94440589,1,7,-2,210,-1,-1,49,5,7,1.0
6,3,76,55857,57380,57380,58387,58387,59017,59050,65550,65550,66171,66204,66237,69293,1523,1007,630,6500,621,833,0,600,1586,3089,3056,986,55.80865486,13.43955067,1,4,1,150,1,1,51,5,4,2.0
6,3,77,69296,70819,70819,71823,71823,72427,72459,80459,80459,81079,81112,81146,84248,1523,1004,604,8000,620,389,0,600,2060,3136,3102,1460,70.76345223,14.95479737,1,2,5,210,1,1,51,7,2,2.0
6,3,78,84251,85774,85774,86777,86777,87383,87416,96416,96416,97030,97062,97096,100187,1523,1003,606,9000,614,387,0,600,2067,3125,3091,1467,86.70244043,15.9389882,1,4,6,160,1,1,51,10,4,2.0
6,3,79,100190,101712,101712,102720,102720,103321,103353,110853,110853,111482,111514,111547,114638,1522,1008,601,7500,629,512,0,600,1928,3124,3091,1328,101.1527457,14.45030528,1,7,-2,200,-1,-1,49,5,7,1.0
6,3,80,114641,116163,116163,117168,117168,117770,117803,124803,124803,125435,125467,125500,128594,1522,1005,602,7000,632,323,0,600,2116,3127,3094,1516,115.1086617,13.95591598,1,20,-6,160,-1,-1,49,14,20,1.0
6,3,81,128596,130116,130116,131122,131122,131744,131776,137776,137776,138377,138409,138443,141546,1520,1006,622,6000,601,301,0,600,2150,3137,3103,1550,128.0610009,12.95233925,1,28,-18,150,-1,-1,49,10,28,1.0
6,3,82,141549,143072,143072,144077,144077,144682,144716,151216,151216,151818,151850,151884,154986,1523,1005,605,6500,602,426,0,600,2039,3136,3102,1439,141.5006963,13.43969532,1,28,-18,170,-1,-1,49,10,28,1.0
6,3,83,154988,156515,156515,157520,157520,158142,158175,166175,166175,166775,166808,166842,169932,1527,1005,622,8000,600,543,0,600,1903,3124,3090,1303,156.447136,14.94643971,1,13,1,170,1,1,51,14,13,2.0
6,3,84,169934,171458,171458,172459,172459,173082,173114,180614,180614,181246,181280,181313,184391,1524,1001,623,7500,632,629,0,600,1791,3111,3078,1191,170.9061205,14.45898449,1,7,-2,200,-1,-1,49,5,7,1.0
6,3,85,184394,185916,185916,186923,186923,187526,187559,196559,196559,197181,197214,197248,200359,1522,1007,603,9000,622,988,0,600,1458,3145,3111,858,186.8733841,15.96726365,1,6,1,160,1,1,51,7,6,2.0
6,3,86,200362,201888,201888,202893,202893,203501,203535,212035,212035,212635,212668,212701,215806,1526,1005,608,8500,600,400,0,600,2061,3138,3105,1461,202.3201832,15.44679907,0,19,1,200,1,-1,49,20,19,1.0
6,3,87,215808,217327,217327,218332,218332,218934,218967,226467,226467,227071,227105,227138,230270,1519,1005,602,7500,604,455,0,600,2015,3165,3132,1415,216.7848138,14.4646306,1,14,-9,200,-1,-1,49,5,14,1.0
6,3,88,230273,231799,231799,232807,232807,233411,233443,242443,242443,243075,243107,243141,246230,1526,1008,604,9000,632,385,0,600,2045,3123,3089,1445,232.7451045,15.9602907,1,10,4,180,1,1,51,14,10,2.0
6,3,89,246233,247762,247762,248767,248767,249373,249405,256406,256406,257040,257072,257107,260166,1529,1005,606,7001,634,482,0,600,1943,3094,3059,1343,246.6819874,13.93688297,1,10,10,180,1,1,51,20,10,2.0
6,3,90,260170,261692,261692,262695,262695,263324,263356,269856,269856,270456,270489,270523,273607,1522,1003,629,6500,600,1070,0,600,1376,3118,3084,776,260.1218931,13.43990567,1,14,-4,150,-1,-1,49,10,14,1.0
6,3,91,273610,275138,275138,276148,276148,276754,276787,285287,285287,285903,285936,285969,289054,1528,1010,606,8500,616,348,0,600,2092,3118,3085,1492,275.5687383,15.44684517,1,57,-37,210,-1,-1,49,20,57,1.0
6,3,92,289057,290579,290579,291584,291584,292189,292221,300221,300221,300854,300886,300919,303993,1522,1005,605,8000,633,367,0,600,2068,3107,3074,1468,290.5073157,14.93857746,1,14,14,210,1,1,51,28,14,2.0
6,3,93,303996,305519,305519,306527,306527,307131,307165,313165,313165,313765,313797,313830,316949,1523,1008,604,6000,600,574,0,600,1891,3152,3119,1291,303.463776,12.95646022,1,28,-14,170,-1,-1,49,14,28,1.0
6,3,94,316951,318476,318476,319484,319484,320088,320120,328120,328120,328720,328752,328786,331887,1525,1008,604,8000,600,332,0,600,2131,3135,3101,1531,318.4016404,14.93786447,1,10,10,210,1,1,51,20,10,2.0
6,3,95,331890,333412,333412,334419,334419,335027,335059,341059,341059,341692,341724,341757,344850,1522,1007,608,6000,633,1071,0,600,1359,3126,3093,759,331.3647057,12.96306523,0,20,8,190,1,-1,49,28,20,1.0
6,3,96,344853,346375,346375,347379,347379,347987,348020,356520,356520,357131,357163,357196,360295,1522,1004,608,8500,611,266,0,600,2189,3132,3099,1589,346.8096945,15.44498885,1,40,-12,160,-1,-1,49,28,40,1.0
6,3,97,360298,361819,361819,362824,362824,363456,363489,369989,369989,370593,370627,370660,373735,1521,1005,632,6500,604,430,0,600,2008,3108,3075,1408,360.2494384,13.43974384,1,10,-5,150,-1,-1,49,5,10,1.0
6,3,98,373738,375265,375265,376273,376273,376878,376911,385911,385911,386527,386559,386592,389690,1527,1008,605,9000,616,332,0,600,2112,3131,3098,1512,376.2041227,15.95468436,1,2,5,210,1,1,51,7,2,2.0
6,3,99,389693,391212,391212,392220,392220,392820,392852,399852,399852,400473,400505,400538,403639,1519,1008,600,7000,621,490,0,600,1962,3134,3101,1362,390.1528578,13.94873509,1,5,2,170,1,1,51,7,5,2.0
6,3,100,403642,405168,405168,406170,406170,406774,406807,414307,414307,414938,414970,415003,418085,1526,1002,604,7500,631,435,0,600,2002,3115,3082,1402,404.5996201,14.4467623,1,20,-6,190,-1,-1,49,14,20,1.0
6,3,101,418088,419614,419614,420619,420619,421224,421257,427757,427757,428359,428392,428426,431552,1526,1005,605,6500,602,745,0,600,1717,3160,3126,1117,418.066399,13.46677893,0,10,-3,150,-1,1,51,7,10,2.0
6,3,102,431555,433078,433078,434080,434080,434687,434720,443220,443220,443821,443853,443886,447006,1523,1002,607,8500,601,446,0,600,2021,3153,3120,1421,433.5207885,15.45438949,0,10,18,180,1,-1,49,28,10,1.0
6,3,103,447009,448531,448531,449537,449537,450144,450177,457677,457677,458299,458332,458366,461443,1522,1006,607,7500,622,434,0,600,2009,3111,3077,1409,447.957769,14.43698045,1,5,5,200,1,1,51,10,5,2.0
6,3,104,461446,462972,462972,463977,463977,464582,464614,472614,472614,473243,473276,473309,476403,1526,1005,605,8000,629,133,0,600,2302,3127,3094,1702,462.9171776,14.95940864,1,7,7,160,1,1,51,14,7,2.0
6,3,105,476406,477929,477929,478931,478931,479538,479572,485572,485572,486190,486222,486256,489339,1523,1002,607,6000,618,280,0,600,2170,3117,3083,1570,475.8533904,12.93621276,1,56,-28,160,-1,-1,49,28,56,1.0
6,3,106,489342,490870,490870,491875,491875,492481,492513,499513,499513,500144,500176,500209,503304,1528,1005,606,7000,631,222,0,600,2208,3128,3095,1608,489.8178051,13.96441468,1,14,14,190,1,1,51,28,14,2.0
6,3,107,503307,504827,504827,505832,505832,506437,506469,515469,515469,516102,516134,516168,519236,1520,1005,605,9000,633,1109,0,600,1328,3102,3068,728,505.7500394,15.93223433,0,9,1,200,1,-1,49,10,9,1.0
6,3,108,519239,520761,520761,521773,521773,522379,522412,528912,528912,529538,529570,529603,532670,1522,1012,606,6500,626,168,0,600,2266,3100,3067,1666,519.1845482,13.43450877,1,7,13,160,1,1,51,20,7,2.0
6,4,109,35477,36999,36999,38018,38018,38638,38671,47171,47171,47772,47804,47841,50949,1522,1019,620,8500,601,746,0,600,1692,3145,3108,1092,15.48423468,15.48423468,0,29,-1,160,-1,1,51,28,29,2.0
6,4,110,50954,52480,52480,53487,53487,54093,54127,61127,61127,61758,61791,61825,64906,1526,1007,606,7000,631,367,0,600,2063,3115,3081,1463,29.43972817,13.95549349,1,7,7,200,1,1,51,14,7,2.0
6,4,111,64909,66430,66430,67433,67433,68037,68070,77070,77070,77673,77706,77740,80868,1521,1003,604,9000,603,486,0,600,1983,3162,3128,1383,45.40150031,15.96177214,1,28,-14,150,-1,-1,49,14,28,1.0
6,4,112,80871,82396,82396,83404,83404,84008,84041,90041,90041,90643,90676,90710,93816,1525,1008,604,6000,602,1203,0,600,1258,3140,3106,658,58.34966494,12.94816464,0,10,-3,150,-1,1,51,7,10,2.0
6,4,113,93819,95347,95347,96354,96354,96959,96992,103492,103492,104109,104141,104175,107256,1528,1007,605,6500,617,830,0,600,1613,3115,3081,1013,71.78970139,13.44003645,0,10,4,200,1,-1,49,14,10,1.0
6,4,114,107259,108785,108785,109792,109792,110399,110431,118431,118431,119031,119064,119099,122202,1526,1007,607,8000,600,592,0,600,1868,3138,3103,1268,86.73523102,14.94552963,1,21,-1,160,-1,-1,49,20,21,1.0
6,4,115,122205,123726,123726,124736,124736,125342,125374,132874,132874,133504,133536,133569,136659,1521,1010,606,7500,630,346,0,600,2087,3123,3090,1487,101.1928398,14.45760882,1,7,3,170,1,1,51,10,7,2.0
6,4,116,136662,138188,138188,139190,139190,139800,139832,146832,146832,147433,147465,147500,150602,1526,1002,610,7000,601,685,0,600,1776,3137,3102,1176,115.1351302,13.94229041,0,14,6,200,1,-1,49,20,14,1.0
6,4,117,150605,152133,152133,153139,153139,153748,153780,161780,161780,162382,162415,162449,165546,1528,1006,609,8000,602,487,0,600,1968,3131,3097,1368,130.079465,14.94433477,1,28,-14,170,-1,-1,49,14,28,1.0
6,4,118,165549,167076,167076,168080,168080,168684,168716,174716,174716,175333,175366,175399,178481,1527,1004,604,6000,617,243,0,600,2205,3115,3082,1605,143.0148708,12.93540574,1,2,3,190,1,1,51,5,2,2.0
6,4,119,178484,180010,180010,181015,181015,181620,181653,189153,189153,189782,189814,189848,192930,1526,1005,605,7500,629,540,0,600,1895,3116,3082,1295,157.4631184,14.44824766,1,3,2,160,1,1,51,5,3,2.0
6,4,120,192932,194456,194456,195460,195460,196083,196116,204616,204616,205247,205279,205313,208373,1524,1004,623,8500,631,804,0,600,1614,3094,3060,1014,172.9065216,15.44340314,1,4,1,190,1,1,51,5,4,2.0
6,4,121,208376,209900,209900,210907,210907,211515,211547,220547,220547,221148,221180,221214,224314,1524,1007,608,9000,601,715,0,600,1745,3134,3100,1145,188.8469719,15.94045036,1,10,-3,160,-1,-1,49,7,10,1.0
6,4,122,224317,225840,225840,226845,226845,227452,227485,233985,233985,234617,234650,234684,237773,1523,1005,607,6500,632,675,0,600,1758,3123,3089,1158,202.306215,13.45924305,1,20,-6,210,-1,-1,49,14,20,1.0
6,4,123,237776,239276,239276,240281,240281,240886,240920,247920,247920,248552,248584,248618,251713,1500,1005,605,7000,632,259,0,600,2199,3129,3095,1599,216.2462959,13.9400809,1,79,-51,190,-1,-1,49,28,79,1.0
6,4,124,251716,253241,253241,254248,254248,254853,254887,263387,263387,264010,264043,264077,267153,1525,1007,605,8500,623,466,0,600,1974,3110,3076,1374,231.6866719,15.44037607,1,79,-51,150,-1,-1,49,28,79,1.0
6,4,125,267156,268684,268684,269685,269685,270291,270324,279324,279324,279934,279967,280002,283107,1528,1001,606,9000,610,460,0,600,1995,3140,3105,1395,247.6403046,15.95363265,1,40,-20,190,-1,-1,49,20,40,1.0
6,4,126,283110,284636,284636,285644,285644,286254,286286,292786,292786,293417,293449,293484,296566,1526,1008,610,6500,631,441,0,600,1984,3117,3082,1384,261.0993029,13.45899835,1,4,1,170,1,1,51,5,4,2.0
6,4,127,296569,298096,298096,299102,299102,299709,299741,307241,307241,307871,307904,307939,311033,1527,1006,607,7500,630,612,0,600,1818,3129,3094,1218,275.5660945,14.46679159,0,14,6,210,1,-1,49,20,14,1.0
6,4,128,311036,312560,312560,313563,313563,314169,314203,320203,320203,320804,320836,320870,323974,1524,1003,606,6000,601,753,0,600,1713,3138,3104,1113,288.5074896,12.94139509,1,10,-5,200,-1,-1,49,5,10,1.0
6,4,129,323977,325501,325501,326509,326509,327113,327147,335147,335147,335749,335782,335815,338938,1524,1008,604,8000,602,279,0,600,2183,3156,3123,1583,303.4705916,14.963102,1,14,-9,170,-1,-1,49,5,14,1.0
6,4,130,338941,340464,340464,341474,341474,342077,342110,348110,348110,348711,348744,348780,351897,1523,1010,603,6000,601,218,0,600,2245,3153,3117,1645,316.4297411,12.95914948,1,7,13,150,1,1,51,20,7,2.0
6,4,131,351899,353422,353422,354428,354428,355035,355068,363068,363068,363668,363701,363736,366834,1523,1006,607,8000,600,778,0,600,1686,3133,3098,1086,331.3666545,14.9369134,1,29,-1,180,-1,-1,49,28,29,1.0
6,4,132,366837,368362,368362,369366,369366,369970,370003,377503,377503,378132,378166,378202,381295,1525,1004,604,7500,629,487,0,600,1951,3129,3093,1351,345.8276382,14.46098365,1,5,5,160,1,1,51,10,5,2.0
6,4,133,381296,382822,382822,383825,383825,384431,384464,392964,392964,393584,393617,393650,396731,1526,1003,606,8500,620,1086,0,600,1359,3114,3081,759,361.2635892,15.43595104,0,11,-1,210,-1,1,51,10,11,2.0
6,4,134,396734,398260,398260,399267,399267,399871,399903,406903,406903,407504,407537,407570,410693,1526,1007,604,7000,601,772,0,600,1690,3156,3123,1090,375.2261714,13.96258217,0,8,-1,210,-1,1,51,7,8,2.0
6,4,135,410696,412216,412216,413221,413221,413829,413861,420361,420361,420994,421026,421060,424146,1520,1005,608,6500,633,767,0,600,1667,3120,3086,1067,388.6790086,13.45283723,1,14,-4,160,-1,-1,49,10,14,1.0
6,4,136,424149,425670,425670,426676,426676,427281,427315,436315,436315,436916,436948,436984,440093,1521,1006,605,9000,601,664,0,600,1803,3145,3109,1203,404.6260643,15.94705567,1,14,-7,150,-1,-1,49,7,14,1.0
6,4,137,440096,441623,441623,442629,442629,443233,443265,449765,449765,450379,450412,450447,453548,1527,1006,604,6500,614,265,0,600,2184,3136,3101,1584,418.0805508,13.45448653,1,57,-37,180,-1,-1,49,20,57,1.0
6,4,138,453550,455073,455073,456077,456077,456685,456719,465719,465719,466353,466385,466418,469489,1523,1004,608,9000,634,721,0,600,1710,3104,3071,1110,434.0222614,15.94171061,1,14,14,200,1,1,51,28,14,2.0
6,4,139,469492,471013,471013,472021,472021,472628,472660,479660,479660,480264,480297,480331,483446,1521,1008,607,7000,604,668,0,600,1792,3149,3115,1192,447.9776609,13.95539947,0,15,-1,150,-1,1,51,14,15,2.0
6,4,140,483448,484973,484973,485980,485980,486585,486618,492618,492618,493219,493251,493286,496390,1525,1007,605,6000,601,846,0,600,1616,3139,3104,1016,460.9230205,12.94535966,1,10,-3,180,-1,-1,49,7,10,1.0
6,4,141,496393,497922,497922,498928,498928,499537,499569,507569,507569,508202,508234,508268,511344,1529,1006,609,8000,633,537,0,600,1886,3110,3076,1286,475.8769801,14.95395961,1,5,5,200,1,1,51,10,5,2.0
6,4,142,511347,512869,512869,513871,513871,514477,514510,523010,523010,523613,523647,523681,526801,1522,1002,606,8500,603,509,0,600,1958,3154,3120,1358,491.3339148,15.4569347,1,14,-4,200,-1,-1,49,10,14,1.0
6,4,143,526804,528334,528334,529342,529342,529948,529981,537481,537481,538113,538146,538180,541248,1530,1008,606,7500,632,489,0,600,1935,3102,3068,1335,505.7806256,14.44671077,1,14,14,210,1,1,51,28,14,2.0
6,4,144,541251,542775,542775,543781,543781,544383,544416,550416,550416,551040,551073,551107,554189,1524,1006,602,6000,624,442,0,600,2002,3116,3082,1402,518.7210193,12.9403937,1,4,3,200,1,1,51,7,4,2.0
6,5,145,16258,17786,17786,18805,18805,19418,19451,27451,27451,28070,28103,28139,31208,1528,1019,613,8000,619,421,0,600,2000,3105,3069,1400,14.96242245,14.96242245,1,5,2,180,1,1,51,7,5,2.0
6,5,146,31213,32741,32741,33749,33749,34354,34386,43386,43386,44009,44041,44074,47156,1528,1008,605,9000,623,468,0,600,1968,3115,3082,1368,30.90844027,15.94601781,1,5,5,150,1,1,51,10,5,2.0
6,5,147,47159,48684,48684,49689,49689,50317,50351,56351,56351,56976,57008,57042,60118,1525,1005,628,6000,625,532,0,600,1885,3110,3076,1285,43.87028533,12.96184506,1,10,-5,170,-1,-1,49,5,10,1.0
6,5,148,60121,61642,61642,62649,62649,63281,63313,70313,70313,70931,70963,70996,74056,1521,1007,632,7000,618,874,0,600,1548,3093,3060,948,57.80833573,13.9380504,1,6,-1,200,-1,-1,49,5,6,1.0
6,5,149,74059,75584,75584,76591,76591,77199,77232,83732,83732,84332,84364,84398,87519,1525,1007,608,6500,600,644,0,600,1816,3155,3121,1216,71.27075019,13.46241447,0,14,6,180,1,-1,49,20,14,1.0
6,5,150,87522,89045,89045,90050,90050,90655,90688,98188,98188,98813,98846,98880,101968,1523,1005,605,7500,625,313,0,600,2129,3122,3088,1529,85.72046603,14.44971584,1,79,-51,210,-1,-1,49,28,79,1.0
6,5,151,101971,103498,103498,104506,104506,105112,105146,113646,113646,114246,114279,114312,117415,1527,1008,606,8500,600,654,0,600,1805,3136,3103,1205,101.1673504,15.44688435,1,20,8,190,1,1,51,28,20,2.0
6,5,152,117418,118945,118945,119952,119952,120558,120590,129090,129090,129702,129735,129769,132877,1527,1007,606,8500,612,525,0,600,1923,3142,3108,1323,116.6288451,15.46149474,1,40,-20,170,-1,-1,49,20,40,1.0
6,5,153,132880,134403,134403,135409,135409,136015,136048,145048,145048,145651,145683,145716,148831,1523,1006,606,9000,603,798,0,600,1664,3148,3115,1064,132.5829117,15.95406659,0,14,6,210,1,-1,49,20,14,1.0
6,5,154,148834,150361,150361,151368,151368,151972,152004,159004,159004,159604,159638,159671,162792,1527,1007,604,7000,600,479,0,600,1983,3154,3121,1383,146.5433847,13.96047301,1,14,-7,150,-1,-1,49,7,14,1.0
6,5,155,162795,164317,164317,165321,165321,165926,165959,171959,171959,172565,172597,172631,175728,1522,1004,605,6000,606,458,0,600,2005,3131,3097,1405,159.4802264,12.93684168,1,57,-37,150,-1,-1,49,20,57,1.0
6,5,156,175731,177255,177255,178259,178259,178892,178925,186425,186425,187027,187060,187093,190171,1524,1004,633,7500,602,571,0,600,1866,3111,3078,1266,173.923236,14.44300958,1,14,-9,170,-1,-1,49,5,14,1.0
6,5,157,190174,191695,191695,192699,192699,193304,193337,201337,201337,201961,201993,202026,205129,1521,1004,605,8000,624,139,0,600,2307,3136,3103,1707,188.8804189,14.95718286,1,4,6,160,1,1,51,10,4,2.0
6,5,158,205132,206656,206656,207665,207665,208269,208303,214803,214803,215435,215469,215503,218572,1524,1009,604,6500,632,398,0,600,2033,3103,3069,1433,202.324001,13.44358215,1,14,-7,150,-1,-1,49,7,14,1.0
6,5,159,218575,220102,220102,221108,221108,221717,221749,229249,229249,229852,229886,229920,233027,1527,1006,609,7500,603,436,0,600,2019,3141,3107,1419,216.7787904,14.45478938,1,14,6,160,1,1,51,20,14,2.0
6,5,160,233029,234556,234556,235562,235562,236189,236222,244222,244222,244824,244857,244891,247965,1527,1006,627,8000,602,397,0,600,2041,3108,3074,1441,231.7168628,14.9380724,1,20,-10,160,-1,-1,49,10,20,1.0
6,5,161,247968,249496,249496,250503,250503,251113,251146,260146,260146,260779,260813,260846,263900,1528,1007,610,9000,633,772,0,600,1650,3087,3054,1050,247.6518888,15.93502604,0,14,-4,170,-1,1,51,10,14,2.0
6,5,162,263903,265432,265432,266441,266441,267046,267078,275578,275578,276203,276236,276269,279346,1529,1009,605,8500,625,530,0,600,1902,3110,3077,1302,263.0973668,15.44547794,1,7,7,190,1,1,51,14,7,2.0
6,5,163,279349,280874,280874,281878,281878,282483,282515,288515,288515,289136,289168,289202,292295,1525,1004,605,6000,621,419,0,600,2026,3127,3093,1426,276.046823,12.94945623,1,5,5,190,1,1,51,10,5,2.0
6,5,164,292298,293826,293826,294832,294832,295437,295469,302469,302469,303095,303128,303162,306244,1528,1006,605,7000,626,378,0,600,2057,3116,3082,1457,289.9951467,13.94832375,1,7,7,210,1,1,51,14,7,2.0
6,5,165,306247,307773,307773,308775,308775,309375,309407,315907,315907,316530,316562,316595,319693,1526,1002,600,6500,623,584,0,600,1865,3131,3098,1265,303.444786,13.4496393,1,3,2,170,1,1,51,5,3,2.0
6,5,166,319696,321216,321216,322218,322218,322823,322856,331356,331356,331956,331990,332023,335137,1520,1002,605,8500,600,763,0,600,1710,3147,3114,1110,318.8886457,15.44385969,1,14,-4,150,-1,-1,49,10,14,1.0
6,5,167,335140,336663,336663,337671,337671,338276,338309,347309,347309,347912,347945,347979,351091,1523,1008,605,9000,603,635,0,600,1826,3146,3112,1226,334.842967,15.95432124,1,20,-6,190,-1,-1,49,14,20,1.0
6,5,168,351094,352623,352623,353628,353628,354233,354266,362267,362267,362897,362930,362963,366041,1529,1005,605,8001,630,336,0,600,2094,3111,3078,1494,349.7925694,14.94960238,1,7,13,190,1,1,51,20,7,2.0
6,5,169,366044,367566,367566,368572,368572,369178,369210,376210,376210,376843,376876,376910,379987,1522,1006,606,7000,633,404,0,600,2029,3111,3077,1429,363.7386535,13.94608411,0,20,8,190,1,-1,49,28,20,1.0
6,5,170,379990,381513,381513,382515,382515,383125,383157,390657,390657,391289,391323,391356,394454,1523,1002,610,7500,632,455,0,600,1978,3131,3098,1378,378.2056018,14.46694829,1,10,18,150,1,1,51,28,10,2.0
6,5,171,394457,395983,395983,396988,396988,397593,397625,404125,404125,404751,404785,404818,407869,1526,1005,605,6500,626,-1,2501,0,537,3084,3051,-63,391.6207623,13.41516054,-1,5,2,150,1,-2,-1,7,5,
6,5,172,407872,409400,409400,410405,410405,411005,411037,417037,417037,417657,417689,417727,420807,1528,1005,600,6000,620,1474,0,600,973,3118,3080,373,404.5583649,12.93760259,1,3,2,150,1,1,51,5,3,2.0
6,5,173,420810,422334,422334,423337,423337,423969,424002,431002,431002,431616,431649,431682,434763,1524,1003,632,7000,614,345,0,600,2082,3114,3081,1482,418.5143083,13.95594341,1,4,1,160,1,1,51,5,4,2.0
6,5,174,434766,436296,436296,437303,437303,437910,437942,444442,444442,445060,445092,445125,448199,1530,1007,607,6500,618,528,0,600,1910,3107,3074,1310,431.9500842,13.43577595,1,79,-51,180,-1,-1,49,28,79,1.0
6,5,175,448202,449724,449724,450729,450729,451336,451369,460369,460369,461002,461035,461068,464137,1522,1005,607,9000,633,718,0,600,1715,3102,3069,1115,447.8882847,15.93820047,1,10,4,170,1,1,51,14,10,2.0
6,5,176,464140,465663,465663,466667,466667,467274,467306,473306,473306,473927,473959,473993,477099,1523,1004,607,6000,621,435,0,600,2010,3140,3106,1410,460.850527,12.96224224,1,5,2,150,1,1,51,7,5,2.0
6,5,177,477102,478626,478626,479632,479632,480233,480265,488765,488765,489398,489431,489465,492561,1524,1006,601,8500,633,845,0,600,1591,3130,3096,991,476.3121585,15.46163156,1,15,-1,200,-1,-1,49,14,15,1.0
6,5,178,492564,494089,494089,495094,495094,495700,495733,503233,503233,503854,503887,503920,507011,1525,1005,606,7500,621,481,0,600,1962,3124,3091,1362,490.7623767,14.45021819,1,5,2,170,1,1,51,7,5,2.0
6,5,179,507013,508541,508541,509544,509544,510144,510177,518177,518177,518793,518826,518860,521967,1528,1003,600,8000,616,1342,0,600,1111,3141,3107,511,505.7182351,14.95585843,0,15,-1,170,-1,1,51,14,15,2.0
6,5,180,521970,523496,523496,524503,524503,525107,525140,533140,533140,533755,533787,533821,536911,1526,1007,604,8000,615,318,0,600,2130,3124,3090,1530,520.6621706,14.94393548,1,56,-28,190,-1,-1,49,28,56,1.0
6,6,181,15080,16608,16608,17626,17626,18240,18272,25272,25272,25878,25910,25946,29034,1528,1018,614,7000,606,252,0,600,2182,3124,3088,1582,13.96407084,13.96407084,1,40,-26,180,-1,-1,49,14,40,1.0
6,6,182,29036,30557,30557,31564,31564,32171,32205,39705,39705,40306,40339,40372,43474,1521,1007,607,7500,601,429,0,600,2035,3135,3102,1435,28.40450387,14.44043303,1,20,-13,150,-1,-1,49,7,20,1.0
6,6,183,43477,45004,45004,46010,46010,46616,46649,52649,52649,53280,53312,53345,56422,1527,1006,606,6000,631,566,0,600,1864,3110,3077,1264,41.35298553,12.94848166,1,7,13,190,1,1,51,20,7,2.0
6,6,184,56425,57947,57947,58952,58952,59558,59591,68591,68591,69191,69223,69256,72369,1522,1005,606,9000,600,247,0,600,2220,3146,3113,1620,57.29953553,15.94655,1,7,13,180,1,1,51,20,7,2.0
6,6,185,72372,73895,73895,74898,74898,75503,75536,84036,84036,84662,84694,84727,87807,1523,1003,605,8500,626,629,0,600,1814,3113,3080,1214,72.73698669,15.43745116,1,10,-3,200,-1,-1,49,7,10,1.0
6,6,186,87810,89332,89332,90339,90339,90945,90978,97478,97478,98094,98127,98160,101262,1522,1007,606,6500,616,367,0,600,2082,3135,3102,1482,86.19292844,13.45594175,1,4,3,180,1,1,51,7,4,2.0
6,6,187,101265,102788,102788,103793,103793,104398,104430,112430,112430,113061,113093,113126,116220,1523,1005,605,8000,631,1260,0,600,1176,3127,3094,576,101.1503759,14.95744745,1,7,7,210,1,1,51,14,7,2.0
6,6,188,116223,117742,117742,118749,118749,119353,119386,126886,126886,127518,127551,127584,130670,1519,1007,604,7500,632,475,0,600,1963,3119,3086,1363,115.6015352,14.45115931,1,10,4,190,1,1,51,14,10,2.0
6,6,189,130674,132202,132202,133207,133207,133812,133844,140844,140844,141445,141477,141510,144629,1528,1005,605,7000,601,481,0,600,1980,3152,3119,1380,129.5594573,13.95792208,1,14,14,190,1,1,51,28,14,2.0
6,6,190,144632,146156,146156,147162,147162,147766,147799,156799,156799,157412,157445,157479,160566,1524,1006,604,9000,613,386,0,600,2067,3121,3087,1467,145.4956016,15.93614435,1,2,3,190,1,1,51,5,2,2.0
6,6,191,160568,162089,162089,163095,163095,163700,163732,172232,172232,172835,172867,172901,176000,1521,1006,605,8500,603,453,0,600,2012,3133,3099,1412,160.9307438,15.43514221,1,20,-13,210,-1,-1,49,7,20,1.0
6,6,192,176003,177529,177529,178535,178535,179140,179174,187174,187174,187776,187809,187843,190937,1526,1006,605,8000,602,386,0,600,2075,3128,3094,1475,175.8668698,14.93612597,1,10,18,180,1,1,51,28,10,2.0
6,6,193,190940,192463,192463,193467,193467,194072,194104,200104,200104,200706,200738,200771,203873,1523,1004,605,6000,602,196,0,600,2270,3135,3102,1670,188.8030482,12.93617841,1,20,-10,170,-1,-1,49,10,20,1.0
6,6,194,203876,205398,205398,206400,206400,207004,207037,213537,213537,214160,214193,214226,217316,1522,1002,604,6500,623,517,0,600,1932,3123,3090,1332,202.2466277,13.44357943,1,5,2,210,1,1,51,7,5,2.0
6,6,195,217319,218841,218841,219845,219845,220453,220486,227986,227986,228618,228651,228684,231757,1522,1004,608,7500,632,425,0,600,2009,3106,3073,1409,216.6866704,14.44004278,1,7,3,190,1,1,51,10,7,2.0
6,6,196,231760,233284,233284,234291,234291,234898,234931,243931,243931,244562,244595,244629,247717,1524,1007,607,9000,631,838,0,600,1593,3122,3088,993,232.6475171,15.96084669,1,14,-4,210,-1,-1,49,10,14,1.0
6,6,197,247720,249241,249241,250243,250243,250844,250877,257877,257877,258480,258512,258547,261678,1521,1002,601,7000,603,458,0,600,2015,3166,3131,1415,246.6091057,13.96158861,1,14,-9,190,-1,-1,49,5,14,1.0
6,6,198,261682,263204,263204,264207,264207,264838,264870,270870,270870,271491,271523,271557,274636,1522,1003,631,6000,621,535,0,600,1888,3113,3079,1288,259.5664146,12.95730883,1,3,2,180,1,1,51,5,3,2.0
6,6,199,274639,276164,276164,277169,277169,277800,277834,285834,285834,286436,286469,286503,289591,1525,1005,631,8000,602,285,0,600,2152,3122,3088,1552,274.5215832,14.95516863,1,14,-9,200,-1,-1,49,5,14,1.0
6,6,200,289594,291117,291117,292120,292120,292728,292760,299260,299260,299892,299924,299958,303033,1523,1003,608,6500,632,794,0,600,1640,3109,3075,1040,287.9631885,13.44160528,1,10,18,170,1,1,51,28,10,2.0
6,6,201,303036,304559,304559,305566,305566,306172,306205,314705,314705,315307,315339,315372,318480,1523,1007,606,8500,602,237,0,600,2225,3141,3108,1625,303.4103486,15.44716008,1,28,-8,200,-1,-1,49,20,28,1.0
6,6,202,318483,320008,320008,321012,321012,321617,321650,329650,329650,330250,330283,330317,333418,1525,1004,605,8000,600,654,0,600,1812,3135,3101,1212,318.3478119,14.93746337,1,28,-18,160,-1,-1,49,10,28,1.0
6,6,203,333421,334946,334946,335953,335953,336559,336591,343091,343091,343721,343753,343786,346866,1525,1007,606,6500,630,1024,0,600,1408,3113,3080,808,331.7961045,13.44829256,1,7,3,200,1,1,51,10,7,2.0
6,6,204,346869,348389,348389,349396,349396,350000,350033,357533,357533,358135,358167,358201,361304,1520,1007,604,7500,602,1203,0,600,1264,3137,3103,664,346.2342406,14.43813613,0,13,1,190,1,-1,49,14,13,1.0
6,6,205,361307,362829,362829,363836,363836,364442,364475,370475,370475,371078,371110,371144,374258,1522,1007,606,6000,603,407,0,600,2055,3148,3114,1455,359.1879733,12.9537327,1,13,1,210,1,1,51,14,13,2.0
6,6,206,374261,375784,375784,376790,376790,377392,377425,384425,384425,385052,385084,385118,388222,1523,1006,602,7000,627,566,0,600,1876,3138,3104,1276,373.1513634,13.96339009,1,4,1,190,1,1,51,5,4,2.0
6,6,207,388225,389745,389745,390750,390750,391357,391389,399889,399889,400502,400535,400569,403678,1520,1005,607,8500,613,600,0,600,1855,3143,3109,1255,388.6074429,15.45607947,1,40,-12,160,-1,-1,49,28,40,1.0
6,6,208,403681,405201,405201,406205,406205,406812,406845,415845,415845,416453,416487,416520,419639,1520,1004,607,9000,608,738,0,600,1723,3152,3119,1123,404.5683947,15.96095186,1,40,-20,190,-1,-1,49,20,40,1.0
6,6,209,419642,421169,421169,422173,422173,422782,422814,431314,431314,431932,431964,431998,435082,1527,1004,609,8500,618,768,0,600,1674,3118,3084,1074,420.0119666,15.4435719,1,79,-51,150,-1,-1,49,28,79,1.0
6,6,210,435085,436606,436606,437608,437608,438212,438244,444744,444744,445376,445409,445443,448542,1521,1002,604,6500,632,1009,0,600,1432,3133,3099,832,433.4716723,13.45970562,1,28,-8,190,-1,-1,49,20,28,1.0
6,6,211,448545,450074,450074,451079,451079,451684,451717,457717,457717,458334,458366,458399,461503,1529,1005,605,6000,617,401,0,600,2043,3137,3104,1443,446.4316975,12.9600252,1,4,1,160,1,1,51,5,4,2.0
6,6,212,461506,463029,463029,464035,464035,464642,464676,473676,473676,474299,474331,474364,477467,1523,1006,607,9000,623,1661,0,600,780,3136,3103,180,462.3961628,15.96446531,1,9,1,170,1,1,51,10,9,2.0
6,6,213,477470,478996,478996,480000,480000,480604,480637,488137,488137,488750,488783,488817,491928,1526,1004,604,7500,613,242,0,600,2211,3145,3111,1611,476.8573387,14.46117591,1,40,-26,210,-1,-1,49,14,40,1.0
6,6,214,491931,493455,493455,494458,494458,495064,495096,503096,503096,503711,503743,503776,506887,1524,1003,606,8000,615,471,0,600,1981,3144,3111,1381,491.816578,14.95923928,1,56,-28,200,-1,-1,49,28,56,1.0
6,6,215,506890,508412,508412,509415,509415,510022,510055,517056,517056,517683,517717,517750,520839,1522,1003,607,7001,627,154,0,600,2286,3122,3089,1686,505.7687885,13.95221057,1,20,-13,200,-1,-1,49,7,20,1.0
6,6,216,520842,522369,522369,523376,523376,523981,524014,530514,530514,531116,531149,531182,534278,1527,1007,605,6500,602,423,0,600,2036,3129,3096,1436,519.2066351,13.43784653,1,14,6,200,1,1,51,20,14,2.0
7,1,1,54220,55748,55748,56767,56767,57395,57427,64427,64427,65059,65090,65126,68165,1528,1019,628,7000,632,452,0,600,1941,3075,3039,1341,13.95755533,13.95755533,1,20,-6,190,-1,-1,49,14,20,1.0
7,1,2,68170,69693,69693,70698,70698,71327,71359,80359,80359,80989,81021,81054,84128,1523,1005,629,9000,630,266,0,600,2147,3107,3074,1547,29.91877389,15.96121855,1,10,-5,190,-1,-1,49,5,10,1.0
7,1,3,84131,85656,85656,86663,86663,87273,87306,95306,95306,95906,95938,95972,99076,1525,1007,610,8000,600,298,0,600,2160,3138,3104,1560,44.86700784,14.94823395,1,28,-14,170,-1,-1,49,14,28,1.0
7,1,4,99079,100603,100603,101610,101610,102233,102265,108765,108765,109395,109427,109460,112517,1524,1007,623,6500,630,965,0,600,1451,3090,3057,851,58.30694816,13.43994032,1,10,4,210,1,1,51,14,10,2.0
7,1,5,112519,114043,114043,115053,115053,115683,115715,124215,124215,124820,124853,124886,127978,1524,1010,630,8500,605,288,0,600,2143,3125,3092,1543,73.76824913,15.46130097,1,40,-26,170,-1,-1,49,14,40,1.0
7,1,6,127981,129508,129508,130511,130511,131143,131176,138676,138676,139296,139328,139361,142427,1527,1003,632,7500,620,814,0,600,1604,3099,3066,1004,88.21748281,14.44923368,1,3,2,170,1,1,51,5,3,2.0
7,1,7,142430,143953,143953,144958,144958,145560,145592,151592,151592,152205,152237,152271,155382,1523,1005,602,6000,613,795,0,600,1662,3145,3111,1062,101.1728097,12.95532684,1,2,5,160,1,1,51,7,2,2.0
7,1,8,155385,156913,156913,157916,157916,158520,158553,166053,166053,166656,166689,166722,169843,1528,1003,604,7500,603,480,0,600,1982,3154,3121,1382,115.6339283,14.46111866,1,40,-20,200,-1,-1,49,20,40,1.0
7,1,9,169846,171374,171374,172386,172386,172991,173025,179025,179025,179625,179658,179692,182784,1528,1012,605,6000,600,385,0,600,2070,3126,3092,1470,128.5744679,12.94053956,1,20,-10,170,-1,-1,49,10,20,1.0
7,1,10,182787,184310,184310,185313,185313,185921,185954,194954,194954,195569,195602,195635,198744,1523,1003,608,9000,615,275,0,600,2176,3142,3109,1576,144.5335179,15.95905003,1,57,-37,180,-1,-1,49,20,57,1.0
7,1,11,198746,200271,200271,201277,201277,201894,201926,209926,209926,210545,210577,210611,213682,1525,1006,617,8000,619,585,0,600,1848,3105,3071,1248,159.4725399,14.93902195,1,8,-1,210,-1,-1,49,7,8,1.0
7,1,12,213685,215212,215212,216217,216217,216822,216854,223354,223354,223978,224010,224044,227135,1527,1005,605,6500,624,964,0,600,1475,3125,3091,875,172.9247304,13.45219053,1,7,13,210,1,1,51,20,7,2.0
7,1,13,227138,228663,228663,229666,229666,230270,230302,237302,237302,237924,237957,237991,241072,1525,1003,604,7000,622,730,0,600,1716,3115,3081,1116,186.8625632,13.93783282,1,4,6,210,1,1,51,10,4,2.0
7,1,14,241075,242600,242600,243602,243602,244208,244242,252742,252742,253361,253393,253427,256521,1525,1002,606,8500,619,420,0,600,2028,3128,3094,1428,202.3112403,15.44867708,1,4,6,170,1,1,51,10,4,2.0
7,1,15,256524,258048,258048,259057,259057,259661,259692,268692,268692,269324,269356,269390,272458,1524,1009,604,9000,632,585,0,600,1846,3102,3068,1246,218.2484948,15.93725453,1,10,18,180,1,1,51,28,10,2.0
7,1,16,272461,273983,273983,274987,274987,275591,275624,283124,283124,283747,283780,283814,286898,1522,1004,604,7500,623,277,0,600,2170,3118,3084,1570,232.6883315,14.43983666,1,79,-51,210,-1,-1,49,28,79,1.0
7,1,17,286901,288426,288426,289430,289430,290033,290065,296065,296065,296667,296699,296733,299858,1525,1004,603,6000,602,710,0,600,1756,3159,3125,1156,245.6485722,12.96024067,1,40,-12,180,-1,-1,49,28,40,1.0
7,1,18,299861,301387,301387,302389,302389,303020,303053,311553,311553,312173,312206,312239,315293,1526,1002,631,8500,620,570,0,600,1851,3087,3054,1251,261.0834239,15.43485171,1,4,3,190,1,1,51,7,4,2.0
7,1,19,315296,316818,316818,317826,317826,318452,318484,325484,325484,326086,326119,326153,329244,1522,1008,626,7000,602,478,0,600,1964,3125,3091,1364,275.0337052,13.95028133,1,10,-3,150,-1,-1,49,7,10,1.0
7,1,20,329246,330773,330773,331782,331782,332385,332417,340417,340417,341021,341054,341087,344182,1527,1009,603,8000,604,454,0,600,2003,3128,3095,1403,289.9718279,14.93812272,1,79,-51,150,-1,-1,49,28,79,1.0
7,1,21,344185,345710,345710,346716,346716,347344,347377,353877,353877,354495,354528,354562,357623,1525,1006,628,6500,618,707,0,600,1716,3095,3061,1116,303.4130785,13.44125059,1,3,2,200,1,1,51,5,3,2.0
7,1,22,357626,359149,359149,360155,360155,360762,360795,366795,366795,367395,367427,367460,370583,1523,1006,607,6000,600,197,0,600,2267,3156,3123,1667,316.3721659,12.9590874,1,28,-18,180,-1,-1,49,10,28,1.0
7,1,23,370583,372106,372106,373111,373111,373715,373747,382747,382747,383380,383413,383447,386547,1523,1005,604,9000,633,1757,0,600,678,3134,3100,78,332.3370537,15.9648878,0,14,6,210,1,-1,49,20,14,1.0
7,1,24,386550,388078,388078,389084,389084,389690,389723,397223,397223,397846,397878,397912,400995,1528,1006,606,7500,623,116,0,600,2321,3117,3083,1721,346.7850311,14.44797735,1,5,5,190,1,1,51,10,5,2.0
7,1,25,400998,402519,402519,403525,403525,404129,404162,412162,412162,412762,412794,412827,415953,1521,1006,604,8000,600,322,0,600,2147,3159,3126,1547,361.743068,14.95803689,1,11,-1,160,-1,-1,49,10,11,1.0
7,1,26,415956,417481,417481,418489,418489,419093,419126,426126,426126,426756,426789,426822,429907,1525,1008,604,7000,630,1093,0,600,1340,3118,3085,740,375.697143,13.95407503,1,7,13,150,1,1,51,20,7,2.0
7,1,27,429910,431436,431436,432441,432441,433049,433082,441582,441582,442182,442215,442248,445372,1526,1005,608,8500,600,383,0,600,2078,3157,3124,1478,391.1620092,15.46486626,1,40,-26,190,-1,-1,49,14,40,1.0
7,1,28,445375,446902,446902,447909,447909,448515,448549,455049,455049,455682,455714,455747,458816,1527,1007,606,6500,633,524,0,600,1903,3102,3069,1303,404.605576,13.44356678,1,14,14,150,1,1,51,28,14,2.0
7,1,29,458819,460346,460346,461351,461351,461976,462008,469508,469508,470123,470156,470190,473278,1527,1005,625,7500,615,868,0,600,1560,3122,3088,960,419.0682403,14.46266429,1,6,-1,160,-1,-1,49,5,6,1.0
7,1,30,473281,474807,474807,475817,475817,476421,476454,482454,482454,483074,483107,483140,486241,1526,1010,604,6000,620,617,0,600,1823,3134,3101,1223,432.0309228,12.96268252,1,3,2,160,1,1,51,5,3,2.0
7,1,31,486244,487766,487766,488768,488768,489371,489404,498404,498404,499004,499037,499071,502188,1522,1002,603,9000,600,181,0,600,2292,3151,3117,1692,447.9780544,15.94713161,1,20,-6,160,-1,-1,49,14,20,1.0
7,1,32,502191,503714,503714,504719,504719,505322,505355,513355,513355,513986,514018,514051,517147,1523,1005,603,8000,631,157,0,600,2281,3129,3096,1681,462.9363797,14.95832528,1,14,-7,200,-1,-1,49,7,14,1.0
7,1,33,517150,518679,518679,519683,519683,520285,520318,527318,527318,527944,527977,528011,531111,1529,1004,602,7000,626,331,0,600,2108,3134,3100,1508,476.9011039,13.96472417,1,8,-1,210,-1,-1,49,7,8,1.0
7,1,34,531114,532636,532636,533639,533639,534242,534276,540776,540776,541377,541410,541444,544549,1522,1003,603,6500,601,267,0,600,2204,3139,3105,1604,490.3381558,13.43705187,1,40,-12,160,-1,-1,49,28,40,1.0
7,1,35,544552,546075,546075,547080,547080,547711,547743,556243,556243,556868,556901,556934,560004,1523,1005,631,8500,625,559,0,600,1857,3103,3070,1257,505.7935286,15.4553728,1,7,-2,160,-1,-1,49,5,7,1.0
7,1,36,560007,561531,561531,562537,562537,563142,563175,569175,569175,569778,569811,569844,572949,1524,1006,605,6000,603,1084,0,600,1378,3138,3105,778,518.7390431,12.94551456,0,21,-1,150,-1,1,51,20,21,2.0
7,2,37,14546,16077,16077,17098,17098,17701,17733,24233,24233,24855,24887,24921,28006,1531,1021,603,6500,622,633,0,600,1790,3119,3085,1190,13.4713227,13.4713227,1,5,2,210,1,1,51,7,5,2.0
7,2,38,28009,29538,29538,30547,30547,31154,31186,37186,37186,37803,37835,37869,40960,1529,1009,607,6000,617,122,0,600,2316,3125,3091,1716,26.42404708,12.95272438,1,57,-37,190,-1,-1,49,20,57,1.0
7,2,39,40962,42481,42481,43486,43486,44091,44124,51124,51124,51753,51785,51819,54916,1519,1005,605,7000,629,455,0,600,1987,3131,3097,1387,40.38016286,13.95611578,1,14,14,170,1,1,51,28,14,2.0
7,2,40,54919,56439,56439,57445,57445,58051,58084,66584,66584,67186,67219,67252,70354,1520,1006,606,8500,602,489,0,600,1977,3135,3102,1377,55.81850692,15.43834406,1,20,8,150,1,1,51,28,20,2.0
7,2,41,70357,71883,71883,72890,72890,73496,73529,81029,81029,81630,81662,81697,84821,1526,1007,606,7500,601,1258,0,600,1202,3159,3124,602,70.28474824,14.46624132,1,21,-1,200,-1,-1,49,20,21,1.0
7,2,42,84824,86345,86345,87351,87351,87955,87988,96988,96988,97613,97645,97679,100773,1521,1006,604,9000,625,513,0,600,1931,3128,3094,1331,86.23717519,15.95242694,1,4,6,200,1,1,51,10,4,2.0
7,2,43,100776,102300,102300,103304,103304,103910,103943,111943,111943,112544,112577,112612,115743,1524,1004,606,8000,601,943,0,600,1522,3166,3131,922,101.2065884,14.96941319,0,10,4,200,1,-1,49,14,10,1.0
7,2,44,115745,117263,117263,118271,118271,118876,118908,125908,125908,126520,126552,126586,129699,1518,1008,605,7000,612,340,0,600,2117,3147,3113,1517,115.1629856,13.95639724,1,40,-12,210,-1,-1,49,28,40,1.0
7,2,45,129702,131225,131225,132230,132230,132837,132870,139370,139370,140002,140034,140067,143144,1523,1005,607,6500,632,474,0,600,1959,3110,3077,1359,128.608337,13.44535138,1,7,13,160,1,1,51,20,7,2.0
7,2,46,143147,144670,144670,145676,145676,146279,146312,154812,154812,155414,155446,155479,158580,1523,1006,603,8500,602,428,0,600,2038,3134,3101,1438,144.0434087,15.4350717,1,10,-3,210,-1,-1,49,7,10,1.0
7,2,47,158582,160102,160102,161108,161108,161713,161746,167746,167746,168376,168408,168441,171536,1520,1006,605,6000,630,548,0,600,1891,3128,3095,1291,156.999388,12.95597927,1,7,7,170,1,1,51,14,7,2.0
7,2,48,171539,173066,173066,174071,174071,174677,174709,182709,182709,183331,183364,183397,186476,1527,1005,606,8000,622,569,0,600,1871,3112,3079,1271,171.9397826,14.94039461,1,5,5,180,1,1,51,10,5,2.0
7,2,49,186479,188003,188003,189008,189008,189615,189648,197148,197148,197751,197783,197817,200922,1524,1005,607,7500,603,660,0,600,1801,3139,3105,1201,186.385353,14.44557046,1,21,-1,190,-1,-1,49,20,21,1.0
7,2,50,200925,202445,202445,203453,203453,204060,204093,213093,213093,213694,213726,213759,216878,1520,1008,607,9000,601,380,0,600,2084,3152,3119,1484,202.342029,15.95667599,1,28,-14,170,-1,-1,49,14,28,1.0
7,2,51,216881,218400,218400,219406,219406,220036,220068,227568,227568,228185,228217,228251,231317,1519,1006,630,7500,617,427,0,600,2001,3100,3066,1401,216.7805382,14.43850921,1,4,3,150,1,1,51,7,4,2.0
7,2,52,231320,232845,232845,233849,233849,234453,234485,243485,243485,244102,244135,244168,247278,1525,1004,604,9000,617,629,0,600,1821,3143,3110,1221,232.7417188,15.96118058,1,11,-1,170,-1,-1,49,10,11,1.0
7,2,53,247281,248803,248803,249806,249806,250434,250467,258468,258468,259103,259135,259168,262222,1522,1003,628,8001,635,669,0,600,1742,3087,3054,1142,247.6861696,14.94445079,1,7,-2,170,-1,-1,49,5,7,1.0
7,2,54,262225,263750,263750,264757,264757,265361,265395,272395,272395,272997,273030,273065,276189,1525,1007,604,7000,602,254,0,600,2208,3159,3124,1608,261.6526521,13.96648255,1,20,-6,160,-1,-1,49,14,20,1.0
7,2,55,276192,277711,277711,278713,278713,279335,279367,285867,285867,286487,286519,286553,289654,1519,1002,622,6500,620,423,0,600,2014,3135,3101,1414,275.1179572,13.46530502,1,4,1,210,1,1,51,5,4,2.0
7,2,56,289657,291186,291186,292193,292193,292795,292828,301328,301328,301946,301978,302011,305098,1529,1007,602,8500,618,572,0,600,1872,3120,3087,1272,290.5612795,15.44332238,1,2,3,200,1,1,51,5,2,2.0
7,2,57,305101,306622,306622,307626,307626,308230,308262,314262,314262,314878,314910,314944,318033,1521,1004,604,6000,616,188,0,600,2267,3123,3089,1667,303.4963098,12.93503026,1,56,-28,150,-1,-1,49,28,56,1.0
7,2,58,318036,319561,319561,320566,320566,321172,321205,327705,327705,328305,328339,328372,331488,1525,1005,606,6500,600,343,0,600,2121,3149,3116,1521,316.9513336,13.45502384,1,10,10,160,1,1,51,20,10,2.0
7,2,59,331490,333013,333013,334018,334018,334641,334674,343674,343674,344274,344308,344341,347422,1523,1005,623,9000,600,381,0,600,2068,3114,3081,1468,332.8854204,15.93408673,1,10,4,160,1,1,51,14,10,2.0
7,2,60,347424,348952,348952,349957,349957,350563,350595,356595,356595,357228,357262,357295,360367,1528,1005,606,6000,633,1081,0,600,1347,3105,3072,747,345.8310344,12.945614,1,7,3,170,1,1,51,10,7,2.0
7,2,61,360370,361895,361895,362899,362899,363504,363536,371036,371036,371652,371685,371718,374801,1525,1004,605,7500,616,149,0,600,2301,3116,3083,1701,360.2639785,14.43294416,1,40,-26,180,-1,-1,49,14,40,1.0
7,2,62,374803,376325,376325,377329,377329,377960,377992,384992,384992,385625,385657,385691,388743,1522,1004,631,7000,633,604,0,600,1806,3086,3052,1206,374.2065465,13.94256795,1,7,-2,160,-1,-1,49,5,7,1.0
7,2,63,388745,390270,390270,391276,391276,391880,391913,400413,400413,401046,401078,401111,404186,1525,1006,604,8500,633,1078,0,600,1354,3108,3075,754,389.649086,15.44253947,1,11,-1,200,-1,-1,49,10,11,1.0
7,2,64,404189,405714,405714,406719,406719,407349,407382,415382,415382,416010,416043,416076,419124,1525,1005,630,8000,628,929,0,600,1483,3081,3048,883,404.5868983,14.93781233,1,6,-1,150,-1,-1,49,5,6,1.0
7,2,65,419127,420647,420647,421652,421652,422269,422301,429301,429301,429919,429951,429984,433059,1520,1005,617,7000,618,269,0,600,2171,3108,3075,1571,418.5216724,13.93477411,1,10,-5,170,-1,-1,49,5,10,1.0
7,2,66,433062,434586,434586,435595,435595,436205,436238,444238,444238,444856,444889,444924,448018,1524,1009,610,8000,618,228,0,600,2211,3129,3094,1611,433.4811829,14.9595105,1,56,-28,170,-1,-1,49,28,56,1.0
7,2,67,448021,449548,449548,450552,450552,451157,451189,460189,460189,460804,460836,460869,463977,1527,1004,605,9000,615,562,0,600,1887,3141,3108,1287,449.4405647,15.95938182,1,2,5,210,1,1,51,7,2,2.0
7,2,68,463980,465507,465507,466511,466511,467129,467161,475661,475661,476283,476315,476349,479418,1527,1004,618,8500,622,597,0,600,1832,3103,3069,1232,464.8817086,15.44114392,1,5,2,190,1,1,51,7,5,2.0
7,2,69,479421,480947,480947,481950,481950,482553,482586,489086,489086,489718,489751,489785,492871,1526,1003,603,6500,632,381,0,600,2055,3120,3086,1455,478.3342186,13.45250997,0,10,10,160,1,-1,49,20,10,1.0
7,2,70,492874,494405,494405,495411,495411,496017,496049,503549,503549,504164,504197,504230,507306,1531,1006,606,7500,615,438,0,600,2004,3109,3076,1404,492.7690308,14.43481223,1,5,5,200,1,1,51,10,5,2.0
7,2,71,507309,508836,508836,509842,509842,510450,510482,516482,516482,517083,517116,517152,520250,1527,1006,608,6000,601,455,0,600,2003,3134,3098,1403,505.7135039,12.94447309,1,10,-3,170,-1,-1,49,7,10,1.0
7,2,72,520253,521775,521775,522780,522780,523386,523419,531919,531919,532521,532554,532587,535687,1522,1005,606,8500,602,329,0,600,2136,3133,3100,1536,521.1505715,15.43706754,1,29,-1,210,-1,-1,49,28,29,1.0
7,3,73,14140,15662,15662,16678,16678,17303,17335,24335,24335,24951,24983,25019,28081,1522,1016,625,7000,616,120,0,600,2301,3098,3062,1701,13.95372938,13.95372938,1,10,-5,190,-1,-1,49,5,10,1.0
7,3,74,28086,29611,29611,30620,30620,31243,31276,37276,37276,37877,37910,37945,41048,1525,1009,623,6000,601,106,0,600,2336,3138,3103,1736,26.91860513,12.96487575,1,14,-7,150,-1,-1,49,7,14,1.0
7,3,75,41051,42573,42573,43578,43578,44183,44216,52216,52216,52845,52879,52912,55992,1522,1005,605,8000,629,1380,0,600,1059,3113,3080,459,41.86274402,14.94413889,1,10,4,150,1,1,51,14,10,2.0
7,3,76,55995,57519,57519,58522,58522,59127,59160,68160,68160,68790,68823,68856,71927,1524,1003,605,9000,630,1174,0,600,1264,3104,3071,664,57.7977119,15.93496788,1,7,3,190,1,1,51,10,7,2.0
7,3,77,71930,73458,73458,74464,74464,75073,75106,83606,83606,84206,84238,84272,87362,1528,1006,609,8500,600,446,0,600,2011,3124,3090,1411,73.23184821,15.4341363,1,10,18,200,1,1,51,28,10,2.0
7,3,78,87365,88884,88884,89887,89887,90492,90524,98024,98024,98655,98689,98723,101817,1519,1003,605,7500,631,222,0,600,2220,3128,3094,1620,87.68701217,14.45516396,1,20,-13,180,-1,-1,49,7,20,1.0
7,3,79,101820,103350,103350,104361,104361,104993,105025,111525,111525,112125,112157,112190,115243,1530,1011,632,6500,600,-1,2501,0,526,3086,3053,-74,101.113141,13.42612881,-1,10,-5,190,-1,-2,-1,5,10,
7,3,80,115246,116769,116769,117775,117775,118378,118411,124411,124411,125011,125043,125079,128163,1523,1006,603,6000,600,-1,2501,0,567,3120,3084,-33,114.0340894,12.92094844,-1,14,6,160,1,-2,-1,20,14,
7,3,81,128167,129693,129693,130699,130699,131307,131340,140340,140340,140942,140976,141009,144103,1526,1006,608,9000,602,644,0,600,1814,3127,3094,1214,129.9730372,15.93894782,1,20,-6,200,-1,-1,49,14,20,1.0
7,3,82,144106,145632,145632,146633,146633,147239,147272,155272,155272,155904,155937,155970,159056,1526,1001,606,8000,632,543,0,600,1892,3119,3086,1292,144.9254268,14.95238958,0,7,7,190,1,-1,49,14,7,1.0
7,3,83,159059,160582,160582,161587,161587,162192,162225,168725,168725,169326,169358,169392,172513,1523,1005,605,6500,601,508,0,600,1958,3155,3121,1358,158.3832457,13.45781886,0,28,-8,150,-1,1,51,20,28,2.0
7,3,84,172516,174042,174042,175050,175050,175656,175688,184188,184188,184791,184824,184859,187973,1526,1008,606,8500,603,798,0,600,1659,3149,3114,1059,173.8435685,15.46032279,1,21,-1,150,-1,-1,49,20,21,1.0
7,3,85,187976,189503,189503,190507,190507,191111,191144,198644,198644,199246,199279,199312,202410,1527,1004,604,7500,602,491,0,600,1972,3131,3098,1372,188.2802705,14.436702,1,10,10,210,1,1,51,20,10,2.0
7,3,86,202413,203935,203935,204940,204940,205548,205581,212581,212581,213200,213232,213265,216365,1522,1005,608,7000,619,358,0,600,2088,3133,3100,1488,202.2352375,13.95496703,1,56,-28,210,-1,-1,49,28,56,1.0
7,3,87,216368,217893,217893,218899,218899,219504,219536,228536,228536,229137,229170,229204,232321,1525,1006,605,9000,601,281,0,600,2182,3151,3117,1582,218.1914048,15.95616731,1,20,-10,180,-1,-1,49,10,20,1.0
7,3,88,232324,233851,233851,234855,234855,235459,235491,241991,241991,242623,242657,242690,245786,1527,1004,604,6500,632,227,0,600,2206,3129,3096,1606,231.6558109,13.46440609,1,14,-7,190,-1,-1,49,7,14,1.0
7,3,89,245789,247311,247311,248319,248319,248923,248956,255956,255956,256557,256589,256624,259749,1522,1008,604,7000,601,320,0,600,2145,3160,3125,1545,245.6194556,13.96364473,1,14,-4,160,-1,-1,49,10,14,1.0
7,3,90,259752,261269,261269,262274,262274,262900,262932,271432,271432,272046,272080,272113,275205,1517,1005,626,8500,614,578,0,600,1860,3125,3092,1260,261.0751075,15.45565185,1,2,3,200,1,1,51,5,2,2.0
7,3,91,275208,276733,276733,277740,277740,278342,278376,284376,284376,284993,285026,285059,288173,1525,1007,602,6000,617,471,0,600,1978,3147,3114,1378,274.0430763,12.96796881,1,2,5,210,1,1,51,7,2,2.0
7,3,92,288176,289699,289699,290700,290700,291303,291336,299336,299336,299960,299992,300026,303138,1523,1001,603,8000,624,1054,0,600,1395,3146,3112,795,289.0076178,14.96454155,1,5,5,150,1,1,51,10,5,2.0
7,3,93,303141,304664,304664,305672,305672,306279,306312,313812,313812,314445,314478,314511,317573,1523,1008,607,7500,633,846,0,600,1583,3095,3062,983,303.4428984,14.43528053,1,7,13,160,1,1,51,20,7,2.0
7,3,94,317576,319100,319100,320104,320104,320711,320744,328244,328244,328866,328898,328931,332037,1524,1004,607,7500,622,370,0,600,2073,3139,3106,1473,317.906907,14.46400861,1,5,9,180,1,1,51,14,5,2.0
7,3,95,332040,333558,333558,334568,334568,335196,335228,343728,343728,344358,344391,344425,347473,1518,1010,628,8500,630,406,0,600,2008,3082,3048,1408,333.3427583,15.43585129,1,7,7,180,1,1,51,14,7,2.0
7,3,96,347476,349002,349002,350007,350007,350610,350643,357143,357143,357766,357799,357832,360920,1526,1005,603,6500,623,1390,0,600,1053,3121,3088,453,346.7901227,13.4473644,0,10,10,210,1,-1,49,20,10,1.0
7,3,97,360923,362450,362450,363460,363460,364091,364123,371123,371123,371754,371786,371820,374872,1527,1010,631,7000,631,285,0,600,2116,3086,3052,1516,360.7411239,13.95100125,1,10,-5,170,-1,-1,49,5,10,1.0
7,3,98,374874,376396,376396,377402,377402,378020,378053,384053,384053,384682,384714,384748,387830,1522,1006,618,6000,629,375,0,600,2050,3116,3082,1450,373.6997262,12.95860223,1,14,-4,150,-1,-1,49,10,14,1.0
7,3,99,387833,389359,389359,390364,390364,390970,391003,400003,400003,400621,400654,400687,403765,1526,1005,606,9000,618,402,0,600,2043,3111,3078,1443,389.6343589,15.93463278,1,56,-28,210,-1,-1,49,28,56,1.0
7,3,100,403768,405288,405288,406293,406293,406900,406932,414932,414932,415532,415564,415597,418722,1520,1005,607,8000,600,768,0,600,1700,3158,3125,1100,404.5915551,14.95719612,1,10,18,210,1,1,51,28,10,2.0
7,3,101,418725,420253,420253,421258,421258,421863,421895,428895,428895,429513,429545,429579,432683,1528,1005,605,7000,618,784,0,600,1660,3138,3104,1060,418.5520769,13.96052183,1,8,-1,160,-1,-1,49,7,8,1.0
7,3,102,432685,434205,434205,435212,435212,435844,435877,442377,442377,443005,443038,443071,446119,1520,1007,632,6500,628,1215,0,600,1198,3081,3048,598,431.9880849,13.43600799,1,6,-1,200,-1,-1,49,5,6,1.0
7,3,103,446122,447649,447649,448654,448654,449263,449295,457795,457795,458428,458461,458494,461576,1527,1005,609,8500,633,925,0,600,1501,3115,3082,901,447.445408,15.45732314,1,15,-1,150,-1,-1,49,14,15,1.0
7,3,104,461579,463102,463102,464108,464108,464740,464772,472772,472772,473398,473431,473464,476519,1523,1006,632,8000,626,515,0,600,1898,3088,3055,1298,462.3883653,14.94295729,1,6,-1,190,-1,-1,49,5,6,1.0
7,3,105,476522,478045,478045,479052,479052,479656,479689,485689,485689,486304,486336,486370,489476,1523,1007,604,6000,615,852,0,600,1599,3140,3106,999,475.3456181,12.95725278,1,2,5,180,1,1,51,7,2,2.0
7,3,106,489479,491000,491000,492007,492007,492613,492645,500145,500145,500754,500787,500820,503925,1521,1007,606,7500,609,238,0,600,2219,3138,3105,1619,489.7941252,14.44850712,1,40,-12,170,-1,-1,49,28,40,1.0
7,3,107,503928,505452,505452,506455,506455,507058,507090,516090,516090,516691,516722,516756,519871,1524,1003,603,9000,601,378,0,600,2091,3149,3115,1491,505.740636,15.94651082,1,28,-18,170,-1,-1,49,10,28,1.0
7,3,108,519874,521399,521399,522400,522400,523006,523039,530539,530539,531161,531194,531228,534336,1525,1001,606,7500,622,334,0,600,2112,3142,3108,1512,520.2059356,14.4652996,1,79,-51,200,-1,-1,49,28,79,1.0
7,4,109,50965,52486,52486,53493,53493,54100,54133,61133,61133,61752,61784,61819,64935,1521,1007,607,7000,619,124,0,600,2322,3151,3116,1722,13.98355167,13.98355167,1,79,-51,160,-1,-1,49,28,79,1.0
7,4,110,64940,66466,66466,67469,67469,68074,68106,75606,75606,76206,76239,76272,79379,1526,1003,605,7500,600,270,0,600,2196,3140,3107,1596,28.4251458,14.44159413,1,28,-18,180,-1,-1,49,10,28,1.0
7,4,111,79382,80908,80908,81915,81915,82521,82554,91554,91554,92159,92192,92225,95337,1526,1007,606,9000,605,44,0,600,2412,3145,3112,1812,44.38277647,15.95763067,1,40,-26,170,-1,-1,49,14,40,1.0
7,4,112,95340,96864,96864,97868,97868,98474,98506,106506,106506,107106,107138,107171,110281,1524,1004,606,8000,600,728,0,600,1738,3143,3110,1138,59.32702716,14.94425069,0,27,1,210,1,-1,49,28,27,1.0
7,4,113,110284,111811,111811,112820,112820,113424,113456,119956,119956,120584,120616,120649,123716,1527,1009,604,6500,628,593,0,600,1839,3100,3067,1239,72.76175924,13.43473207,1,7,7,190,1,1,51,14,7,2.0
7,4,114,123719,125243,125243,126247,126247,126879,126913,135413,135413,136036,136069,136102,139157,1524,1004,632,8500,623,1092,0,600,1325,3088,3055,725,88.20294474,15.4411855,1,5,2,200,1,1,51,7,5,2.0
7,4,115,139160,140683,140683,141687,141687,142288,142321,148321,148321,148921,148954,148987,152099,1523,1004,601,6000,600,434,0,600,2038,3145,3112,1438,101.1453967,12.94245193,1,10,-3,180,-1,-1,49,7,10,1.0
7,4,116,152102,153627,153627,154631,154631,155236,155268,164268,164268,164887,164919,164953,168039,1525,1004,605,9000,619,505,0,600,1942,3120,3086,1342,117.0850075,15.93961079,1,10,4,180,1,1,51,14,10,2.0
7,4,117,168042,169570,169570,170573,170573,171174,171206,179706,179706,180337,180370,180403,183480,1528,1003,601,8500,631,732,0,600,1705,3110,3077,1105,132.5262559,15.44124848,1,10,-3,150,-1,-1,49,7,10,1.0
7,4,118,183483,185007,185007,186015,186015,186619,186652,193152,193152,193771,193803,193837,196931,1524,1008,604,6500,619,1589,0,600,856,3128,3094,256,145.9767396,13.45048368,1,6,1,210,1,1,51,7,6,2.0
7,4,119,196934,198458,198458,199461,199461,200065,200097,207097,207097,207729,207762,207796,210881,1524,1003,604,7000,632,443,0,600,1994,3119,3085,1394,159.9271183,13.95037866,1,10,-3,190,-1,-1,49,7,10,1.0
7,4,120,210884,212404,212404,213409,213409,214014,214047,221547,221547,222150,222184,222217,225339,1520,1005,605,7500,603,190,0,600,2277,3155,3122,1677,174.3854932,14.45837486,1,20,-6,180,-1,-1,49,14,20,1.0
7,4,121,225342,226869,226869,227876,227876,228506,228538,236538,236538,237138,237171,237206,240293,1527,1007,630,8000,600,1741,0,600,695,3122,3087,95,189.3395501,14.95405695,1,7,-2,150,-1,-1,49,5,7,1.0
7,4,122,240296,241816,241816,242820,242820,243424,243456,249456,249456,250071,250103,250137,253240,1520,1004,604,6000,615,490,0,600,1967,3137,3103,1367,202.2861414,12.94659128,1,2,5,160,1,1,51,7,2,2.0
7,4,123,253243,254764,254764,255768,255768,256373,256406,262906,262906,263506,263539,263574,266685,1521,1004,605,6500,600,1185,0,600,1285,3146,3111,685,215.7307252,13.44458384,1,14,14,150,1,1,51,28,14,2.0
7,4,124,266688,268208,268208,269214,269214,269819,269852,278352,278352,278985,279018,279052,282120,1520,1006,605,8500,633,295,0,600,2141,3102,3068,1541,231.1660965,15.43537124,1,10,10,160,1,1,51,20,10,2.0
7,4,125,282123,283645,283645,284650,284650,285256,285289,292289,292289,292904,292937,292971,296058,1522,1005,606,7000,615,152,0,600,2300,3121,3087,1700,245.1044039,13.93830745,1,57,-37,160,-1,-1,49,20,57,1.0
7,4,126,296061,297583,297583,298586,298586,299191,299225,307225,307225,307850,307883,307916,310999,1522,1003,605,8000,625,567,0,600,1878,3116,3083,1278,260.0449055,14.94050159,1,7,7,160,1,1,51,14,7,2.0
7,4,127,311002,312526,312526,313530,313530,314133,314166,320166,320166,320771,320803,320837,323944,1524,1004,603,6000,605,523,0,600,1941,3141,3107,1341,272.9900313,12.94512582,0,40,-12,170,-1,1,51,28,40,2.0
7,4,128,323947,325472,325472,326475,326475,327080,327114,336114,336114,336717,336749,336782,339897,1525,1003,605,9000,603,153,0,600,2311,3148,3115,1711,288.9434602,15.95342894,1,40,-20,180,-1,-1,49,20,40,1.0
7,4,129,339900,341426,341426,342434,342434,343040,343072,350572,350572,351175,351208,351242,354341,1526,1008,606,7500,603,1168,0,600,1289,3133,3099,689,303.3869053,14.44344503,0,9,1,180,1,-1,49,10,9,1.0
7,4,130,354344,355871,355871,356877,356877,357498,357530,364030,364030,364648,364681,364714,367790,1527,1006,621,6500,618,755,0,600,1673,3109,3076,1073,316.8354769,13.44857161,1,4,1,170,1,1,51,5,4,2.0
7,4,131,367793,369318,369318,370324,370324,370950,370983,379483,379483,380096,380128,380162,383241,1525,1006,626,8500,613,505,0,600,1925,3113,3079,1325,332.2867968,15.45131993,1,2,3,170,1,1,51,5,2,2.0
7,4,132,383244,384760,384760,385764,385764,386368,386402,393402,393402,394006,394039,394074,397200,1516,1004,604,7000,604,164,0,600,2308,3161,3126,1708,346.2459782,13.95918142,1,40,-12,180,-1,-1,49,28,40,1.0
7,4,133,397203,398727,398727,399734,399734,400338,400370,409370,409370,410002,410035,410068,413146,1524,1007,604,9000,632,280,0,600,2153,3111,3078,1553,362.1918659,15.94588763,1,57,-37,160,-1,-1,49,20,57,1.0
7,4,134,413149,414674,414674,415680,415680,416288,416320,422320,422320,422953,422985,423018,426090,1525,1006,608,6000,633,364,0,600,2064,3105,3072,1464,375.1359225,12.94405662,0,19,1,210,1,-1,49,20,19,1.0
7,4,135,426093,427613,427613,428621,428621,429225,429257,436757,436757,437383,437415,437448,440527,1520,1008,604,7500,626,111,0,600,2331,3112,3079,1731,389.5731467,14.43722425,1,20,-10,180,-1,-1,49,10,20,1.0
7,4,136,440530,442052,442052,443056,443056,443685,443717,451717,451717,452334,452367,452400,455476,1522,1004,629,8000,617,501,0,600,1927,3109,3076,1327,404.5215925,14.9484458,1,2,3,190,1,1,51,5,2,2.0
7,4,137,455479,457004,457004,458011,458011,458636,458669,467169,467169,467787,467820,467853,470916,1525,1007,625,8500,618,391,0,600,2034,3096,3063,1434,419.9613994,15.43980682,1,2,3,200,1,1,51,5,2,2.0
7,4,138,470919,472443,472443,473448,473448,474051,474083,481083,481083,481714,481746,481779,484867,1524,1005,603,7000,631,22,0,600,2415,3121,3088,1815,433.91202,13.95062065,1,28,-18,210,-1,-1,49,10,28,1.0
7,4,139,484870,486393,486393,487394,487394,488023,488055,497055,497055,497685,497717,497750,500801,1523,1001,629,9000,630,540,0,600,1877,3084,3051,1277,449.8466444,15.93462434,1,7,-2,170,-1,-1,49,5,7,1.0
7,4,140,500804,502332,502332,503335,503335,503940,503972,510472,510472,511104,511136,511169,514246,1528,1003,605,6500,632,562,0,600,1870,3110,3077,1270,463.2930637,13.44641936,1,10,10,180,1,1,51,20,10,2.0
7,4,141,514250,515770,515770,516778,516778,517404,517436,525436,525436,526058,526090,526123,529197,1520,1008,626,8000,622,334,0,600,2090,3107,3074,1490,478.2428484,14.9497847,1,4,6,150,1,1,51,10,4,2.0
7,4,142,529200,530723,530723,531729,531729,532336,532368,539868,539868,540470,540502,540535,543656,1523,1006,607,7500,602,222,0,600,2240,3154,3121,1640,492.701314,14.45846556,1,28,-14,200,-1,-1,49,14,28,1.0
7,4,143,543659,545183,545183,546191,546192,546796,546828,552828,552828,553460,553492,553526,556608,1524,1008,604,6000,632,703,0,600,1729,3116,3082,1129,505.6533968,12.9520828,1,7,3,150,1,1,51,10,7,2.0
7,4,144,556611,558132,558132,559138,559138,559745,559777,567277,567277,567877,567909,567943,571072,1521,1006,607,7500,600,327,0,600,2139,3163,3129,1539,520.1175808,14.464184,1,14,14,190,1,1,51,28,14,2.0
7,5,145,17164,18693,18693,19715,19715,20345,20378,28378,28378,28980,29014,29049,32131,1529,1022,630,8000,602,594,0,600,1823,3117,3082,1223,14.9800114,14.9800114,1,11,-1,180,-1,-1,49,10,11,1.0
7,5,146,32136,33648,33648,34649,34649,35257,35290,42790,42790,43410,43442,43475,46571,1512,1001,608,7500,620,326,0,600,2133,3129,3096,1533,29.41768797,14.43767657,1,5,9,190,1,1,51,14,5,2.0
7,5,147,46574,48098,48098,49102,49102,49707,49740,55740,55740,56371,56404,56437,59528,1524,1004,605,6000,631,1321,0,600,1115,3124,3091,515,42.37386402,12.95617605,0,29,-1,150,-1,1,51,28,29,2.0
7,5,148,59530,61059,61059,62067,62067,62689,62722,71722,71722,72346,72378,72411,75474,1529,1008,622,9000,624,1035,0,600,1382,3096,3063,782,58.32041583,15.94655181,1,4,1,160,1,1,51,5,4,2.0
7,5,149,75477,77002,77002,78008,78008,78610,78643,85143,85143,85773,85806,85840,88920,1525,1006,602,6500,630,315,0,600,2122,3114,3080,1522,71.76689365,13.44647783,1,8,-1,180,-1,-1,49,7,8,1.0
7,5,150,88923,90447,90447,91455,91455,92057,92091,100591,100591,101222,101256,101290,104359,1524,1008,602,8500,631,979,0,600,1456,3103,3069,856,87.20573856,15.43884491,1,14,14,210,1,1,51,28,14,2.0
7,5,151,104362,105883,105883,106891,106891,107524,107556,114556,114556,115173,115205,115238,118308,1521,1008,633,7000,617,366,0,600,2055,3103,3070,1455,101.1541169,13.9483783,1,14,-9,200,-1,-1,49,5,14,1.0
7,5,152,118311,119836,119836,120845,120845,121450,121482,127482,127482,128098,128130,128163,131267,1525,1009,605,6000,616,465,0,600,1980,3137,3104,1380,114.1135388,12.9594219,1,4,3,190,1,1,51,7,4,2.0
7,5,153,131270,132795,132795,133798,133798,134400,134433,142433,142433,143050,143083,143116,146213,1525,1003,602,8000,617,1589,0,600,864,3130,3097,264,129.0590422,14.94550341,1,5,2,210,1,1,51,7,5,2.0
7,5,154,146216,147738,147738,148743,148743,149351,149384,156384,156384,157009,157041,157074,160173,1522,1005,608,7000,625,296,0,600,2144,3132,3099,1544,143.0192768,13.96023464,1,5,9,170,1,1,51,14,5,2.0
7,5,155,160176,161700,161700,162708,162708,163333,163365,169865,169865,170484,170516,170549,173628,1524,1008,625,6500,619,214,0,600,2210,3112,3079,1610,156.4747168,13.45544,1,3,2,200,1,1,51,5,3,2.0
7,5,156,173631,175154,175154,176163,176163,176768,176800,185800,185800,186400,186432,186465,189573,1523,1009,605,9000,600,1603,0,600,860,3141,3108,260,172.4189811,15.94426425,1,11,-1,190,-1,-1,49,10,11,1.0
7,5,157,189576,191097,191097,192104,192104,192709,192742,201242,201242,201867,201900,201934,205031,1521,1007,605,8500,625,548,0,600,1894,3131,3097,1294,187.8771658,15.4581847,1,14,14,200,1,1,51,28,14,2.0
7,5,158,205034,206554,206554,207558,207558,208162,208194,215694,215694,216294,216327,216360,219473,1520,1004,604,7500,600,501,0,600,1971,3146,3113,1371,202.3195799,14.44241411,1,20,-10,170,-1,-1,49,10,20,1.0
7,5,159,219476,221003,221003,222010,222010,222614,222647,229147,229147,229747,229780,229813,232920,1527,1007,604,6500,600,562,0,600,1900,3140,3107,1300,215.7658694,13.44628948,1,11,-1,210,-1,-1,49,10,11,1.0
7,5,160,232923,234446,234446,235451,235451,236057,236090,243090,243090,243691,243723,243756,246863,1523,1005,606,7000,601,530,0,600,1935,3140,3107,1335,229.708346,13.94247664,0,20,8,160,1,-1,49,28,20,1.0
7,5,161,246865,248385,248385,249387,249387,250017,250050,257550,257550,258152,258184,258218,261322,1520,1002,630,7500,602,1402,0,600,1044,3138,3104,444,244.1684536,14.46010762,1,7,13,170,1,1,51,20,7,2.0
7,5,162,261325,262847,262847,263853,263853,264458,264490,272990,272990,273600,273633,273668,276774,1522,1006,605,8500,610,177,0,600,2280,3141,3106,1680,259.6204941,15.45204046,1,40,-20,160,-1,-1,49,20,40,1.0
7,5,163,276777,278301,278301,279305,279305,279911,279943,285943,285943,286543,286576,286611,289729,1524,1004,606,6000,600,412,0,600,2054,3153,3118,1454,272.5752866,12.95479255,1,10,10,200,1,1,51,20,10,2.0
7,5,164,289732,291256,291256,292261,292261,292863,292895,301895,301895,302497,302529,302563,305675,1524,1005,602,9000,602,439,0,600,2028,3146,3112,1428,288.5207244,15.94543771,1,10,-3,180,-1,-1,49,7,10,1.0
7,5,165,305678,307201,307201,308205,308205,308834,308867,316867,316867,317468,317501,317535,320617,1523,1004,629,8000,601,311,0,600,2132,3116,3082,1532,303.4633161,14.94259176,1,10,-5,170,-1,-1,49,5,10,1.0
7,5,166,320620,322144,322144,323147,323147,323753,323785,331785,331785,332403,332435,332469,335559,1524,1003,606,8000,618,518,0,600,1931,3124,3090,1331,318.4053757,14.94205957,1,5,9,190,1,1,51,14,5,2.0
7,5,167,335562,337089,337089,338094,338094,338717,338749,346249,346249,346868,346901,346934,350023,1527,1005,623,7500,619,675,0,600,1751,3122,3089,1151,332.8689392,14.46356352,1,4,1,200,1,1,51,5,4,2.0
7,5,168,350026,351552,351552,352558,352558,353161,353193,361693,361693,362295,362328,362363,365491,1526,1006,603,8500,602,128,0,600,2335,3163,3128,1735,348.3370588,15.46811964,1,20,-6,170,-1,-1,49,14,20,1.0
7,5,169,365494,367020,367020,368026,368026,368657,368690,377690,377690,378309,378341,378374,381428,1526,1006,631,9000,619,542,0,600,1876,3087,3054,1276,364.2738704,15.93681155,1,2,5,160,1,1,51,7,2,2.0
7,5,170,381430,382950,382950,383955,383955,384558,384590,390590,390590,391191,391224,391258,394387,1520,1005,603,6000,601,265,0,600,2206,3163,3129,1606,377.2332278,12.95935741,1,14,-4,200,-1,-1,49,10,14,1.0
7,5,171,394390,395916,395916,396920,396920,397551,397583,404583,404583,405205,405237,405270,408345,1526,1004,631,7000,622,1111,0,600,1306,3108,3075,706,391.1908717,13.95764393,1,7,-2,170,-1,-1,49,5,7,1.0
7,5,172,408348,409869,409869,410873,410873,411480,411512,418012,418012,418631,418663,418698,421789,1521,1004,607,6500,619,225,0,600,2224,3126,3091,1624,404.6351889,13.44431714,1,57,-37,160,-1,-1,49,20,57,1.0
7,5,173,421792,423314,423314,424317,424317,424922,424956,432456,432456,433083,433116,433149,436251,1522,1003,605,7500,627,491,0,600,1952,3135,3102,1352,419.0959595,14.4607706,1,7,3,150,1,1,51,10,7,2.0
7,5,174,436253,437776,437776,438780,438780,439387,439419,445419,445419,446026,446059,446093,449208,1523,1004,607,6000,607,279,0,600,2180,3149,3115,1580,432.0536447,12.95768522,1,40,-12,180,-1,-1,49,28,40,1.0
7,5,175,449211,450734,450734,451741,451741,452346,452379,460379,460379,461005,461038,461071,464163,1523,1007,605,8000,626,316,0,600,2123,3125,3092,1523,447.0092846,14.95563995,1,7,13,210,1,1,51,20,7,2.0
7,5,176,464166,465694,465694,466699,466699,467304,467336,473836,473836,474437,474469,474502,477606,1528,1005,605,6500,601,241,0,600,2220,3137,3104,1620,460.45136,13.44207539,1,28,-14,160,-1,-1,49,14,28,1.0
7,5,177,477609,479129,479129,480131,480131,480739,480772,489772,489772,490405,490437,490471,493540,1520,1002,608,9000,633,914,0,600,1523,3103,3069,923,476.3858201,15.9344601,1,20,8,150,1,1,51,28,20,2.0
7,5,178,493543,495065,495065,496070,496070,496676,496710,505210,505210,505811,505843,505876,509000,1522,1005,606,8500,601,673,0,600,1793,3157,3124,1193,491.8460721,15.46025197,1,21,-1,190,-1,-1,49,20,21,1.0
7,5,179,509003,510531,510531,511539,511539,512147,512181,519181,519181,519791,519823,519857,522943,1528,1008,608,7000,610,53,0,600,2393,3120,3086,1793,505.7890032,13.94293108,1,40,-26,190,-1,-1,49,14,40,1.0
7,5,180,522945,524468,524468,525471,525471,526092,526124,532624,532624,533254,533287,533320,536391,1523,1003,621,6500,630,271,0,600,2152,3104,3071,1552,519.2372059,13.44820276,1,8,-1,210,-1,-1,49,7,8,1.0
7,6,181,19192,20709,20709,21725,21725,22345,22377,28877,28877,29499,29531,29567,32640,1517,1016,620,6500,622,460,0,600,1965,3109,3073,1365,13.45829651,13.45829651,1,4,1,200,1,1,51,5,4,2.0
7,6,182,32642,34166,34166,35170,35170,35770,35802,43802,43802,44403,44436,44471,47601,1524,1004,600,8000,601,133,0,600,2338,3165,3130,1738,28.41936378,14.96106728,1,14,-9,150,-1,-1,49,5,14,1.0
7,6,183,47604,49126,49126,50132,50132,50737,50770,59770,59770,60370,60402,60436,63552,1522,1006,605,9000,600,1223,0,600,1244,3150,3116,644,44.37021285,15.95084907,1,10,18,180,1,1,51,28,10,2.0
7,6,184,63555,65074,65074,66080,66080,66683,66716,74216,74216,74828,74860,74894,78014,1519,1006,603,7500,612,25,0,600,2435,3154,3120,1835,58.83233742,14.46212457,1,79,-51,160,-1,-1,49,28,79,1.0
7,6,185,78017,79539,79539,80544,80544,81150,81182,87182,87182,87782,87814,87847,90975,1522,1005,606,6000,600,452,0,600,2015,3161,3128,1415,71.79359515,12.96125773,0,29,-1,150,-1,1,51,28,29,2.0
7,6,186,90978,92502,92502,93509,93509,94109,94143,102643,102643,103268,103300,103333,106411,1524,1007,600,8500,625,925,0,600,1519,3111,3078,919,87.22987828,15.43628313,1,20,-10,170,-1,-1,49,10,20,1.0
7,6,187,106414,107940,107940,108945,108945,109553,109585,116585,116585,117193,117226,117260,120376,1526,1005,608,7000,608,634,0,600,1819,3150,3116,1219,101.1949592,13.96508097,1,40,-20,170,-1,-1,49,20,40,1.0
7,6,188,120379,121902,121902,122907,122907,123512,123544,132044,132044,132662,132695,132729,135822,1523,1005,605,8500,618,133,0,600,2316,3127,3093,1716,116.6407488,15.44578954,1,56,-28,200,-1,-1,49,28,56,1.0
7,6,189,135825,137345,137345,138351,138351,138960,138993,144993,144993,145613,145647,145680,148787,1520,1006,609,6000,620,369,0,600,2076,3140,3107,1476,129.6057559,12.96500714,1,5,9,170,1,1,51,14,5,2.0
7,6,190,148790,150313,150313,151319,151319,151923,151955,158955,158955,159577,159609,159643,162748,1523,1006,604,7000,622,338,0,600,2107,3139,3105,1507,143.5655036,13.95974766,1,5,9,200,1,1,51,14,5,2.0
7,6,191,162750,164268,164268,165274,165274,165877,165911,173411,173411,174035,174068,174101,177194,1518,1006,603,7500,624,322,0,600,2127,3126,3093,1527,158.0119998,14.44649621,1,4,6,200,1,1,51,10,4,2.0
7,6,192,177197,178724,178724,179730,179730,180334,180367,186867,186867,187469,187502,187535,190655,1527,1006,604,6500,602,512,0,600,1949,3153,3120,1349,171.4733164,13.46131664,1,14,-7,210,-1,-1,49,7,14,1.0
7,6,193,190658,192180,192180,193184,193184,193786,193818,201818,201818,202451,202483,202517,205617,1522,1004,602,8000,633,74,0,600,2365,3134,3100,1765,186.4348656,14.96154914,1,20,-13,180,-1,-1,49,7,20,1.0
7,6,194,205620,207138,207138,208142,208142,208748,208781,217781,217781,218382,218415,218448,221561,1518,1004,606,9000,601,305,0,600,2166,3146,3113,1566,202.3788547,15.94398912,1,14,6,180,1,1,51,20,14,2.0
7,6,195,221563,223086,223086,224093,224093,224697,224729,232729,232729,233344,233376,233409,236501,1523,1007,604,8000,615,484,0,600,1967,3125,3092,1367,217.3194937,14.940639,1,4,3,150,1,1,51,7,4,2.0
7,6,196,236504,238024,238024,239033,239033,239640,239672,246172,246172,246773,246806,246840,249940,1520,1009,607,6500,601,198,0,600,2265,3134,3100,1665,230.7587617,13.43926801,1,28,-18,180,-1,-1,49,10,28,1.0
7,6,197,249943,251468,251468,252475,252475,253081,253114,262115,262115,262715,262747,262781,265905,1525,1007,606,9001,600,708,0,600,1753,3158,3124,1153,246.7229935,15.96423176,1,28,-8,210,-1,-1,49,20,28,1.0
7,6,198,265908,267437,267437,268442,268442,269072,269105,276605,276605,277222,277255,277289,280363,1529,1005,630,7500,617,437,0,600,1982,3108,3074,1382,261.1812424,14.45824889,1,2,3,170,1,1,51,5,2,2.0
7,6,199,280366,281890,281890,282894,282894,283499,283533,290533,290533,291151,291183,291216,294325,1524,1004,605,7000,618,1345,0,600,1104,3142,3109,504,275.1436118,13.96236941,1,14,-7,180,-1,-1,49,7,14,1.0
7,6,200,294328,295853,295853,296859,296859,297463,297496,305996,305996,306628,306661,306694,309745,1525,1006,604,8500,632,-1,2501,0,532,3084,3051,-68,290.563417,15.41980526,-1,11,-1,150,-1,-2,-1,10,11,
7,6,201,309747,311274,311274,312276,312276,312894,312926,318926,318926,319544,319577,319613,322686,1527,1002,618,6000,618,531,0,600,1904,3109,3073,1304,303.5043878,12.94097079,1,4,1,180,1,1,51,5,4,2.0
7,6,202,322689,324214,324214,325220,325220,325824,325857,334857,334857,335458,335490,335523,338633,1525,1006,604,9000,601,1408,0,600,1056,3143,3110,456,319.4507998,15.94641198,0,20,8,160,1,-1,49,28,20,1.0
7,6,203,338636,340163,340163,341168,341168,341770,341803,350303,350303,350919,350952,350985,354078,1527,1005,602,8500,616,748,0,600,1702,3126,3093,1102,334.8958625,15.44506268,1,2,5,170,1,1,51,7,2,2.0
7,6,204,354081,355598,355598,356605,356605,357209,357241,363241,363241,363841,363873,363907,367032,1517,1007,604,6000,600,223,0,600,2249,3159,3125,1649,347.8494837,12.9536212,1,20,-6,210,-1,-1,49,14,20,1.0
7,6,205,367035,368565,368565,369571,369571,370173,370206,376706,376706,377328,377360,377393,380478,1530,1006,602,6500,622,286,0,600,2154,3118,3085,1554,361.2959082,13.44642449,1,5,5,170,1,1,51,10,5,2.0
7,6,206,380481,382004,382004,383005,383005,383637,383669,391169,391169,391801,391834,391869,394929,1523,1001,632,7500,632,90,0,600,2322,3095,3060,1722,375.7473517,14.45144349,1,14,-7,210,-1,-1,49,7,14,1.0
7,6,207,394932,396457,396457,397460,397460,398067,398099,405099,405099,405723,405756,405789,408885,1525,1003,607,7000,624,199,0,600,2242,3129,3096,1642,389.7031227,13.95577103,1,7,13,170,1,1,51,20,7,2.0
7,6,208,408888,410411,410411,411419,411419,412024,412056,420056,420056,420658,420690,420723,423842,1523,1008,605,8000,602,414,0,600,2048,3152,3119,1448,404.6601109,14.95698819,1,10,18,200,1,1,51,28,10,2.0
7,6,209,423845,425368,425368,426373,426373,426978,427010,435510,435510,436110,436143,436177,439283,1523,1005,605,8500,600,952,0,600,1515,3140,3106,915,420.1004363,15.44032545,1,15,-1,200,-1,-1,49,14,15,1.0
7,6,210,439286,440805,440805,441808,441808,442413,442446,448446,448446,449078,449111,449144,452229,1519,1003,605,6000,632,968,0,600,1473,3118,3085,873,433.046421,12.94598467,0,21,-1,190,-1,1,51,20,21,2.0
7,6,211,452231,453752,453752,454759,454759,455377,455409,463409,463409,464042,464074,464108,467166,1521,1007,618,8000,633,28,0,600,2393,3092,3058,1793,447.983897,14.93747602,1,14,-9,190,-1,-1,49,5,14,1.0
7,6,212,467169,468694,468694,469698,469698,470307,470339,476839,476839,477439,477471,477505,480606,1525,1004,609,6500,600,167,0,600,2295,3135,3101,1695,461.423508,13.43961094,1,28,-14,170,-1,-1,49,14,28,1.0
7,6,213,480609,482133,482133,483136,483136,483741,483773,492773,492773,493391,493423,493457,496540,1524,1003,605,9000,618,735,0,600,1715,3117,3083,1115,477.3576369,15.93412892,1,5,5,150,1,1,51,10,5,2.0
7,6,214,496543,498061,498061,499068,499068,499673,499706,507206,507206,507806,507840,507873,510988,1518,1007,605,7500,600,895,0,600,1575,3148,3115,975,491.8054235,14.44778659,0,21,-1,170,-1,1,51,20,21,2.0
7,6,215,510991,512515,512515,513520,513520,514145,514177,521177,521177,521797,521828,521861,524929,1524,1005,625,7000,620,1334,0,600,1092,3101,3068,492,505.7463352,13.94091172,1,4,1,150,1,1,51,5,4,2.0
7,6,216,524932,526453,526453,527459,527459,528064,528097,535097,535097,535730,535763,535797,538892,1521,1006,605,7000,633,1198,0,600,1237,3129,3095,637,519.7094996,13.96316438,0,10,4,160,1,-1,49,14,10,1.0
8,1,1,65168,66697,66697,67728,67728,68338,68371,74371,74371,74975,75008,75044,78124,1529,1031,610,6000,604,357,0,600,2069,3116,3080,1469,12.98864721,12.98864721,1,28,-14,150,-1,-1,49,14,28,1.0
8,1,2,78181,79705,79705,80720,80720,81321,81354,89354,89354,89954,89986,90020,93141,1524,1015,601,8000,600,377,0,600,2083,3155,3121,1483,27.95653886,14.96789166,1,7,3,190,1,1,51,10,7,2.0
8,1,3,93149,94674,94674,95682,95682,96311,96344,103844,103844,104445,104478,104511,107596,1525,1008,629,7500,601,575,0,600,1862,3118,3085,1262,42.40621416,14.44967529,1,10,-3,160,-1,-1,49,7,10,1.0
8,1,4,107599,109122,109122,110127,110127,110731,110764,117264,117264,117866,117898,117931,121034,1523,1005,604,6500,602,391,0,600,2075,3136,3103,1475,55.84323573,13.43702157,1,7,7,200,1,1,51,14,7,2.0
8,1,5,121037,122560,122560,123565,123565,124169,124201,132701,132701,133317,133349,133383,136488,1523,1005,604,8500,616,269,0,600,2183,3139,3105,1583,71.29771214,15.45447642,1,57,-37,150,-1,-1,49,20,57,1.0
8,1,6,136491,138015,138015,139021,139021,139623,139655,148655,148655,149255,149287,149321,152453,1524,1006,602,9000,600,392,0,600,2076,3166,3132,1476,87.26201562,15.96430347,1,7,3,170,1,1,51,10,7,2.0
8,1,7,152455,153972,153972,154977,154977,155595,155628,162628,162628,163228,163262,163295,166394,1517,1005,618,7000,600,452,0,600,2008,3132,3099,1408,101.2032287,13.94121306,1,7,7,150,1,1,51,14,7,2.0
8,1,8,166396,167923,167923,168928,168928,169559,169592,175592,175592,176216,176248,176281,179337,1527,1005,631,6000,624,416,0,600,1997,3089,3056,1397,114.1460738,12.94284517,1,4,1,200,1,1,51,5,4,2.0
8,1,9,179340,180864,180864,181866,181866,182471,182504,190004,190004,190618,190651,190685,193776,1524,1002,605,7500,614,419,0,600,2036,3125,3091,1436,128.5857353,14.4396614,1,2,5,170,1,1,51,7,2,2.0
8,1,10,193779,195301,195301,196309,196309,196913,196946,203446,203446,204046,204078,204111,207227,1522,1008,604,6500,600,282,0,600,2184,3149,3116,1584,142.0371141,13.45137883,1,20,-10,170,-1,-1,49,10,20,1.0
8,1,11,207230,208754,208754,209760,209760,210362,210394,218894,218894,219526,219559,219593,222666,1524,1006,602,8500,632,331,0,600,2105,3107,3073,1505,157.4755592,15.43844515,1,20,-13,200,-1,-1,49,7,20,1.0
8,1,12,222669,224189,224189,225194,225194,225798,225831,234831,234831,235459,235492,235525,238623,1520,1005,604,9000,628,331,0,600,2112,3131,3098,1512,173.4322189,15.95665971,1,5,9,190,1,1,51,14,5,2.0
8,1,13,238626,240151,240151,241156,241156,241780,241812,249812,249812,250412,250444,250478,253561,1525,1005,624,8000,600,343,0,600,2103,3117,3083,1503,188.3710363,14.93881732,1,14,-9,200,-1,-1,49,5,14,1.0
8,1,14,253564,255086,255086,256089,256089,256692,256725,263725,263725,264326,264358,264391,267524,1522,1003,603,7000,601,848,0,600,1623,3166,3133,1023,202.3336311,13.96259481,1,27,1,150,1,1,51,28,27,2.0
8,1,15,267527,269049,269049,270057,270057,270662,270694,279694,279694,280308,280340,280373,283464,1522,1008,605,9000,614,287,0,600,2164,3124,3091,1564,218.2729836,15.93935252,1,4,6,190,1,1,51,10,4,2.0
8,1,16,283466,284988,284988,285994,285994,286602,286634,294634,294634,295263,295295,295329,298418,1522,1006,608,8000,629,318,0,600,2117,3123,3089,1517,233.2273934,14.95440982,1,5,5,210,1,1,51,10,5,2.0
8,1,17,298421,299945,299945,300954,300954,301560,301593,310093,310093,310725,310758,310791,313877,1524,1009,606,8500,632,348,0,600,2081,3119,3086,1481,248.6861553,15.45876193,1,40,-12,180,-1,-1,49,28,40,1.0
8,1,18,313880,315406,315406,316412,316412,317015,317049,324549,324549,325149,325182,325215,328332,1526,1006,603,7500,600,274,0,600,2191,3150,3117,1591,263.1410319,14.45487661,1,14,6,210,1,1,51,20,14,2.0
8,1,19,328335,329859,329859,330865,330865,331494,331526,338026,338026,338651,338684,338718,341774,1524,1006,629,6500,625,572,0,600,1844,3090,3056,1244,276.5838925,13.44286054,0,6,1,170,1,-1,49,7,6,1.0
8,1,20,341777,343300,343300,344304,344304,344905,344938,350938,350938,351539,351572,351606,354719,1523,1004,601,6000,601,373,0,600,2098,3147,3113,1498,289.5283279,12.9444354,1,14,-7,160,-1,-1,49,7,14,1.0
8,1,21,354722,356241,356241,357246,357246,357851,357883,364883,364883,365483,365516,365549,368678,1519,1005,605,7000,600,288,0,600,2183,3162,3129,1583,303.4868725,13.95854466,1,57,-37,160,-1,-1,49,20,57,1.0
8,1,22,368680,370203,370203,371203,371203,371835,371868,379368,379368,379968,380000,380033,383138,1523,1000,632,7500,600,369,0,600,2076,3138,3105,1476,317.9468932,14.46002067,1,14,14,170,1,1,51,28,14,2.0
8,1,23,383141,384664,384664,385668,385668,386272,386304,395304,395304,395904,395938,395971,399075,1523,1004,604,9000,600,301,0,600,2168,3137,3104,1568,333.8840745,15.93718128,1,14,14,180,1,1,51,28,14,2.0
8,1,24,399078,400601,400601,401606,401606,402213,402245,410745,410745,411347,411380,411413,414529,1523,1005,607,8500,602,341,0,600,2122,3149,3116,1522,349.3377523,15.45367784,1,20,8,190,1,1,51,28,20,2.0
8,1,25,414531,416056,416056,417065,417065,417668,417701,424201,424201,424834,424867,424900,427979,1525,1009,603,6500,633,700,0,600,1730,3112,3079,1130,362.7884631,13.45071074,0,10,4,170,1,-1,49,14,10,1.0
8,1,26,427982,429502,429502,430508,430508,431112,431144,438144,438144,438745,438777,438810,441939,1520,1006,604,7000,601,652,0,600,1817,3162,3129,1217,376.7479332,13.9594701,1,5,5,150,1,1,51,10,5,2.0
8,1,27,441942,443464,443464,444470,444470,445070,445102,451102,451102,451719,451751,451785,454887,1522,1006,600,6000,617,525,0,600,1930,3136,3102,1330,389.6965932,12.94866004,1,2,3,180,1,1,51,5,2,2.0
8,1,28,454890,456414,456414,457419,457419,458025,458057,466057,466057,466657,466689,466722,469851,1524,1005,606,8000,600,590,0,600,1875,3162,3129,1275,404.6606824,14.96408921,1,14,6,180,1,1,51,20,14,2.0
8,1,29,469854,471371,471371,472375,472375,473006,473038,481538,481538,482139,482172,482205,485312,1517,1004,631,8500,601,176,0,600,2271,3140,3107,1671,420.1211289,15.46044648,1,20,-13,150,-1,-1,49,7,20,1.0
8,1,30,485315,486838,486838,487845,487845,488474,488506,495506,495506,496134,496167,496200,499263,1523,1007,629,7000,628,554,0,600,1859,3096,3063,1259,434.0725716,13.95144272,1,4,1,170,1,1,51,5,4,2.0
8,1,31,499266,500787,500787,501794,501794,502395,502427,510427,510427,511059,511092,511125,514219,1521,1007,601,8000,632,285,0,600,2154,3127,3094,1554,449.0274386,14.95486697,1,14,-9,210,-1,-1,49,5,14,1.0
8,1,32,514221,515745,515745,516751,516751,517356,517388,526388,526388,526988,527022,527055,530184,1524,1006,605,9000,600,843,0,600,1622,3162,3129,1022,464.992993,15.96555438,1,20,8,160,1,1,51,28,20,2.0
8,1,33,530187,531705,531705,532714,532714,533321,533354,539854,539854,540455,540488,540521,543632,1518,1009,607,6500,601,495,0,600,1970,3144,3111,1370,478.4407538,13.44776081,0,19,1,180,1,-1,49,20,19,1.0
8,1,34,543635,545159,545159,546167,546167,546773,546805,552805,552805,553407,553441,553474,556573,1524,1008,606,6000,602,135,0,600,2325,3132,3099,1725,491.3816453,12.94089152,1,40,-26,170,-1,-1,49,14,40,1.0
8,1,35,556576,558098,558098,559105,559105,559710,559743,567243,567243,567862,567895,567928,571038,1522,1007,605,7500,619,826,0,600,1621,3143,3110,1021,505.8472286,14.46558331,0,14,6,160,1,-1,49,20,14,1.0
8,1,36,571041,572564,572564,573568,573568,574168,574200,580700,580700,581317,581349,581382,584482,1523,1004,600,6500,617,396,0,600,2060,3133,3100,1460,519.2905596,13.44333095,1,3,2,170,1,1,51,5,3,2.0
8,2,37,39438,40963,40963,41977,41977,42588,42621,49121,49121,49721,49754,49789,52881,1525,1014,611,6500,600,179,0,600,2271,3127,3092,1671,13.45514692,13.45514692,1,10,10,150,1,1,51,20,10,2.0
8,2,38,52885,54406,54406,55413,55413,56035,56068,62068,62068,62669,62702,62736,65825,1521,1007,622,6000,601,387,0,600,2062,3123,3089,1462,26.39732852,12.9421816,1,11,-1,190,-1,-1,49,10,11,1.0
8,2,39,65828,67346,67346,68350,68350,68980,69012,77512,77512,78134,78166,78199,81274,1518,1004,630,8500,622,564,0,600,1862,3108,3075,1262,41.8465985,15.44926998,1,4,1,180,1,1,51,5,4,2.0
8,2,40,81277,82799,82799,83805,83805,84410,84442,93442,93442,94071,94104,94138,97214,1522,1006,605,9000,629,726,0,600,1712,3110,3076,1112,57.78687315,15.94027465,1,4,3,180,1,1,51,7,4,2.0
8,2,41,97217,98741,98741,99746,99746,100348,100380,107880,107880,108483,108516,108549,111676,1524,1005,602,7500,603,554,0,600,1912,3160,3127,1312,72.24921031,14.46233716,1,14,-4,160,-1,-1,49,10,14,1.0
8,2,42,111679,113199,113199,114201,114201,114804,114836,122836,122836,123455,123487,123521,126637,1520,1002,603,8000,619,375,0,600,2081,3150,3116,1481,87.20926082,14.96005051,1,4,6,200,1,1,51,10,4,2.0
8,2,43,126639,128166,128166,129172,129172,129780,129812,136812,136812,137429,137462,137495,140579,1527,1006,608,7000,617,242,0,600,2200,3117,3084,1600,101.1517872,13.94252635,1,79,-51,180,-1,-1,49,28,79,1.0
8,2,44,140582,142108,142108,143116,143116,143721,143754,150754,150754,151355,151387,151420,154533,1526,1008,605,7000,601,666,0,600,1794,3146,3113,1194,115.1058483,13.95406116,0,28,-8,210,-1,1,51,20,28,2.0
8,2,45,154535,156058,156058,157064,157064,157666,157699,165199,165199,165800,165834,165867,168978,1523,1006,602,7500,601,276,0,600,2192,3144,3111,1592,129.5508051,14.44495674,1,28,-18,190,-1,-1,49,10,28,1.0
8,2,46,168981,170500,170500,171506,171506,172110,172143,178143,178143,178775,178808,178842,181918,1519,1006,604,6000,632,372,0,600,2067,3110,3076,1467,142.4905891,12.93978405,1,10,10,180,1,1,51,20,10,2.0
8,2,47,181920,183439,183439,184443,184443,185048,185081,193581,193581,194182,194215,194248,197358,1519,1004,605,8500,601,335,0,600,2136,3143,3110,1536,157.9310232,15.44043407,1,14,-7,160,-1,-1,49,7,14,1.0
8,2,48,197361,198887,198887,199891,199891,200497,200529,208529,208529,209162,209194,209227,212315,1526,1004,606,8000,633,98,0,600,2333,3121,3088,1733,172.8872489,14.95622576,1,14,-7,200,-1,-1,49,7,14,1.0
8,2,49,212317,213835,213835,214836,214836,215454,215486,224486,224486,225104,225137,225170,228268,1518,1001,618,9000,618,394,0,600,2051,3131,3098,1451,188.8408466,15.95359768,1,4,3,160,1,1,51,7,4,2.0
8,2,50,228271,229796,229796,230797,230797,231404,231436,237936,237936,238538,238570,238603,241713,1525,1001,607,6500,602,466,0,600,1999,3143,3110,1399,202.2856135,13.44476689,1,20,-6,160,-1,-1,49,14,20,1.0
8,2,51,241716,243238,243238,244245,244245,244848,244881,250881,250881,251481,251514,251548,254653,1522,1007,603,6000,600,271,0,600,2197,3139,3105,1597,215.2263601,12.94074657,1,28,-18,190,-1,-1,49,10,28,1.0
8,2,52,254656,256175,256175,257177,257177,257779,257812,266312,266312,266932,266964,266997,270094,1519,1002,602,8500,620,326,0,600,2131,3130,3097,1531,230.6665648,15.44020474,1,5,5,160,1,1,51,10,5,2.0
8,2,53,270097,271621,271621,272627,272627,273232,273265,282265,282265,282898,282931,282966,286057,1524,1006,605,9000,633,350,0,600,2082,3126,3091,1482,246.6297183,15.96315352,1,14,14,150,1,1,51,28,14,2.0
8,2,54,286060,287583,287583,288587,288587,289190,289222,297222,297222,297822,297854,297887,300999,1523,1004,603,8000,600,282,0,600,2188,3145,3112,1588,261.5710317,14.94131341,1,14,-7,150,-1,-1,49,7,14,1.0
8,2,55,301002,302524,302524,303529,303529,304150,304183,310683,310683,311298,311330,311363,314463,1522,1005,621,6500,615,527,0,600,1910,3133,3100,1310,275.0354265,13.46439478,1,3,2,210,1,1,51,5,3,2.0
8,2,56,314466,315987,315987,316995,316995,317602,317636,324636,324636,325239,325271,325304,328398,1521,1008,607,7000,603,330,0,600,2131,3127,3094,1531,288.9709437,13.93551722,1,21,-1,200,-1,-1,49,20,21,1.0
8,2,57,328401,329920,329920,330922,330922,331525,331557,339057,339057,339689,339723,339757,342840,1519,1002,603,7500,632,248,0,600,2196,3117,3083,1596,303.4122743,14.44133059,1,5,9,170,1,1,51,14,5,2.0
8,2,58,342843,344367,344367,345375,345375,346007,346039,354539,354539,355168,355200,355234,358276,1524,1008,632,8500,629,663,0,600,1744,3076,3042,1144,318.8487649,15.43649059,1,7,-2,180,-1,-1,49,5,7,1.0
8,2,59,358279,359799,359799,360805,360805,361412,361444,370444,370444,371060,371092,371126,374212,1520,1006,607,9000,616,315,0,600,2136,3120,3086,1536,334.7839461,15.93518122,1,56,-28,210,-1,-1,49,28,56,1.0
8,2,60,374215,375736,375736,376741,376741,377345,377377,384877,384877,385479,385511,385545,388672,1521,1005,604,7500,602,285,0,600,2183,3161,3127,1583,349.2444713,14.46052513,1,40,-26,150,-1,-1,49,14,40,1.0
8,2,61,388675,390201,390201,391205,391205,391811,391844,398844,398844,399475,399507,399540,402611,1526,1004,606,7000,631,660,0,600,1773,3104,3071,1173,363.1839838,13.93951253,1,15,-1,190,-1,-1,49,14,15,1.0
8,2,62,402614,404135,404135,405137,405137,405738,405771,413771,413771,414388,414420,414453,417573,1521,1002,601,8000,617,312,0,600,2147,3153,3120,1547,378.145199,14.96121523,1,2,3,180,1,1,51,5,2,2.0
8,2,63,417576,419102,419102,420107,420107,420710,420743,427243,427243,427861,427893,427927,431014,1526,1005,603,6500,618,349,0,600,2099,3121,3087,1499,391.5864332,13.44123415,1,3,2,190,1,1,51,5,3,2.0
8,2,64,431017,432541,432541,433549,433549,434156,434189,440189,440189,440807,440839,440873,443978,1524,1008,607,6000,618,174,0,600,2269,3139,3105,1669,404.5502171,12.96378394,1,56,-28,180,-1,-1,49,28,56,1.0
8,2,65,443981,445499,445499,446502,446502,447131,447163,453163,453163,453796,453829,453862,456923,1518,1003,629,6000,633,840,0,600,1577,3094,3061,977,417.4953529,12.94513574,1,28,-8,190,-1,-1,49,20,28,1.0
8,2,66,456926,458447,458447,459450,459450,460054,460086,467086,467086,467688,467722,467755,470882,1521,1003,604,7000,602,360,0,600,2110,3160,3127,1510,431.4545478,13.95919497,1,14,14,170,1,1,51,28,14,2.0
8,2,67,470885,472405,472405,473407,473407,474010,474043,483043,483043,483646,483678,483712,486825,1520,1002,603,9000,603,181,0,600,2291,3147,3113,1691,447.3969018,15.94235397,1,40,-26,160,-1,-1,49,14,40,1.0
8,2,68,486826,488349,488349,489354,489354,489957,489989,497489,497489,498104,498137,498170,501271,1523,1005,603,7500,615,336,0,600,2118,3134,3101,1518,461.8435805,14.44667866,1,2,3,150,1,1,51,5,2,2.0
8,2,69,501274,502794,502794,503801,503801,504404,504436,512436,512436,513052,513085,513119,516221,1520,1007,603,8000,616,259,0,600,2195,3136,3102,1595,476.7932678,14.94968735,1,2,5,170,1,1,51,7,2,2.0
8,2,70,516224,517749,517749,518751,518751,519355,519389,525889,525889,526490,526524,526558,529671,1525,1002,604,6500,601,282,0,600,2186,3147,3113,1586,490.2433994,13.45013154,0,21,-1,210,-1,1,51,20,21,2.0
8,2,71,529674,531196,531196,532201,532201,532809,532841,541341,541341,541944,541977,542010,545124,1522,1005,608,8500,603,442,0,600,2020,3147,3114,1420,505.6966698,15.45327041,1,10,4,160,1,1,51,14,10,2.0
8,2,72,545128,546649,546649,547649,547649,548260,548292,554292,554292,554895,554927,554960,558068,1521,1000,611,6000,603,310,0,600,2155,3141,3108,1555,518.6399197,12.94324989,1,14,14,180,1,1,51,28,14,2.0
8,3,73,53353,54869,54869,55878,55878,56489,56521,62521,62521,63123,63156,63193,66322,1516,1009,611,6000,602,286,0,600,2176,3166,3129,1576,12.98149645,12.98149645,1,40,-12,190,-1,-1,49,28,40,1.0
8,3,74,66327,67852,67852,68855,68855,69462,69495,77995,77995,78628,78660,78694,81779,1525,1003,607,8500,633,376,0,600,2056,3119,3085,1456,28.43723191,15.45573546,1,10,10,150,1,1,51,20,10,2.0
8,3,75,81782,83306,83306,84313,84313,84916,84948,93948,93948,94565,94598,94631,97741,1524,1007,603,9000,617,472,0,600,1977,3143,3110,1377,44.39868551,15.9614536,1,2,5,190,1,1,51,7,2,2.0
8,3,76,97744,99265,99265,100297,100297,100897,100929,108429,108429,109047,109080,109114,112177,1521,1032,600,7500,618,356,0,600,2073,3097,3063,1473,58.83471262,14.43602711,1,2,3,170,1,1,51,5,2,2.0
8,3,77,112180,113709,113709,114717,114717,115348,115380,123380,123380,123981,124014,124047,127134,1529,1008,631,8000,601,252,0,600,2179,3120,3087,1579,73.79180175,14.95708913,1,7,-2,200,-1,-1,49,5,7,1.0
8,3,78,127137,128661,128661,129666,129666,130270,130303,136803,136803,137418,137450,137483,140571,1524,1005,604,6500,615,286,0,600,2166,3121,3088,1566,87.22858073,13.43677898,1,4,3,180,1,1,51,7,4,2.0
8,3,79,140574,142093,142093,143096,143096,143699,143732,150732,150732,151364,151396,151430,154515,1519,1003,603,7000,632,675,0,600,1768,3119,3085,1168,101.1726696,13.94408885,1,10,-3,210,-1,-1,49,7,10,1.0
8,3,80,154518,156041,156041,157043,157043,157649,157682,163682,163682,164283,164317,164351,167475,1523,1002,606,6000,601,451,0,600,2017,3158,3124,1417,114.1321798,12.95951018,1,10,4,200,1,1,51,14,10,2.0
8,3,81,167477,168998,168998,170004,170004,170606,170639,178639,178639,179269,179301,179335,182425,1521,1006,602,8000,630,382,0,600,2059,3124,3090,1459,129.0827648,14.95058507,0,6,-1,150,-1,1,51,5,6,2.0
8,3,82,182428,183953,183953,184963,184963,185572,185606,194106,194106,194738,194770,194803,197875,1525,1010,609,8500,632,241,0,600,2183,3105,3072,1583,144.5330666,15.4503018,1,10,18,160,1,1,51,28,10,2.0
8,3,83,197878,199397,199397,200402,200402,201004,201036,207536,207536,208168,208201,208235,211321,1519,1005,602,6500,632,796,0,600,1646,3120,3086,1046,157.9785761,13.44550942,0,7,3,160,1,-1,49,10,7,1.0
8,3,84,211324,212846,212846,213851,213851,214451,214484,223484,223484,224085,224119,224152,227289,1522,1005,600,9000,601,302,0,600,2170,3170,3137,1570,173.9467751,15.96819904,1,14,-4,180,-1,-1,49,10,14,1.0
8,3,85,227292,228815,228815,229821,229821,230424,230456,237956,237956,238589,238622,238655,241751,1523,1006,603,7500,633,291,0,600,2144,3129,3096,1544,188.4078662,14.46109107,1,10,4,160,1,1,51,14,10,2.0
8,3,86,241753,243274,243274,244277,244277,244877,244910,251910,251910,252543,252575,252608,255708,1521,1003,600,7000,633,226,0,600,2217,3133,3100,1617,202.3659934,13.95812728,1,14,-7,170,-1,-1,49,7,14,1.0
8,3,87,255711,257230,257230,258235,258235,258867,258899,265399,265399,266016,266048,266082,269148,1519,1005,632,6500,617,460,0,600,1967,3100,3066,1367,215.8057338,13.43974036,1,4,1,200,1,1,51,5,4,2.0
8,3,88,269150,270671,270671,271675,271675,272277,272309,280309,280309,280910,280944,280978,284087,1521,1004,602,8000,601,628,0,600,1844,3143,3109,1244,230.744078,14.9383442,1,28,-8,210,-1,-1,49,20,28,1.0
8,3,89,284090,285611,285611,286615,286615,287219,287252,296252,296252,296881,296914,296947,300026,1521,1004,604,9000,629,736,0,600,1706,3112,3079,1106,246.6832693,15.93919129,0,21,-1,180,-1,1,51,20,21,2.0
8,3,90,300029,301551,301551,302555,302555,303157,303189,310189,310189,310795,310827,310861,313973,1522,1004,602,7000,606,438,0,600,2028,3146,3112,1428,260.6304241,13.94715479,1,10,4,170,1,1,51,14,10,2.0
8,3,91,313976,315496,315496,316501,316501,317109,317141,325641,325641,326241,326274,326307,329434,1520,1005,608,8500,600,581,0,600,1886,3160,3127,1286,276.091306,15.46088193,1,10,18,200,1,1,51,28,10,2.0
8,3,92,329437,330963,330963,331966,331966,332574,332606,338606,338606,339238,339271,339304,342397,1526,1003,608,6000,632,747,0,600,1684,3126,3093,1084,289.0548417,12.96353563,1,8,-1,150,-1,-1,49,7,8,1.0
8,3,93,342400,343919,343919,344923,344923,345526,345558,353058,353058,353689,353721,353754,356859,1519,1004,603,7500,631,299,0,600,2144,3138,3105,1544,303.5162573,14.46141563,1,14,-4,160,-1,-1,49,10,14,1.0
8,3,94,356862,358385,358385,359393,359393,359999,360033,367033,367033,367648,367680,367713,370817,1523,1008,606,7000,615,308,0,600,2140,3137,3104,1540,317.4745675,13.9583102,1,57,-37,180,-1,-1,49,20,57,1.0
8,3,95,370820,372340,372340,373346,373346,373952,373984,381984,381984,382586,382619,382653,385777,1520,1006,606,8000,602,260,0,600,2206,3158,3124,1606,332.434119,14.95955147,1,20,-10,180,-1,-1,49,10,20,1.0
8,3,96,385780,387298,387298,388301,388301,388903,388935,397435,397435,398035,398068,398101,401213,1518,1003,602,8500,600,180,0,600,2297,3145,3112,1697,347.8701741,15.43605514,1,28,-18,170,-1,-1,49,10,28,1.0
8,3,97,401216,402736,402736,403741,403741,404348,404380,411880,411880,412504,412536,412569,415647,1520,1005,607,7500,624,211,0,600,2233,3111,3078,1633,362.3039106,14.43373654,1,14,14,160,1,1,51,28,14,2.0
8,3,98,415650,417169,417169,418173,418173,418778,418811,425311,425311,425911,425944,425977,429082,1519,1004,605,6500,600,294,0,600,2178,3138,3105,1578,375.7391181,13.43520743,1,10,10,190,1,1,51,20,10,2.0
8,3,99,429085,430611,430611,431614,431614,432218,432250,438250,438250,438851,438883,438918,442031,1526,1003,604,6000,601,184,0,600,2282,3148,3113,1682,388.6880394,12.94892131,1,14,-9,180,-1,-1,49,5,14,1.0
8,3,100,442034,443555,443555,444557,444557,445164,445197,454197,454197,454828,454861,454895,457972,1521,1002,607,9000,631,141,0,600,2298,3111,3077,1698,404.629304,15.94126459,1,5,9,170,1,1,51,14,5,2.0
8,3,101,457975,459498,459498,460507,460507,461111,461144,469144,469144,469777,469809,469842,472920,1523,1009,604,8000,633,81,0,600,2350,3111,3078,1750,419.5771549,14.94785092,1,29,-1,170,-1,-1,49,28,29,1.0
8,3,102,472923,474443,474443,475444,475444,476053,476085,484585,484585,485185,485217,485251,488381,1520,1001,609,8500,600,99,0,600,2371,3164,3130,1771,435.037975,15.46082016,1,7,13,190,1,1,51,20,7,2.0
8,3,103,488384,489905,489905,490915,490915,491548,491580,500580,500580,501181,501215,501248,504331,1521,1010,633,9000,601,181,0,600,2254,3116,3083,1654,450.9878941,15.94991909,1,14,-9,180,-1,-1,49,5,14,1.0
8,3,104,504334,505857,505857,506861,506861,507468,507501,513501,513501,514116,514150,514183,517294,1523,1004,607,6000,615,443,0,600,2008,3144,3111,1408,463.9522045,12.9643104,1,79,-51,150,-1,-1,49,28,79,1.0
8,3,105,517298,518816,518816,519823,519823,520429,520461,527961,527961,528594,528627,528661,531758,1518,1007,606,7500,633,162,0,600,2274,3131,3097,1674,478.4148985,14.46269396,1,10,4,170,1,1,51,14,10,2.0
8,3,106,531761,533285,533285,534286,534286,534891,534924,541424,541424,542052,542084,542117,545218,1524,1001,605,6500,628,74,0,600,2368,3134,3101,1768,491.875106,13.46020751,1,5,5,180,1,1,51,10,5,2.0
8,3,107,545221,546748,546748,547753,547753,548358,548391,555391,555391,556022,556055,556088,559175,1527,1005,605,7000,631,1742,0,600,690,3120,3087,90,505.831936,13.95682997,1,5,9,170,1,1,51,14,5,2.0
8,3,108,559178,560701,560701,561704,561704,562306,562338,571338,571338,571967,572000,572034,575125,1523,1003,602,9000,629,544,0,600,1899,3125,3091,1299,521.781362,15.94942608,1,8,-1,160,-1,-1,49,7,8,1.0
8,4,109,49952,51478,51478,52494,52494,53096,53129,59629,59629,60259,60293,60330,63428,1526,1016,602,6500,630,576,0,600,1850,3135,3098,1250,13.48799478,13.48799478,1,5,2,210,1,1,51,7,5,2.0
8,4,110,63433,64956,64956,65959,65959,66565,66598,74598,74598,75230,75262,75295,78368,1523,1003,606,8000,632,231,0,600,2205,3106,3073,1605,28.42626213,14.93826735,1,10,18,200,1,1,51,28,10,2.0
8,4,111,78371,79890,79890,80896,80896,81498,81530,88530,88530,89160,89192,89225,92304,1519,1006,602,7000,630,248,0,600,2195,3112,3079,1595,42.36271626,13.93645412,1,4,3,200,1,1,51,7,4,2.0
8,4,112,92307,93827,93827,94832,94832,95440,95473,103973,103973,104606,104640,104673,107751,1520,1005,608,8500,633,248,0,600,2186,3111,3078,1586,57.80901853,15.44630227,1,5,9,210,1,1,51,14,5,2.0
8,4,113,107754,109276,109276,110281,110281,110886,110918,116918,116918,117544,117577,117611,120694,1522,1005,605,6000,626,80,0,600,2362,3117,3083,1762,70.75199841,12.94297988,1,4,3,180,1,1,51,7,4,2.0
8,4,114,120697,122220,122220,123226,123226,123830,123862,132862,132862,133479,133512,133545,136649,1523,1006,604,9000,617,563,0,600,1887,3137,3104,1287,86.7070709,15.95507249,1,57,-37,200,-1,-1,49,20,57,1.0
8,4,115,136652,138176,138176,139180,139180,139812,139844,147344,147344,147945,147978,148011,151111,1524,1004,632,7500,601,781,0,600,1658,3133,3100,1058,101.1688376,14.4617667,0,14,6,170,1,-1,49,20,14,1.0
8,4,116,151114,152639,152639,153646,153646,154250,154282,160782,160782,161382,161414,161449,164569,1525,1007,604,6500,600,287,0,600,2177,3155,3120,1577,114.6270788,13.4582412,1,10,4,150,1,1,51,14,10,2.0
8,4,117,164572,166094,166094,167102,167102,167703,167735,176235,176235,176867,176900,176935,180019,1522,1008,601,8500,632,156,0,600,2281,3119,3084,1681,130.076579,15.44950021,1,10,-5,150,-1,-1,49,5,10,1.0
8,4,118,180021,181542,181542,182545,182545,183147,183180,190180,190180,190811,190843,190877,193970,1521,1003,602,7000,631,159,0,600,2284,3127,3093,1684,144.0277306,13.95115161,1,10,18,200,1,1,51,28,10,2.0
8,4,119,193972,195498,195498,196504,196504,197110,197142,206142,206142,206742,206775,206809,209904,1526,1006,606,9000,600,427,0,600,2035,3129,3095,1435,159.9620289,15.93429826,1,29,-1,210,-1,-1,49,28,29,1.0
8,4,120,209907,211429,211429,212432,212432,213032,213065,220565,220565,221169,221201,221235,224347,1522,1003,600,7500,604,236,0,600,2235,3146,3112,1635,174.4048614,14.44283252,1,40,-20,200,-1,-1,49,20,40,1.0
8,4,121,224350,225871,225871,226875,226875,227479,227511,235511,235511,236142,236174,236208,239299,1521,1004,604,8000,631,29,0,600,2411,3125,3091,1811,189.3568737,14.95201227,0,14,-7,200,-1,1,51,7,14,2.0
8,4,122,239302,240824,240824,241830,241830,242431,242464,248464,248464,249078,249111,249145,252254,1522,1006,601,6000,614,268,0,600,2189,3143,3109,1589,202.3122023,12.95532864,1,2,3,150,1,1,51,5,2,2.0
8,4,123,252257,253783,253783,254786,254786,255389,255421,261921,261921,262543,262576,262609,265698,1526,1003,603,6500,622,290,0,600,2156,3122,3089,1556,215.7556445,13.44344215,1,14,-7,160,-1,-1,49,7,14,1.0
8,4,124,265700,267222,267222,268225,268225,268828,268860,276360,276360,276978,277011,277045,280137,1522,1003,603,7500,618,194,0,600,2260,3126,3092,1660,230.1940911,14.43844666,1,56,-28,190,-1,-1,49,28,56,1.0
8,4,125,280139,281658,281658,282662,282662,283280,283313,291313,291313,291914,291948,291981,295077,1519,1004,618,8000,601,321,0,600,2137,3129,3096,1537,245.1341187,14.94002754,1,7,3,210,1,1,51,10,7,2.0
8,4,126,295079,296600,296600,297609,297609,298216,298249,304249,304249,304879,304911,304945,308021,1521,1009,607,6000,630,272,0,600,2161,3110,3076,1561,258.0787966,12.94467799,1,4,3,150,1,1,51,7,4,2.0
8,4,127,308024,309546,309546,310552,310552,311160,311192,320192,320192,320821,320853,320886,323984,1522,1006,608,9000,629,353,0,600,2082,3131,3098,1482,274.0415578,15.96276116,1,14,14,150,1,1,51,28,14,2.0
8,4,128,323986,325507,325507,326509,326509,327129,327161,334161,334161,334789,334821,334854,337947,1521,1002,620,7000,628,232,0,600,2197,3126,3093,1597,288.0048213,13.96326351,1,5,9,150,1,1,51,14,5,2.0
8,4,129,337950,339472,339472,340477,340477,341083,341116,349616,349616,350220,350254,350287,353387,1522,1005,606,8500,604,235,0,600,2228,3133,3100,1628,303.4449956,15.4401743,1,40,-20,150,-1,-1,49,20,40,1.0
8,4,130,353390,354911,354911,355916,355916,356533,356566,363566,363566,364183,364216,364249,367326,1521,1005,617,7000,617,370,0,600,2070,3110,3077,1470,317.3832283,13.9382327,1,3,2,210,1,1,51,5,3,2.0
8,4,131,367328,368847,368847,369851,369851,370459,370492,378492,378492,379123,379156,379190,382273,1519,1004,608,8000,631,281,0,600,2157,3117,3083,1557,332.3306742,14.9474459,1,20,-6,160,-1,-1,49,14,20,1.0
8,4,132,382276,383794,383794,384799,384799,385426,385459,391459,391459,392088,392120,392154,395240,1518,1005,627,6000,629,280,0,600,2141,3120,3086,1541,345.2974822,12.966808,1,4,6,170,1,1,51,10,4,2.0
8,4,133,395243,396764,396764,397770,397770,398375,398407,407407,407407,408009,408041,408074,411189,1521,1006,605,9000,602,89,0,600,2377,3148,3115,1777,361.2465509,15.94906867,1,28,-14,190,-1,-1,49,14,28,1.0
8,4,134,411192,412711,412711,413717,413717,414320,414353,422853,422853,423454,423488,423521,426629,1519,1006,603,8500,601,242,0,600,2229,3141,3108,1629,376.6864856,15.43993473,1,20,-10,150,-1,-1,49,10,20,1.0
8,4,135,426632,428150,428150,429156,429156,429757,429789,437289,437289,437889,437921,437956,441091,1518,1006,601,7500,600,979,0,600,1496,3170,3135,896,391.1481396,14.46165399,1,6,-1,160,-1,-1,49,5,6,1.0
8,4,136,441094,442614,442614,443622,443622,444242,444275,450775,450775,451406,451439,451473,454529,1520,1008,620,6500,631,319,0,600,2102,3090,3056,1502,404.5866709,13.43853134,1,7,-2,160,-1,-1,49,5,7,1.0
8,4,137,454532,456054,456054,457057,457057,457658,457691,466191,466191,466793,466826,466859,469966,1522,1003,601,8500,602,306,0,600,2166,3140,3107,1566,420.0233601,15.43668918,1,14,-9,210,-1,-1,49,5,14,1.0
8,4,138,469969,471492,471492,472496,472496,473101,473135,479135,479135,479767,479799,479832,482902,1523,1004,605,6000,632,70,0,600,2366,3103,3070,1766,432.9593845,12.9360244,1,5,5,170,1,1,51,10,5,2.0
8,4,139,482905,484424,484424,485429,485429,486033,486065,493565,493565,494167,494200,494233,497360,1519,1005,604,7500,602,97,0,600,2373,3160,3127,1773,447.4172424,14.45785788,1,28,-18,150,-1,-1,49,10,28,1.0
8,4,140,497363,498881,498881,499883,499883,500488,500521,508521,508521,509152,509184,509217,512320,1518,1002,605,8000,631,656,0,600,1788,3136,3103,1188,462.3774849,14.96024247,1,5,9,160,1,1,51,14,5,2.0
8,4,141,512323,513847,513847,514857,514857,515462,515494,522494,522494,523111,523143,523178,526280,1524,1010,605,7000,617,365,0,600,2079,3137,3102,1479,476.3368998,13.95941496,1,57,-37,190,-1,-1,49,20,57,1.0
8,4,142,526282,527805,527805,528809,528809,529411,529445,538445,538445,539075,539108,539141,542222,1523,1004,602,9000,630,729,0,600,1712,3114,3081,1112,492.2793044,15.9424046,1,4,6,150,1,1,51,10,4,2.0
8,4,143,542225,543753,543753,544761,544761,545370,545404,551904,551904,552521,552553,552587,555681,1528,1008,609,6500,617,390,0,600,2048,3128,3094,1448,505.7382987,13.45899427,1,79,-51,180,-1,-1,49,28,79,1.0
8,4,144,555684,557208,557208,558214,558214,558821,558853,566853,566853,567453,567486,567519,570619,1524,1006,607,8000,600,362,0,600,2101,3133,3100,1501,520.6761767,14.93787801,1,10,10,190,1,1,51,20,10,2.0
8,5,145,15489,17014,17014,18034,18034,18648,18681,25681,25681,26312,26345,26381,29452,1525,1020,614,7000,631,423,0,600,1987,3107,3071,1387,13.97489204,13.97489204,0,9,1,210,1,-1,49,10,9,1.0
8,5,146,29456,30983,30983,31993,31993,32601,32634,40634,40634,41266,41300,41333,44390,1527,1010,608,8000,632,289,0,600,2134,3090,3057,1534,28.91035502,14.93546298,1,5,5,180,1,1,51,10,5,2.0
8,5,147,44391,45906,45906,46909,46909,47513,47545,56045,56045,56678,56710,56743,59826,1515,1003,604,8500,633,316,0,600,2129,3116,3083,1529,44.34719156,15.43683654,1,5,9,180,1,1,51,14,5,2.0
8,5,148,59829,61351,61351,62356,62356,62962,62994,71994,71994,72611,72643,72676,75772,1522,1005,606,9000,617,289,0,600,2161,3129,3096,1561,60.29329102,15.94609946,1,57,-37,190,-1,-1,49,20,57,1.0
8,5,149,75775,77296,77296,78300,78300,78905,78938,86438,86438,87070,87102,87136,90239,1521,1004,605,7500,632,460,0,600,1978,3137,3103,1378,74.75978863,14.46649761,0,27,1,170,1,-1,49,28,27,1.0
8,5,150,90241,91764,91764,92768,92768,93393,93425,99425,99425,100026,100059,100092,103188,1523,1004,625,6000,601,422,0,600,2025,3129,3096,1425,87.70946905,12.94968042,1,20,-10,180,-1,-1,49,10,20,1.0
8,5,151,103191,104715,104715,105716,105716,106321,106354,112854,112854,113456,113489,113523,116652,1524,1001,605,6500,602,290,0,600,2178,3163,3129,1578,101.1729257,13.46345668,1,10,-3,190,-1,-1,49,7,10,1.0
8,5,152,116655,118181,118181,119186,119186,119794,119826,127326,127326,127943,127975,128008,131110,1526,1005,608,7500,617,298,0,600,2146,3135,3102,1546,115.6311045,14.45817882,1,79,-51,210,-1,-1,49,28,79,1.0
8,5,153,131113,132635,132635,133642,133642,134268,134300,142800,142800,143415,143448,143482,146547,1522,1007,626,8500,615,681,0,600,1749,3099,3065,1149,131.0680152,15.43691067,1,2,5,170,1,1,51,7,2,2.0
8,5,154,146550,148070,148070,149074,149074,149680,149713,157713,157713,158345,158377,158410,161504,1520,1004,606,8000,632,1137,0,600,1301,3127,3094,701,146.0250715,14.95705628,0,28,-14,210,-1,1,51,14,28,2.0
8,5,155,161507,163036,163036,164044,164044,164674,164706,171206,171206,171806,171839,171872,174963,1529,1008,630,6500,600,321,0,600,2112,3124,3091,1512,159.4837816,13.4587101,1,20,-13,210,-1,-1,49,7,20,1.0
8,5,156,174966,176485,176485,177490,177490,178092,178125,185125,185125,185757,185790,185823,188915,1519,1005,602,7000,632,319,0,600,2123,3125,3092,1523,173.4350402,13.95125859,1,13,1,210,1,1,51,14,13,2.0
8,5,157,188918,190440,190440,191445,191445,192049,192081,198081,198081,198711,198743,198777,201855,1522,1005,604,6000,630,439,0,600,2000,3112,3078,1400,186.3760833,12.9410431,1,9,1,180,1,1,51,10,9,2.0
8,5,158,201858,203378,203378,204381,204381,204988,205022,214022,214022,214625,214658,214691,217815,1520,1003,607,9000,603,292,0,600,2175,3157,3124,1575,202.3356842,15.95960089,1,56,-28,190,-1,-1,49,28,56,1.0
8,5,159,217818,219335,219335,220342,220342,220947,220979,227479,227479,228111,228143,228176,231254,1517,1007,605,6500,632,790,0,600,1649,3111,3078,1049,215.7747498,13.43906563,1,10,-3,200,-1,-1,49,7,10,1.0
8,5,160,231257,232778,232778,233787,233787,234391,234423,240423,240423,241054,241087,241121,244207,1521,1009,604,6000,631,704,0,600,1731,3120,3086,1131,228.7273801,12.95263034,1,10,10,180,1,1,51,20,10,2.0
8,5,161,244210,245731,245731,246734,246734,247363,247396,254396,254396,255013,255045,255079,258146,1521,1003,629,7000,617,430,0,600,2000,3101,3067,1400,242.6671898,13.93980967,1,4,1,200,1,1,51,5,4,2.0
8,5,162,258149,259672,259672,260680,260680,261286,261320,270320,270320,270921,270954,270989,274102,1523,1008,606,9000,601,699,0,600,1763,3148,3113,1163,258.6231471,15.95595726,1,19,1,150,1,1,51,20,19,2.0
8,5,163,274105,275632,275632,276640,276640,277242,277274,284774,284774,285388,285421,285454,288553,1527,1008,602,7500,614,295,0,600,2154,3132,3099,1554,273.0736228,14.45047568,1,2,3,210,1,1,51,5,2,2.0
8,5,164,288556,290076,290076,291082,291082,291688,291720,299720,299720,300351,300384,300417,303499,1520,1006,606,8000,631,308,0,600,2129,3115,3082,1529,288.0195667,14.94594397,1,5,9,210,1,1,51,14,5,2.0
8,5,165,303502,305023,305023,306027,306027,306630,306662,315162,315162,315795,315828,315861,318960,1521,1004,603,8500,633,300,0,600,2139,3132,3099,1539,303.4804791,15.46091237,1,28,-8,180,-1,-1,49,20,28,1.0
8,5,166,318962,320486,320486,321493,321493,322093,322125,330625,330625,331254,331286,331319,334393,1524,1007,600,8500,629,788,0,600,1652,3107,3074,1052,318.9134442,15.43296508,1,10,-5,200,-1,-1,49,5,10,1.0
8,5,167,334396,335913,335913,336919,336919,337525,337557,345557,345557,346188,346221,346255,349335,1517,1006,606,8000,631,310,0,600,2130,3114,3080,1530,333.855843,14.94239887,1,5,9,150,1,1,51,14,5,2.0
8,5,168,349338,350860,350860,351866,351866,352473,352506,358506,358506,359139,359172,359205,362291,1522,1006,607,6000,633,315,0,600,2117,3119,3086,1517,346.8113046,12.95546153,1,20,-10,190,-1,-1,49,10,20,1.0
8,5,169,362294,363814,363814,364820,364820,365429,365462,372462,372462,373094,373126,373160,376248,1520,1006,609,7000,632,639,0,600,1794,3122,3088,1194,360.7684079,13.95710329,1,7,13,160,1,1,51,20,7,2.0
8,5,170,376251,377777,377777,378783,378783,379388,379420,388420,388420,389033,389066,389100,392214,1526,1006,605,9000,613,479,0,600,1971,3148,3114,1371,376.7349239,15.96651599,1,3,2,170,1,1,51,5,3,2.0
8,5,171,392217,393738,393738,394742,394742,395346,395379,402879,402879,403480,403513,403547,406681,1521,1004,604,7500,601,394,0,600,2076,3168,3134,1476,391.2018476,14.46692372,1,10,4,190,1,1,51,14,10,2.0
8,5,172,406684,408208,408208,409208,409208,409825,409857,416357,416357,416979,417011,417044,420144,1524,1000,617,6500,622,394,0,600,2043,3133,3100,1443,404.6636694,13.46182185,1,4,1,170,1,1,51,5,4,2.0
8,5,173,420146,421665,421665,422669,422669,423287,423319,429819,429819,430436,430469,430503,433601,1519,1004,618,6500,617,295,0,600,2147,3132,3098,1547,418.1211591,13.45748963,1,3,2,180,1,1,51,5,3,2.0
8,5,174,433604,435125,435125,436128,436128,436730,436762,444262,444262,444893,444925,444959,448060,1521,1003,602,7500,631,299,0,600,2144,3135,3101,1544,432.5798866,14.45872758,1,7,3,200,1,1,51,10,7,2.0
8,5,175,448062,449587,449587,450589,450589,451191,451223,460223,460223,460827,460860,460894,464019,1525,1002,602,9000,604,707,0,600,1760,3159,3125,1160,448.5391807,15.95929412,1,40,-12,150,-1,-1,49,28,40,1.0
8,5,176,464022,465546,465546,466551,466551,467154,467187,473187,473187,473788,473821,473855,476958,1524,1005,603,6000,601,300,0,600,2167,3137,3103,1567,461.4782461,12.93906533,1,20,-13,170,-1,-1,49,7,20,1.0
8,5,177,476961,478482,478482,479486,479486,480092,480124,488124,488124,488741,488773,488806,491912,1521,1004,606,8000,617,364,0,600,2088,3139,3106,1488,476.4327394,14.95449329,1,10,-3,170,-1,-1,49,7,10,1.0
8,5,178,491915,493436,493436,494441,494441,495046,495080,502080,502080,502696,502729,502763,505871,1521,1005,605,7000,616,597,0,600,1856,3142,3108,1256,490.3912452,13.95850578,1,79,-51,180,-1,-1,49,28,79,1.0
8,5,179,505874,507395,507395,508399,508399,509003,509036,517537,517537,518140,518174,518207,521311,1521,1004,604,8501,603,493,0,600,1974,3137,3104,1374,505.8315074,15.4402623,1,40,-12,180,-1,-1,49,28,40,1.0
8,5,180,521313,522833,522833,523842,523842,524448,524480,532980,532980,533581,533614,533647,536762,1520,1009,606,8500,601,442,0,600,2022,3148,3115,1422,521.2823146,15.45080717,1,28,-8,160,-1,-1,49,20,28,1.0
8,6,181,13708,15232,15232,16250,16250,16870,16902,22902,22902,23531,23563,23598,26653,1524,1018,620,6000,629,276,0,600,2133,3090,3055,1533,12.9568375,12.9568375,1,4,3,160,1,1,51,7,4,2.0
8,6,182,26657,28177,28177,29177,29177,29783,29815,37315,37315,37918,37951,37984,41095,1520,1000,606,7500,603,497,0,600,1974,3144,3111,1374,27.39717212,14.44033462,1,40,-20,150,-1,-1,49,20,40,1.0
8,6,183,41098,42619,42619,43623,43623,44233,44266,52266,52266,52896,52928,52961,56055,1521,1004,610,8000,630,221,0,600,2214,3127,3094,1614,42.35662113,14.95944901,1,10,18,190,1,1,51,28,10,2.0
8,6,184,56057,57578,57578,58585,58585,59205,59238,66238,66238,66869,66902,66936,70014,1521,1007,620,7000,631,432,0,600,1989,3112,3078,1389,56.31561118,13.95899005,1,4,3,160,1,1,51,7,4,2.0
8,6,185,70017,71537,71537,72541,72541,73147,73181,81681,81681,82310,82342,82376,85481,1520,1004,606,8500,629,396,0,600,2045,3139,3105,1445,71.78336633,15.46775515,1,4,3,190,1,1,51,7,4,2.0
8,6,186,85484,87004,87004,88011,88011,88616,88649,97649,97649,98266,98298,98332,101426,1520,1007,605,9000,617,451,0,600,2000,3128,3094,1400,87.7278171,15.94445077,1,20,-6,210,-1,-1,49,14,20,1.0
8,6,187,101429,102955,102955,103957,103957,104560,104593,111093,111093,111698,111730,111764,114881,1526,1002,603,6500,605,539,0,600,1925,3151,3117,1325,101.1831503,13.45533316,1,57,-37,180,-1,-1,49,20,57,1.0
8,6,188,114884,116406,116406,117411,117411,118019,118053,124053,124053,124656,124688,124723,127845,1522,1005,608,6000,603,584,0,600,1878,3157,3122,1278,114.1465111,12.96336085,1,28,-8,200,-1,-1,49,20,28,1.0
8,6,189,127848,129371,129371,130376,130376,130981,131013,139513,139513,140113,140146,140179,143282,1523,1005,605,8500,600,620,0,600,1847,3136,3103,1247,129.5832774,15.43676632,1,29,-1,210,-1,-1,49,28,29,1.0
8,6,190,143284,144808,144808,145814,145814,146432,146464,155464,155464,156065,156098,156131,159220,1524,1006,618,9000,601,546,0,600,1905,3122,3089,1305,145.5218555,15.93857805,1,20,-6,180,-1,-1,49,14,20,1.0
8,6,191,159223,160745,160745,161750,161750,162383,162415,170415,170415,171015,171048,171081,174170,1522,1005,633,8000,600,383,0,600,2057,3122,3089,1457,160.4711345,14.94927902,1,10,-5,170,-1,-1,49,5,10,1.0
8,6,192,174172,175695,175695,176698,176698,177305,177337,184837,184837,185470,185503,185536,188608,1523,1003,607,7500,633,561,0,600,1873,3105,3072,1273,174.9099358,14.43880135,0,15,-1,190,-1,1,51,14,15,2.0
8,6,193,188611,190134,190134,191141,191141,191771,191804,198304,198304,198922,198954,198987,202063,1523,1007,630,6500,618,365,0,600,2057,3109,3076,1457,188.3644065,13.45447069,1,2,3,160,1,1,51,5,2,2.0
8,6,194,202066,203593,203593,204600,204600,205206,205238,212238,212238,212838,212871,212904,216025,1527,1007,606,7000,600,609,0,600,1851,3154,3121,1251,202.3266783,13.96227176,1,21,-1,170,-1,-1,49,20,21,1.0
8,6,195,216028,217548,217548,218555,218555,219155,219188,226688,226688,227305,227337,227370,230458,1520,1007,600,7500,617,351,0,600,2105,3121,3088,1505,216.7597027,14.43302445,1,2,3,210,1,1,51,5,2,2.0
8,6,196,230461,231980,231980,232986,232986,233592,233624,240624,240624,241225,241258,241292,244421,1519,1006,606,7000,601,388,0,600,2080,3163,3129,1480,230.7223202,13.96261741,1,40,-20,170,-1,-1,49,20,40,1.0
8,6,197,244424,245946,245946,246953,246953,247561,247594,255594,255594,256194,256226,256259,259375,1522,1007,608,8000,600,251,0,600,2212,3149,3116,1612,245.67743,14.95510986,1,40,-26,170,-1,-1,49,14,40,1.0
8,6,198,259379,260902,260902,261906,261906,262512,262545,271545,271545,272145,272179,272213,275328,1523,1004,606,9000,600,377,0,600,2090,3149,3115,1490,261.6298759,15.95244592,1,29,-1,150,-1,-1,49,28,29,1.0
8,6,199,275331,276852,276852,277858,277858,278459,278491,284991,284991,285593,285626,285660,288787,1521,1006,601,6500,602,420,0,600,2050,3161,3127,1450,275.0878556,13.45797962,1,14,-4,190,-1,-1,49,10,14,1.0
8,6,200,288790,290313,290313,291321,291321,291952,291984,297984,297984,298602,298634,298667,301722,1523,1008,631,6000,618,931,0,600,1489,3088,3055,889,288.0237573,12.93590175,1,7,-2,180,-1,-1,49,5,7,1.0
8,6,201,301725,303252,303252,304257,304257,304864,304897,313397,313397,313998,314032,314065,317157,1527,1005,607,8500,601,706,0,600,1754,3125,3092,1154,303.4581191,15.43436184,0,11,-1,210,-1,1,51,10,11,2.0
8,6,202,317159,318687,318687,319693,319693,320296,320328,327328,327328,327928,327961,327994,331106,1528,1006,603,7000,600,699,0,600,1764,3145,3112,1164,317.4079581,13.94983893,1,7,3,150,1,1,51,10,7,2.0
8,6,203,331109,332632,332632,333634,333634,334240,334272,342772,342772,343379,343411,343446,346561,1523,1002,606,8500,607,279,0,600,2183,3150,3115,1583,332.8621654,15.45420731,1,40,-12,150,-1,-1,49,28,40,1.0
8,6,204,346564,348089,348089,349092,349092,349699,349731,358731,358731,359336,359369,359403,362524,1525,1003,607,9000,605,218,0,600,2242,3155,3121,1642,348.824718,15.96255262,1,40,-12,190,-1,-1,49,28,40,1.0
8,6,205,362526,364052,364052,365057,365057,365658,365691,373191,373191,373815,373848,373881,376982,1526,1005,601,7500,624,368,0,600,2076,3134,3101,1476,363.2838958,14.45917779,1,4,3,180,1,1,51,7,4,2.0
8,6,206,376985,378510,378510,379516,379516,380149,380181,386181,386181,386812,386845,386879,389933,1525,1006,633,6000,631,479,0,600,1926,3088,3054,1326,376.2337929,12.94989709,1,15,-1,150,-1,-1,49,14,15,1.0
8,6,207,389935,391462,391462,392471,392471,393075,393108,399608,399608,400209,400242,400276,403390,1527,1009,604,6500,601,762,0,600,1697,3148,3114,1097,389.6918515,13.45805858,1,20,8,180,1,1,51,28,20,2.0
8,6,208,403393,404913,404913,405922,405922,406555,406587,414587,414587,415188,415222,415255,418343,1520,1009,633,8000,601,573,0,600,1864,3121,3088,1264,404.6441654,14.95231392,0,6,-1,190,-1,1,51,5,6,2.0
8,6,209,418346,419868,419868,420870,420870,421472,421504,430504,430504,431106,431138,431171,434292,1522,1002,602,9000,602,318,0,600,2154,3154,3121,1554,420.5926769,15.94851148,1,20,-10,200,-1,-1,49,10,20,1.0
8,6,210,434294,435814,435814,436815,436815,437422,437454,445454,445454,446056,446090,446123,449251,1520,1001,607,8000,602,520,0,600,1950,3161,3128,1350,435.5527699,14.960093,1,20,-10,180,-1,-1,49,10,20,1.0
8,6,211,449254,450776,450776,451780,451780,452400,452432,459432,459432,460064,460097,460131,463191,1522,1004,620,7000,632,387,0,600,2035,3094,3060,1435,449.4918723,13.9391024,1,7,3,160,1,1,51,10,7,2.0
8,6,212,463193,464720,464720,465726,465726,466345,466378,472378,472378,472979,473011,473044,476124,1527,1006,619,6000,601,699,0,600,1748,3113,3080,1148,462.4251408,12.93326854,1,10,-3,180,-1,-1,49,7,10,1.0
8,6,213,476126,477651,477651,478653,478653,479271,479303,485803,485803,486435,486467,486501,489575,1525,1002,618,6500,632,405,0,600,2018,3108,3074,1418,475.8759323,13.4507915,1,10,-5,200,-1,-1,49,5,10,1.0
8,6,214,489577,491101,491101,492105,492105,492738,492771,500271,500271,500893,500926,500959,504028,1524,1004,633,7500,622,370,0,600,2047,3102,3069,1447,490.3288748,14.45294254,1,14,6,150,1,1,51,20,14,2.0
8,6,215,504030,505549,505549,506551,506551,507171,507204,515705,515705,516313,516347,516380,519485,1519,1002,620,8501,608,466,0,600,1984,3138,3105,1384,505.7867303,15.45785547,1,40,-26,160,-1,-1,49,14,40,1.0
8,6,216,519488,521010,521010,522010,522010,522614,522645,528645,528645,529279,529311,529345,532438,1522,1000,604,6000,634,365,0,600,2075,3127,3093,1475,518.7391542,12.95242392,1,20,-13,190,-1,-1,49,7,20,1.0
9,1,1,68232,69760,69760,70788,70788,71394,71427,79927,79927,80529,80563,80599,83692,1528,1028,606,8500,602,504,0,600,1932,3129,3093,1332,15.49192078,15.49192078,1,21,-1,170,-1,-1,49,20,21,1.0
9,1,2,83746,85270,85270,86286,86286,86890,86922,94922,94922,95553,95586,95619,98715,1524,1016,604,8000,631,741,0,600,1684,3129,3096,1084,30.46769759,14.97577681,0,11,-1,200,-1,1,51,10,11,2.0
9,1,3,98722,100250,100250,101256,101256,101876,101908,110908,110908,111530,111563,111596,114672,1528,1006,620,9000,622,435,0,600,1989,3109,3076,1389,46.42034119,15.9526436,1,5,2,150,1,1,51,7,5,2.0
9,1,4,114675,116203,116203,117208,117208,117815,117848,124348,124348,124948,124981,125016,128130,1528,1005,607,6500,600,506,0,600,1954,3149,3114,1354,59.87882829,13.4584871,1,11,-1,210,-1,-1,49,10,11,1.0
9,1,5,128133,129657,129657,130662,130662,131262,131295,138295,138295,138896,138930,138963,142074,1524,1005,600,7000,601,309,0,600,2161,3144,3111,1561,73.82235753,13.94352924,1,14,14,190,1,1,51,28,14,2.0
9,1,6,142077,143602,143602,144611,144611,145239,145271,151271,151271,151901,151933,151967,155008,1525,1009,628,6000,630,467,0,600,1941,3075,3041,1341,86.75573516,12.93337763,0,8,-1,210,-1,1,51,7,8,2.0
9,1,7,155010,156532,156532,157540,157540,158143,158176,165676,165676,166276,166309,166342,169449,1522,1008,603,7500,600,299,0,600,2168,3140,3107,1568,101.1966613,14.44092617,1,20,-10,210,-1,-1,49,10,20,1.0
9,1,8,169451,170979,170979,171982,171982,172600,172632,178632,178632,179232,179265,179299,182397,1528,1003,618,6000,600,421,0,600,2030,3132,3098,1430,114.1452512,12.94858983,1,40,-26,170,-1,-1,49,14,40,1.0
9,1,9,182400,183925,183925,184932,184932,185540,185572,194072,194072,194673,194705,194738,197833,1525,1007,608,8500,601,385,0,600,2074,3128,3095,1474,129.5818177,15.43656653,1,40,-20,190,-1,-1,49,20,40,1.0
9,1,10,197836,199357,199357,200360,200360,200962,200995,207495,207495,208127,208159,208193,211281,1521,1003,602,6500,632,379,0,600,2063,3122,3088,1463,143.029181,13.44736333,1,14,14,180,1,1,51,28,14,2.0
9,1,11,211284,212809,212809,213814,213814,214419,214451,223451,223451,224051,224083,224118,227225,1525,1005,605,9000,600,534,0,600,1931,3142,3107,1331,158.9732632,15.94408222,1,14,6,160,1,1,51,20,14,2.0
9,1,12,227228,228750,228750,229754,229754,230358,230391,237891,237891,238493,238527,238560,241679,1522,1004,604,7500,602,506,0,600,1962,3152,3119,1362,173.4265888,14.45332556,0,21,-1,200,-1,1,51,20,21,2.0
9,1,13,241681,243205,243205,244209,244209,244812,244845,251845,251845,252476,252508,252542,255628,1524,1004,603,7000,631,348,0,600,2090,3120,3086,1490,187.3762737,13.94968494,1,10,18,170,1,1,51,28,10,2.0
9,1,14,255631,257158,257158,258163,258163,258769,258802,266802,266802,267403,267435,267469,270574,1527,1005,606,8000,601,1271,0,600,1190,3139,3105,590,202.3218365,14.94556276,0,8,-1,170,-1,1,51,7,8,2.0
9,1,15,270577,272100,272100,273104,273104,273737,273770,280270,280270,280898,280931,280965,284038,1523,1004,633,6500,628,660,0,600,1752,3107,3073,1152,215.7860577,13.4642212,1,4,1,210,1,1,51,5,4,2.0
9,1,16,284041,285566,285566,286575,286575,287182,287214,295214,295214,295844,295877,295910,299000,1525,1009,607,8000,630,288,0,600,2141,3123,3090,1541,230.7484138,14.96235614,1,7,7,160,1,1,51,14,7,2.0
9,1,17,299003,300523,300523,301526,301526,302157,302189,309689,309689,310305,310337,310371,313443,1520,1003,631,7500,616,557,0,600,1873,3106,3072,1273,245.1909107,14.44249681,1,2,3,200,1,1,51,5,2,2.0
9,1,18,313446,314969,314969,315972,315972,316579,316612,323612,323612,324214,324247,324281,327406,1523,1003,607,7000,602,450,0,600,2015,3159,3125,1415,259.1542709,13.96336024,1,15,-1,170,-1,-1,49,14,15,1.0
9,1,19,327409,328932,328932,329938,329938,330541,330574,339574,339574,340203,340236,340269,343362,1523,1006,603,9000,629,710,0,600,1729,3126,3093,1129,275.1095974,15.95532653,1,21,-1,150,-1,-1,49,20,21,1.0
9,1,20,343365,344890,344890,345895,345895,346501,346533,352533,352533,353133,353166,353199,356301,1525,1005,606,6000,600,295,0,600,2169,3135,3102,1569,288.0490388,12.93944142,1,40,-26,210,-1,-1,49,14,40,1.0
9,1,21,356304,357827,357827,358834,358834,359439,359471,367971,367971,368571,368603,368638,371758,1523,1007,605,8500,600,282,0,600,2183,3155,3120,1583,303.5054041,15.45636529,1,5,9,190,1,1,51,14,5,2.0
9,1,22,371760,373283,373283,374288,374288,374905,374938,381938,381938,382553,382585,382619,385710,1523,1005,617,7000,615,871,0,600,1569,3125,3091,969,317.4580959,13.95269182,1,7,7,160,1,1,51,14,7,2.0
9,1,23,385714,387238,387238,388242,388242,388872,388905,396405,396405,397017,397049,397083,400165,1524,1004,630,7500,612,281,0,600,2149,3116,3082,1549,331.9130289,14.45493296,1,3,2,200,1,1,51,5,3,2.0
9,1,24,400168,401690,401690,402695,402695,403295,403328,411328,411328,411929,411962,411996,415128,1522,1005,600,8000,601,427,0,600,2045,3166,3132,1445,346.8754851,14.96245619,1,10,-3,210,-1,-1,49,7,10,1.0
9,1,25,415131,416656,416656,417659,417659,418263,418296,426796,426796,427428,427461,427495,430575,1525,1003,604,8500,632,441,0,600,1995,3114,3080,1395,362.3228668,15.44738171,1,8,-1,190,-1,-1,49,7,8,1.0
9,1,26,430578,432101,432101,433110,433110,433736,433768,439768,439768,440399,440433,440467,443540,1523,1009,626,6000,631,428,0,600,1983,3107,3073,1383,375.2875868,12.96471994,1,28,-18,190,-1,-1,49,10,28,1.0
9,1,27,443543,445063,445063,446068,446068,446673,446706,453206,453206,453837,453870,453903,457002,1520,1005,605,6500,631,359,0,600,2080,3132,3099,1480,388.7495731,13.46198638,1,5,2,190,1,1,51,7,5,2.0
9,1,28,457005,458528,458528,459535,459535,460143,460176,469176,469176,469809,469842,469875,472968,1523,1007,608,9000,633,1231,0,600,1198,3126,3093,598,404.7159797,15.9664066,0,21,-1,170,-1,1,51,20,21,2.0
9,1,29,472971,474492,474492,475499,475499,476106,476139,485139,485139,485746,485778,485811,488894,1521,1007,607,9000,607,-1,2501,0,557,3116,3083,-43,420.6416211,15.92564135,-1,40,-12,150,-1,-2,-1,28,40,
9,1,30,488897,490420,490420,491428,491428,492048,492081,500081,500081,500713,500746,500779,503834,1523,1008,620,8000,632,416,0,600,2001,3088,3055,1401,435.5804505,14.93882937,1,7,3,190,1,1,51,10,7,2.0
9,1,31,503835,505355,505355,506359,506359,506963,506996,514496,514496,515105,515136,515169,518267,1520,1004,604,7500,609,813,0,600,1650,3131,3098,1050,450.0146197,14.43416928,1,28,-18,170,-1,-1,49,10,28,1.0
9,1,32,518269,519796,519796,520799,520799,521400,521433,529933,529933,530566,530599,530632,533723,1527,1003,601,8500,633,1327,0,600,1109,3124,3091,509,465.4706731,15.45605339,0,29,-1,200,-1,1,51,28,29,2.0
9,1,33,533726,535249,535249,536253,536253,536870,536903,543903,543903,544519,544551,544584,547676,1523,1004,617,7000,616,1358,0,600,1082,3125,3092,482,479.4238703,13.95319718,1,6,-1,170,-1,-1,49,5,6,1.0
9,1,34,547679,549200,549200,550208,550208,550812,550845,556845,556845,557461,557493,557527,560638,1521,1008,604,6000,616,313,0,600,2138,3145,3111,1538,492.3857482,12.9618779,1,56,-28,210,-1,-1,49,28,56,1.0
9,1,35,560641,562161,562161,563164,563164,563796,563828,570328,570328,570942,570975,571008,574098,1520,1003,632,6500,614,553,0,600,1878,3123,3090,1278,505.8456055,13.45985734,1,2,3,190,1,1,51,5,2,2.0
9,1,36,574101,575624,575624,576630,576630,577230,577263,585263,585263,585878,585911,585944,589028,1523,1006,600,8000,615,-1,2501,0,555,3117,3084,-45,520.7755179,14.9299124,-1,2,3,210,1,-2,-1,5,2,
9,2,37,15861,17385,17385,18401,18401,19002,19035,27035,27035,27660,27692,27728,30823,1524,1016,601,8000,625,310,0,600,2124,3131,3095,1524,14.97480917,14.97480917,1,4,1,160,1,1,51,5,4,2.0
9,2,38,30828,32348,32348,33353,33353,33957,33989,39989,39989,40591,40624,40657,43786,1520,1005,604,6000,602,293,0,600,2176,3162,3129,1576,27.93633208,12.96152291,0,21,-1,180,-1,1,51,20,21,2.0
9,2,39,43789,45310,45310,46310,46310,46916,46948,54448,54448,55080,55112,55145,58220,1521,1000,606,7500,632,728,0,600,1713,3108,3075,1113,42.37054053,14.43420846,1,28,-8,180,-1,-1,49,20,28,1.0
9,2,40,58223,59746,59746,60752,60752,61356,61388,70388,70388,70989,71021,71054,74156,1523,1006,604,9000,601,561,0,600,1905,3135,3102,1305,58.30585766,15.93531713,1,28,-14,200,-1,-1,49,14,28,1.0
9,2,41,74159,75680,75680,76681,76681,77282,77315,84315,84315,84915,84947,84981,88098,1521,1001,601,7000,600,415,0,600,2062,3151,3117,1462,72.24793349,13.94207583,1,10,-3,210,-1,-1,49,7,10,1.0
9,2,42,88101,89620,89620,90626,90626,91232,91264,97764,97764,98365,98397,98431,101562,1519,1006,606,6500,601,291,0,600,2177,3165,3131,1577,85.71152728,13.46359379,1,40,-12,150,-1,-1,49,28,40,1.0
9,2,43,101565,103088,103088,104095,104095,104722,104755,113255,113255,113869,113901,113934,117025,1523,1007,627,8500,614,775,0,600,1654,3124,3091,1054,101.1751301,15.46360283,1,2,5,200,1,1,51,7,2,2.0
9,2,44,117028,118549,118549,119550,119550,120155,120187,127187,127187,127787,127819,127853,130988,1521,1001,605,7000,600,334,0,600,2139,3169,3135,1539,115.1374853,13.96235524,1,7,13,190,1,1,51,20,7,2.0
9,2,45,130990,132508,132508,133512,133512,134112,134145,142145,142145,142763,142796,142830,145939,1518,1004,600,8000,618,340,0,600,2120,3143,3109,1520,130.0885535,14.95106814,1,7,3,200,1,1,51,10,7,2.0
9,2,46,145942,147465,147465,148468,148468,149093,149126,155126,155126,155742,155774,155807,158883,1523,1003,625,6000,616,305,0,600,2128,3109,3076,1528,143.032419,12.94386555,1,2,3,190,1,1,51,5,2,2.0
9,2,47,158886,160406,160406,161410,161410,162014,162046,171046,171046,171661,171693,171728,174842,1520,1004,604,9000,615,472,0,600,1985,3149,3114,1385,158.9914341,15.95901506,1,57,-37,190,-1,-1,49,20,57,1.0
9,2,48,174845,176371,176371,177378,177378,177981,178014,185514,185514,186145,186178,186211,189288,1526,1007,603,7500,631,531,0,600,1902,3110,3077,1302,173.4379615,14.44652738,1,28,-8,190,-1,-1,49,20,28,1.0
9,2,49,189291,190811,190811,191812,191812,192415,192448,200948,200948,201579,201612,201645,204724,1520,1001,603,8500,631,595,0,600,1850,3112,3079,1250,188.8735803,15.43561878,0,29,-1,210,-1,1,51,28,29,2.0
9,2,50,204727,206254,206254,207260,207260,207866,207899,214399,214399,215002,215034,215067,218180,1527,1006,606,6500,603,248,0,600,2210,3146,3113,1610,202.3296737,13.45609347,1,40,-26,160,-1,-1,49,14,40,1.0
9,2,51,218183,219706,219706,220712,220712,221329,221361,228861,228861,229465,229498,229531,232631,1523,1006,617,7500,604,882,0,600,1568,3133,3100,968,216.7803534,14.4506797,1,20,-10,180,-1,-1,49,10,20,1.0
9,2,52,232633,234155,234155,235158,235158,235776,235808,241808,241808,242428,242460,242493,245574,1522,1003,618,6000,620,571,0,600,1866,3114,3081,1266,229.7237332,12.94337977,1,4,1,190,1,1,51,5,4,2.0
9,2,53,245577,247098,247098,248101,248101,248706,248739,257740,257740,258355,258389,258422,261519,1521,1003,605,9001,615,522,0,600,1933,3130,3097,1333,245.66977,15.94603678,1,79,-51,210,-1,-1,49,28,79,1.0
9,2,54,261523,263044,263044,264048,264048,264676,264709,273209,273209,273839,273872,273905,276977,1521,1004,628,8500,630,463,0,600,1954,3105,3072,1354,261.1262796,15.45650963,1,5,2,200,1,1,51,7,5,2.0
9,2,55,276980,278504,278504,279511,279511,280138,280171,287171,287171,287802,287834,287867,290888,1524,1007,627,7000,631,-1,2501,0,510,3054,3021,-90,275.0375462,13.91126661,-1,10,4,210,1,-2,-1,14,10,
9,2,56,290891,292409,292409,293419,293419,294048,294081,302081,302081,302683,302716,302750,305834,1518,1010,629,8000,602,279,0,600,2162,3118,3084,1562,289.9837355,14.94618927,1,20,-13,170,-1,-1,49,7,20,1.0
9,2,57,305837,307360,307360,308367,308367,308988,309020,315520,315520,316140,316172,316205,319275,1523,1007,621,6500,620,300,0,600,2129,3103,3070,1529,303.4245954,13.44085987,1,4,1,210,1,1,51,5,4,2.0
9,2,58,319278,320803,320803,321809,321809,322415,322447,329447,329447,330079,330111,330145,333196,1525,1006,606,7000,632,-1,2501,0,530,3085,3051,-70,317.3447826,13.9201872,-1,20,-10,210,-1,-2,-1,10,20,
9,2,59,333198,334721,334721,335725,335725,336344,336376,345376,345376,345976,346009,346042,349148,1523,1004,619,9000,600,274,0,600,2180,3139,3106,1580,333.2972779,15.95249534,1,14,-7,200,-1,-1,49,7,14,1.0
9,2,60,349151,350674,350674,351706,351706,352310,352342,358342,358342,358963,358995,359028,362084,1523,1032,604,6000,621,225,0,600,2195,3089,3056,1595,346.2336253,12.93634745,1,5,5,170,1,1,51,10,5,2.0
9,2,61,362087,363606,363606,364612,364612,365221,365253,371753,371753,372358,372391,372425,375520,1519,1006,609,6500,605,390,0,600,2071,3129,3095,1471,359.6691317,13.43550638,1,79,-51,160,-1,-1,49,28,79,1.0
9,2,62,375523,377041,377041,378044,378044,378669,378702,386202,386202,386832,386865,386899,389958,1518,1003,625,7500,630,289,0,600,2135,3093,3059,1535,374.1073964,14.43826464,1,14,-9,180,-1,-1,49,5,14,1.0
9,2,63,389961,391481,391481,392485,392485,393111,393143,401143,401143,401762,401795,401828,404904,1520,1004,626,8000,619,344,0,600,2087,3109,3076,1487,389.0536836,14.94628721,1,2,5,150,1,1,51,7,2,2.0
9,2,64,404907,406429,406429,407434,407434,408055,408088,416588,416588,417217,417249,417282,420346,1522,1005,621,8500,629,353,0,600,2070,3097,3064,1470,404.4950826,15.44139899,1,10,-5,150,-1,-1,49,5,10,1.0
9,2,65,420348,421869,421869,422873,422873,423478,423511,431511,431511,432112,432145,432178,435296,1521,1004,605,8000,601,671,0,600,1798,3151,3118,1198,419.4453181,14.95023551,1,29,-1,160,-1,-1,49,28,29,1.0
9,2,66,435299,436822,436822,437824,437824,438424,438456,444956,444956,445571,445604,445638,448744,1523,1002,600,6500,615,344,0,600,2116,3140,3106,1516,432.8924683,13.44715027,1,4,6,180,1,1,51,10,4,2.0
9,2,67,448745,450270,450270,451276,451276,451882,451914,460914,460914,461547,461579,461612,464706,1525,1006,606,9000,633,872,0,600,1558,3127,3094,958,448.8550631,15.96259481,0,21,-1,190,-1,1,51,20,21,2.0
9,2,68,464709,466229,466229,467236,467236,467841,467873,473873,473873,474474,474507,474540,477656,1520,1007,605,6000,601,247,0,600,2220,3149,3116,1620,461.8048753,12.94981211,1,40,-26,160,-1,-1,49,14,40,1.0
9,2,69,477659,479180,479180,480183,480183,480806,480838,488338,488338,488967,488999,489033,492121,1521,1003,623,7500,629,249,0,600,2175,3122,3088,1575,476.270125,14.46524971,1,10,4,200,1,1,51,14,10,2.0
9,2,70,492124,493650,493650,494654,494654,495259,495291,502291,502291,502922,502954,502988,506068,1526,1004,605,7000,631,279,0,600,2155,3114,3080,1555,490.2171752,13.94705023,1,10,18,180,1,1,51,28,10,2.0
9,2,71,506071,507594,507594,508595,508595,509195,509227,517727,517727,518327,518359,518392,521510,1523,1001,600,8500,600,314,0,600,2162,3151,3118,1562,505.6598983,15.44272313,1,20,-10,190,-1,-1,49,10,20,1.0
9,2,72,521514,523041,523041,524046,524046,524650,524682,532682,532682,533304,533336,533369,536469,1527,1005,604,8000,622,428,0,600,2014,3133,3100,1414,520.6184095,14.95851121,1,5,9,150,1,1,51,14,5,2.0
9,3,73,39206,40734,40734,41752,41752,42380,42412,50412,50412,51029,51062,51097,54151,1528,1018,628,8000,617,306,0,600,2103,3089,3054,1503,14.95798203,14.95798203,1,2,3,150,1,1,51,5,2,2.0
9,3,74,54156,55684,55684,56689,56689,57293,57326,66326,66326,66927,66960,66993,70112,1528,1005,604,9000,601,736,0,600,1726,3152,3119,1126,30.91698987,15.95900783,0,28,-8,190,-1,1,51,20,28,2.0
9,3,75,70115,71637,71637,72640,72640,73261,73294,80294,80294,80926,80958,80991,84046,1522,1003,621,7000,632,279,0,600,2143,3088,3055,1543,44.85126944,13.93427958,1,40,-26,190,-1,-1,49,14,40,1.0
9,3,76,84049,85573,85573,86578,86578,87185,87217,93217,93217,93835,93867,93901,96989,1524,1005,607,6000,618,283,0,600,2163,3122,3088,1563,57.79393019,12.94266075,1,57,-37,190,-1,-1,49,20,57,1.0
9,3,77,96991,98517,98517,99526,99526,100130,100162,108662,108662,109276,109308,109341,112422,1526,1009,604,8500,614,315,0,600,2132,3114,3081,1532,73.22662827,15.43269809,1,2,3,190,1,1,51,5,2,2.0
9,3,78,112424,113945,113945,114946,114946,115563,115595,122095,122095,122700,122732,122766,125887,1521,1001,617,6500,605,282,0,600,2174,3155,3121,1574,86.6919021,13.46527382,1,40,-26,160,-1,-1,49,14,40,1.0
9,3,79,125890,127415,127415,128425,128425,129044,129076,136576,136576,137208,137241,137275,140327,1525,1010,619,7500,632,609,0,600,1805,3086,3052,1205,101.1320451,14.44014296,1,6,-1,180,-1,-1,49,5,6,1.0
9,3,80,140330,141850,141850,142852,142852,143457,143489,152489,152489,153089,153122,153155,156266,1520,1002,605,9000,600,403,0,600,2070,3144,3111,1470,117.0711839,15.93913886,1,8,-1,160,-1,-1,49,7,8,1.0
9,3,81,156269,157785,157785,158786,158786,159391,159423,165923,165923,166523,166555,166588,169725,1516,1001,605,6500,600,658,0,600,1820,3170,3137,1220,130.5298518,13.45866791,1,7,3,150,1,1,51,10,7,2.0
9,3,82,169728,171249,171249,172253,172253,172859,172892,178892,178892,179493,179526,179559,182682,1521,1004,606,6000,601,544,0,600,1924,3156,3123,1324,143.4866598,12.95680797,1,14,-4,180,-1,-1,49,10,14,1.0
9,3,83,182685,184209,184209,185210,185210,185812,185844,194344,194344,194944,194976,195010,198128,1524,1001,602,8500,600,1482,0,600,991,3152,3118,391,158.9328635,15.44620373,0,11,-1,160,-1,1,51,10,11,2.0
9,3,84,198131,199652,199652,200657,200657,201261,201294,208794,208794,209425,209458,209491,212580,1521,1005,604,7500,631,777,0,600,1662,3122,3089,1062,173.3850786,14.45221508,0,29,-1,190,-1,1,51,28,29,2.0
9,3,85,212583,214104,214104,215133,215133,215766,215798,223798,223798,224399,224432,224465,227544,1521,1029,633,8000,601,341,0,600,2075,3112,3079,1475,188.3487025,14.96362393,1,21,-1,200,-1,-1,49,20,21,1.0
9,3,86,227547,229069,229069,230075,230075,230676,230708,237708,237708,238309,238342,238376,241488,1522,1006,601,7000,601,538,0,600,1932,3146,3112,1332,202.293144,13.94444143,1,20,-10,210,-1,-1,49,10,20,1.0
9,3,87,241491,243014,243014,244023,244023,244629,244662,253662,253662,254262,254295,254328,257450,1523,1009,606,9000,600,293,0,600,2169,3155,3122,1569,218.2550689,15.96192491,1,15,-1,170,-1,-1,49,14,15,1.0
9,3,88,257452,258974,258974,259976,259976,260581,260613,268113,268113,268716,268750,268783,271897,1522,1002,605,7500,603,568,0,600,1900,3147,3114,1300,232.7022357,14.44716685,1,40,-12,170,-1,-1,49,28,40,1.0
9,3,89,271900,273422,273422,274427,274427,275033,275065,282065,282065,282665,282697,282730,285832,1522,1005,606,7000,600,561,0,600,1906,3135,3102,1306,246.6367621,13.93452638,1,29,-1,150,-1,-1,49,28,29,1.0
9,3,90,285835,287354,287354,288360,288360,288963,288995,297495,297495,298112,298145,298178,301289,1519,1006,603,8500,617,1636,0,600,819,3144,3111,219,262.093527,15.45676488,0,4,3,190,1,-1,49,7,4,1.0
9,3,91,301292,302814,302814,303814,303814,304419,304452,310952,310952,311568,311600,311635,314725,1522,1000,605,6500,616,910,0,600,1547,3125,3090,947,275.5292756,13.43574866,1,56,-28,180,-1,-1,49,28,56,1.0
9,3,92,314728,316247,316247,317254,317254,317871,317904,323904,323904,324507,324539,324572,327690,1519,1007,617,6000,603,282,0,600,2172,3151,3118,1572,288.4945877,12.96531209,1,7,-2,160,-1,-1,49,5,7,1.0
9,3,93,327693,329214,329214,330219,330219,330823,330855,338855,338855,339457,339489,339523,342636,1521,1005,604,8000,602,534,0,600,1934,3147,3113,1334,303.4406043,14.94601659,0,28,-18,210,-1,1,51,10,28,2.0
9,3,94,342639,344162,344162,345172,345172,345775,345807,354307,354307,354938,354972,355005,358091,1523,1010,603,8500,631,289,0,600,2144,3119,3086,1544,318.8958938,15.45528946,0,21,-1,160,-1,1,51,20,21,2.0
9,3,95,358094,359611,359611,360613,360613,361218,361250,367750,367750,368367,368399,368433,371553,1517,1002,605,6500,617,929,0,600,1530,3154,3120,930,332.3574104,13.46151658,0,5,9,190,1,-1,49,14,5,1.0
9,3,96,371556,373078,373078,374086,374086,374690,374724,381724,381724,382352,382384,382418,385513,1522,1008,604,7000,628,195,0,600,2243,3129,3095,1643,346.3178939,13.96048355,1,5,2,160,1,1,51,7,5,2.0
9,3,97,385516,387037,387037,388039,388039,388643,388676,396176,396176,396777,396810,396844,399959,1521,1002,604,7500,601,404,0,600,2068,3149,3115,1468,360.7634317,14.44553775,1,56,-28,170,-1,-1,49,28,56,1.0
9,3,98,399962,401482,401482,402484,402484,403108,403141,409141,409141,409753,409785,409818,412918,1520,1002,624,6000,612,304,0,600,2138,3133,3100,1538,373.7226381,12.95920642,1,3,2,200,1,1,51,5,3,2.0
9,3,99,412921,414443,414443,415448,415448,416052,416085,425085,425085,425688,425720,425753,428879,1522,1005,604,9000,603,871,0,600,1595,3159,3126,995,389.6834887,15.96085059,1,28,-8,150,-1,-1,49,20,28,1.0
9,3,100,428882,430405,430405,431412,431412,432017,432049,440049,440049,440653,440686,440719,443839,1523,1007,605,8000,604,380,0,600,2081,3153,3120,1481,404.6432845,14.95979586,1,7,3,210,1,1,51,10,7,2.0
9,3,101,443841,445361,445361,446363,446363,446974,447006,455506,455506,456121,456154,456187,459289,1520,1002,611,8500,615,274,0,600,2178,3135,3102,1578,420.0936243,15.45033977,1,4,1,180,1,1,51,5,4,2.0
9,3,102,459292,460813,460813,461817,461817,462420,462453,469453,469453,470053,470086,470119,473242,1521,1004,603,7000,600,224,0,600,2248,3156,3123,1648,434.0461151,13.95249082,1,10,-3,170,-1,-1,49,7,10,1.0
9,3,103,473245,474767,474767,475774,475774,476382,476414,485414,485414,486016,486048,486081,489189,1522,1007,608,9000,602,626,0,600,1835,3141,3108,1235,449.9933389,15.9472238,1,15,-1,180,-1,-1,49,14,15,1.0
9,3,104,489192,490717,490717,491720,491720,492324,492356,498356,498356,498973,499005,499038,502122,1525,1003,604,6000,617,347,0,600,2104,3117,3084,1504,462.9261157,12.93277674,1,2,5,190,1,1,51,7,2,2.0
9,3,105,502125,503639,503639,504641,504641,505245,505277,512777,512777,513378,513412,513446,516578,1514,1002,604,7500,601,1108,0,600,1371,3166,3132,771,477.3821856,14.45606996,0,29,-1,180,-1,1,51,28,29,2.0
9,3,106,516581,518109,518109,519115,519115,519725,519756,526256,526256,526875,526907,526940,530028,1528,1006,610,6500,619,1031,0,600,1406,3121,3088,806,490.8323925,13.45020688,1,57,-37,160,-1,-1,49,20,57,1.0
9,3,107,530031,531551,531551,532554,532554,533155,533187,541187,541187,541802,541834,541867,544967,1520,1003,601,8000,615,261,0,600,2200,3133,3100,1600,505.7708395,14.93844696,1,4,3,170,1,1,51,7,4,2.0
9,3,108,544969,546490,546490,547494,547494,548097,548129,554629,554629,555262,555295,555328,558401,1521,1004,603,6500,633,339,0,600,2100,3106,3073,1500,519.2049491,13.43410961,1,40,-26,210,-1,-1,49,14,40,1.0
9,4,109,69193,70718,70718,71730,71730,72341,72373,79373,79373,80005,80038,80074,83142,1525,1012,611,7000,632,417,0,600,2003,3104,3068,1403,13.96082558,13.96082558,1,10,18,190,1,1,51,28,10,2.0
9,4,110,83147,84671,84671,85681,85681,86284,86317,93817,93817,94417,94450,94483,97592,1524,1010,603,7500,600,438,0,600,2025,3142,3109,1425,28.40870784,14.44788226,1,10,-3,200,-1,-1,49,7,10,1.0
9,4,111,97594,99120,99120,100126,100126,100743,100776,109776,109776,110377,110410,110443,113557,1526,1006,617,9000,601,475,0,600,1975,3147,3114,1375,44.3737894,15.96508156,1,10,-5,170,-1,-1,49,5,10,1.0
9,4,112,113560,115082,115082,116088,116088,116689,116722,125222,125222,125853,125885,125919,129011,1522,1006,601,8500,631,290,0,600,2150,3126,3092,1550,59.82747959,15.45369019,1,5,2,180,1,1,51,7,5,2.0
9,4,113,129014,130537,130537,131542,131542,132145,132178,140178,140178,140794,140827,140860,143964,1523,1005,603,8000,616,274,0,600,2179,3137,3104,1579,74.78091002,14.95343043,1,3,2,160,1,1,51,5,3,2.0
9,4,114,143966,145490,145490,146493,146493,147111,147144,153144,153144,153760,153792,153825,156910,1524,1003,618,6000,616,378,0,600,2061,3118,3085,1461,87.72677744,12.94586742,1,2,5,200,1,1,51,7,2,2.0
9,4,115,156913,158438,158438,159447,159447,160054,160086,166586,166586,167205,167238,167271,170351,1525,1009,607,6500,619,412,0,600,2028,3113,3080,1428,101.1678766,13.44109915,1,57,-37,170,-1,-1,49,20,57,1.0
9,4,116,170354,171872,171872,172879,172879,173485,173517,181517,181517,182119,182151,182184,185304,1518,1007,606,8000,602,507,0,600,1960,3153,3120,1360,116.1207754,14.95289885,1,9,1,200,1,1,51,10,9,2.0
9,4,117,185307,186832,186832,187836,187836,188454,188487,194487,194487,195117,195149,195182,198243,1525,1004,618,6000,630,810,0,600,1613,3094,3061,1013,129.0597392,12.93896377,1,14,-4,160,-1,-1,49,10,14,1.0
9,4,118,198246,199765,199765,200769,200769,201375,201408,207908,207908,208526,208558,208591,211707,1519,1004,606,6500,618,378,0,600,2075,3149,3116,1475,142.5233222,13.46358294,1,57,-37,200,-1,-1,49,20,57,1.0
9,4,119,211709,213225,213225,214227,214227,214828,214860,223860,223860,224470,224502,224534,227664,1516,1002,601,9000,610,329,0,600,2142,3162,3130,1542,158.4807352,15.95741308,1,2,5,160,1,1,51,7,2,2.0
9,4,120,227667,229193,229193,230197,230197,230803,230835,238335,238335,238967,239000,239033,242128,1526,1004,606,7500,632,290,0,600,2142,3128,3095,1542,172.9446283,14.46389303,1,10,4,200,1,1,51,14,10,2.0
9,4,121,242131,243650,243650,244659,244659,245262,245294,253794,253794,254397,254430,254463,257581,1519,1009,603,8500,603,311,0,600,2155,3151,3118,1555,188.3977167,15.4530884,1,28,-14,150,-1,-1,49,14,28,1.0
9,4,122,257584,259111,259111,260117,260117,260723,260755,267755,267755,268387,268420,268453,271530,1527,1006,606,7000,632,311,0,600,2118,3110,3077,1518,202.3465406,13.94882398,1,28,-18,190,-1,-1,49,10,28,1.0
9,4,123,271533,273052,273052,274053,274053,274657,274690,282690,282690,283293,283325,283359,286482,1519,1001,604,8000,603,250,0,600,2223,3157,3123,1623,217.2989308,14.95239017,1,7,7,170,1,1,51,14,7,2.0
9,4,124,286485,288004,288004,289009,289009,289611,289643,298143,298143,298744,298776,298810,301934,1519,1005,602,8500,601,938,0,600,1535,3158,3124,935,232.7506948,15.45176396,1,14,-7,200,-1,-1,49,7,14,1.0
9,4,125,301937,303459,303459,304465,304465,305070,305102,314102,314102,314733,314765,314798,317871,1522,1006,605,9000,631,241,0,600,2195,3106,3073,1595,248.6878911,15.93719635,1,13,1,180,1,1,51,14,13,2.0
9,4,126,317874,319391,319391,320395,320395,321000,321032,327032,327032,327648,327680,327713,330806,1517,1004,605,6000,616,543,0,600,1915,3126,3093,1315,261.6224829,12.93459177,1,56,-28,200,-1,-1,49,28,56,1.0
9,4,127,330809,332333,332333,333340,333340,333946,333979,341479,341479,342111,342144,342177,345266,1524,1007,606,7500,632,478,0,600,1953,3122,3089,1353,276.0828146,14.46033167,1,9,1,190,1,1,51,10,9,2.0
9,4,128,345269,346790,346790,347798,347798,348403,348435,354935,354935,355552,355584,355618,358710,1521,1008,605,6500,617,258,0,600,2191,3126,3092,1591,289.5263366,13.44352201,1,56,-28,180,-1,-1,49,28,56,1.0
9,4,129,358713,360234,360234,361237,361237,361842,361875,368875,368875,369476,369509,369543,372650,1521,1003,605,7000,601,432,0,600,2038,3141,3107,1438,303.4663948,13.94005828,0,28,-8,180,-1,1,51,20,28,2.0
9,4,130,372653,374174,374174,375180,375180,375787,375820,381820,381820,382424,382458,382491,385603,1521,1006,607,6000,604,693,0,600,1769,3145,3112,1169,316.4190849,12.95269001,0,28,-8,200,-1,1,51,20,28,2.0
9,4,131,385606,387124,387124,388130,388130,388731,388764,397764,397764,398379,398411,398444,401546,1518,1006,601,9000,615,265,0,600,2195,3135,3102,1595,332.3624749,15.94339002,1,2,3,190,1,1,51,5,2,2.0
9,4,132,401549,403075,403075,404082,404082,404685,404717,411217,411217,411849,411882,411916,414990,1526,1007,603,6500,632,245,0,600,2187,3108,3074,1587,345.8065206,13.44404576,1,10,-5,190,-1,-1,49,5,10,1.0
9,4,133,414993,416511,416511,417514,417514,418133,418165,425165,425165,425782,425814,425847,428935,1518,1003,619,7000,617,280,0,600,2163,3121,3088,1563,359.7512917,13.94477111,1,2,3,210,1,1,51,5,2,2.0
9,4,134,428938,430467,430467,431473,431473,432080,432113,440113,440113,440733,440767,440801,443875,1529,1006,607,8000,620,400,0,600,2038,3108,3074,1438,374.6914145,14.94012277,1,79,-51,200,-1,-1,49,28,79,1.0
9,4,135,443878,445399,445399,446407,446407,447010,447043,454543,454543,455144,455177,455210,458324,1521,1008,603,7500,601,214,0,600,2253,3147,3114,1653,389.1406158,14.44920127,1,40,-20,150,-1,-1,49,20,40,1.0
9,4,136,458327,459849,459849,460853,460853,461459,461491,469991,469991,470609,470643,470676,473779,1522,1004,606,8500,618,205,0,600,2245,3136,3103,1645,404.5951696,15.45455386,1,56,-28,180,-1,-1,49,28,56,1.0
9,4,137,473782,475303,475303,476311,476311,476916,476949,483949,483949,484551,484584,484618,487719,1521,1008,605,7000,602,331,0,600,2133,3135,3101,1533,418.5351065,13.93993684,0,14,14,200,1,-1,49,28,14,1.0
9,4,138,487722,489243,489243,490248,490248,490851,490883,496883,496883,497483,497516,497549,500673,1521,1005,603,6000,600,315,0,600,2156,3157,3124,1556,431.4890733,12.95396683,1,28,-18,190,-1,-1,49,10,28,1.0
9,4,139,500676,502201,502201,503208,503208,503809,503842,512842,512842,513457,513490,513523,516623,1525,1007,601,9000,615,236,0,600,2216,3133,3100,1616,447.4391985,15.95012521,1,3,2,210,1,1,51,5,3,2.0
9,4,140,516625,518145,518145,519150,519150,519772,519804,527304,527304,527920,527952,527986,531066,1520,1005,622,7500,616,1409,0,600,1028,3114,3080,428,461.8819904,14.44279184,1,6,1,170,1,1,51,7,6,2.0
9,4,141,531069,532595,532595,533598,533598,534202,534235,540735,540735,541338,541370,541405,544512,1526,1003,604,6500,603,269,0,600,2195,3142,3107,1595,475.3278349,13.44584452,1,40,-26,150,-1,-1,49,14,40,1.0
9,4,142,544515,546036,546036,547044,547044,547648,547680,555680,555680,556283,556315,556348,559467,1521,1008,604,8000,603,318,0,600,2146,3152,3119,1546,490.282901,14.95506616,1,20,-10,160,-1,-1,49,10,20,1.0
9,4,143,559469,560987,560987,561987,561987,562587,562619,571119,571119,571720,571752,571786,574901,1518,1000,600,8500,601,278,0,600,2203,3149,3115,1603,505.7170363,15.43413523,1,10,10,200,1,1,51,20,10,2.0
9,4,144,574904,576430,576430,577438,577438,578046,578079,586579,586579,587182,587216,587250,590354,1526,1008,608,8500,603,273,0,600,2182,3138,3104,1582,521.1704748,15.45343857,1,13,1,190,1,1,51,14,13,2.0
9,5,145,16839,18362,18362,19376,19376,19978,20011,27011,27011,27643,27675,27711,30811,1523,1014,602,7000,632,317,0,600,2112,3136,3100,1512,13.98393016,13.98393016,1,14,6,150,1,1,51,20,14,2.0
9,5,146,30816,32345,32345,33350,33350,33970,34002,41502,41502,42127,42161,42195,45260,1529,1005,620,7500,625,263,0,600,2158,3099,3065,1558,28.43143121,14.44750105,1,4,3,160,1,1,51,7,4,2.0
9,5,147,45263,46786,46786,47791,47791,48420,48453,56453,56453,57053,57085,57118,60203,1523,1005,629,8000,600,275,0,600,2168,3118,3085,1568,43.37373033,14.94229913,1,14,-7,190,-1,-1,49,7,14,1.0
9,5,148,60205,61734,61734,62742,62742,63348,63381,71881,71881,72514,72546,72579,75642,1529,1008,606,8500,633,679,0,600,1745,3096,3063,1145,58.81306658,15.43933624,1,19,1,210,1,1,51,20,19,2.0
9,5,149,75645,77165,77165,78172,78172,78775,78808,87808,87808,88427,88460,88493,91597,1520,1007,603,9000,619,273,0,600,2178,3137,3104,1578,74.76842776,15.95536118,1,5,9,150,1,1,51,14,5,2.0
9,5,150,91600,93122,93122,94128,94128,94731,94763,100763,100763,101395,101428,101461,104538,1522,1006,603,6000,632,953,0,600,1484,3110,3077,884,87.70902546,12.9405977,1,27,1,160,1,1,51,28,27,2.0
9,5,151,104541,106066,106066,107069,107069,107687,107719,114219,114219,114847,114879,114912,117990,1525,1003,618,6500,628,340,0,600,2086,3111,3078,1486,101.1610166,13.45199118,1,4,1,210,1,1,51,5,4,2.0
9,5,152,117993,119515,119515,120521,120521,121125,121158,128658,128658,129288,129322,129356,132439,1522,1006,604,7500,630,271,0,600,2167,3117,3083,1567,115.6098192,14.44880258,1,10,10,150,1,1,51,20,10,2.0
9,5,153,132442,133959,133959,134963,134963,135589,135621,141621,141621,142221,142253,142287,145389,1517,1004,626,6000,600,334,0,600,2119,3136,3102,1519,128.5603606,12.95054138,1,20,-13,210,-1,-1,49,7,20,1.0
9,5,154,145392,146915,146915,147945,147945,148549,148581,156581,156581,157181,157213,157246,160332,1523,1030,604,8000,600,254,0,600,2189,3119,3086,1589,143.5028339,14.94247331,1,40,-26,160,-1,-1,49,14,40,1.0
9,5,155,160335,161857,161857,162861,162861,163493,163526,170526,170526,171147,171179,171213,174299,1522,1004,632,7000,621,802,0,600,1619,3120,3086,1019,157.4701244,13.96729046,1,14,-4,180,-1,-1,49,10,14,1.0
9,5,156,174302,175829,175829,176833,176833,177440,177472,186472,186472,187088,187121,187155,190264,1527,1004,607,9000,616,370,0,600,2076,3143,3109,1476,173.4350577,15.9649333,1,79,-51,200,-1,-1,49,28,79,1.0
9,5,157,190267,191787,191787,192787,192787,193419,193451,201951,201951,202553,202585,202618,205715,1520,1000,632,8500,602,612,0,600,1834,3130,3097,1234,188.8860354,15.45097773,1,10,18,190,1,1,51,28,10,2.0
9,5,158,205718,207247,207247,208253,208253,208876,208909,215409,215409,216029,216061,216095,219167,1529,1006,623,6500,620,306,0,600,2116,3106,3072,1516,202.3378051,13.45176968,1,4,1,150,1,1,51,5,4,2.0
9,5,159,219170,220694,220694,221705,221705,222311,222343,228343,228343,228962,228994,229027,232128,1524,1011,606,6000,619,265,0,600,2175,3134,3101,1575,215.2986858,12.96088073,1,79,-51,180,-1,-1,49,28,79,1.0
9,5,160,232131,233654,233654,234658,234658,235291,235324,244324,244324,244957,244990,245023,248073,1523,1004,633,9000,633,728,0,600,1679,3083,3050,1079,231.2438351,15.9451493,1,14,-4,160,-1,-1,49,10,14,1.0
9,5,161,248076,249597,249597,250604,250604,251206,251239,257740,257740,258341,258375,258408,261509,1521,1007,602,6501,601,233,0,600,2235,3134,3101,1635,244.6798945,13.43605935,1,28,-18,210,-1,-1,49,10,28,1.0
9,5,162,261512,263037,263037,264042,264042,264647,264679,273179,273179,273781,273813,273847,276950,1525,1005,605,8500,602,519,0,600,1944,3137,3103,1344,260.1205729,15.44067846,0,27,1,150,1,-1,49,28,27,1.0
9,5,163,276953,278481,278481,279484,279484,280110,280143,287643,287643,288261,288294,288327,291400,1528,1003,626,7500,618,884,0,600,1541,3106,3073,941,274.5708913,14.45031838,1,2,5,190,1,1,51,7,2,2.0
9,5,164,291403,292925,292925,293927,293927,294552,294585,302585,302585,303204,303237,303271,306354,1522,1002,625,8000,619,309,0,600,2123,3117,3083,1523,289.5250477,14.95415638,1,3,2,160,1,1,51,5,3,2.0
9,5,165,306357,307884,307884,308889,308889,309517,309549,316549,316549,317167,317199,317232,320317,1527,1005,628,7000,618,375,0,600,2047,3118,3085,1447,303.4876039,13.96255624,1,4,1,170,1,1,51,5,4,2.0
9,5,166,320320,321846,321846,322856,322856,323484,323516,329516,329516,330134,330166,330199,333278,1526,1010,628,6000,618,275,0,600,2143,3112,3079,1543,316.4487357,12.96113175,1,2,5,170,1,1,51,7,2,2.0
9,5,167,333280,334802,334802,335808,335808,336428,336460,343960,343960,344592,344625,344658,347711,1522,1006,620,7500,632,342,0,600,2078,3086,3053,1478,330.8814419,14.43270622,1,10,-5,200,-1,-1,49,5,10,1.0
9,5,168,347714,349237,349237,350244,350244,350876,350909,358909,358909,359531,359564,359597,362653,1523,1007,632,8000,622,324,0,600,2092,3089,3056,1492,345.8232185,14.94177658,1,5,2,160,1,1,51,7,5,2.0
9,5,169,362656,364180,364180,365184,365184,365789,365821,374321,374321,374948,374981,375014,378109,1524,1004,605,8500,627,287,0,600,2153,3128,3095,1553,361.2795808,15.45636227,1,4,6,160,1,1,51,10,4,2.0
9,5,170,378112,379635,379635,380640,380640,381271,381304,390304,390304,390935,390967,391000,394053,1523,1005,631,9000,631,410,0,600,2000,3086,3053,1400,377.2233689,15.9437881,1,28,-8,200,-1,-1,49,20,28,1.0
9,5,171,394056,395581,395581,396586,396586,397212,397245,404245,404245,404876,404909,404943,407963,1525,1005,626,7000,631,-1,2501,0,512,3054,3020,-88,391.1336235,13.91025467,-1,10,-5,210,-1,-2,-1,5,10,
9,5,172,407966,409489,409489,410494,410494,411099,411131,417631,417631,418233,418266,418300,421421,1523,1005,605,6500,602,442,0,600,2023,3155,3121,1423,404.591221,13.45759751,1,19,1,170,1,1,51,20,19,2.0
9,5,173,421424,422946,422946,423950,423950,424569,424601,433601,433601,434202,434234,434267,437372,1522,1004,619,9000,601,1464,0,600,990,3138,3105,390,420.5426719,15.95145085,1,20,-6,160,-1,-1,49,14,20,1.0
9,5,174,437375,438896,438896,439901,439901,440504,440536,446536,446536,447137,447170,447203,450305,1521,1005,603,6000,601,623,0,600,1847,3135,3102,1247,433.4751575,12.93248563,0,20,-6,150,-1,1,51,14,20,2.0
9,5,175,450308,451836,451836,452841,452841,453445,453478,460978,460978,461579,461611,461644,464748,1528,1005,604,7500,601,530,0,600,1932,3137,3104,1332,447.9185222,14.4433647,1,14,-4,160,-1,-1,49,10,14,1.0
9,5,176,464751,466276,466276,467280,467280,467885,467917,474917,474917,475534,475567,475601,478692,1525,1004,605,7000,617,290,0,600,2159,3125,3091,1559,461.8621964,13.94367419,1,79,-51,150,-1,-1,49,28,79,1.0
9,5,177,478694,480212,480212,481217,481217,481837,481869,490369,490369,490970,491002,491036,494155,1518,1005,620,8500,601,283,0,600,2173,3153,3119,1573,477.3255063,15.46330992,1,13,1,200,1,1,51,14,13,2.0
9,5,178,494158,495682,495682,496686,496686,497287,497319,505319,505319,505921,505953,505986,509118,1524,1004,601,8000,602,721,0,600,1748,3165,3132,1148,492.2883443,14.962838,1,14,-4,170,-1,-1,49,10,14,1.0
9,5,179,509121,510643,510643,511649,511649,512254,512287,518787,518787,519419,519451,519484,522576,1522,1006,605,6500,632,254,0,600,2181,3125,3092,1581,505.7462833,13.45793894,1,20,-6,160,-1,-1,49,14,20,1.0
9,5,180,522578,524106,524106,525111,525111,525717,525750,533750,533750,534350,534382,534416,537525,1528,1005,606,8000,600,402,0,600,2059,3143,3109,1459,520.6953158,14.94903251,1,19,1,200,1,1,51,20,19,2.0
9,6,181,17147,18670,18670,19678,19678,20282,20314,26814,26814,27416,27449,27486,30613,1523,1008,604,6500,602,280,0,600,2183,3164,3127,1583,13.47745413,13.47745413,0,20,-6,180,-1,1,51,14,20,2.0
9,6,182,30616,32140,32140,33143,33143,33748,33781,39781,39781,40402,40434,40467,43564,1524,1003,605,6000,621,392,0,600,2055,3130,3097,1455,26.42751153,12.95005741,1,56,-28,180,-1,-1,49,28,56,1.0
9,6,183,43566,45093,45093,46095,46095,46699,46731,55231,55231,55834,55866,55900,59005,1527,1002,604,8500,603,687,0,600,1777,3139,3105,1177,41.8692167,15.44170516,1,14,-4,170,-1,-1,49,10,14,1.0
9,6,184,59008,60527,60527,61531,61531,62151,62183,69183,69183,69800,69832,69865,72951,1519,1004,620,7000,617,219,0,600,2221,3119,3086,1621,55.81456309,13.94534639,1,2,3,160,1,1,51,5,2,2.0
9,6,185,72953,74476,74476,75483,75483,76086,76119,83619,83619,84249,84281,84315,87405,1523,1007,603,7500,630,288,0,600,2149,3124,3090,1549,70.26933392,14.45477084,1,7,7,210,1,1,51,14,7,2.0
9,6,186,87408,88932,88932,89939,89939,90543,90575,98575,98575,99175,99209,99242,102358,1524,1007,604,8000,600,1282,0,600,1183,3149,3116,583,85.22162675,14.95229283,0,11,-1,160,-1,1,51,10,11,2.0
9,6,187,102361,103882,103882,104888,104888,105509,105541,114541,114541,115170,115202,115235,118315,1521,1006,621,9000,629,473,0,600,1950,3113,3080,1350,101.1788648,15.957238,1,7,3,160,1,1,51,10,7,2.0
9,6,188,118318,119839,119839,120845,120845,121449,121481,128481,128481,129083,129116,129149,132269,1521,1006,604,7000,602,413,0,600,2054,3153,3120,1454,115.132501,13.95363625,1,20,8,200,1,1,51,28,20,2.0
9,6,189,132272,133794,133794,134796,134796,135404,135436,143936,143936,144568,144601,144634,147728,1522,1002,608,8500,632,254,0,600,2182,3127,3094,1582,130.5911502,15.45864922,1,14,6,200,1,1,51,20,14,2.0
9,6,190,147729,149246,149246,150255,150255,150862,150895,157395,157395,157995,158028,158061,161190,1517,1009,607,6500,600,359,0,600,2108,3162,3129,1508,144.0541305,13.46298024,1,7,7,170,1,1,51,14,7,2.0
9,6,191,161193,162713,162713,163723,163723,164325,164358,171858,171858,172489,172522,172555,175656,1520,1010,602,7500,631,560,0,600,1877,3134,3101,1277,158.5200468,14.4659163,1,14,-7,150,-1,-1,49,7,14,1.0
9,6,192,175659,177180,177180,178182,178182,178800,178833,186833,186833,187434,187466,187500,190612,1521,1002,618,8000,601,506,0,600,1952,3146,3112,1352,173.4758555,14.95580869,1,14,-9,170,-1,-1,49,5,14,1.0
9,6,193,190615,192140,192140,193141,193141,193766,193799,202799,202799,203401,203434,203467,206558,1525,1001,625,9000,602,295,0,600,2152,3124,3091,1552,189.4220218,15.94616636,1,20,-13,150,-1,-1,49,7,20,1.0
9,6,194,206561,208081,208081,209086,209086,209707,209740,215740,215740,216341,216374,216408,219521,1520,1005,621,6000,601,308,0,600,2145,3147,3113,1545,202.384588,12.96256618,1,10,-5,160,-1,-1,49,5,10,1.0
9,6,195,219524,221046,221046,222051,222051,222653,222687,231187,231187,231803,231835,231869,234983,1522,1005,602,8500,616,1028,0,600,1427,3148,3114,827,217.8457927,15.46120468,1,11,-1,200,-1,-1,49,10,11,1.0
9,6,196,234985,236504,236504,237510,237510,238114,238148,244148,244148,244781,244814,244847,247932,1519,1006,604,6000,633,282,0,600,2156,3118,3085,1556,230.7954412,12.94964847,1,56,-28,180,-1,-1,49,28,56,1.0
9,6,197,247935,249458,249458,250464,250464,251071,251103,257603,257603,258237,258269,258303,261386,1523,1006,607,6500,634,281,0,600,2149,3117,3083,1549,244.250049,13.45460781,1,10,18,150,1,1,51,28,10,2.0
9,6,198,261389,262908,262908,263915,263915,264534,264566,272066,272066,272693,272726,272760,275834,1519,1007,619,7500,627,1986,0,600,442,3108,3074,-158,258.6966035,14.4465545,1,8,-1,170,-1,-1,49,7,8,1.0
9,6,199,275836,277360,277360,278367,278367,278998,279031,286031,286031,286664,286696,286729,289784,1524,1007,631,7000,633,738,0,600,1667,3088,3055,1067,272.6476508,13.95104735,1,14,6,190,1,1,51,20,14,2.0
9,6,200,289787,291318,291318,292322,292322,292948,292981,301981,301981,302608,302640,302674,305737,1531,1004,626,9000,627,423,0,600,1989,3097,3063,1389,288.5994428,15.95179198,1,7,-2,190,-1,-1,49,5,7,1.0
9,6,201,305739,307262,307262,308265,308265,308872,308904,316904,316904,317504,317537,317571,320682,1523,1003,607,8000,600,309,0,600,2158,3145,3111,1558,303.5452373,14.9457945,1,56,-28,160,-1,-1,49,28,56,1.0
9,6,202,320685,322209,322209,323215,323215,323834,323866,332866,332866,333466,333498,333532,336642,1524,1006,619,9000,600,219,0,600,2232,3144,3110,1632,319.5053324,15.96009511,1,14,-9,190,-1,-1,49,5,14,1.0
9,6,203,336644,338162,338162,339164,339164,339785,339818,347318,347318,347944,347977,348011,351107,1518,1002,621,7500,626,226,0,600,2207,3130,3096,1607,333.9701021,14.46476966,1,7,7,150,1,1,51,14,7,2.0
9,6,204,351110,352634,352634,353635,353635,354238,354270,361270,361270,361871,361904,361938,365073,1524,1001,603,7000,601,233,0,600,2238,3169,3135,1638,347.9359301,13.96582801,1,20,-13,170,-1,-1,49,7,20,1.0
9,6,205,365075,366597,366597,367602,367602,368232,368264,376264,376264,376890,376922,376955,380008,1522,1005,630,8000,626,1351,0,600,1066,3086,3053,466,362.870935,14.93500493,1,8,-1,180,-1,-1,49,7,8,1.0
9,6,206,380011,381532,381532,382538,382538,383142,383174,389174,389174,389776,389809,389842,392965,1521,1006,604,6000,602,351,0,600,2116,3156,3123,1516,375.827931,12.95699601,1,40,-20,170,-1,-1,49,20,40,1.0
9,6,207,392968,394489,394489,395495,395495,396115,396148,402648,402648,403280,403313,403347,406417,1521,1006,620,6500,632,298,0,600,2123,3104,3070,1523,389.2798836,13.4519526,1,10,-5,200,-1,-1,49,5,10,1.0
9,6,208,406420,407940,407940,408946,408946,409552,409585,418085,418085,418718,418750,418784,421874,1520,1006,606,8500,633,221,0,600,2214,3124,3090,1614,404.7376496,15.45776596,1,40,-20,150,-1,-1,49,20,40,1.0
9,6,209,421877,423398,423398,424403,424403,425003,425036,432036,432036,432660,432692,432726,435828,1521,1005,600,7000,624,559,0,600,1891,3136,3102,1291,418.6907136,13.95306399,1,5,2,170,1,1,51,7,5,2.0
9,6,210,435830,437352,437352,438358,438358,438965,438997,446497,446497,447097,447129,447162,450288,1522,1006,607,7500,600,325,0,600,2140,3159,3126,1540,433.150944,14.46023041,1,20,-10,170,-1,-1,49,10,20,1.0
9,6,211,450291,451815,451815,452818,452818,453424,453456,459956,459956,460588,460620,460653,463733,1524,1003,606,6500,632,699,0,600,1736,3113,3080,1136,446.596153,13.44520897,0,21,-1,190,-1,1,51,20,21,2.0
9,6,212,463736,465258,465258,466263,466263,466866,466899,474899,474899,475513,475546,475579,478695,1522,1005,603,8000,614,315,0,600,2141,3149,3116,1541,461.5577795,14.96162657,1,57,-37,150,-1,-1,49,20,57,1.0
9,6,213,478698,480221,480221,481224,481224,481831,481863,487863,487863,488464,488496,488530,491643,1523,1003,607,6000,601,443,0,600,2023,3147,3113,1423,474.5059758,12.94819626,1,28,-14,200,-1,-1,49,14,28,1.0
9,6,214,491646,493169,493169,494177,494177,494806,494838,503838,503838,504469,504502,504535,507604,1523,1008,629,9000,631,427,0,600,1982,3102,3069,1382,490.466462,15.96048626,1,14,-4,210,-1,-1,49,10,14,1.0
9,6,215,507607,509128,509128,510132,510132,510738,510770,519270,519270,519902,519933,519967,523052,1521,1004,606,8500,632,411,0,600,2026,3119,3085,1426,505.9147228,15.44826075,1,10,4,150,1,1,51,14,10,2.0
9,6,216,523054,524577,524577,525583,525583,526189,526221,534721,534721,535324,535356,535390,538518,1523,1006,606,8500,603,1263,0,600,1199,3162,3128,599,521.380863,15.46614021,1,29,-1,180,-1,-1,49,28,29,1.0
10,1,1,83452,84979,84979,86008,86008,86618,86650,95150,95150,95774,95806,95841,98916,1527,1029,610,8500,624,998,0,600,1412,3110,3075,812,15.50118732,15.50118732,1,2,5,170,1,1,51,7,2,2.0
10,1,2,98972,100495,100495,101508,101508,102109,102142,108142,108142,108773,108805,108838,111917,1523,1013,601,6000,631,761,0,600,1671,3112,3079,1071,28.44767764,12.94649032,1,19,1,150,1,1,51,20,19,2.0
10,1,3,111920,113445,113445,114453,114453,115061,115095,123095,123095,123695,123728,123761,126858,1525,1008,608,8000,600,333,0,600,2126,3130,3097,1526,43.38829673,14.9406191,1,14,6,190,1,1,51,20,14,2.0
10,1,4,126861,128384,128384,129389,129389,129991,130024,139024,139024,139644,139676,139709,142810,1523,1005,602,9000,620,848,0,600,1602,3134,3101,1002,59.34028942,15.95199268,1,5,9,190,1,1,51,14,5,2.0
10,1,5,142813,144337,144337,145343,145343,145964,145996,153496,153496,154097,154130,154163,157250,1524,1006,621,7500,601,410,0,600,2038,3120,3087,1438,73.78040254,14.44011313,1,28,-18,170,-1,-1,49,10,28,1.0
10,1,6,157253,158779,158779,159785,159785,160390,160422,167422,167422,168023,168056,168090,171196,1526,1006,605,7000,601,723,0,600,1739,3140,3106,1139,87.72575134,13.9453488,1,20,-13,180,-1,-1,49,7,20,1.0
10,1,7,171199,172715,172715,173722,173722,174349,174381,180881,180881,181496,181528,181562,184630,1516,1007,627,6500,615,751,0,600,1684,3102,3068,1084,101.1604399,13.43468851,1,2,3,160,1,1,51,5,2,2.0
10,1,8,184633,186158,186158,187168,187168,187775,187808,195308,195308,195935,195968,196001,199082,1525,1010,607,7500,627,636,0,600,1795,3114,3081,1195,115.6119,14.4514602,1,5,9,190,1,1,51,14,5,2.0
10,1,9,199085,200608,200608,201612,201612,202219,202251,210251,210251,210851,210885,210918,214017,1523,1004,607,8000,600,619,0,600,1847,3132,3099,1247,130.5474592,14.93555911,1,10,10,210,1,1,51,20,10,2.0
10,1,10,214020,215543,215543,216551,216551,217157,217190,224190,224190,224821,224854,224887,227978,1523,1008,606,7000,631,1068,0,600,1364,3124,3091,764,144.5082338,13.96077465,1,20,8,150,1,1,51,28,20,2.0
10,1,11,227981,229502,229502,230508,230508,231111,231143,237643,237643,238275,238309,238342,241425,1521,1006,603,6500,632,671,0,600,1767,3116,3083,1167,157.9553476,13.44711381,1,20,-10,180,-1,-1,49,10,20,1.0
10,1,12,241428,242955,242955,243959,243959,244566,244598,253598,253598,254203,254235,254268,257363,1527,1004,607,9000,605,585,0,600,1872,3128,3095,1272,173.8936858,15.93833817,1,40,-26,190,-1,-1,49,14,40,1.0
10,1,13,257367,258890,258890,259899,259899,260505,260538,269038,269038,269669,269702,269736,272819,1523,1009,606,8500,631,990,0,600,1441,3117,3083,841,189.3493745,15.45568875,1,27,1,210,1,1,51,28,27,2.0
10,1,14,272822,274345,274345,275347,275347,275951,275983,281983,281983,282584,282618,282652,285766,1523,1002,604,6000,601,376,0,600,2094,3148,3114,1494,202.2964248,12.94705023,1,40,-26,180,-1,-1,49,14,40,1.0
10,1,15,285769,287293,287293,288300,288300,288905,288938,295938,295938,296555,296588,296621,299725,1524,1007,605,7000,617,854,0,600,1593,3137,3104,993,216.2551581,13.9587333,1,14,-4,190,-1,-1,49,10,14,1.0
10,1,16,299728,301247,301247,302249,302249,302850,302882,310882,310882,311500,311533,311566,314661,1519,1002,601,8000,618,416,0,600,2044,3128,3095,1444,231.191017,14.93585896,1,20,-13,190,-1,-1,49,7,20,1.0
10,1,17,314664,316185,316185,317193,317193,317796,317828,326328,326328,326944,326977,327010,330105,1521,1008,603,8500,616,677,0,600,1775,3128,3095,1175,246.6350125,15.44399543,1,5,5,170,1,1,51,10,5,2.0
10,1,18,330108,331634,331634,332642,332642,333248,333280,340780,340780,341412,341444,341477,344550,1526,1008,606,7500,632,527,0,600,1901,3106,3073,1301,261.0793095,14.44429708,1,7,3,150,1,1,51,10,7,2.0
10,1,19,344553,346076,346076,347079,347079,347701,347733,353733,353733,354350,354382,354416,357498,1523,1003,622,6000,617,406,0,600,2029,3116,3082,1429,274.0278741,12.94856451,1,2,3,180,1,1,51,5,2,2.0
10,1,20,357501,359022,359022,360029,360029,360636,360669,369669,369669,370269,370303,370336,373448,1521,1007,607,9000,600,464,0,600,2001,3145,3112,1401,289.9779131,15.95003902,0,14,6,210,1,-1,49,20,14,1.0
10,1,21,373451,374972,374972,375980,375980,376586,376620,383120,383120,383751,383784,383817,386915,1521,1008,606,6500,631,553,0,600,1881,3131,3098,1281,303.444241,13.46632795,1,7,13,150,1,1,51,20,7,2.0
10,1,22,386916,388441,388441,389446,389446,390046,390078,397578,397578,398196,398228,398262,401360,1525,1005,600,7500,618,815,0,600,1637,3132,3098,1037,317.8899038,14.44566281,1,13,1,160,1,1,51,14,13,2.0
10,1,23,401363,402886,402886,403888,403888,404495,404529,410529,410529,411161,411195,411228,414308,1523,1002,607,6000,632,498,0,600,1938,3113,3080,1338,330.8376131,12.94770928,1,14,14,160,1,1,51,28,14,2.0
10,1,24,414310,415831,415831,416834,416834,417440,417472,425972,425972,426572,426605,426639,429763,1521,1003,606,8500,600,674,0,600,1796,3158,3124,1196,346.2929966,15.45538348,1,20,-6,160,-1,-1,49,14,20,1.0
10,1,25,429766,431290,431290,432298,432298,432929,432962,441962,441962,442582,442615,442648,445711,1524,1008,631,9000,620,389,0,600,2028,3096,3063,1428,362.2405573,15.94756071,1,4,3,190,1,1,51,7,4,2.0
10,1,26,445714,447238,447238,448243,448243,448845,448877,456877,456877,457490,457522,457554,460648,1524,1005,602,8000,613,452,0,600,2004,3126,3094,1404,377.1778772,14.93731991,1,2,5,170,1,1,51,7,2,2.0
10,1,27,460651,462175,462175,463184,463184,463803,463835,470835,470835,471452,471485,471519,474608,1524,1009,619,7000,617,707,0,600,1724,3123,3089,1124,391.1378241,13.95994684,1,4,1,190,1,1,51,5,4,2.0
10,1,28,474611,476138,476138,477143,477143,477765,477798,484298,484298,484917,484950,484983,488053,1527,1005,622,6500,619,554,0,600,1873,3103,3070,1273,404.582905,13.4450809,1,3,2,180,1,1,51,5,3,2.0
10,1,29,488056,489580,489580,490584,490584,491186,491219,500219,500219,500849,500881,500914,503991,1524,1004,602,9000,630,758,0,600,1682,3110,3077,1082,420.5201914,15.93728646,1,10,-3,170,-1,-1,49,7,10,1.0
10,1,30,503994,505512,505512,506518,506518,507123,507156,514157,514157,514760,514792,514825,517945,1518,1006,605,7001,603,644,0,600,1823,3153,3120,1223,434.4746127,13.95442127,1,40,-12,200,-1,-1,49,28,40,1.0
10,1,31,517948,519470,519470,520472,520472,521097,521129,527129,527129,527745,527777,527811,530901,1522,1002,625,6000,616,445,0,600,1990,3124,3090,1390,447.4302816,12.95566886,1,4,1,170,1,1,51,5,4,2.0
10,1,32,530903,532422,532422,533430,533430,534036,534069,542069,542069,542669,542701,542734,545839,1519,1008,606,8000,600,596,0,600,1871,3138,3105,1271,462.3683771,14.93809558,0,19,1,210,1,-1,49,20,19,1.0
10,1,33,545842,547360,547360,548366,548366,548985,549018,556518,556518,557119,557151,557184,560277,1518,1006,619,7500,601,706,0,600,1750,3126,3093,1150,476.8066779,14.4383008,1,7,-2,200,-1,-1,49,5,7,1.0
10,1,34,560280,561808,561808,562814,562814,563418,563450,569950,569950,570573,570606,570639,573715,1528,1006,604,6500,623,984,0,600,1455,3109,3076,855,490.2445415,13.43786354,0,9,1,170,1,-1,49,10,9,1.0
10,1,35,573717,575241,575241,576247,576247,576849,576881,585381,585381,585995,586028,586061,589149,1524,1006,602,8500,614,122,0,600,2332,3121,3088,1732,505.6785634,15.43402192,0,56,-28,190,-1,1,51,28,56,2.0
10,1,36,589152,590673,590673,591678,591678,592279,592311,598811,598811,599413,599447,599480,602608,1521,1005,601,6500,602,547,0,600,1924,3161,3128,1324,519.137583,13.45901958,1,14,14,190,1,1,51,28,14,2.0
10,2,37,40157,41684,41684,42702,42702,43307,43340,49840,49840,50442,50474,50509,53608,1527,1018,605,6500,602,841,0,600,1607,3134,3099,1007,13.46408409,13.46408409,1,10,-5,190,-1,-1,49,5,10,1.0
10,2,38,53613,55136,55136,56145,56145,56750,56782,65282,65282,65912,65945,65979,69050,1523,1009,605,8500,630,558,0,600,1875,3105,3071,1275,28.90429154,15.44020745,1,4,3,170,1,1,51,7,4,2.0
10,2,39,69053,70579,70579,71585,71585,72188,72221,79221,79221,79822,79856,79891,83016,1526,1006,603,7000,601,647,0,600,1817,3160,3125,1217,42.87013371,13.96584217,1,28,-18,170,-1,-1,49,10,28,1.0
10,2,40,83019,84541,84541,85545,85545,86151,86185,95185,95185,95787,95820,95853,98962,1522,1004,606,9000,602,600,0,600,1866,3142,3109,1266,58.81632689,15.94619318,1,10,10,190,1,1,51,20,10,2.0
10,2,41,98965,100485,100485,101491,101491,102096,102128,110128,110128,110745,110777,110810,113922,1520,1006,605,8000,617,530,0,600,1922,3145,3112,1322,73.77630477,14.95997788,1,57,-37,180,-1,-1,49,20,57,1.0
10,2,42,113925,115449,115449,116454,116454,117058,117091,123091,123091,123723,123756,123789,126879,1524,1005,604,6000,632,900,0,600,1535,3123,3090,935,86.73324504,12.95694026,0,15,-1,200,-1,1,51,14,15,2.0
10,2,43,126882,128408,128408,129418,129418,130021,130055,137555,137555,138160,138193,138226,141339,1526,1010,603,7500,605,504,0,600,1952,3146,3113,1352,101.1930331,14.45978803,1,40,-20,160,-1,-1,49,20,40,1.0
10,2,44,141342,142868,142868,143872,143872,144505,144537,151037,151037,151667,151699,151732,154796,1526,1004,633,6500,630,651,0,600,1756,3097,3064,1156,114.6497241,13.45669105,1,4,1,150,1,1,51,5,4,2.0
10,2,45,154799,156323,156323,157330,157330,157938,157970,166470,166470,167074,167106,167139,170238,1524,1007,608,8500,604,583,0,600,1874,3132,3099,1274,130.0920425,15.44231841,1,29,-1,200,-1,-1,49,28,29,1.0
10,2,46,170241,171765,171765,172770,172770,173375,173408,182408,182408,183040,183073,183107,186189,1524,1005,605,9000,632,405,0,600,2029,3116,3082,1429,146.0431179,15.95107537,0,15,-1,150,-1,1,51,14,15,2.0
10,2,47,186192,187715,187715,188721,188721,189329,189362,195362,195362,195993,196025,196059,199126,1523,1006,608,6000,631,585,0,600,1847,3101,3067,1247,158.9800852,12.93696732,1,28,-18,150,-1,-1,49,10,28,1.0
10,2,48,199129,200653,200653,201658,201658,202263,202296,210296,210296,210901,210935,210968,214070,1524,1005,605,8000,605,652,0,600,1809,3135,3102,1209,173.9240478,14.94396258,1,40,-20,210,-1,-1,49,20,40,1.0
10,2,49,214073,215598,215598,216603,216603,217209,217242,224742,224742,225370,225402,225434,228532,1525,1005,606,7500,628,650,0,600,1786,3130,3098,1186,188.386124,14.46207619,1,28,-8,150,-1,-1,49,20,28,1.0
10,2,50,228535,230058,230058,231065,231065,231673,231705,238705,238705,239338,239371,239405,242492,1523,1007,608,7000,633,448,0,600,1981,3121,3087,1381,202.3460543,13.95993027,1,7,3,200,1,1,51,10,7,2.0
10,2,51,242495,244019,244019,245026,245026,245629,245661,254161,254161,254762,254794,254827,257942,1524,1007,603,8500,601,730,0,600,1735,3148,3115,1135,217.7956425,15.4495882,1,15,-1,150,-1,-1,49,14,15,1.0
10,2,52,257945,259470,259470,260478,260478,261086,261119,269119,269119,269737,269769,269803,272901,1525,1008,608,8000,618,390,0,600,2051,3132,3098,1451,232.7544134,14.95877097,1,10,18,200,1,1,51,28,10,2.0
10,2,53,272904,274428,274428,275433,275433,276060,276092,285092,285092,285695,285728,285761,288844,1524,1005,627,9000,603,631,0,600,1810,3116,3083,1210,248.6980153,15.94360187,1,14,-9,190,-1,-1,49,5,14,1.0
10,2,54,288847,290373,290373,291376,291376,291980,292013,299513,299513,300113,300146,300180,303302,1526,1003,604,7500,600,512,0,600,1955,3156,3122,1355,263.1557451,14.4577298,1,28,-18,160,-1,-1,49,10,28,1.0
10,2,55,303304,304826,304826,305831,305831,306448,306480,313480,313480,314081,314115,314148,317238,1522,1005,617,7000,601,638,0,600,1817,3123,3090,1217,277.0917122,13.93596714,1,28,-18,180,-1,-1,49,10,28,1.0
10,2,56,317241,318762,318762,319772,319772,320375,320408,326908,326908,327540,327573,327606,330700,1521,1010,603,6500,632,512,0,600,1922,3127,3094,1322,290.5540202,13.46230793,1,20,-13,200,-1,-1,49,7,20,1.0
10,2,57,330703,332227,332227,333234,333234,333840,333872,339872,339872,340475,340508,340542,343656,1524,1007,606,6000,603,635,0,600,1825,3148,3114,1225,303.5101426,12.9561224,1,14,-7,170,-1,-1,49,7,14,1.0
10,2,58,343659,345180,345180,346186,346186,346793,346826,353326,353326,353929,353962,353996,357108,1521,1006,607,6500,603,434,0,600,2029,3146,3112,1429,316.9619358,13.45179319,1,29,-1,190,-1,-1,49,28,29,1.0
10,2,59,357111,358639,358639,359648,359648,360253,360286,368786,368786,369402,369435,369469,372545,1528,1009,605,8500,616,790,0,600,1652,3110,3076,1052,332.3988808,15.43694502,1,2,5,170,1,1,51,7,2,2.0
10,2,60,372548,374075,374075,375083,375083,375703,375736,383736,383736,384339,384372,384406,387504,1527,1008,620,8000,603,653,0,600,1789,3132,3098,1189,347.3574676,14.95858684,1,14,-9,190,-1,-1,49,5,14,1.0
10,2,61,387507,389030,389030,390035,390035,390643,390675,396675,396675,397292,397325,397359,400462,1523,1005,608,6000,617,553,0,600,1894,3137,3103,1294,360.3150971,12.95762945,1,7,13,200,1,1,51,20,7,2.0
10,2,62,400465,401987,401987,402996,402996,403600,403632,410632,410632,411232,411265,411299,414428,1522,1009,604,7000,600,615,0,600,1850,3163,3129,1250,374.2815498,13.96645271,1,5,9,170,1,1,51,14,5,2.0
10,2,63,414431,415953,415953,416956,416956,417561,417595,426595,426595,427216,427249,427282,430395,1522,1003,605,9000,621,535,0,600,1914,3146,3113,1314,390.2487779,15.96722808,1,79,-51,180,-1,-1,49,28,79,1.0
10,2,64,430398,431921,431921,432930,432930,433533,433566,441066,441066,441699,441732,441765,444836,1523,1009,603,7500,633,399,0,600,2033,3104,3071,1433,404.6891993,14.44042141,0,11,-1,160,-1,1,51,10,11,2.0
10,2,65,444839,446362,446362,447367,447367,447971,448003,454003,454003,454603,454636,454670,457803,1523,1005,604,6000,600,943,0,600,1525,3167,3133,925,417.6566916,12.96749237,1,8,-1,210,-1,-1,49,7,8,1.0
10,2,66,457806,459331,459331,460337,460337,460945,460978,467978,467978,468609,468642,468675,471742,1525,1006,608,7000,631,391,0,600,2039,3100,3067,1439,431.595685,13.93899331,1,10,18,200,1,1,51,28,10,2.0
10,2,67,471745,473267,473267,474275,474275,474907,474939,481439,481439,482071,482104,482139,485190,1522,1008,632,6500,632,538,0,600,1868,3086,3051,1268,445.0436332,13.44794825,1,4,1,200,1,1,51,5,4,2.0
10,2,68,485193,486716,486716,487722,487722,488342,488374,497374,497374,498006,498038,498072,501144,1523,1006,620,9000,632,460,0,600,1959,3106,3072,1359,460.9976522,15.95401897,1,7,7,150,1,1,51,14,7,2.0
10,2,69,501147,502672,502672,503680,503680,504289,504323,512323,512323,512943,512976,513010,516090,1525,1008,609,8000,620,500,0,600,1938,3114,3080,1338,475.9434072,14.94575502,1,79,-51,210,-1,-1,49,28,79,1.0
10,2,70,516092,517618,517618,518624,518624,519243,519275,526775,526775,527403,527435,527468,530523,1526,1006,619,7500,628,572,0,600,1849,3088,3055,1249,490.3757494,14.43234219,1,4,3,180,1,1,51,7,4,2.0
10,2,71,530526,532049,532049,533053,533053,533655,533687,542187,542187,542818,542850,542884,545973,1523,1004,602,8500,631,742,0,600,1698,3123,3089,1098,505.8258152,15.45006585,1,7,-2,170,-1,-1,49,5,7,1.0
10,2,72,545976,547500,547500,548506,548506,549114,549146,557646,557646,558246,558279,558312,561432,1524,1006,608,8500,600,995,0,600,1467,3153,3120,867,521.2853809,15.45956563,1,20,-6,200,-1,-1,49,14,20,1.0
10,3,73,30823,32351,32351,33368,33368,33993,34025,41525,41525,42142,42175,42211,45272,1528,1017,625,7500,617,668,0,600,1745,3097,3061,1145,14.46102929,14.46102929,1,4,3,200,1,1,51,7,4,2.0
10,3,74,45275,46798,46798,47802,47802,48407,48440,57440,57440,58041,58074,58108,61217,1523,1004,605,9000,601,760,0,600,1707,3143,3109,1107,30.40505546,15.94402617,1,8,-1,200,-1,-1,49,7,8,1.0
10,3,75,61220,62740,62740,63743,63743,64343,64375,72375,72375,72977,73009,73043,76157,1520,1003,600,8000,602,599,0,600,1876,3148,3114,1276,45.34535,14.94029454,1,14,-9,170,-1,-1,49,5,14,1.0
10,3,76,76160,77683,77683,78691,78691,79295,79327,85327,85327,85957,85990,86024,89113,1523,1008,604,6000,630,705,0,600,1730,3123,3089,1130,58.30135608,12.95600608,1,20,8,170,1,1,51,28,20,2.0
10,3,77,89116,90639,90639,91643,91643,92246,92279,98779,98779,99380,99413,99446,102565,1523,1004,603,6500,601,673,0,600,1796,3152,3119,1196,71.75283375,13.45147767,1,40,-20,180,-1,-1,49,20,40,1.0
10,3,78,102567,104094,104094,105099,105099,105721,105753,112753,112753,113383,113415,113449,116524,1527,1005,622,7000,630,625,0,600,1791,3109,3075,1191,85.71152035,13.95868659,1,20,-10,160,-1,-1,49,10,20,1.0
10,3,79,116527,118050,118050,119055,119055,119661,119693,128193,128193,128805,128838,128872,131960,1523,1005,606,8500,612,349,0,600,2105,3122,3088,1505,101.1482273,15.43670696,1,79,-51,160,-1,-1,49,28,79,1.0
10,3,80,131963,133488,133488,134493,134493,135096,135129,144129,144129,144730,144763,144797,147912,1525,1005,603,9000,601,796,0,600,1670,3149,3115,1070,117.1001663,15.95193904,1,5,2,160,1,1,51,7,5,2.0
10,3,81,147915,149442,149442,150449,150449,151057,151091,157591,157591,158192,158224,158257,161371,1527,1007,608,6500,601,892,0,600,1565,3147,3114,965,130.5589256,13.45875922,0,20,8,180,1,-1,49,28,20,1.0
10,3,82,161373,162895,162895,163903,163903,164508,164540,173040,173040,173641,173674,173708,176823,1522,1008,605,8500,601,893,0,600,1571,3149,3115,971,146.010767,15.45184141,1,29,-1,200,-1,-1,49,28,29,1.0
10,3,83,176825,178356,178356,179362,179362,179984,180017,186017,186017,186618,186651,186686,189760,1531,1006,622,6000,601,435,0,600,2005,3109,3074,1405,158.9474411,12.93667411,1,4,6,170,1,1,51,10,4,2.0
10,3,84,189763,191285,191285,192288,192288,192894,192927,199927,199927,200532,200564,200598,203714,1522,1003,606,7000,605,449,0,600,2015,3150,3116,1415,172.9019039,13.95446286,1,40,-20,170,-1,-1,49,20,40,1.0
10,3,85,203717,205242,205242,206248,206248,206854,206887,214887,214887,215517,215550,215584,218677,1525,1006,606,8000,630,578,0,600,1855,3127,3093,1255,187.8650285,14.96312459,1,5,9,200,1,1,51,14,5,2.0
10,3,86,218680,220208,220208,221215,221215,221821,221853,229353,229353,229973,230005,230039,233119,1528,1007,606,7500,620,437,0,600,2002,3114,3080,1402,202.3064453,14.44141677,1,5,5,180,1,1,51,10,5,2.0
10,3,87,233122,234645,234645,235653,235653,236255,236287,245287,245287,245920,245952,245987,249084,1523,1008,602,9000,633,647,0,600,1787,3132,3097,1187,218.2718378,15.96539255,1,28,-18,180,-1,-1,49,10,28,1.0
10,3,88,249087,250611,250611,251615,251615,252220,252252,259252,259252,259853,259886,259921,263030,1524,1004,605,7000,601,569,0,600,1897,3144,3109,1297,232.2180105,13.94617269,1,11,-1,180,-1,-1,49,10,11,1.0
10,3,89,263033,264561,264561,265566,265566,266197,266230,274230,274230,274848,274880,274914,277991,1528,1005,631,8000,618,565,0,600,1853,3111,3077,1253,247.1788843,14.9608738,1,2,3,150,1,1,51,5,2,2.0
10,3,90,277994,279518,279518,280520,280520,281124,281157,287157,287157,287790,287823,287856,290935,1524,1002,604,6000,633,564,0,600,1873,3112,3079,1273,260.1223614,12.94347711,1,7,7,180,1,1,51,14,7,2.0
10,3,91,290937,292460,292460,293468,293468,294071,294104,301604,301604,302212,302244,302278,305376,1523,1008,603,7500,608,490,0,600,1968,3132,3098,1368,274.563516,14.4411546,1,40,-20,210,-1,-1,49,20,40,1.0
10,3,92,305379,306901,306901,307908,307908,308511,308543,315043,315043,315643,315676,315710,318839,1522,1007,603,6500,600,457,0,600,2011,3163,3129,1411,288.026769,13.46325296,1,4,3,190,1,1,51,7,4,2.0
10,3,93,318842,320366,320366,321376,321376,321983,322016,330516,330516,331147,331180,331213,334303,1524,1010,607,8500,631,903,0,600,1525,3123,3090,925,303.4906165,15.46384753,0,20,8,210,1,-1,49,28,20,1.0
10,3,94,334306,335831,335831,336837,336837,337441,337473,344473,344473,345076,345108,345142,348252,1525,1006,604,7000,603,786,0,600,1676,3144,3110,1076,317.4396831,13.94906657,1,20,-13,150,-1,-1,49,7,20,1.0
10,3,95,348255,349780,349780,350784,350784,351391,351425,360425,360425,361025,361059,361092,364203,1525,1004,607,9000,600,566,0,600,1898,3144,3111,1298,333.3906991,15.951016,1,7,13,210,1,1,51,20,7,2.0
10,3,96,364206,365731,365731,366736,366736,367340,367373,374873,374873,375474,375507,375540,378657,1525,1005,604,7500,601,774,0,600,1691,3150,3117,1091,347.8448877,14.45418863,1,5,2,180,1,1,51,7,5,2.0
10,3,97,378660,380182,380182,381188,381188,381796,381829,388329,388329,388930,388963,388997,392113,1522,1006,608,6500,601,733,0,600,1730,3150,3116,1130,361.2999313,13.45504356,1,20,8,190,1,1,51,28,20,2.0
10,3,98,392116,393642,393642,394649,394649,395256,395289,403289,403289,403890,403922,403955,407059,1526,1007,607,8000,601,749,0,600,1710,3137,3104,1110,376.245912,14.94598073,0,15,-1,180,-1,1,51,14,15,2.0
10,3,99,407061,408583,408583,409588,409588,410194,410226,418726,418726,419358,419391,419425,422521,1522,1005,606,8500,632,644,0,600,1791,3130,3096,1191,391.7088151,15.46290309,1,40,-26,190,-1,-1,49,14,40,1.0
10,3,100,422524,424052,424052,425060,425060,425668,425701,431701,431701,432303,432336,432369,435477,1528,1008,608,6000,602,465,0,600,1989,3141,3108,1389,404.6646226,12.95580748,1,40,-20,200,-1,-1,49,20,40,1.0
10,3,101,435480,437003,437003,438010,438010,438612,438644,447644,447644,448247,448280,448314,451414,1523,1007,602,9000,603,424,0,600,2041,3134,3100,1441,420.6014154,15.93679284,1,40,-26,170,-1,-1,49,14,40,1.0
10,3,102,451417,452940,452940,453950,453950,454555,454588,461588,461588,462189,462222,462256,465350,1523,1010,605,7000,601,709,0,600,1752,3128,3094,1152,434.5375107,13.93609521,1,28,-14,210,-1,-1,49,14,28,1.0
10,3,103,465353,466880,466880,467888,467888,468520,468552,476052,476052,476684,476716,476749,479808,1527,1008,632,7500,632,1258,0,600,1143,3092,3059,543,448.9957516,14.45824089,1,7,-2,180,-1,-1,49,5,7,1.0
10,3,104,479811,481332,481332,482338,482338,482940,482972,491472,491472,492104,492137,492170,495249,1521,1006,602,8500,632,860,0,600,1579,3112,3079,979,464.4363417,15.44059017,1,6,-1,190,-1,-1,49,5,6,1.0
10,3,105,495252,496774,496774,497778,497778,498381,498414,506414,506414,507034,507066,507100,510202,1522,1004,603,8000,620,654,0,600,1797,3136,3102,1197,479.3897164,14.95337468,1,3,2,210,1,1,51,5,3,2.0
10,3,106,510205,511728,511728,512735,512735,513342,513376,519376,519376,519982,520014,520047,523160,1523,1007,607,6000,606,504,0,600,1953,3146,3113,1353,492.3479799,12.9582635,1,57,-37,150,-1,-1,49,20,57,1.0
10,3,107,523164,524688,524688,525693,525693,526298,526331,532831,532831,533435,533468,533502,536627,1524,1005,605,6500,604,775,0,600,1687,3159,3125,1087,505.8143726,13.46639274,1,28,-18,150,-1,-1,49,10,28,1.0
10,3,108,536630,538158,538158,539166,539166,539766,539799,548799,548799,549417,549450,549484,552591,1528,1008,600,9000,618,436,0,600,2010,3141,3107,1410,521.7778492,15.96347657,1,2,3,210,1,1,51,5,2,2.0
10,4,109,44953,46480,46480,47497,47497,48110,48143,56143,56143,56751,56784,56819,59914,1527,1017,613,8000,608,672,0,600,1763,3130,3095,1163,14.97304777,14.97304777,1,40,-26,180,-1,-1,49,14,40,1.0
10,4,110,59919,61444,61444,62452,62452,63058,63090,69090,69090,69692,69724,69758,72873,1525,1008,606,6000,602,731,0,600,1728,3149,3115,1128,27.92982501,12.95677723,1,7,3,160,1,1,51,10,7,2.0
10,4,111,72876,74400,74400,75407,75407,76014,76047,83047,83047,83661,83694,83728,86808,1524,1007,607,7000,614,530,0,600,1918,3114,3080,1318,41.86504299,13.93521798,1,2,5,170,1,1,51,7,2,2.0
10,4,112,86811,88334,88334,89341,89341,89947,89979,98479,98479,99110,99143,99176,102244,1523,1007,606,8500,631,652,0,600,1781,3101,3068,1181,57.30126417,15.43622118,1,7,3,190,1,1,51,10,7,2.0
10,4,113,102247,103771,103771,104777,104777,105383,105416,112916,112916,113516,113548,113581,116681,1524,1006,606,7500,600,522,0,600,1942,3133,3100,1342,71.73822878,14.43696461,1,7,13,170,1,1,51,20,7,2.0
10,4,114,116684,118209,118209,119212,119212,119819,119853,126353,126353,126987,127019,127053,130145,1525,1003,607,6500,634,1164,0,600,1267,3126,3092,667,85.20291286,13.46468408,1,27,1,180,1,1,51,28,27,2.0
10,4,115,130149,131673,131673,132679,132679,133285,133318,142318,142318,142949,142982,143016,146087,1524,1006,606,9000,631,1209,0,600,1224,3105,3071,624,101.1442049,15.94129201,1,9,1,150,1,1,51,10,9,2.0
10,4,116,146090,147612,147612,148614,148614,149219,149251,157751,157751,158353,158386,158420,161544,1522,1002,605,8500,602,388,0,600,2081,3158,3124,1481,116.6012886,15.45708371,1,7,13,190,1,1,51,20,7,2.0
10,4,117,161547,163071,163071,164077,164077,164682,164714,173714,173714,174314,174348,174381,177478,1524,1006,605,9000,600,520,0,600,1945,3130,3097,1345,132.5349694,15.93368079,1,28,-14,170,-1,-1,49,14,28,1.0
10,4,118,177481,179004,179004,180011,180011,180619,180652,187652,187652,188283,188316,188350,191444,1523,1007,608,7000,631,613,0,600,1818,3128,3094,1218,146.5010125,13.96604317,1,10,10,160,1,1,51,20,10,2.0
10,4,119,191447,192971,192971,193976,193976,194577,194610,202110,202110,202712,202744,202778,205889,1524,1005,601,7500,602,563,0,600,1905,3145,3111,1305,160.9458861,14.44487357,1,10,-5,150,-1,-1,49,5,10,1.0
10,4,120,205892,207416,207416,208423,208423,209027,209061,215561,215561,216162,216194,216228,219347,1524,1007,604,6500,601,540,0,600,1924,3153,3119,1324,174.4039043,13.4580182,0,19,1,180,1,-1,49,20,19,1.0
10,4,121,219350,220879,220879,221885,221885,222488,222520,230520,230520,231120,231152,231186,234299,1529,1006,603,8000,600,571,0,600,1891,3147,3113,1291,189.3560398,14.95213552,1,5,5,190,1,1,51,10,5,2.0
10,4,122,234302,235831,235831,236837,236837,237442,237474,243474,243474,244106,244139,244172,247244,1529,1006,605,6000,632,657,0,600,1771,3105,3072,1171,202.3009408,12.94490099,1,14,14,210,1,1,51,28,14,2.0
10,4,123,247247,248771,248771,249777,249777,250384,250417,258418,258418,259021,259053,259087,262188,1524,1006,607,8001,603,1077,0,600,1382,3135,3101,782,217.2442413,14.94330052,0,6,1,150,1,-1,49,7,6,1.0
10,4,124,262191,263712,263712,264718,264718,265323,265355,272855,272855,273455,273487,273520,276644,1521,1006,605,7500,600,543,0,600,1925,3157,3124,1325,231.7008179,14.45657653,1,10,-3,190,-1,-1,49,7,10,1.0
10,4,125,276647,278169,278169,279177,279177,279780,279813,288813,288813,289432,289465,289499,292609,1522,1008,603,9000,619,372,0,600,2076,3144,3110,1476,247.6651014,15.96428358,1,57,-37,170,-1,-1,49,20,57,1.0
10,4,126,292612,294134,294134,295136,295136,295740,295772,302272,302272,302875,302908,302941,306069,1522,1002,604,6500,603,842,0,600,1627,3161,3128,1027,261.1256902,13.46058872,1,14,-7,170,-1,-1,49,7,14,1.0
10,4,127,306072,307596,307596,308601,308601,309205,309238,317738,317738,318338,318371,318404,321522,1524,1005,604,8500,600,864,0,600,1603,3151,3118,1003,276.5787891,15.45309894,1,9,1,210,1,1,51,10,9,2.0
10,4,128,321525,323051,323051,324054,324054,324658,324690,331690,331690,332292,332326,332359,335477,1526,1003,604,7000,602,604,0,600,1861,3151,3118,1261,290.5340792,13.95529007,1,28,-14,170,-1,-1,49,14,28,1.0
10,4,129,335480,337002,337002,338009,338009,338615,338647,344647,344647,345248,345281,345315,348424,1522,1007,606,6000,601,303,0,600,2161,3143,3109,1561,303.4807512,12.94667203,1,20,8,200,1,1,51,28,20,2.0
10,4,130,348427,349956,349956,350966,350966,351569,351601,359101,359101,359718,359750,359784,362857,1529,1010,603,7500,617,595,0,600,1846,3107,3073,1246,317.9136066,14.43285539,1,2,3,200,1,1,51,5,2,2.0
10,4,131,362860,364389,364389,365393,365393,365999,366033,375033,375033,375651,375683,375717,378801,1529,1004,606,9000,618,601,0,600,1842,3118,3084,1242,333.8574369,15.94383029,1,56,-28,210,-1,-1,49,28,56,1.0
10,4,132,378804,380326,380326,381335,381335,381936,381968,387968,387968,388569,388602,388635,391762,1522,1009,601,6000,601,1002,0,600,1465,3160,3127,865,346.8179548,12.9605179,1,14,-9,180,-1,-1,49,5,14,1.0
10,4,133,391765,393283,393283,394289,394289,394908,394940,401940,401940,402569,402603,402637,405703,1518,1006,619,7000,629,618,0,600,1810,3100,3066,1210,360.7595364,13.94158161,1,4,1,180,1,1,51,5,4,2.0
10,4,134,405706,407228,407228,408231,408231,408837,408869,417369,417369,418002,418035,418070,421169,1522,1003,606,8500,633,454,0,600,1982,3134,3099,1382,376.2254753,15.4659389,1,7,7,180,1,1,51,14,7,2.0
10,4,135,421172,422699,422699,423703,423703,424311,424344,432344,432344,432945,432979,433012,436124,1527,1004,608,8000,601,822,0,600,1638,3145,3112,1038,391.1805897,14.95511438,0,19,1,180,1,-1,49,20,19,1.0
10,4,136,436127,437652,437652,438660,438660,439266,439300,445800,445800,446431,446464,446498,449579,1525,1008,606,6500,631,989,0,600,1441,3115,3081,841,404.6354548,13.45486516,1,9,1,180,1,1,51,10,9,2.0
10,4,137,449582,451106,451106,452110,452110,452718,452752,460752,460752,461353,461387,461420,464541,1524,1004,608,8000,601,579,0,600,1884,3154,3121,1284,419.5973436,14.96188875,0,20,8,170,1,-1,49,28,20,1.0
10,4,138,464544,466070,466070,467078,467078,467685,467718,473718,473718,474320,474354,474388,477478,1526,1008,607,6000,602,1090,0,600,1367,3124,3090,767,432.5338863,12.93654272,1,10,18,190,1,1,51,28,10,2.0
10,4,139,477480,479008,479008,480014,480014,480632,480664,489164,489164,489796,489828,489861,492922,1528,1006,618,8500,632,903,0,600,1513,3094,3061,913,447.9779821,15.44409578,1,10,4,170,1,1,51,14,10,2.0
10,4,140,492925,494448,494448,495457,495457,496064,496097,502597,502597,503229,503261,503294,506360,1523,1009,607,6500,632,653,0,600,1776,3099,3066,1176,461.4159357,13.43795365,1,20,-6,170,-1,-1,49,14,20,1.0
10,4,141,506363,507887,507887,508891,508891,509497,509529,517029,517029,517659,517692,517725,520799,1524,1004,606,7500,630,463,0,600,1973,3107,3074,1373,475.855372,14.43943629,1,4,3,190,1,1,51,7,4,2.0
10,4,142,520802,522325,522325,523332,523332,523936,523967,530967,530967,531584,531616,531649,534738,1523,1007,604,7000,617,777,0,600,1672,3122,3089,1072,489.7938075,13.93843551,1,3,2,200,1,1,51,5,3,2.0
10,4,143,534741,536269,536269,537276,537276,537879,537912,546912,546912,547530,547563,547596,550701,1528,1007,603,9000,618,1208,0,600,1236,3138,3105,636,505.7572714,15.96346391,1,3,2,200,1,1,51,5,3,2.0
10,4,144,550704,552229,552229,553233,553233,553838,553871,561371,561371,561984,562017,562050,565162,1525,1004,605,7500,613,922,0,600,1531,3145,3112,931,520.2183951,14.46112362,1,5,2,180,1,1,51,7,5,2.0
10,5,145,52589,54117,54117,55133,55133,55742,55775,62275,62275,62876,62908,62943,66050,1528,1016,609,6500,601,717,0,600,1729,3142,3107,1129,13.47276119,13.47276119,1,14,-7,170,-1,-1,49,7,14,1.0
10,5,146,66055,67578,67578,68580,68580,69186,69219,77219,77219,77842,77874,77908,80988,1523,1002,606,8000,623,891,0,600,1555,3114,3080,955,28.40929427,14.93653308,0,15,-1,170,-1,1,51,14,15,2.0
10,5,147,80991,82516,82516,83522,83522,84128,84160,91160,91160,91791,91823,91857,94941,1525,1006,606,7000,631,733,0,600,1699,3118,3084,1099,42.36243118,13.95313691,1,40,-26,190,-1,-1,49,14,40,1.0
10,5,148,94944,96468,96468,97477,97477,98108,98140,106640,106640,107267,107300,107333,110379,1524,1009,631,8500,627,700,0,600,1709,3079,3046,1109,57.80003435,15.43760318,1,7,-2,180,-1,-1,49,5,7,1.0
10,5,149,110382,111904,111904,112910,112910,113516,113549,121049,121049,121664,121696,121730,124841,1522,1006,606,7500,615,469,0,600,1982,3145,3111,1382,72.26224615,14.4622118,1,4,6,180,1,1,51,10,4,2.0
10,5,150,124844,126369,126369,127374,127374,127982,128014,137014,137014,137636,137669,137703,140804,1525,1005,608,9000,622,653,0,600,1787,3135,3101,1187,88.22462369,15.96237754,1,5,9,190,1,1,51,14,5,2.0
10,5,151,140806,142329,142329,143337,143337,143940,143972,149972,149972,150588,150620,150653,153747,1523,1008,603,6000,616,611,0,600,1839,3127,3094,1239,101.1680966,12.94347289,1,57,-37,160,-1,-1,49,20,57,1.0
10,5,152,153750,155276,155276,156284,156284,156890,156923,162923,162923,163523,163555,163588,166695,1526,1008,606,6000,600,1114,0,600,1346,3140,3107,746,114.1152074,12.9471108,0,15,-1,190,-1,1,51,14,15,2.0
10,5,153,166697,168219,168219,169223,169223,169857,169889,178389,178389,179007,179039,179072,182154,1522,1004,634,8500,618,861,0,600,1561,3115,3082,961,129.5750756,15.45986819,1,4,1,160,1,1,51,5,4,2.0
10,5,154,182157,183681,183681,184689,184689,185295,185327,194327,194327,194958,194990,195023,198106,1524,1008,606,9000,631,797,0,600,1634,3116,3083,1034,145.5272451,15.95216958,0,21,-1,180,-1,1,51,20,21,2.0
10,5,155,198109,199635,199635,200639,200639,201245,201277,207777,207777,208380,208413,208447,211568,1526,1004,606,6500,603,873,0,600,1588,3155,3121,988,158.9892373,13.46199211,1,40,-12,180,-1,-1,49,28,40,1.0
10,5,156,211571,213092,213092,214097,214097,214704,214736,222236,222236,222837,222870,222903,226020,1521,1005,607,7500,601,1509,0,600,957,3150,3117,357,173.4410214,14.45178415,1,21,-1,210,-1,-1,49,20,21,1.0
10,5,157,226023,227550,227550,228556,228556,229185,229217,236217,236217,236839,236872,236905,239976,1527,1006,629,7000,622,787,0,600,1629,3104,3071,1029,187.3973126,13.95629115,1,4,1,170,1,1,51,5,4,2.0
10,5,158,239979,241501,241501,242508,242508,243115,243147,251147,251147,251766,251799,251832,254914,1522,1007,607,8000,619,898,0,600,1547,3115,3082,947,202.3352171,14.93790453,1,4,6,180,1,1,51,10,4,2.0
10,5,159,254917,256435,256435,257440,257440,258046,258077,265077,265077,265707,265739,265773,268864,1518,1005,606,7000,630,479,0,600,1962,3125,3091,1362,216.2845145,13.9492974,1,4,6,160,1,1,51,10,4,2.0
10,5,160,268867,270389,270389,271397,271397,272027,272059,280559,280559,281191,281223,281256,284297,1522,1008,630,8500,632,534,0,600,1874,3074,3041,1274,231.7174744,15.43295996,1,14,-9,170,-1,-1,49,5,14,1.0
10,5,161,284300,285822,285822,286824,286824,287451,287483,293983,293983,294606,294639,294672,297741,1522,1002,627,6500,623,944,0,600,1482,3102,3069,882,245.1619957,13.44452129,1,4,1,160,1,1,51,5,4,2.0
10,5,162,297744,299266,299266,300269,300269,300874,300906,309906,309906,310510,310542,310576,313693,1522,1003,605,9000,604,667,0,600,1799,3151,3117,1199,261.1137076,15.95171182,1,40,-26,160,-1,-1,49,14,40,1.0
10,5,163,313696,315213,315213,316214,316214,316822,316856,322856,322856,323460,323492,323525,326652,1517,1001,608,6000,604,486,0,600,1984,3160,3127,1384,274.0728537,12.95914615,1,14,14,150,1,1,51,28,14,2.0
10,5,164,326655,328179,328179,329186,329186,329791,329823,337323,337323,337949,337981,338015,341109,1524,1007,605,7500,626,713,0,600,1725,3128,3094,1125,288.530042,14.45718828,1,5,2,210,1,1,51,7,5,2.0
10,5,165,341111,342639,342639,343649,343649,344271,344303,352303,352303,352904,352936,352970,356051,1528,1010,622,8000,601,574,0,600,1865,3115,3081,1265,303.4714762,14.94143425,1,10,-3,200,-1,-1,49,7,10,1.0
10,5,166,356054,357575,357575,358579,358579,359183,359215,367715,367715,368340,368372,368405,371484,1521,1004,604,8500,625,1218,0,600,1228,3112,3079,628,318.9048463,15.4333701,1,8,-1,160,-1,-1,49,7,8,1.0
10,5,167,371487,373014,373014,374019,374019,374625,374657,381157,381157,381788,381820,381854,384922,1527,1005,606,6500,631,555,0,600,1876,3102,3068,1276,332.343082,13.43823571,1,40,-20,150,-1,-1,49,20,40,1.0
10,5,168,384925,386450,386450,387457,387457,388057,388090,394090,394090,394711,394743,394776,397886,1525,1007,600,6000,621,729,0,600,1718,3143,3110,1118,345.3068358,12.96375381,1,5,2,160,1,1,51,7,5,2.0
10,5,169,397889,399407,399407,400415,400415,401020,401052,409052,409052,409684,409717,409751,412823,1518,1008,605,8000,632,1273,0,600,1164,3106,3072,564,360.243302,14.93646618,0,14,-4,200,-1,1,51,10,14,2.0
10,5,170,412826,414355,414355,415360,415360,415967,415999,423499,423499,424101,424133,424167,427279,1529,1005,607,7500,602,858,0,600,1599,3146,3112,999,374.6995929,14.45629085,1,20,8,160,1,1,51,28,20,2.0
10,5,171,427282,428806,428806,429806,429806,430410,430442,437442,437442,438061,438094,438128,441214,1524,1000,604,7000,619,244,0,600,2209,3120,3086,1609,388.6342678,13.93467495,1,79,-51,180,-1,-1,49,28,79,1.0
10,5,172,441217,442743,442743,443749,443749,444374,444407,453407,453407,454040,454073,454106,457160,1526,1006,625,9000,633,738,0,600,1672,3087,3054,1072,404.5802868,15.946019,1,10,-3,160,-1,-1,49,7,10,1.0
10,5,173,457163,458688,458688,459694,459694,460298,460330,466830,466830,467462,467494,467527,470596,1525,1006,604,6500,632,459,0,600,1974,3102,3069,1374,418.0165656,13.43627874,1,20,-10,150,-1,-1,49,10,20,1.0
10,5,174,470599,472122,472122,473129,473129,473736,473769,482769,482769,483370,483402,483435,486544,1523,1007,607,9000,601,412,0,600,2050,3142,3109,1450,433.9647208,15.94815528,1,40,-20,170,-1,-1,49,20,40,1.0
10,5,175,486547,488069,488069,489079,489079,489686,489719,496719,496719,497320,497352,497385,500488,1522,1010,607,7000,601,692,0,600,1768,3136,3103,1168,447.9088962,13.94417534,1,29,-1,170,-1,-1,49,28,29,1.0
10,5,176,500491,502013,502013,503019,503019,503623,503656,511156,511156,511787,511820,511854,514948,1522,1006,604,7500,631,361,0,600,2076,3128,3094,1476,462.3696567,14.46076049,1,14,14,200,1,1,51,28,14,2.0
10,5,177,514952,516475,516475,517484,517484,518086,518118,526118,526118,526739,526771,526804,529886,1523,1009,602,8000,621,572,0,600,1873,3115,3082,1273,477.3059466,14.93628989,1,5,9,190,1,1,51,14,5,2.0
10,5,178,529889,531407,531407,532413,532413,533013,533045,539045,539045,539664,539696,539730,542840,1518,1006,600,6000,619,824,0,600,1633,3144,3110,1033,490.2604176,12.95447099,1,4,1,190,1,1,51,5,4,2.0
10,5,179,542843,544363,544363,545367,545367,546000,546033,554533,554533,555133,555165,555199,558299,1520,1004,633,8500,600,683,0,600,1760,3134,3100,1160,505.7188426,15.45842502,1,11,-1,150,-1,-1,49,10,11,1.0
10,5,180,558302,559831,559831,560837,560837,561443,561475,568475,568475,569079,569111,569144,572262,1529,1006,606,7000,604,609,0,600,1846,3151,3118,1246,519.6823966,13.96355401,1,28,-8,170,-1,-1,49,20,28,1.0
10,6,181,38691,40217,40217,41236,41236,41840,41872,49872,49872,50474,50506,50542,53645,1526,1019,604,8000,602,940,0,600,1509,3139,3103,909,14.9660275,14.9660275,1,20,-10,210,-1,-1,49,10,20,1.0
10,6,182,53650,55170,55170,56176,56176,56781,56814,65315,65315,65948,65981,66014,69099,1520,1006,605,8501,633,602,0,600,1833,3118,3085,1233,30.4180012,15.4519737,1,14,-4,210,-1,-1,49,10,14,1.0
10,6,183,69102,70624,70624,71630,71630,72235,72268,79268,79268,79899,79932,79965,83055,1522,1006,605,7000,631,544,0,600,1892,3123,3090,1292,44.37466452,13.95666332,1,14,14,180,1,1,51,28,14,2.0
10,6,184,83058,84582,84582,85588,85588,86194,86226,93726,93726,94326,94359,94392,97510,1524,1006,606,7500,600,770,0,600,1694,3151,3118,1094,58.82904662,14.45438209,1,10,10,190,1,1,51,20,10,2.0
10,6,185,97513,99035,99035,100039,100039,100643,100676,106676,106676,107279,107311,107345,110475,1522,1004,604,6000,603,585,0,600,1882,3164,3130,1282,71.7939543,12.96490768,1,14,-7,170,-1,-1,49,7,14,1.0
10,6,186,110478,112003,112003,113009,113009,113613,113646,122646,122646,123260,123293,123326,126412,1525,1006,604,9000,614,738,0,600,1713,3119,3086,1113,87.73070465,15.93675035,1,4,6,160,1,1,51,10,4,2.0
10,6,187,126415,127936,127936,128941,128941,129547,129580,136080,136080,136682,136714,136749,139875,1521,1005,606,6500,602,747,0,600,1719,3161,3126,1119,101.1942761,13.46357149,1,11,-1,200,-1,-1,49,10,11,1.0
10,6,188,139878,141401,141401,142405,142405,143012,143044,150044,150044,150646,150678,150712,153832,1523,1004,607,7000,602,545,0,600,1919,3154,3120,1319,115.1506239,13.95634781,1,40,-26,200,-1,-1,49,14,40,1.0
10,6,189,153834,155360,155360,156367,156367,156971,157004,163004,163004,163606,163639,163673,166780,1526,1007,604,6000,602,593,0,600,1868,3141,3107,1268,128.0992002,12.94857627,1,10,10,150,1,1,51,20,10,2.0
10,6,190,166783,168310,168310,169316,169316,169919,169952,176452,176452,177053,177087,177120,180227,1527,1006,603,6500,601,885,0,600,1578,3140,3107,978,141.5464114,13.44721115,1,29,-1,150,-1,-1,49,28,29,1.0
10,6,191,180230,181751,181751,182760,182760,183365,183398,190898,190898,191514,191547,191581,194683,1521,1009,605,7500,616,400,0,600,2049,3136,3102,1449,156.0017343,14.45532291,1,57,-37,190,-1,-1,49,20,57,1.0
10,6,192,194686,196206,196206,197211,197211,197816,197849,206349,206349,206952,206984,207017,210122,1520,1005,605,8500,603,883,0,600,1584,3138,3105,984,171.4411829,15.43944865,0,21,-1,150,-1,1,51,20,21,2.0
10,6,193,210125,211651,211651,212653,212653,213259,213291,221291,221291,221923,221955,221989,225085,1526,1002,606,8000,632,938,0,600,1496,3130,3096,896,186.4042246,14.96304172,0,15,-1,210,-1,1,51,14,15,2.0
10,6,194,225088,226611,226611,227615,227615,228221,228254,237254,237254,237885,237918,237952,241027,1523,1004,606,9000,631,1208,0,600,1228,3109,3075,628,202.3461194,15.94189471,1,11,-1,160,-1,-1,49,10,11,1.0
10,6,195,241030,242554,242554,243559,243559,244161,244194,250194,250194,250820,250852,250885,253980,1524,1005,602,6000,626,1005,0,600,1438,3128,3095,838,215.2993189,12.95319959,1,4,3,180,1,1,51,7,4,2.0
10,6,196,253983,255508,255508,256512,256512,257118,257151,264651,264651,265283,265315,265349,268442,1525,1004,606,7500,632,1198,0,600,1235,3127,3093,635,229.7603956,14.46107661,1,11,-1,150,-1,-1,49,10,11,1.0
10,6,197,268444,269967,269967,270972,270972,271572,271604,280104,280104,280706,280739,280772,283896,1523,1005,600,8500,602,714,0,600,1756,3157,3124,1156,245.2145152,15.45411962,1,21,-1,210,-1,-1,49,20,21,1.0
10,6,198,283898,285424,285424,286427,286427,287033,287065,296065,296065,296665,296699,296733,299855,1526,1003,606,9000,600,1000,0,600,1465,3156,3122,865,261.1742664,15.95975126,0,28,-14,180,-1,1,51,14,28,2.0
10,6,199,299858,301384,301384,302389,302389,302992,303025,309525,309525,310158,310190,310223,313307,1526,1005,603,6500,633,698,0,600,1735,3117,3084,1135,274.6258866,13.45162021,1,5,2,180,1,1,51,7,5,2.0
10,6,200,313310,314831,314831,315835,315835,316440,316472,323472,323472,324073,324107,324140,327245,1521,1004,605,7000,601,1467,0,600,1002,3138,3105,402,288.5638704,13.93798378,0,10,18,160,1,-1,49,28,10,1.0
10,6,201,327247,328768,328768,329774,329774,330395,330428,338428,338428,339048,339080,339114,342192,1521,1006,621,8000,620,794,0,600,1638,3112,3078,1038,303.5104599,14.94658946,1,2,3,150,1,1,51,5,2,2.0
10,6,202,342195,343716,343716,344722,344722,345322,345354,351854,351854,352469,352501,352534,355643,1521,1006,600,6500,615,597,0,600,1861,3142,3109,1261,316.9620545,13.4515946,1,2,3,190,1,1,51,5,2,2.0
10,6,203,355646,357164,357164,358172,358172,358777,358810,367310,367310,367943,367976,368010,371105,1518,1008,605,8500,633,747,0,600,1689,3129,3095,1089,332.423722,15.46166756,1,29,-1,200,-1,-1,49,28,29,1.0
10,6,204,371107,372631,372631,373639,373639,374261,374293,381293,381293,381894,381927,381961,385061,1524,1008,622,7000,601,1007,0,600,1438,3134,3100,838,346.3800313,13.95630923,1,20,-6,190,-1,-1,49,14,20,1.0
10,6,205,385064,386585,386585,387592,387592,388221,388253,396253,396253,396869,396901,396935,400015,1521,1007,629,8000,616,1539,0,600,888,3114,3080,288,361.3331751,14.95314384,1,2,3,190,1,1,51,5,2,2.0
10,6,206,400018,401543,401543,402549,402549,403155,403187,412187,412187,412818,412850,412884,415969,1525,1006,606,9000,631,474,0,600,1958,3119,3085,1358,377.2872236,15.9540485,1,40,-26,200,-1,-1,49,14,40,1.0
10,6,207,415972,417493,417493,418497,418497,419103,419135,425135,425135,425766,425799,425832,428908,1521,1004,606,6000,631,598,0,600,1840,3109,3076,1240,390.2266174,12.9393938,1,10,18,200,1,1,51,28,10,2.0
10,6,208,428911,430432,430432,431435,431435,432039,432071,439571,439571,440186,440218,440251,443371,1521,1003,604,7500,615,511,0,600,1946,3153,3120,1346,404.6894096,14.4627922,1,2,5,180,1,1,51,7,2,2.0
10,6,209,443374,444901,444901,445904,445904,446532,446564,455564,455564,456168,456201,456234,459323,1527,1003,628,9000,604,698,0,600,1740,3122,3089,1140,420.6411823,15.9517727,1,40,-20,170,-1,-1,49,20,40,1.0
10,6,210,459325,460847,460847,461851,461851,462471,462503,470503,470503,471133,471165,471198,474281,1522,1004,620,8000,630,700,0,600,1724,3116,3083,1124,435.5999307,14.95874837,1,4,3,180,1,1,51,7,4,2.0
10,6,211,474284,475806,475806,476812,476812,477416,477449,484949,484949,485580,485612,485645,488746,1522,1006,604,7500,631,2080,0,600,357,3134,3101,-243,450.064104,14.46417329,1,7,7,180,1,1,51,14,7,2.0
10,6,212,488749,490274,490274,491281,491281,491888,491921,498921,498921,499521,499553,499586,502703,1525,1007,607,7000,600,411,0,600,2050,3150,3117,1450,464.0218817,13.95777772,1,40,-12,180,-1,-1,49,28,40,1.0
10,6,213,502706,504228,504228,505231,505231,505832,505865,512365,512365,512991,513024,513058,516148,1522,1003,601,6500,626,705,0,600,1743,3124,3090,1143,477.4659347,13.44405299,1,4,1,160,1,1,51,5,4,2.0
10,6,214,516150,517674,517674,518682,518682,519282,519315,527815,527815,528415,528448,528481,531585,1524,1008,600,8500,600,689,0,600,1779,3137,3104,1179,492.9035861,15.43765139,1,14,-9,180,-1,-1,49,5,14,1.0
10,6,215,531588,533107,533107,534109,534109,534714,534746,540746,540746,541358,541391,541424,544523,1519,1002,605,6000,612,1269,0,600,1193,3132,3099,593,505.8408849,12.93729881,0,2,5,150,1,-1,49,7,2,1.0
10,6,216,544526,546052,546052,547058,547058,547660,547693,554693,554693,555293,555326,555359,558472,1526,1006,602,7000,600,1287,0,600,1179,3146,3113,579,519.7904143,13.94952944,1,7,-2,210,-1,-1,49,5,7,1.0
11,1,1,105786,107314,107314,108344,108344,108970,109002,115502,115502,116107,116141,116176,119255,1528,1030,626,6500,605,353,0,600,2058,3114,3079,1458,13.50646608,13.50646608,0,19,1,160,1,-1,49,20,19,1.0
11,1,2,119307,120830,120830,121846,121846,122450,122482,129482,129482,130084,130116,130151,133260,1523,1016,604,7000,602,369,0,600,2086,3144,3109,1486,27.46152835,13.95506227,0,28,-18,170,-1,1,51,10,28,2.0
11,1,3,133263,134788,134788,135793,135793,136400,136432,144932,144932,145534,145567,145601,148715,1525,1005,607,8500,602,862,0,600,1599,3148,3114,999,42.91596653,15.45443817,1,27,1,180,1,1,51,28,27,2.0
11,1,4,148718,150242,150242,151250,151250,151855,151888,159388,159388,159997,160030,160064,163156,1524,1008,605,7500,609,643,0,600,1811,3126,3092,1211,57.35734386,14.44137733,1,40,-12,180,-1,-1,49,28,40,1.0
11,1,5,163159,164686,164686,165693,165693,166324,166356,175356,175356,175989,176021,176054,179101,1527,1007,631,9000,633,1054,0,600,1348,3080,3047,748,73.30253478,15.94519092,1,10,-3,180,-1,-1,49,7,10,1.0
11,1,6,179104,180627,180627,181636,181636,182241,182273,190273,190273,190890,190923,190956,194063,1523,1009,605,8000,617,368,0,600,2078,3140,3107,1478,88.26405229,14.96151751,1,56,-28,150,-1,-1,49,28,56,1.0
11,1,7,194066,195588,195588,196592,196592,197193,197225,203225,203225,203856,203888,203922,207001,1522,1004,601,6000,631,953,0,600,1489,3113,3079,889,101.2023055,12.93825323,1,9,1,180,1,1,51,10,9,2.0
11,1,8,207004,208529,208529,209537,209537,210144,210176,216676,216676,217279,217311,217344,220435,1525,1008,607,6500,603,221,0,600,2236,3124,3091,1636,114.6363796,13.43407409,1,28,-14,210,-1,-1,49,14,28,1.0
11,1,9,220438,221959,221959,222965,222965,223566,223598,230598,230598,231198,231230,231263,234383,1521,1006,601,7000,600,514,0,600,1958,3153,3120,1358,128.5839982,13.94761861,1,14,-4,150,-1,-1,49,10,14,1.0
11,1,10,234386,235908,235908,236912,236912,237519,237551,246551,246551,247169,247202,247236,250339,1522,1004,607,9000,618,497,0,600,1952,3137,3103,1352,144.5399778,15.95597958,1,56,-28,200,-1,-1,49,28,56,1.0
11,1,11,250342,251866,251866,252872,252872,253474,253507,261507,261507,262107,262140,262173,265291,1524,1006,602,8000,600,544,0,600,1924,3151,3118,1324,159.4922785,14.95230069,1,14,-7,190,-1,-1,49,7,14,1.0
11,1,12,265294,266816,266816,267821,267821,268425,268458,276958,276958,277577,277609,277642,280729,1522,1005,604,8500,619,378,0,600,2072,3120,3087,1472,174.9296391,15.43736063,1,7,13,190,1,1,51,20,7,2.0
11,1,13,280732,282256,282256,283260,283260,283888,283920,289920,289920,290536,290569,290602,293674,1524,1004,628,6000,616,366,0,600,2062,3105,3072,1462,187.8753538,12.94571467,1,7,13,180,1,1,51,20,7,2.0
11,1,14,293677,295203,295203,296208,296208,296837,296869,304369,304369,304992,305026,305059,308124,1526,1005,629,7500,623,650,0,600,1767,3098,3065,1167,202.3245641,14.44921034,1,5,2,200,1,1,51,7,5,2.0
11,1,15,308127,309643,309643,310650,310650,311280,311313,318313,318313,318940,318974,319007,322083,1516,1007,630,7000,627,659,0,600,1761,3109,3076,1161,216.2843504,13.95978625,1,7,-2,210,-1,-1,49,5,7,1.0
11,1,16,322086,323610,323610,324615,324615,325215,325248,334248,334248,334869,334901,334934,338047,1524,1005,600,9000,621,376,0,600,2074,3146,3113,1474,232.2483802,15.96402987,1,3,2,180,1,1,51,5,3,2.0
11,1,17,338050,339574,339574,340580,340580,341183,341217,349217,349217,349843,349875,349908,352990,1524,1006,603,8000,626,274,0,600,2167,3115,3082,1567,247.1909428,14.94256254,1,7,7,200,1,1,51,14,7,2.0
11,1,18,352993,354515,354515,355522,355522,356150,356183,364683,364683,365300,365333,365366,368452,1522,1007,628,8500,617,315,0,600,2111,3119,3086,1511,262.6526911,15.46174834,1,2,3,190,1,1,51,5,2,2.0
11,1,19,368455,369978,369978,370984,370984,371591,371624,379124,379124,379728,379761,379794,382888,1523,1006,607,7500,604,489,0,600,1971,3127,3094,1371,277.0886658,14.43597471,1,40,-20,150,-1,-1,49,20,40,1.0
11,1,20,382891,384416,384416,385420,385420,386024,386056,392556,392556,393156,393189,393222,396328,1525,1004,604,6500,600,464,0,600,2003,3139,3106,1403,290.5293986,13.44073274,1,20,8,180,1,1,51,28,20,2.0
11,1,21,396331,397855,397855,398863,398863,399463,399496,405496,405496,406111,406143,406176,409263,1524,1008,600,6000,615,354,0,600,2099,3120,3087,1499,303.4639991,12.93460055,1,2,5,190,1,1,51,7,2,2.0
11,1,22,409266,410785,410785,411791,411791,412392,412424,420924,420924,421551,421583,421616,424720,1519,1006,601,8500,627,760,0,600,1687,3137,3104,1087,318.9206745,15.4566754,1,13,1,210,1,1,51,14,13,2.0
11,1,23,424723,426244,426244,427251,427251,427859,427891,436891,436891,437523,437556,437589,440654,1521,1007,608,9000,632,456,0,600,1976,3098,3065,1376,334.8549816,15.93430704,1,20,-10,190,-1,-1,49,10,20,1.0
11,1,24,440657,442187,442187,443195,443195,443801,443834,449834,449834,450434,450466,450500,453601,1530,1008,606,6000,600,460,0,600,1996,3135,3101,1396,347.8015156,12.94653404,0,19,1,160,1,-1,49,20,19,1.0
11,1,25,453604,455124,455124,456128,456128,456735,456768,463268,463268,463893,463925,463958,467035,1520,1004,607,6500,625,275,0,600,2169,3110,3077,1569,361.2359447,13.43442908,1,5,9,200,1,1,51,14,5,2.0
11,1,26,467038,468560,468560,469567,469567,470193,470225,477725,477725,478337,478370,478403,481468,1522,1007,626,7500,612,434,0,600,1999,3098,3065,1399,375.6683089,14.43236423,1,4,3,170,1,1,51,7,4,2.0
11,1,27,481471,482993,482993,484000,484000,484607,484639,492639,492639,493252,493284,493317,496412,1522,1007,607,8000,613,1066,0,600,1385,3128,3095,785,390.6124997,14.94419074,1,7,3,170,1,1,51,10,7,2.0
11,1,28,496414,497934,497934,498938,498938,499546,499580,506580,506580,507181,507214,507247,510363,1520,1004,608,7000,601,348,0,600,2119,3149,3116,1519,404.5634762,13.95097656,1,20,8,200,1,1,51,28,20,2.0
11,1,29,510366,511888,511888,512890,512890,513490,513524,521024,521024,521648,521679,521712,524811,1522,1002,600,7500,624,585,0,600,1867,3132,3099,1267,419.0113682,14.44789193,1,5,2,210,1,1,51,7,5,2.0
11,1,30,524814,526337,526337,527339,527339,527944,527977,534477,534477,535096,535129,535163,538253,1523,1002,605,6500,619,351,0,600,2100,3124,3090,1500,432.4539705,13.44260232,1,5,9,150,1,1,51,14,5,2.0
11,1,31,538256,539782,539782,540786,540786,541390,541422,547422,547422,548053,548085,548118,551211,1526,1004,604,6000,631,486,0,600,1949,3126,3093,1349,445.4114155,12.95744505,1,20,-10,210,-1,-1,49,10,20,1.0
11,1,32,551214,552735,552735,553739,553739,554365,554398,561398,561398,562026,562058,562092,565175,1521,1004,626,7000,628,437,0,600,1984,3117,3083,1384,459.3757458,13.96433031,1,14,-9,180,-1,-1,49,5,14,1.0
11,1,33,565178,566701,566701,567708,567708,568312,568344,577344,577344,577977,578010,578043,581128,1523,1007,604,9000,633,346,0,600,2087,3118,3085,1487,475.3288451,15.95309927,1,10,10,150,1,1,51,20,10,2.0
11,1,34,581131,582654,582654,583658,583658,584284,584317,592317,592317,592942,592974,593007,596086,1523,1004,626,8000,625,632,0,600,1790,3112,3079,1190,490.2870508,14.95820566,1,4,1,170,1,1,51,5,4,2.0
11,1,35,596090,597610,597610,598615,598615,599234,599267,607767,607767,608367,608399,608432,611528,1520,1005,619,8500,600,421,0,600,2035,3129,3096,1435,505.7285083,15.44145749,1,28,-14,180,-1,-1,49,14,28,1.0
11,1,36,611530,613056,613056,614059,614059,614675,614707,621207,621207,621810,621842,621875,624976,1526,1003,616,6500,603,364,0,600,2088,3134,3101,1488,519.1762215,13.44771323,1,14,-9,210,-1,-1,49,5,14,1.0
11,2,37,37352,38882,38882,39899,39899,40506,40538,48538,48538,49139,49171,49206,52311,1530,1017,607,8000,601,426,0,600,2019,3140,3105,1419,14.97028832,14.97028832,1,28,-14,160,-1,-1,49,14,28,1.0
11,2,38,52316,53840,53840,54843,54843,55448,55481,61981,61981,62582,62616,62650,65763,1524,1003,605,6500,601,309,0,600,2158,3147,3113,1558,28.4206239,13.45033558,1,14,6,150,1,1,51,20,14,2.0
11,2,39,65766,67292,67292,68294,68294,68925,68957,77457,77457,78075,78108,78142,81223,1526,1002,631,8500,618,373,0,600,2050,3115,3081,1450,43.88066148,15.46003757,1,4,3,170,1,1,51,7,4,2.0
11,2,40,81226,82752,82752,83757,83757,84382,84414,90414,90414,91042,91074,91107,94156,1526,1005,625,6000,628,1154,0,600,1262,3082,3049,662,56.81381796,12.93315648,0,6,-1,150,-1,1,51,5,6,2.0
11,2,41,94159,95682,95682,96690,96690,97313,97346,104346,104346,104964,104996,105029,108093,1523,1008,623,7000,618,421,0,600,2007,3097,3064,1407,70.75087271,13.93705475,1,3,2,200,1,1,51,5,3,2.0
11,2,42,108096,109621,109621,110626,110626,111232,111264,120264,120264,120882,120914,120947,124049,1525,1005,606,9000,618,397,0,600,2049,3135,3102,1449,86.70601062,15.95513791,1,56,-28,200,-1,-1,49,28,56,1.0
11,2,43,124052,125578,125578,126588,126588,127193,127227,134727,134727,135329,135362,135395,138487,1526,1010,605,7500,602,484,0,600,1973,3125,3092,1373,101.1446526,14.43864197,0,29,-1,200,-1,1,51,28,29,2.0
11,2,44,138490,140019,140019,141022,141022,141628,141661,150661,150661,151294,151326,151359,154429,1529,1003,606,9000,633,466,0,600,1963,3103,3070,1363,117.0870256,15.94237299,1,56,-28,160,-1,-1,49,28,56,1.0
11,2,45,154432,155957,155957,156963,156963,157567,157600,164100,164100,164702,164736,164769,167871,1525,1006,604,6500,602,1304,0,600,1159,3135,3102,559,130.5281654,13.44113987,0,15,-1,210,-1,1,51,14,15,2.0
11,2,46,167874,169396,169396,170403,170403,171007,171039,178539,178539,179170,179202,179235,182308,1522,1007,604,7500,631,501,0,600,1935,3106,3073,1335,144.9656933,14.43752787,0,15,-1,150,-1,1,51,14,15,2.0
11,2,47,182311,183832,183832,184837,184837,185443,185476,193476,193476,194108,194142,194176,197271,1521,1005,606,8000,632,778,0,600,1658,3129,3095,1058,159.9280191,14.96232573,0,21,-1,150,-1,1,51,20,21,2.0
11,2,48,197274,198799,198799,199808,199808,200439,200472,206472,206472,207072,207105,207139,210238,1525,1009,631,6000,600,1364,0,600,1071,3133,3099,471,172.8957845,12.96776541,1,10,-3,200,-1,-1,49,7,10,1.0
11,2,49,210241,211764,211764,212769,212769,213377,213410,221910,221910,222522,222555,222588,225685,1523,1005,608,8500,612,462,0,600,1990,3130,3097,1390,188.3427913,15.44700686,1,10,4,200,1,1,51,14,10,2.0
11,2,50,225688,227215,227215,228219,228219,228823,228856,235856,235856,236459,236492,236526,239640,1527,1004,604,7000,603,568,0,600,1894,3148,3114,1294,202.2967959,13.95400453,1,20,-10,200,-1,-1,49,10,20,1.0
11,2,51,239643,241165,241165,242169,242169,242774,242807,249807,249807,250424,250457,250491,253589,1522,1004,605,7000,617,454,0,600,1998,3132,3098,1398,216.2464109,13.94961505,1,56,-28,180,-1,-1,49,28,56,1.0
11,2,52,253592,255115,255115,256120,256120,256721,256755,265255,265255,265872,265904,265937,269042,1523,1005,601,8500,617,558,0,600,1896,3138,3105,1296,231.699308,15.45289707,1,4,3,210,1,1,51,7,4,2.0
11,2,53,269045,270565,270565,271569,271569,272175,272208,278708,278708,279328,279361,279394,282500,1520,1004,606,6500,620,395,0,600,2055,3139,3106,1455,245.1573627,13.45805468,1,4,6,170,1,1,51,10,4,2.0
11,2,54,282503,284025,284025,285032,285032,285637,285670,291670,291670,292289,292321,292354,295457,1522,1007,605,6000,619,335,0,600,2112,3136,3103,1512,258.1144792,12.95711658,1,4,6,170,1,1,51,10,4,2.0
11,2,55,295460,296981,296981,297987,297987,298593,298625,306625,306625,307236,307268,307303,310405,1521,1006,606,8000,611,330,0,600,2126,3137,3102,1526,273.0621883,14.94770901,1,57,-37,170,-1,-1,49,20,57,1.0
11,2,56,310408,311930,311930,312936,312936,313559,313592,322592,322592,323224,323256,323290,326370,1522,1006,623,9000,632,438,0,600,1979,3114,3080,1379,289.0275573,15.96536907,1,14,-9,180,-1,-1,49,5,14,1.0
11,2,57,326373,327896,327896,328908,328908,329508,329540,337040,337040,337654,337687,337720,340829,1523,1012,600,7500,614,473,0,600,1978,3142,3109,1378,303.4860101,14.45845277,1,2,5,210,1,1,51,7,2,2.0
11,2,58,340832,342358,342358,343362,343362,343992,344024,351024,351024,351652,351685,351718,354769,1526,1004,630,7000,628,1284,0,600,1128,3084,3051,528,317.4260799,13.94006977,1,6,-1,190,-1,-1,49,5,6,1.0
11,2,59,354771,356295,356295,357300,357300,357905,357937,366937,366937,367570,367602,367635,370727,1524,1005,605,9000,633,322,0,600,2111,3125,3092,1511,333.3843651,15.95828522,1,10,18,170,1,1,51,28,10,2.0
11,2,60,370730,372253,372253,373258,373258,373862,373894,382394,382394,383021,383053,383085,386184,1523,1005,604,8500,627,563,0,600,1878,3131,3099,1278,348.8411387,15.45677364,1,28,-18,150,-1,-1,49,10,28,1.0
11,2,61,386187,387711,387711,388742,388742,389373,389406,395906,395906,396522,396555,396588,399626,1524,1031,631,6500,616,428,0,600,1970,3071,3038,1370,362.2832926,13.44215391,1,2,5,200,1,1,51,7,2,2.0
11,2,62,399629,401154,401154,402160,402160,402787,402820,410320,410320,410948,410980,411014,414065,1525,1006,627,7500,628,798,0,600,1616,3085,3051,1016,376.7219451,14.43865252,1,7,-2,160,-1,-1,49,5,7,1.0
11,2,63,414068,415590,415590,416597,416597,417200,417232,423232,423232,423857,423889,423923,427006,1522,1007,603,6000,625,568,0,600,1875,3117,3083,1275,389.6630618,12.94111666,1,7,3,210,1,1,51,10,7,2.0
11,2,64,427009,428534,428534,429540,429540,430148,430181,438181,438181,438797,438830,438863,441956,1525,1006,608,8000,616,419,0,600,2026,3126,3093,1426,404.6132323,14.95017044,1,57,-37,170,-1,-1,49,20,57,1.0
11,2,65,441959,443482,443482,444486,444486,445117,445150,452650,452650,453270,453302,453336,456419,1523,1004,631,7500,620,476,0,600,1946,3117,3083,1346,419.0764723,14.46324003,1,4,3,160,1,1,51,7,4,2.0
11,2,66,456422,457944,457944,458951,458951,459573,459605,466105,466105,466722,466754,466788,469866,1522,1007,622,6500,617,726,0,600,1706,3112,3078,1106,432.5233318,13.4468595,1,7,-2,180,-1,-1,49,5,7,1.0
11,2,67,469869,471392,471392,472396,472396,473004,473038,479038,479038,479639,479671,479704,482818,1523,1004,608,6000,601,641,0,600,1823,3147,3114,1223,445.4754468,12.95211506,1,40,-12,210,-1,-1,49,28,40,1.0
11,2,68,482821,484346,484346,485352,485352,485955,485988,493988,493988,494589,494621,494655,497780,1525,1006,603,8000,601,1028,0,600,1437,3159,3125,837,460.4361944,14.96074755,1,21,-1,210,-1,-1,49,20,21,1.0
11,2,69,497782,499303,499303,500309,500309,500913,500945,507945,507945,508548,508580,508614,511720,1521,1006,604,7000,603,498,0,600,1968,3140,3106,1368,474.3769775,13.94078307,1,40,-26,160,-1,-1,49,14,40,1.0
11,2,70,511723,513250,513250,514259,514259,514866,514898,523398,523398,524015,524048,524081,527182,1527,1009,607,8500,617,357,0,600,2083,3134,3101,1483,489.8388488,15.46187129,1,4,6,180,1,1,51,10,4,2.0
11,2,71,527185,528708,528708,529713,529713,530318,530350,539350,539350,539973,540005,540039,543134,1523,1005,605,9000,623,359,0,600,2085,3129,3095,1485,505.7912851,15.9524363,1,7,13,210,1,1,51,20,7,2.0
11,2,72,543137,544665,544665,545672,545672,546278,546310,552310,552310,552944,552976,553010,556097,1528,1007,606,6000,634,837,0,600,1588,3121,3087,988,518.7534595,12.96217445,0,20,-6,190,-1,1,51,14,20,2.0
11,3,73,34109,35632,35632,36650,36650,37254,37286,46286,46286,46889,46923,46959,50080,1523,1018,604,9000,603,695,0,600,1757,3157,3121,1157,15.98294746,15.98294746,1,20,-10,210,-1,-1,49,10,20,1.0
11,3,74,50085,51607,51607,52612,52612,53216,53248,60248,60248,60851,60883,60917,64046,1522,1005,604,7000,603,517,0,600,1949,3163,3129,1349,29.94717291,13.96422544,1,56,-28,170,-1,-1,49,28,56,1.0
11,3,75,64049,65577,65577,66584,66584,67212,67244,75744,75744,76344,76378,76411,79481,1528,1007,628,8500,600,849,0,600,1588,3103,3070,988,45.38177497,15.43460206,1,10,-5,210,-1,-1,49,5,10,1.0
11,3,76,79484,81007,81007,82010,82010,82613,82645,89145,89145,89746,89778,89811,92934,1523,1003,603,6500,601,512,0,600,1958,3156,3123,1358,58.83519699,13.45342202,1,14,-9,150,-1,-1,49,5,14,1.0
11,3,77,92937,94460,94460,95461,95461,96068,96100,103600,103600,104221,104253,104287,107391,1523,1001,607,7500,621,529,0,600,1919,3138,3104,1319,73.29152222,14.45632523,1,5,5,180,1,1,51,10,5,2.0
11,3,78,107394,108922,108922,109927,109927,110533,110565,118565,118565,119197,119230,119263,122328,1528,1005,606,8000,632,489,0,600,1940,3098,3065,1340,88.22849139,14.93696917,1,14,6,150,1,1,51,20,14,2.0
11,3,79,122331,123852,123852,124856,124856,125461,125493,131493,131493,132093,132126,132160,135268,1521,1004,605,6000,600,858,0,600,1612,3142,3108,1012,101.1691503,12.94065891,1,14,14,160,1,1,51,28,14,2.0
11,3,80,135270,136794,136794,137800,137800,138401,138434,144934,144934,145567,145599,145633,148705,1524,1006,601,6500,633,789,0,600,1647,3106,3072,1047,114.6053914,13.43624111,1,40,-12,160,-1,-1,49,28,40,1.0
11,3,81,148708,150228,150228,151232,151232,151837,151869,160869,160869,161494,161526,161560,164650,1520,1004,605,9000,625,385,0,600,2061,3124,3090,1461,130.5512772,15.94588584,1,4,3,210,1,1,51,7,4,2.0
11,3,82,164653,166174,166174,167180,167180,167810,167842,175342,175342,175956,175988,176021,179110,1521,1006,630,7500,614,449,0,600,1980,3122,3089,1380,145.0110858,14.45980855,1,3,2,190,1,1,51,5,3,2.0
11,3,83,179113,180636,180636,181642,181642,182246,182280,190780,190780,191380,191413,191447,194548,1523,1006,604,8500,600,623,0,600,1844,3135,3101,1244,160.4492652,15.4381794,1,28,-14,180,-1,-1,49,14,28,1.0
11,3,84,194551,196078,196078,197081,197081,197684,197717,203717,203717,204350,204382,204415,207491,1527,1003,603,6000,633,1470,0,600,964,3109,3076,364,173.3921692,12.94290397,0,11,-1,170,-1,1,51,10,11,2.0
11,3,85,207494,209017,209017,210021,210021,210651,210683,218683,218683,219284,219317,219350,222430,1523,1004,630,8000,601,538,0,600,1904,3113,3080,1304,188.3307662,14.93859707,1,10,-5,210,-1,-1,49,5,10,1.0
11,3,86,222433,223954,223954,224958,224958,225590,225623,232623,232623,233236,233268,233301,236379,1521,1004,632,7000,613,370,0,600,2060,3111,3078,1460,202.2799829,13.94921667,1,2,5,200,1,1,51,7,2,2.0
11,3,87,236382,237906,237906,238910,238910,239514,239547,246547,246547,247148,247181,247214,250334,1524,1004,604,7000,601,351,0,600,2116,3153,3120,1516,216.2349032,13.95492033,1,40,-26,190,-1,-1,49,14,40,1.0
11,3,88,250337,251863,251863,252870,252870,253478,253511,261011,261011,261625,261660,261694,264772,1526,1007,608,7500,614,1278,0,600,1167,3112,3078,567,230.6727466,14.43784339,0,56,-28,210,-1,1,51,28,56,2.0
11,3,89,264775,266299,266299,267306,267306,267910,267943,276943,276943,277573,277606,277639,280727,1524,1007,604,9000,630,418,0,600,2017,3121,3088,1417,246.6277652,15.95501858,1,10,4,170,1,1,51,14,10,2.0
11,3,90,280730,282250,282250,283255,283255,283862,283895,291895,291895,292528,292560,292594,295690,1520,1005,607,8000,633,939,0,600,1496,3130,3096,896,261.5907898,14.96302456,1,14,6,150,1,1,51,20,14,2.0
11,3,91,295693,297214,297214,298221,298221,298826,298858,304858,304858,305476,305508,305542,308656,1521,1007,605,6000,618,732,0,600,1717,3148,3114,1117,274.5560989,12.9653091,0,5,2,180,1,-1,49,7,5,1.0
11,3,92,308658,310185,310185,311195,311195,311800,311832,318332,318332,318934,318967,319000,322112,1527,1010,605,6500,602,1217,0,600,1239,3145,3112,639,288.012237,13.45613809,1,11,-1,180,-1,-1,49,10,11,1.0
11,3,93,322115,323632,323632,324641,324641,325246,325279,333779,333779,334412,334445,334479,337547,1517,1009,605,8500,633,719,0,600,1717,3102,3068,1117,303.4475047,15.43526774,1,21,-1,150,-1,-1,49,20,21,1.0
11,3,94,337550,339074,339074,340076,340076,340706,340738,347738,347738,348370,348402,348435,351483,1524,1002,630,7000,632,1152,0,600,1260,3081,3048,660,317.3831289,13.93562424,1,11,-1,180,-1,-1,49,10,11,1.0
11,3,95,351486,353010,353010,354015,354015,354645,354678,360678,360678,361304,361337,361371,364445,1524,1005,630,6000,626,756,0,600,1659,3108,3074,1059,330.3455011,12.96237214,1,4,1,170,1,1,51,5,4,2.0
11,3,96,364448,365970,365970,366974,366974,367577,367609,376609,376609,377239,377272,377305,380402,1522,1004,603,9000,630,619,0,600,1822,3130,3097,1222,346.3025857,15.95708464,1,8,-1,170,-1,-1,49,7,8,1.0
11,3,97,380405,381927,381927,382930,382930,383539,383571,392071,392071,392691,392723,392756,395856,1522,1003,609,8500,620,298,0,600,2148,3133,3100,1548,361.7566806,15.45409494,1,7,13,180,1,1,51,20,7,2.0
11,3,98,395859,397376,397376,398378,398378,398983,399016,405516,405516,406142,406174,406207,409309,1517,1002,605,6500,626,558,0,600,1892,3135,3102,1292,375.2090042,13.4523236,1,7,3,160,1,1,51,10,7,2.0
11,3,99,409312,410844,410844,411848,411848,412479,412512,420512,420512,421145,421177,421211,424265,1532,1004,631,8000,633,413,0,600,1987,3088,3054,1387,390.1656796,14.9566754,1,20,-13,160,-1,-1,49,7,20,1.0
11,3,100,424268,425790,425790,426793,426793,427399,427431,434931,434931,435547,435579,435612,438698,1522,1003,606,7500,616,480,0,600,1973,3119,3086,1373,404.5981948,14.43251521,1,56,-28,180,-1,-1,49,28,56,1.0
11,3,101,438701,440220,440220,441222,441222,441855,441887,448887,448887,449520,449552,449585,452637,1519,1002,633,7000,633,543,0,600,1870,3085,3052,1270,418.5373331,13.93913829,1,40,-26,200,-1,-1,49,14,40,1.0
11,3,102,452639,454161,454161,455166,455166,455774,455806,463806,463806,464413,464447,464480,467578,1522,1005,608,8000,607,587,0,600,1871,3131,3098,1271,433.4779125,14.94057935,1,40,-12,170,-1,-1,49,28,40,1.0
11,3,103,467581,469106,469106,470111,470111,470713,470746,479746,479746,480346,480378,480412,483526,1525,1005,602,9000,600,1092,0,600,1376,3148,3114,776,449.4263785,15.948466,1,20,-6,210,-1,-1,49,14,20,1.0
11,3,104,483529,485048,485048,486054,486054,486687,486720,495220,495220,495820,495853,495886,498982,1519,1006,633,8500,600,453,0,600,1989,3129,3096,1389,464.8830289,15.45665039,1,14,-7,160,-1,-1,49,7,14,1.0
11,3,105,498986,500503,500503,501511,501511,502119,502152,509652,509652,510278,510311,510344,513441,1517,1008,608,7500,626,421,0,600,2020,3130,3097,1420,479.341114,14.45808512,1,7,13,190,1,1,51,20,7,2.0
11,3,106,513443,514966,514966,515972,515972,516602,516635,522635,522635,523260,523293,523326,526399,1523,1006,630,6000,625,1372,0,600,1044,3106,3073,444,492.2995809,12.95846693,1,6,-1,180,-1,-1,49,5,6,1.0
11,3,107,526402,527926,527926,528932,528932,529538,529571,536071,536071,536671,536704,536737,539858,1524,1006,606,6500,600,482,0,600,1982,3154,3121,1382,505.7586708,13.45908982,1,28,-8,200,-1,-1,49,20,28,1.0
11,3,108,539861,541384,541384,542390,542390,542994,543027,551527,551527,552154,552186,552220,555308,1523,1006,604,8500,627,671,0,600,1769,3122,3088,1169,521.2084256,15.44975488,1,7,7,190,1,1,51,14,7,2.0
11,4,109,63412,64934,64934,65951,65951,66559,66592,74092,74092,74712,74744,74780,77864,1522,1017,608,7500,620,297,0,600,2136,3120,3084,1536,14.46317704,14.46317704,1,2,3,170,1,1,51,5,2,2.0
11,4,110,77867,79387,79387,80391,80391,80996,81028,87528,87528,88157,88190,88223,91316,1520,1004,605,6500,629,1426,0,600,1016,3126,3093,416,27.91439559,13.45121854,1,7,3,190,1,1,51,10,7,2.0
11,4,111,91319,92837,92837,93842,93842,94446,94478,101478,101478,102098,102130,102164,105279,1518,1005,604,7000,620,283,0,600,2170,3149,3115,1570,41.87724928,13.9628537,1,5,5,180,1,1,51,10,5,2.0
11,4,112,105282,106804,106804,107810,107810,108439,108472,114472,114472,115074,115108,115141,118237,1522,1006,629,6000,602,363,0,600,2078,3129,3096,1478,54.83538262,12.95813334,1,20,-13,170,-1,-1,49,7,20,1.0
11,4,113,118238,119759,119759,120763,120763,121366,121399,129399,129399,130000,130032,130066,133198,1521,1004,603,8000,601,294,0,600,2177,3166,3132,1577,69.79681605,14.96143343,1,28,-8,180,-1,-1,49,20,28,1.0
11,4,114,133201,134728,134728,135734,135734,136340,136373,144873,144873,145505,145539,145572,148637,1527,1006,606,8500,632,559,0,600,1870,3098,3065,1270,85.23576178,15.43894573,1,10,4,210,1,1,51,14,10,2.0
11,4,115,148640,150167,150167,151174,151174,151777,151810,160810,160810,161410,161443,161477,164601,1527,1007,603,9000,600,550,0,600,1913,3158,3124,1313,101.1999318,15.96417,1,20,8,170,1,1,51,28,20,2.0
11,4,116,164604,166131,166131,167136,167136,167742,167775,173775,173775,174391,174423,174456,177553,1527,1005,606,6000,616,522,0,600,1924,3130,3097,1324,114.1516632,12.95173144,1,2,5,150,1,1,51,7,2,2.0
11,4,117,177556,179076,179076,180082,180082,180687,180720,189720,189720,190322,190354,190388,193488,1520,1006,605,9000,602,296,0,600,2171,3134,3100,1571,130.0856237,15.93396048,1,20,-10,200,-1,-1,49,10,20,1.0
11,4,118,193490,195011,195011,196013,196013,196620,196652,205152,205152,205769,205801,205835,208943,1521,1002,607,8500,617,368,0,600,2085,3142,3108,1485,145.5413336,15.45570987,1,56,-28,190,-1,-1,49,28,56,1.0
11,4,119,208946,210472,210472,211477,211477,212083,212115,219115,219115,219746,219779,219813,222893,1526,1005,606,7000,631,375,0,600,2057,3114,3080,1457,159.4915926,13.95025904,1,14,6,160,1,1,51,20,14,2.0
11,4,120,222896,224421,224421,225427,225427,226034,226066,234066,234066,234667,234701,234736,237847,1525,1006,607,8000,601,507,0,600,1954,3146,3111,1354,174.4455016,14.953909,1,13,1,180,1,1,51,14,13,2.0
11,4,121,237850,239369,239369,240374,240374,240983,241016,248516,248516,249118,249150,249185,252311,1519,1005,609,7500,602,741,0,600,1724,3161,3126,1124,188.909684,14.46418235,1,20,8,190,1,1,51,28,20,2.0
11,4,122,252314,253837,253837,254843,254843,255467,255499,261999,261999,262618,262650,262684,265766,1523,1006,624,6500,619,309,0,600,2119,3116,3082,1519,202.3643084,13.45462441,1,2,3,180,1,1,51,5,2,2.0
11,4,123,265769,267293,267293,268299,268299,268903,268935,276935,276935,277536,277568,277603,280702,1524,1006,604,8000,601,584,0,600,1881,3134,3099,1281,217.3005841,14.93627576,1,20,-13,160,-1,-1,49,7,20,1.0
11,4,124,280705,282230,282230,283234,283234,283840,283872,292872,292872,293475,293508,293542,296668,1525,1004,606,9000,603,966,0,600,1496,3160,3126,896,233.2660382,15.96545405,1,14,14,200,1,1,51,28,14,2.0
11,4,125,296671,298194,298194,299199,299199,299803,299835,308335,308335,308966,308999,309032,312108,1523,1005,604,8500,631,300,0,600,2137,3109,3076,1537,248.7062026,15.44016439,1,79,-51,190,-1,-1,49,28,79,1.0
11,4,126,312111,313634,313634,314639,314639,315244,315277,321277,321277,321903,321935,321968,325051,1523,1005,605,6000,626,668,0,600,1773,3116,3083,1173,261.6490891,12.94288649,1,7,3,190,1,1,51,10,7,2.0
11,4,127,325053,326573,326573,327578,327578,328180,328212,335212,335212,335829,335862,335895,339004,1520,1005,602,7000,617,760,0,600,1696,3142,3109,1096,275.6019545,13.95286542,1,4,1,210,1,1,51,5,4,2.0
11,4,128,339006,340529,340529,341534,341534,342137,342169,348669,348669,349283,349315,349349,352437,1523,1005,603,6500,614,385,0,600,2070,3122,3088,1470,289.0349449,13.43299044,1,40,-12,200,-1,-1,49,28,40,1.0
11,4,129,352440,353967,353967,354978,354978,355581,355613,363113,363113,363713,363746,363780,366887,1527,1011,603,7500,600,1116,0,600,1343,3141,3107,743,303.4854526,14.45050766,1,14,-4,210,-1,-1,49,10,14,1.0
11,4,130,366890,368413,368413,369418,369418,370024,370057,376557,376557,377189,377221,377254,380326,1523,1005,606,6500,632,821,0,600,1613,3105,3072,1013,316.9238137,13.43836111,1,10,4,150,1,1,51,14,10,2.0
11,4,131,380329,381845,381845,382850,382850,383456,383488,390988,390988,391620,391653,391688,394792,1516,1005,606,7500,632,948,0,600,1493,3139,3104,893,331.3897578,14.46594405,1,14,-4,170,-1,-1,49,10,14,1.0
11,4,132,394795,396318,396318,397322,397322,397925,397957,406457,406457,407079,407111,407145,410234,1523,1004,603,8500,622,1680,0,600,768,3123,3089,168,346.8321931,15.44243537,1,6,1,180,1,1,51,7,6,2.0
11,4,133,410237,411759,411759,412764,412764,413369,413401,422401,422401,423001,423034,423067,426196,1522,1005,605,9000,600,361,0,600,2107,3162,3129,1507,362.7942214,15.9620283,1,10,10,210,1,1,51,20,10,2.0
11,4,134,426199,427719,427719,428724,428724,429326,429359,435359,435359,435977,436009,436043,439133,1520,1005,602,6000,618,353,0,600,2102,3124,3090,1502,375.7314045,12.93718313,1,2,3,150,1,1,51,5,2,2.0
11,4,135,439136,440656,440656,441661,441661,442267,442299,449299,449299,449933,449965,449998,453091,1520,1005,606,7000,634,516,0,600,1919,3126,3093,1319,389.6891959,13.9577913,1,20,-6,170,-1,-1,49,14,20,1.0
11,4,136,453094,454616,454616,455621,455621,456228,456261,464261,464261,464884,464917,464951,468046,1522,1005,607,8000,623,389,0,600,2054,3129,3095,1454,404.6437091,14.95451321,1,5,9,200,1,1,51,14,5,2.0
11,4,137,468049,469570,469570,470573,470573,471175,471208,478708,478708,479325,479357,479391,482485,1521,1003,602,7500,617,324,0,600,2133,3128,3094,1533,419.0829405,14.43923141,1,2,3,210,1,1,51,5,2,2.0
11,4,138,482488,484008,484008,485015,485015,485621,485654,492154,492154,492769,492801,492835,495934,1520,1007,606,6500,615,394,0,600,2058,3133,3099,1458,432.5317654,13.44882491,1,40,-20,210,-1,-1,49,20,40,1.0
11,4,139,495937,497463,497463,498465,498465,499093,499125,507125,507125,507757,507789,507824,510899,1526,1002,628,8000,632,562,0,600,1850,3110,3075,1250,447.4971812,14.96541578,1,10,-5,180,-1,-1,49,5,10,1.0
11,4,140,510902,512423,512423,513431,513431,514038,514070,521070,521070,521703,521735,521768,524864,1521,1008,607,7000,633,1490,0,600,941,3129,3096,341,461.4621648,13.96498364,1,20,-6,160,-1,-1,49,14,20,1.0
11,4,141,524867,526392,526392,527400,527400,528030,528063,534063,534063,534681,534713,534747,537808,1525,1008,630,6000,618,781,0,600,1638,3095,3061,1038,474.4062727,12.94410787,1,14,-7,180,-1,-1,49,7,14,1.0
11,4,142,537811,539333,539333,540340,540340,540943,540975,549975,549975,550607,550641,550675,553756,1522,1007,603,9000,632,536,0,600,1900,3115,3081,1300,490.3538066,15.94753393,1,14,6,210,1,1,51,20,14,2.0
11,4,143,553759,555279,555279,556281,556281,556889,556922,565422,565422,566054,566086,566119,569194,1520,1002,608,8500,632,372,0,600,2066,3108,3075,1466,505.7919076,15.43810104,1,10,10,210,1,1,51,20,10,2.0
11,4,144,569197,570721,570721,571728,571728,572359,572392,580892,580892,581507,581540,581573,584635,1524,1007,631,8500,615,1361,0,600,1062,3095,3062,462,521.2329381,15.44103048,1,6,1,200,1,1,51,7,6,2.0
11,5,145,14177,15706,15706,16722,16722,17340,17373,25873,25873,26474,26506,26544,29627,1529,1016,618,8500,601,308,0,600,2128,3121,3083,1528,15.46311587,15.46311587,1,14,14,180,1,1,51,28,14,2.0
11,5,146,29632,31155,31155,32164,32164,32770,32802,39802,39802,40426,40458,40491,43582,1523,1009,606,7000,624,1446,0,600,992,3124,3091,392,29.41539698,13.9522811,1,6,1,210,1,1,51,7,6,2.0
11,5,147,43585,45110,45110,46118,46118,46721,46755,53255,53255,53888,53920,53953,57041,1525,1008,603,6500,633,380,0,600,2051,3121,3088,1451,42.87488579,13.45948881,1,10,-5,170,-1,-1,49,5,10,1.0
11,5,148,57044,58575,58575,59580,59580,60187,60219,66219,66219,66842,66875,66908,70001,1531,1005,607,6000,623,418,0,600,2016,3126,3093,1416,55.8342857,12.95939991,1,4,6,210,1,1,51,10,4,2.0
11,5,149,70004,71523,71523,72526,72526,73129,73161,81161,81161,81762,81794,81827,84946,1519,1003,603,8000,601,641,0,600,1833,3152,3119,1233,70.77970174,14.94541603,1,10,-3,180,-1,-1,49,7,10,1.0
11,5,150,84949,86468,86468,87476,87476,88082,88115,95615,95615,96245,96278,96313,99414,1519,1008,606,7500,630,527,0,600,1910,3136,3101,1310,85.24824554,14.4685438,1,10,18,200,1,1,51,28,10,2.0
11,5,151,99417,100940,100940,101945,101945,102549,102581,111581,111581,112183,112215,112248,115349,1523,1005,604,9000,602,495,0,600,1971,3134,3101,1371,101.1821235,15.93387791,1,28,-14,190,-1,-1,49,14,28,1.0
11,5,152,115351,116874,116874,117879,117879,118484,118517,127017,127017,127620,127653,127688,130818,1523,1005,605,8500,603,809,0,600,1655,3165,3130,1055,116.6516186,15.46949517,1,28,-14,170,-1,-1,49,14,28,1.0
11,5,153,130821,132350,132350,133356,133356,133966,133998,142998,142998,143601,143634,143667,146758,1529,1006,610,9000,603,320,0,600,2132,3124,3091,1532,132.5917875,15.94016891,1,20,8,190,1,1,51,28,20,2.0
11,5,154,146761,148285,148285,149291,149291,149899,149931,156431,156431,157031,157064,157098,160203,1524,1006,608,6500,600,1372,0,600,1090,3139,3105,490,146.0361088,13.44432123,0,20,-6,190,-1,1,51,14,20,2.0
11,5,155,160205,161729,161729,162733,162733,163339,163371,170871,170871,171485,171519,171553,174663,1524,1004,606,7500,614,405,0,600,2047,3144,3110,1447,160.4971097,14.46100099,1,57,-37,180,-1,-1,49,20,57,1.0
11,5,156,174666,176190,176190,177198,177198,177802,177835,183835,183835,184462,184495,184528,187608,1524,1008,604,6000,627,404,0,600,2033,3113,3080,1433,173.4415226,12.94441284,1,7,13,210,1,1,51,20,7,2.0
11,5,157,187611,189132,189132,190136,190136,190744,190776,197776,197776,198408,198440,198474,201555,1521,1004,608,7000,632,896,0,600,1539,3115,3081,939,187.3886524,13.94712981,1,14,14,210,1,1,51,28,14,2.0
11,5,158,201558,203081,203081,204086,204086,204693,204725,212725,212725,213326,213358,213392,216490,1523,1005,607,8000,601,1204,0,600,1260,3132,3098,660,202.323425,14.93477262,0,13,1,190,1,-1,49,14,13,1.0
11,5,159,216493,218016,218016,219019,219019,219620,219652,228152,228152,228752,228786,228820,231931,1523,1003,601,8500,600,411,0,600,2062,3145,3111,1462,217.7645637,15.44113866,1,28,-18,210,-1,-1,49,10,28,1.0
11,5,160,231934,233457,233457,234463,234463,235065,235099,242599,242599,243220,243253,243286,246366,1523,1006,602,7500,621,538,0,600,1910,3113,3080,1310,232.1997455,14.43518186,1,4,3,150,1,1,51,7,4,2.0
11,5,161,246369,247893,247893,248900,248900,249532,249565,256065,256065,256688,256720,256753,259805,1524,1007,632,6500,623,799,0,600,1615,3085,3052,1015,245.6382944,13.43854885,1,4,1,180,1,1,51,5,4,2.0
11,5,162,259808,261332,261332,262337,262337,262968,263002,270002,270002,270635,270668,270701,273747,1524,1005,631,7000,633,399,0,600,2008,3079,3046,1408,259.5800472,13.94175281,1,10,-5,210,-1,-1,49,5,10,1.0
11,5,163,273750,275275,275275,276279,276279,276883,276916,285916,285916,286519,286551,286584,289701,1525,1004,604,9000,603,379,0,600,2085,3150,3117,1485,275.5340147,15.95396746,1,20,-10,180,-1,-1,49,10,20,1.0
11,5,164,289704,291226,291226,292229,292229,292835,292868,298868,298868,299468,299500,299534,302648,1522,1003,606,6000,600,472,0,600,1997,3148,3114,1397,288.4815254,12.94751072,1,28,-14,210,-1,-1,49,14,28,1.0
11,5,165,302651,304171,304171,305177,305177,305807,305840,313840,313840,314440,314473,314506,317599,1520,1006,630,8000,600,909,0,600,1535,3126,3093,935,303.4315045,14.94997909,1,14,-7,190,-1,-1,49,7,14,1.0
11,5,166,317602,319125,319125,320130,320130,320758,320791,327291,327291,327916,327948,327981,331033,1523,1005,628,6500,625,445,0,600,1974,3085,3052,1374,316.8666773,13.43517282,1,4,1,180,1,1,51,5,4,2.0
11,5,167,331036,332561,332561,333567,333567,334171,334204,340204,340204,340837,340869,340903,343999,1525,1006,604,6000,633,513,0,600,1919,3130,3096,1319,329.8321811,12.96550377,1,14,14,160,1,1,51,28,14,2.0
11,5,168,344002,345525,345525,346531,346531,347164,347196,354196,354196,354828,354861,354895,357936,1523,1006,633,7000,632,822,0,600,1584,3075,3041,984,343.7690002,13.9368191,1,10,-3,170,-1,-1,49,7,10,1.0
11,5,169,357939,359460,359460,360466,360466,361069,361102,369602,369602,370218,370251,370284,373388,1521,1006,603,8500,616,277,0,600,2177,3137,3104,1577,359.2213105,15.45231034,1,2,3,170,1,1,51,5,2,2.0
11,5,170,373391,374914,374914,375920,375920,376522,376554,384054,384054,384681,384714,384747,387835,1523,1006,602,7500,627,1518,0,600,924,3121,3088,324,373.6684855,14.44717502,1,6,1,150,1,1,51,7,6,2.0
11,5,171,387838,389365,389365,390368,390368,390973,391005,400005,400005,400631,400664,400699,403804,1527,1003,605,9000,626,331,0,600,2108,3140,3105,1508,389.6366828,15.96819725,1,79,-51,180,-1,-1,49,28,79,1.0
11,5,172,403807,405325,405325,406326,406326,406931,406964,414964,414964,415596,415628,415661,418768,1518,1001,605,8000,632,433,0,600,2011,3140,3107,1411,404.6005831,14.96390029,1,10,10,160,1,1,51,20,10,2.0
11,5,173,418771,420291,420291,421298,421298,421900,421933,429933,429933,430551,430584,430617,433713,1520,1007,602,8000,618,455,0,600,1998,3129,3096,1398,419.5455796,14.94499655,1,4,6,210,1,1,51,10,4,2.0
11,5,174,433715,435239,435239,436241,436241,436845,436878,444378,444378,445008,445041,445075,448153,1524,1002,604,7500,630,600,0,600,1840,3112,3078,1240,433.98608,14.4405004,1,10,10,160,1,1,51,20,10,2.0
11,5,175,448156,449672,449672,450677,450677,451282,451316,457816,457816,458431,458463,458496,461603,1516,1005,605,6500,615,919,0,600,1540,3140,3107,940,447.4362652,13.45018521,1,7,3,190,1,1,51,10,7,2.0
11,5,176,461606,463126,463126,464135,464135,464742,464775,473775,473775,474385,474419,474453,477554,1520,1009,607,9000,610,426,0,600,2028,3135,3101,1428,463.3864462,15.95018099,1,40,-20,190,-1,-1,49,20,40,1.0
11,5,177,477557,479083,479083,480089,480089,480695,480727,487727,487727,488329,488361,488395,491516,1526,1006,606,7000,602,1776,0,600,684,3155,3121,84,477.3494888,13.96304264,1,14,-4,210,-1,-1,49,10,14,1.0
11,5,178,491519,493046,493046,494050,494050,494657,494690,500690,500690,501294,501327,501360,504471,1527,1004,607,6000,604,1053,0,600,1405,3144,3111,805,490.3036519,12.95416304,1,14,6,190,1,1,51,20,14,2.0
11,5,179,504474,505994,505994,507001,507001,507625,507658,516158,516158,516760,516793,516827,519909,1520,1007,624,8500,602,440,0,600,2007,3116,3082,1407,505.7430397,15.43938781,1,14,-9,150,-1,-1,49,5,14,1.0
11,5,180,519913,521436,521436,522445,522445,523052,523083,530583,530583,531184,531217,531250,534359,1523,1009,607,7500,601,599,0,600,1861,3142,3109,1261,520.1913906,14.44835089,1,10,4,150,1,1,51,14,10,2.0
11,6,181,30778,32302,32302,33319,33319,33926,33958,40458,40458,41084,41116,41153,44243,1524,1017,607,6500,626,638,0,600,1788,3127,3090,1188,13.47750296,13.47750296,1,6,1,200,1,1,51,7,6,2.0
11,6,182,44248,45773,45773,46780,46780,47385,47418,54918,54918,55519,55551,55584,58680,1525,1007,605,7500,601,296,0,600,2166,3129,3096,1566,27.9115879,14.43408494,1,20,-6,200,-1,-1,49,14,20,1.0
11,6,183,58681,60193,60193,61197,61197,61802,61835,70835,70835,71436,71468,71502,74620,1512,1004,605,9000,601,1061,0,600,1417,3152,3118,817,43.85254334,15.94095544,1,28,-14,210,-1,-1,49,14,28,1.0
11,6,184,74623,76145,76145,77145,77145,77746,77778,86278,86278,86879,86912,86946,90063,1522,1000,601,8500,601,315,0,600,2161,3151,3117,1561,59.29545515,15.44291181,1,20,-13,210,-1,-1,49,7,20,1.0
11,6,185,90066,91589,91589,92596,92596,93203,93236,101236,101236,101857,101890,101924,105003,1523,1007,607,8000,621,601,0,600,1841,3113,3079,1241,74.23448526,14.93903011,1,56,-28,200,-1,-1,49,28,56,1.0
11,6,186,105006,106526,106526,107536,107536,108167,108201,114201,114201,114823,114855,114889,117965,1520,1010,631,6000,622,1244,0,600,1173,3110,3076,573,87.19706744,12.96258218,1,4,1,180,1,1,51,5,4,2.0
11,6,187,117968,119492,119492,120499,120499,121106,121139,128139,128139,128770,128803,128836,131929,1524,1007,607,7000,631,65,0,600,2366,3126,3093,1766,101.1611494,13.964082,1,79,-51,170,-1,-1,49,28,79,1.0
11,6,188,131932,133455,133455,134462,134462,135086,135119,141119,141119,141735,141767,141800,144865,1523,1007,624,6000,616,582,0,600,1848,3098,3065,1248,114.0966589,12.93550943,1,4,1,150,1,1,51,5,4,2.0
11,6,189,144868,146386,146386,147394,147394,148023,148056,156056,156056,156678,156711,156744,159824,1518,1008,629,8000,622,540,0,600,1883,3113,3080,1283,129.0558789,14.95922001,1,4,3,190,1,1,51,7,4,2.0
11,6,190,159827,161353,161353,162357,162357,162965,162999,171499,171499,172132,172165,172198,175269,1526,1004,608,8500,633,362,0,600,2067,3104,3071,1467,144.5013042,15.44542537,1,40,-26,200,-1,-1,49,14,40,1.0
11,6,191,175272,176798,176798,177801,177801,178430,178463,185963,185963,186563,186596,186630,189722,1526,1003,629,7500,600,679,0,600,1763,3126,3092,1163,158.9543984,14.45309415,1,10,-5,170,-1,-1,49,5,10,1.0
11,6,192,189725,191249,191249,192251,192251,192853,192886,199886,199886,200488,200522,200555,203668,1524,1002,602,7000,602,760,0,600,1710,3146,3113,1110,172.8999395,13.94554109,1,14,-4,190,-1,-1,49,10,14,1.0
11,6,193,203671,205193,205193,206196,206196,206798,206831,213331,213331,213933,213965,214001,217133,1522,1003,602,6500,602,623,0,600,1848,3168,3132,1248,186.3643382,13.46439872,1,28,-8,170,-1,-1,49,20,28,1.0
11,6,194,217136,218654,218654,219656,219656,220286,220318,229318,229318,229940,229972,230006,233083,1518,1002,630,9000,622,893,0,600,1535,3111,3077,935,202.3147097,15.95037144,1,5,2,160,1,1,51,7,5,2.0
11,6,195,233086,234607,234607,235610,235610,236215,236247,242747,242747,243351,243384,243418,246531,1521,1003,605,6500,604,861,0,600,1606,3147,3113,1006,215.7632811,13.44857148,0,19,1,150,1,-1,49,20,19,1.0
11,6,196,246534,248060,248060,249064,249064,249669,249702,255702,255702,256334,256369,256403,259482,1526,1004,605,6000,632,438,0,600,1995,3113,3079,1395,228.7136279,12.95034673,1,27,1,190,1,1,51,28,27,2.0
11,6,197,259485,261005,261005,262011,262011,262616,262648,271148,271148,271778,271812,271845,274925,1520,1006,605,8500,630,502,0,600,1937,3113,3080,1337,244.1568356,15.44320773,1,28,-18,200,-1,-1,49,10,28,1.0
11,6,198,274928,276450,276450,277455,277455,278062,278094,285594,285594,286194,286226,286259,289383,1522,1005,607,7500,600,389,0,600,2077,3157,3124,1477,258.6151238,14.45828823,1,27,1,180,1,1,51,28,27,2.0
11,6,199,289387,290910,290910,291917,291917,292518,292551,299551,299551,300153,300185,300218,303323,1523,1007,601,7000,602,396,0,600,2071,3138,3105,1471,272.5540241,13.93890023,1,14,-7,160,-1,-1,49,7,14,1.0
11,6,200,303325,304848,304848,305853,305853,306459,306493,315493,315493,316126,316158,316191,319264,1523,1005,606,9000,633,399,0,600,2034,3106,3073,1434,288.4952408,15.94121671,1,10,4,170,1,1,51,14,10,2.0
11,6,201,319267,320788,320788,321795,321795,322403,322435,330435,330435,331059,331091,331125,334228,1521,1007,608,8000,624,337,0,600,2103,3137,3103,1503,303.4593412,14.96410038,1,7,13,200,1,1,51,20,7,2.0
11,6,202,334231,335754,335754,336760,336760,337365,337398,344398,344398,344999,345031,345065,348167,1523,1006,605,7000,601,683,0,600,1782,3136,3102,1182,317.3986624,13.93932121,1,14,6,180,1,1,51,20,14,2.0
11,6,203,348170,349695,349695,350700,350700,351305,351338,360338,360338,360963,360997,361030,364117,1525,1005,605,9000,625,355,0,600,2085,3120,3087,1485,333.3491206,15.95045823,1,5,5,160,1,1,51,10,5,2.0
11,6,204,364120,365645,365645,366650,366650,367258,367291,374791,374791,375406,375438,375472,378572,1525,1005,608,7500,615,461,0,600,1986,3134,3100,1386,347.8037028,14.45458222,1,5,9,160,1,1,51,14,5,2.0
11,6,205,378574,380098,380098,381106,381106,381738,381770,389770,389770,390371,390404,390437,393521,1524,1008,632,8000,601,799,0,600,1636,3117,3084,1036,362.752641,14.94893822,1,9,1,200,1,1,51,10,9,2.0
11,6,206,393524,395046,395046,396050,396050,396656,396689,403189,403189,403791,403823,403856,406970,1522,1004,606,6500,602,279,0,600,2187,3147,3114,1587,376.2014744,13.44883335,1,28,-14,190,-1,-1,49,14,28,1.0
11,6,207,406973,408495,408495,409501,409501,410127,410159,418659,418659,419277,419309,419342,422418,1522,1006,626,8500,618,338,0,600,2090,3109,3076,1490,391.6491587,15.4476843,1,4,1,200,1,1,51,5,4,2.0
11,6,208,422421,423944,423944,424951,424951,425579,425612,431612,431612,432242,432274,432308,435358,1523,1007,628,6000,630,570,0,600,1842,3084,3050,1242,404.5898101,12.94065138,1,7,-2,180,-1,-1,49,5,7,1.0
11,6,209,435361,436882,436882,437885,437885,438487,438520,445020,445020,445637,445670,445703,448801,1521,1003,602,6500,617,357,0,600,2100,3131,3098,1500,418.0325573,13.44274727,1,4,3,210,1,1,51,7,4,2.0
11,6,210,448804,450327,450327,451336,451336,451965,451998,459998,459998,460613,460646,460679,463762,1523,1009,629,8000,615,307,0,600,2117,3116,3083,1517,432.9935842,14.96102691,1,2,3,150,1,1,51,5,2,2.0
11,6,211,463765,465289,465289,466297,466297,466914,466946,475446,475446,476049,476081,476115,479202,1524,1008,617,8500,603,412,0,600,2036,3121,3087,1436,448.4339626,15.44037835,1,20,-10,180,-1,-1,49,10,20,1.0
11,6,212,479205,480727,480727,481734,481734,482339,482372,489372,489372,489973,490005,490039,493141,1522,1007,605,7000,601,649,0,600,1816,3136,3102,1216,462.3724994,13.9385368,1,14,6,190,1,1,51,20,14,2.0
11,6,213,493144,494668,494668,495675,495675,496279,496313,502313,502313,502937,502969,503003,506092,1524,1007,604,6000,624,286,0,600,2155,3123,3089,1555,475.3237872,12.95128785,1,79,-51,190,-1,-1,49,28,79,1.0
11,6,214,506095,507616,507616,508619,508619,509226,509258,518258,518258,518874,518905,518938,522049,1521,1003,607,9000,616,374,0,600,2079,3144,3111,1479,491.280293,15.95650574,1,56,-28,210,-1,-1,49,28,56,1.0
11,6,215,522052,523576,523576,524579,524579,525183,525215,532715,532715,533315,533347,533380,536513,1524,1003,604,7500,600,423,0,600,2046,3166,3133,1446,505.7438669,14.46357392,1,20,-10,210,-1,-1,49,10,20,1.0
11,6,216,536516,538038,538038,539042,539042,539645,539677,546677,546677,547280,547312,547346,550465,1522,1004,603,7000,603,580,0,600,1888,3153,3119,1288,519.696296,13.95242907,1,19,1,150,1,1,51,20,19,2.0
12,1,1,84762,86262,86262,87288,87288,87919,87951,94451,94451,95057,95089,95125,98212,1500,1026,631,6500,606,497,0,600,1940,3123,3087,1340,13.4830891,13.4830891,1,40,-12,190,-1,-1,49,28,40,1.0
12,1,2,98262,99780,99780,100797,100797,101401,101434,109934,109934,110560,110592,110625,113701,1518,1017,604,8500,626,532,0,600,1903,3109,3076,1303,28.92324475,15.44015565,1,4,3,160,1,1,51,7,4,2.0
12,1,3,113704,115230,115230,116235,116235,116843,116876,124876,124876,125476,125509,125542,128655,1526,1005,608,8000,600,404,0,600,2057,3146,3113,1457,43.88509706,14.96185231,1,40,-26,180,-1,-1,49,14,40,1.0
12,1,4,128664,130192,130192,131200,131200,131807,131841,140841,140841,141468,141502,141536,144620,1528,1008,607,9000,627,241,0,600,2189,3118,3084,1589,59.84199998,15.95690292,1,5,5,170,1,1,51,10,5,2.0
12,1,5,144623,146150,146150,147155,147155,147763,147796,155296,155296,155929,155962,155997,159080,1527,1005,608,7500,633,249,0,600,2178,3118,3083,1578,74.3029401,14.46094012,1,10,10,190,1,1,51,20,10,2.0
12,1,6,159083,160609,160609,161616,161616,162220,162252,169252,169252,169868,169901,169935,173042,1526,1007,604,7000,616,332,0,600,2115,3141,3107,1515,88.26375727,13.96081717,1,2,3,180,1,1,51,5,2,2.0
12,1,7,173045,174565,174565,175571,175571,176204,176236,182236,182236,182868,182900,182935,186004,1520,1006,633,6000,632,389,0,600,2020,3104,3069,1420,101.2268322,12.96307489,1,14,-9,180,-1,-1,49,5,14,1.0
12,1,8,186007,187531,187531,188539,188539,189146,189178,198178,198178,198781,198814,198848,201953,1524,1008,607,9000,603,268,0,600,2190,3139,3105,1590,117.1758285,15.94899638,1,14,-4,210,-1,-1,49,10,14,1.0
12,1,9,201956,203480,203480,204487,204487,205093,205125,213625,213625,214255,214287,214320,217406,1524,1007,606,8500,630,284,0,600,2149,3119,3086,1549,132.6285116,15.45268311,1,7,13,210,1,1,51,20,7,2.0
12,1,10,217409,218932,218932,219939,219939,220545,220579,227579,227579,228196,228229,228262,231357,1523,1007,606,7000,617,419,0,600,2028,3128,3095,1428,146.5796331,13.95112151,1,40,-26,180,-1,-1,49,14,40,1.0
12,1,11,231360,232881,232881,233887,233887,234494,234527,241027,241027,241629,241662,241696,244797,1521,1006,607,6500,602,239,0,600,2225,3135,3101,1625,160.0190827,13.43944959,1,20,-6,170,-1,-1,49,14,20,1.0
12,1,12,244800,246323,246323,247325,247325,247931,247963,253963,253963,254565,254599,254634,257755,1523,1002,606,6000,602,604,0,600,1863,3156,3121,1263,172.9781165,12.95903377,0,14,-4,160,-1,1,51,10,14,2.0
12,1,13,257759,259285,259285,260289,260289,260921,260952,268952,268952,269581,269614,269649,272691,1526,1004,632,8000,629,298,0,600,2111,3077,3042,1511,187.9131498,14.93503329,1,10,-5,150,-1,-1,49,5,10,1.0
12,1,14,272694,274220,274220,275227,275227,275832,275866,283366,283366,283969,284001,284035,287133,1526,1007,605,7500,603,324,0,600,2135,3132,3098,1535,202.3552196,14.44206983,1,40,-12,210,-1,-1,49,28,40,1.0
12,1,15,287136,288663,288663,289664,289664,290267,290300,298800,298800,299401,299434,299467,302575,1527,1001,603,8500,601,142,0,600,2326,3141,3108,1726,217.7972388,15.44201921,1,10,10,190,1,1,51,20,10,2.0
12,1,16,302578,304104,304104,305112,305112,305719,305752,313752,313752,314354,314386,314420,317520,1526,1008,607,8000,602,231,0,600,2226,3134,3100,1626,232.7418313,14.94459244,1,28,-8,180,-1,-1,49,20,28,1.0
12,1,17,317523,319054,319054,320060,320060,320666,320698,329698,329698,330299,330332,330367,333467,1531,1006,606,9000,601,680,0,600,1776,3135,3100,1176,248.6887749,15.94694358,1,20,-13,210,-1,-1,49,7,20,1.0
12,1,18,333470,334992,334992,336001,336001,336607,336640,343640,343640,344273,344305,344339,347420,1522,1009,606,7000,633,343,0,600,2087,3115,3081,1487,262.64245,13.95367515,1,10,4,160,1,1,51,14,10,2.0
12,1,19,347423,348950,348950,349956,349956,350561,350595,357095,357095,357697,357729,357762,360858,1527,1006,605,6500,602,192,0,600,2268,3129,3096,1668,276.0795488,13.43709875,1,10,18,170,1,1,51,28,10,2.0
12,1,20,360861,362385,362385,363389,363389,363994,364026,370026,370026,370658,370691,370726,373796,1524,1004,605,6000,632,231,0,600,2204,3105,3070,1604,289.0176902,12.93814143,1,20,-10,180,-1,-1,49,10,20,1.0
12,1,21,373799,375324,375324,376330,376330,376935,376968,384468,384468,385073,385107,385140,388242,1525,1006,605,7500,605,330,0,600,2129,3135,3102,1529,303.4640781,14.44638789,1,7,3,180,1,1,51,10,7,2.0
12,1,22,388245,389765,389765,390770,390770,391373,391405,397905,397905,398507,398539,398574,401697,1520,1005,603,6500,602,255,0,600,2215,3158,3123,1615,316.9195616,13.45548356,1,10,-5,190,-1,-1,49,5,10,1.0
12,1,23,401701,403228,403228,404235,404235,404842,404875,410875,410875,411480,411512,411547,414636,1527,1007,607,6000,605,287,0,600,2167,3124,3089,1567,329.8578146,12.93825292,1,14,6,210,1,1,51,20,14,2.0
12,1,24,414639,416162,416162,417164,417164,417768,417801,424801,424801,425401,425435,425468,428585,1523,1002,604,7000,600,340,0,600,2131,3150,3117,1531,343.8072488,13.94943424,1,13,1,170,1,1,51,14,13,2.0
12,1,25,428588,430115,430115,431121,431121,431729,431763,439263,439263,439865,439898,439933,443045,1527,1006,608,7500,602,473,0,600,1984,3147,3112,1384,358.2666981,14.45944934,1,19,1,170,1,1,51,20,19,2.0
12,1,26,443048,444570,444570,445575,445575,446206,446238,455238,455238,455856,455888,455922,458984,1522,1005,631,9000,618,643,0,600,1781,3096,3062,1181,374.2056137,15.9389156,0,10,-3,180,-1,1,51,7,10,2.0
12,1,27,458987,460509,460509,461513,461513,462119,462151,470151,470151,470754,470787,470822,473947,1522,1004,606,8000,603,253,0,600,2212,3160,3125,1612,389.1687257,14.96311195,1,10,-3,160,-1,-1,49,7,10,1.0
12,1,28,473950,475477,475477,476485,476485,477096,477129,485629,485629,486230,486262,486297,489386,1527,1008,611,8500,601,312,0,600,2141,3124,3089,1541,404.6073478,15.43862208,1,14,14,170,1,1,51,28,14,2.0
12,1,29,489389,490912,490912,491916,491916,492547,492580,498580,498580,499181,499214,499248,502336,1523,1004,631,6000,601,537,0,600,1904,3122,3088,1304,417.5580263,12.95067852,1,10,-5,160,-1,-1,49,5,10,1.0
12,1,30,502339,503865,503865,504872,504872,505477,505511,512011,512011,512634,512666,512698,515777,1526,1007,605,6500,623,308,0,600,2131,3111,3079,1531,430.9985942,13.4405679,1,5,2,170,1,1,51,7,5,2.0
12,1,31,515780,517304,517304,518311,518311,518919,518953,527953,527953,528555,528587,528620,531721,1524,1007,608,9000,602,264,0,600,2195,3134,3101,1595,446.9424803,15.94388607,1,10,18,160,1,1,51,28,10,2.0
12,1,32,531724,533250,533250,534253,534253,534858,534891,542391,542391,542995,543028,543062,546157,1526,1003,605,7500,604,776,0,600,1686,3129,3095,1086,461.378405,14.43592469,1,10,-3,190,-1,-1,49,7,10,1.0
12,1,33,546160,547686,547686,548695,548695,549327,549360,557360,557360,557987,558019,558055,561120,1526,1009,632,8000,627,650,0,600,1756,3101,3065,1156,476.3418942,14.96348924,1,7,-2,150,-1,-1,49,5,7,1.0
12,1,34,561123,562644,562644,563651,563651,564256,564288,572788,572788,573418,573451,573484,576585,1521,1007,605,8500,630,332,0,600,2105,3134,3101,1505,491.8068263,15.46493211,1,7,7,180,1,1,51,14,7,2.0
12,1,35,576588,578115,578115,579118,579118,579725,579757,586757,586757,587374,587406,587440,590548,1527,1003,607,7000,617,533,0,600,1913,3142,3108,1313,505.7696092,13.96278288,1,9,1,180,1,1,51,10,9,2.0
12,1,36,590551,592072,592072,593079,593079,593685,593717,600717,600717,601320,601352,601387,604486,1521,1007,606,7000,603,333,0,600,2130,3134,3099,1530,519.7080206,13.93841144,1,27,1,170,1,1,51,28,27,2.0
12,2,37,36242,37767,37767,38786,38786,39409,39441,47941,47941,48543,48575,48613,51685,1525,1019,623,8500,602,289,0,600,2142,3110,3072,1542,15.45519697,15.45519697,1,14,14,190,1,1,51,28,14,2.0
12,2,38,51690,53212,53212,54217,54218,54823,54855,62855,62855,63475,63508,63541,66644,1522,1005,605,8000,620,395,0,600,2053,3136,3103,1453,30.41208272,14.95688574,1,4,3,190,1,1,51,7,4,2.0
12,2,39,66647,68172,68172,69179,69179,69786,69820,77320,77320,77920,77952,77987,81105,1525,1007,607,7500,600,347,0,600,2114,3153,3118,1514,44.87405768,14.46197496,1,14,14,190,1,1,51,28,14,2.0
12,2,40,81108,82633,82633,83639,83639,84267,84301,90301,90301,90912,90945,90978,94047,1525,1006,628,6000,611,262,0,600,2168,3102,3069,1568,57.81439324,12.94033556,1,2,3,150,1,1,51,5,2,2.0
12,2,41,94049,95575,95575,96582,96582,97188,97220,106220,106220,106845,106878,106911,110003,1526,1007,606,9000,625,315,0,600,2121,3125,3092,1521,73.77143538,15.95704215,1,4,3,150,1,1,51,7,4,2.0
12,2,42,110006,111530,111530,112537,112537,113142,113175,120175,120175,120802,120835,120868,123939,1524,1007,605,7000,627,328,0,600,2109,3104,3071,1509,87.70753666,13.93610128,1,5,5,190,1,1,51,10,5,2.0
12,2,43,123942,125464,125464,126471,126471,127077,127111,133611,133611,134244,134276,134310,137395,1522,1007,606,6500,633,339,0,600,2093,3119,3085,1493,101.1628891,13.45535247,1,10,4,190,1,1,51,14,10,2.0
12,2,44,137397,138918,138918,139925,139925,140529,140561,146561,146561,147163,147196,147230,150358,1521,1007,604,6000,602,352,0,600,2114,3162,3128,1514,114.1268021,12.96391294,1,28,-8,160,-1,-1,49,20,28,1.0
12,2,45,150361,151886,151886,152891,152891,153497,153530,160530,160530,161130,161164,161199,164315,1525,1005,606,7000,600,404,0,600,2060,3151,3116,1460,128.0828883,13.95608626,1,20,-6,170,-1,-1,49,14,20,1.0
12,2,46,164318,165844,165844,166852,166852,167460,167493,176493,176493,177124,177156,177191,180269,1526,1008,608,9000,631,366,0,600,2061,3113,3078,1461,144.0378029,15.95491461,1,14,-7,200,-1,-1,49,7,14,1.0
12,2,47,180272,181796,181796,182801,182801,183432,183464,191964,191964,192596,192628,192663,195722,1524,1005,631,8500,632,518,0,600,1890,3094,3059,1290,159.4899985,15.45219552,1,20,-6,170,-1,-1,49,14,20,1.0
12,2,48,195725,197251,197251,198255,198255,198864,198897,206397,206397,207014,207047,207082,210165,1526,1004,609,7500,617,344,0,600,2100,3118,3083,1500,173.9327701,14.44277168,1,57,-37,190,-1,-1,49,20,57,1.0
12,2,49,210168,211690,211690,212695,212695,213302,213334,219834,219834,220436,220469,220504,223610,1522,1005,607,6500,602,335,0,600,2129,3141,3106,1529,187.3780837,13.44531357,1,7,3,170,1,1,51,10,7,2.0
12,2,50,223612,225134,225134,226137,226137,226768,226801,234801,234801,235428,235461,235494,238550,1522,1003,631,8000,627,506,0,600,1911,3089,3056,1311,202.3179537,14.93986997,1,5,5,160,1,1,51,10,5,2.0
12,2,51,238553,240078,240078,241088,241088,241695,241728,250228,250228,250830,250862,250897,253997,1525,1010,607,8500,602,359,0,600,2097,3135,3100,1497,217.7647773,15.44682364,1,14,14,170,1,1,51,28,14,2.0
12,2,52,254000,255523,255523,256531,256531,257161,257194,265194,265194,265818,265851,265885,268953,1523,1008,630,8000,624,324,0,600,2091,3102,3068,1491,232.7202302,14.95545282,1,4,1,180,1,1,51,5,4,2.0
12,2,53,268956,270479,270479,271485,271485,272091,272123,278623,278623,279240,279272,279306,282417,1523,1006,606,6500,617,305,0,600,2143,3145,3111,1543,246.1847567,13.46452649,1,2,5,180,1,1,51,7,2,2.0
12,2,54,282420,283947,283947,284952,284952,285583,285616,291616,291616,292232,292264,292298,295380,1527,1005,631,6000,616,310,0,600,2111,3116,3082,1511,259.1479117,12.96315505,1,3,2,160,1,1,51,5,3,2.0
12,2,55,295383,296910,296910,297916,297916,298519,298551,306051,306051,306679,306711,306744,309830,1527,1006,603,7500,628,312,0,600,2124,3119,3086,1524,273.5982196,14.45030786,1,4,6,210,1,1,51,10,4,2.0
12,2,56,309833,311354,311354,312360,312360,312964,312997,321997,321997,322626,322659,322692,325791,1521,1006,604,9000,629,365,0,600,2075,3132,3099,1475,289.5595288,15.96130927,1,7,3,180,1,1,51,10,7,2.0
12,2,57,325794,327322,327322,328332,328332,328940,328973,335973,335973,336575,336607,336641,339744,1528,1010,608,7000,602,368,0,600,2084,3137,3103,1484,303.5111421,13.95161331,1,20,-6,190,-1,-1,49,14,20,1.0
12,2,58,339747,341273,341273,342276,342276,342881,342914,350414,350414,351030,351062,351096,354201,1526,1003,605,7500,616,235,0,600,2215,3139,3105,1615,317.9696567,14.45851455,1,7,7,150,1,1,51,14,7,2.0
12,2,59,354204,355730,355730,356737,356737,357367,357400,365400,365400,366032,366065,366099,369159,1526,1007,630,8000,632,325,0,600,2080,3094,3060,1480,332.9266798,14.95702316,1,14,-9,180,-1,-1,49,5,14,1.0
12,2,60,369162,370686,370686,371691,371691,372300,372332,378332,378332,378936,378969,379003,382125,1524,1005,609,6000,604,513,0,600,1945,3156,3122,1345,345.8922318,12.96555199,1,28,-8,170,-1,-1,49,20,28,1.0
12,2,61,382128,383653,383653,384660,384660,385265,385297,391797,391797,392421,392453,392487,395566,1525,1007,605,6500,624,176,0,600,2263,3113,3079,1663,359.3336734,13.44144152,1,6,1,210,1,1,51,7,6,2.0
12,2,62,395569,397095,397095,398100,398100,398709,398741,407741,407741,408342,408375,408411,411530,1526,1005,609,9000,601,308,0,600,2151,3155,3119,1551,375.2969764,15.96330301,1,14,14,190,1,1,51,28,14,2.0
12,2,63,411532,413055,413055,414058,414058,414664,414696,421696,421696,422320,422352,422386,425485,1523,1003,606,7000,624,334,0,600,2110,3133,3099,1510,389.2524256,13.95544921,1,7,13,190,1,1,51,20,7,2.0
12,2,64,425486,427006,427006,428010,428010,428619,428651,437151,437151,437753,437786,437819,440927,1520,1004,609,8500,602,690,0,600,1775,3141,3108,1175,404.6945168,15.44209123,1,20,8,160,1,1,51,28,20,2.0
12,2,65,440930,442456,442456,443465,443465,444071,444103,453103,453103,453703,453736,453769,456865,1526,1009,606,9000,600,353,0,600,2106,3129,3096,1506,420.6325829,15.93806609,1,40,-20,190,-1,-1,49,20,40,1.0
12,2,66,456868,458389,458389,459398,459398,460002,460035,466535,466535,467166,467199,467233,470328,1521,1009,604,6500,631,250,0,600,2185,3129,3095,1585,434.0958419,13.46325901,1,20,-10,190,-1,-1,49,10,20,1.0
12,2,67,470331,471853,471853,472860,472860,473466,473499,481499,481499,482101,482133,482168,485286,1522,1007,606,8000,602,280,0,600,2183,3153,3118,1583,449.0535446,14.95770271,1,28,-14,180,-1,-1,49,14,28,1.0
12,2,68,485289,486815,486815,487822,487822,488428,488460,496960,496960,497578,497612,497646,500735,1526,1007,606,8500,618,311,0,600,2132,3123,3089,1532,464.5029701,15.4494255,1,56,-28,210,-1,-1,49,28,56,1.0
12,2,69,500738,502263,502263,503271,503271,503875,503909,511409,511409,512025,512057,512092,515176,1525,1008,604,7500,616,375,0,600,2072,3119,3084,1472,478.9435582,14.44058809,1,2,5,180,1,1,51,7,2,2.0
12,2,70,515179,516698,516698,517703,517703,518333,518366,525366,525366,525986,526019,526052,529128,1519,1005,630,7000,620,623,0,600,1803,3109,3076,1203,492.895365,13.95180678,1,4,1,150,1,1,51,5,4,2.0
12,2,71,529131,530653,530653,531656,531656,532283,532316,538316,538316,538917,538949,538983,542087,1522,1003,627,6000,601,329,0,600,2118,3138,3104,1518,505.8544265,12.9590615,1,14,-9,160,-1,-1,49,5,14,1.0
12,2,72,542090,543613,543613,544622,544622,545228,545260,552760,552760,553364,553396,553430,556530,1523,1009,606,7500,604,488,0,600,1970,3134,3100,1370,520.2977382,14.4433117,1,28,-8,160,-1,-1,49,20,28,1.0
12,3,73,32180,33705,33705,34721,34721,35340,35372,41872,41872,42473,42506,42542,45630,1525,1016,619,6500,601,277,0,600,2162,3124,3088,1562,13.46201715,13.46201715,1,28,-8,190,-1,-1,49,20,28,1.0
12,3,74,45634,47160,47160,48166,48166,48770,48803,55803,55803,56427,56460,56493,59585,1526,1006,604,7000,624,283,0,600,2157,3125,3092,1557,27.41453029,13.95251314,1,7,3,170,1,1,51,10,7,2.0
12,3,75,59587,61114,61114,62122,62122,62730,62762,71262,71262,71865,71898,71931,75020,1527,1008,608,8500,603,285,0,600,2169,3122,3089,1569,42.84970341,15.43517312,1,10,18,170,1,1,51,28,10,2.0
12,3,76,75023,76547,76547,77552,77552,78158,78190,86190,86190,86792,86824,86857,89956,1524,1005,606,8000,602,325,0,600,2138,3132,3099,1538,57.78542951,14.9357261,1,20,-13,180,-1,-1,49,7,20,1.0
12,3,77,89958,91487,91487,92491,92491,93101,93133,100633,100633,101260,101292,101325,104405,1529,1004,610,7500,627,439,0,600,1991,3113,3080,1391,72.23466215,14.44923264,1,14,14,190,1,1,51,28,14,2.0
12,3,78,104408,105933,105933,106940,106940,107544,107577,113577,113577,114204,114236,114270,117349,1525,1007,604,6000,627,303,0,600,2134,3113,3079,1534,85.17870794,12.94404579,1,14,-7,190,-1,-1,49,7,14,1.0
12,3,79,117352,118873,118873,119878,119878,120484,120516,129517,129517,130120,130151,130186,133291,1521,1005,606,9001,603,269,0,600,2195,3140,3105,1595,101.120782,15.94207405,1,20,8,190,1,1,51,28,20,2.0
12,3,80,133294,134818,134818,135827,135827,136434,136466,143966,143966,144566,144599,144633,147756,1524,1009,607,7500,600,252,0,600,2208,3157,3123,1608,115.5858979,14.46511594,1,14,14,210,1,1,51,28,14,2.0
12,3,81,147759,149279,149279,150287,150287,150895,150927,158927,158927,159555,159587,159621,162700,1520,1008,608,8000,628,213,0,600,2223,3113,3079,1623,130.5297087,14.94381074,1,7,13,210,1,1,51,20,7,2.0
12,3,82,162703,164226,164226,165231,165231,165838,165872,174372,174372,174974,175006,175039,178145,1523,1005,607,8500,602,302,0,600,2161,3139,3106,1561,145.9753525,15.44564385,1,20,-10,200,-1,-1,49,10,20,1.0
12,3,83,178148,179673,179673,180680,180680,181286,181319,187319,187319,187949,187982,188015,191107,1525,1007,606,6000,630,281,0,600,2151,3125,3092,1551,158.936468,12.9611155,1,7,-2,150,-1,-1,49,5,7,1.0
12,3,84,191109,192636,192636,193643,193643,194265,194297,203297,203297,203897,203929,203963,207066,1527,1007,622,9000,600,360,0,600,2084,3137,3103,1484,174.8952402,15.9587722,1,14,-7,200,-1,-1,49,7,14,1.0
12,3,85,207069,208596,208596,209599,209599,210205,210239,216739,216739,217346,217379,217413,220535,1527,1003,606,6500,607,285,0,600,2172,3156,3122,1572,188.3644859,13.46924565,1,40,-20,180,-1,-1,49,20,40,1.0
12,3,86,220538,222056,222056,223060,223060,223666,223698,230698,230698,231322,231355,231388,234475,1518,1004,606,7000,624,245,0,600,2203,3120,3087,1603,202.3043489,13.93986304,1,7,3,180,1,1,51,10,7,2.0
12,3,87,234478,236005,236005,237016,237016,237620,237652,246652,246652,247269,247301,247335,250420,1527,1011,604,9000,617,344,0,600,2097,3119,3085,1497,218.2495218,15.94517284,1,4,6,190,1,1,51,10,4,2.0
12,3,88,250423,251944,251944,252950,252950,253556,253588,259588,259588,260190,260221,260255,263368,1521,1006,606,6000,602,280,0,600,2185,3147,3113,1585,231.1969828,12.947461,1,28,-8,170,-1,-1,49,20,28,1.0
12,3,89,263371,264892,264892,265893,265893,266500,266532,275032,275032,275633,275666,275700,278817,1521,1001,607,8500,601,374,0,600,2096,3151,3117,1496,246.6463784,15.44939567,0,29,-1,170,-1,1,51,28,29,2.0
12,3,90,278820,280342,280342,281349,281349,281953,281986,288486,288486,289105,289137,289171,292257,1522,1007,604,6500,619,284,0,600,2164,3120,3086,1564,260.0865582,13.44017976,1,4,3,150,1,1,51,7,4,2.0
12,3,91,292260,293780,293780,294787,294787,295389,295421,302921,302921,303549,303581,303614,306712,1520,1007,602,7500,628,459,0,600,1984,3131,3098,1384,274.5411537,14.45459548,1,7,-2,190,-1,-1,49,5,7,1.0
12,3,92,306715,308237,308237,309243,309243,309848,309880,317880,317880,318481,318513,318546,321647,1522,1006,605,8000,601,234,0,600,2232,3134,3101,1632,289.4761131,14.93495946,1,40,-26,190,-1,-1,49,14,40,1.0
12,3,93,321649,323175,323175,324180,324180,324798,324831,331831,331831,332433,332465,332499,335592,1526,1005,618,7000,602,195,0,600,2254,3127,3093,1654,303.4218908,13.94577765,1,14,-4,160,-1,-1,49,10,14,1.0
12,3,94,335595,337121,337121,338126,338126,338731,338763,346263,346263,346895,346927,346961,350040,1526,1005,605,7500,632,401,0,600,2031,3113,3079,1431,317.8699096,14.4480188,1,10,-3,150,-1,-1,49,7,10,1.0
12,3,95,350043,351571,351571,352581,352581,353182,353214,361214,361214,361842,361875,361908,364997,1528,1010,601,8000,628,318,0,600,2115,3122,3089,1515,332.8268535,14.95694391,1,6,-1,170,-1,-1,49,5,6,1.0
12,3,96,365000,366525,366525,367533,367533,368133,368166,375166,375166,375785,375818,375851,378947,1525,1008,600,7000,619,197,0,600,2251,3129,3096,1651,346.7769471,13.9500936,1,4,1,180,1,1,51,5,4,2.0
12,3,97,378950,380473,380473,381481,381481,382103,382136,391136,391136,391736,391768,391802,394890,1523,1008,622,9000,600,646,0,600,1801,3122,3088,1201,362.7197079,15.94276083,1,10,-5,210,-1,-1,49,5,10,1.0
12,3,98,394893,396419,396419,397449,397449,398082,398115,406615,406615,407215,407247,407281,410326,1526,1030,633,8500,600,340,0,600,2071,3079,3045,1471,378.1552167,15.43550882,1,8,-1,160,-1,-1,49,7,8,1.0
12,3,99,410329,411849,411849,412855,412855,413462,413494,419994,419994,420622,420655,420688,423767,1520,1006,607,6500,628,370,0,600,2069,3112,3079,1469,391.596158,13.44094128,1,7,7,150,1,1,51,14,7,2.0
12,3,100,423770,425297,425297,426302,426302,426909,426941,432941,432941,433546,433579,433612,436702,1527,1005,607,6000,605,348,0,600,2108,3123,3090,1508,404.532011,12.93585297,1,29,-1,190,-1,-1,49,28,29,1.0
12,3,101,436705,438231,438231,439239,439239,439843,439875,448375,448375,449005,449037,449071,452157,1526,1008,604,8500,630,211,0,600,2221,3120,3086,1621,419.9860686,15.45405757,1,7,3,180,1,1,51,10,7,2.0
12,3,102,452159,453683,453683,454686,454686,455290,455322,462322,462322,462939,462971,463004,466111,1524,1003,604,7000,617,433,0,600,2019,3140,3107,1419,433.94009,13.95402141,1,15,-1,210,-1,-1,49,14,15,1.0
12,3,103,466114,467642,467642,468647,468647,469255,469287,475787,475787,476403,476436,476470,479549,1528,1005,608,6500,616,238,0,600,2205,3113,3079,1605,447.37838,13.43828999,1,57,-37,150,-1,-1,49,20,57,1.0
12,3,104,479552,481072,481073,482081,482081,482713,482745,491745,491745,492362,492395,492428,495506,1520,1008,632,9000,617,301,0,600,2122,3111,3078,1522,463.3354507,15.95707077,1,3,2,170,1,1,51,5,3,2.0
12,3,105,495509,497037,497037,498042,498042,498646,498680,506180,506180,506780,506813,506846,509962,1528,1005,604,7500,600,318,0,600,2145,3149,3116,1545,477.7916376,14.45618691,1,28,-14,170,-1,-1,49,14,28,1.0
12,3,106,509965,511488,511488,512491,512491,513096,513129,521129,521129,521730,521763,521796,524918,1523,1003,605,8000,601,214,0,600,2254,3155,3122,1654,492.7471396,14.95550194,1,28,-14,190,-1,-1,49,14,28,1.0
12,3,107,524921,526446,526446,527451,527451,528057,528089,534089,534089,534690,534722,534756,537878,1525,1005,606,6000,601,288,0,600,2175,3156,3122,1575,505.7072199,12.96008036,1,10,10,180,1,1,51,20,10,2.0
12,3,108,537881,539404,539404,540413,540413,541019,541051,549051,549051,549682,549715,549748,552815,1523,1009,606,8000,631,459,0,600,1972,3100,3067,1372,520.644008,14.93678806,1,7,7,170,1,1,51,14,7,2.0
12,4,109,63138,64666,64666,65683,65683,66295,66327,72327,72327,72927,72960,72996,76093,1528,1017,612,6000,600,322,0,600,2121,3133,3097,1521,12.96659858,12.96659858,1,14,-7,150,-1,-1,49,7,14,1.0
12,4,110,76098,77622,77622,78627,78627,79232,79264,86264,86264,86895,86928,86961,90060,1524,1005,605,7000,631,323,0,600,2112,3132,3099,1512,26.93247,13.96587142,1,10,4,190,1,1,51,14,10,2.0
12,4,111,90063,91592,91592,92601,92601,93205,93237,99737,99737,100359,100392,100425,103493,1529,1009,604,6500,622,228,0,600,2208,3101,3068,1608,40.36530524,13.43283524,1,4,6,200,1,1,51,10,4,2.0
12,4,112,103496,105020,105020,106025,106025,106658,106692,115692,115692,116312,116344,116377,119433,1524,1005,633,9000,620,317,0,600,2101,3089,3056,1501,56.30514569,15.93984044,1,3,2,200,1,1,51,5,3,2.0
12,4,113,119436,120962,120962,121969,121969,122570,122602,131102,131102,131718,131750,131784,134888,1526,1007,601,8500,616,235,0,600,2215,3138,3104,1615,71.75986472,15.45471903,1,2,5,160,1,1,51,7,2,2.0
12,4,114,134891,136415,136415,137424,137424,138024,138056,145556,145556,146174,146206,146239,149337,1524,1009,600,7500,618,427,0,600,2022,3131,3098,1422,86.20905185,14.44918714,1,2,5,180,1,1,51,7,2,2.0
12,4,115,149340,150865,150865,151866,151866,152469,152501,160501,160501,161123,161155,161189,164291,1525,1001,603,8000,622,233,0,600,2216,3136,3102,1616,101.1632158,14.95416394,1,4,3,170,1,1,51,7,4,2.0
12,4,116,164294,165819,165819,166826,166826,167435,167467,173467,173467,174087,174119,174152,177252,1525,1007,609,6000,620,297,0,600,2142,3133,3100,1542,114.1236873,12.96047152,1,5,5,170,1,1,51,10,5,2.0
12,4,117,177255,178780,178780,179784,179784,180391,180423,186923,186923,187555,187588,187622,190688,1525,1004,607,6500,632,553,0,600,1879,3100,3066,1279,127.5596057,13.43591836,1,11,-1,210,-1,-1,49,10,11,1.0
12,4,118,190691,192215,192215,193220,193220,193822,193854,201354,201354,201986,202018,202052,205124,1524,1005,602,7500,632,658,0,600,1779,3106,3072,1179,141.9962413,14.43663558,1,20,-13,180,-1,-1,49,7,20,1.0
12,4,119,205127,206654,206654,207660,207660,208269,208301,216301,216301,216902,216934,216967,220076,1527,1006,609,8000,601,241,0,600,2216,3142,3109,1616,156.9477042,14.95146294,1,10,18,150,1,1,51,28,10,2.0
12,4,120,220079,221602,221602,222608,222608,223236,223268,230268,230268,230888,230920,230954,234027,1523,1006,628,7000,620,265,0,600,2158,3107,3073,1558,170.8988814,13.95117726,1,2,3,190,1,1,51,5,2,2.0
12,4,121,234030,235555,235555,236563,236563,237195,237227,245727,245727,246328,246361,246394,249488,1525,1008,632,8500,601,386,0,600,2048,3127,3094,1448,186.3596968,15.46081536,1,14,-9,160,-1,-1,49,5,14,1.0
12,4,122,249491,251016,251016,252023,252023,252625,252658,261658,261658,262258,262290,262324,265447,1525,1007,602,9000,600,417,0,600,2049,3157,3123,1449,202.3182541,15.95855734,1,8,-1,180,-1,-1,49,7,8,1.0
12,4,123,265450,266975,266975,267984,267984,268592,268625,277625,277625,278253,278286,278319,281385,1525,1009,608,9000,628,420,0,600,2010,3099,3066,1410,218.2566421,15.93838793,0,29,-1,190,-1,1,51,28,29,2.0
12,4,124,281388,282914,282914,283918,283918,284522,284554,292554,292554,293182,293215,293250,296349,1526,1004,604,8000,628,324,0,600,2114,3134,3099,1514,233.2204351,14.96379301,1,7,7,190,1,1,51,14,7,2.0
12,4,125,296351,297873,297873,298878,298878,299495,299528,307028,307028,307651,307684,307718,310793,1522,1005,617,7500,623,370,0,600,2063,3109,3075,1463,247.6649757,14.44454061,1,4,1,170,1,1,51,5,4,2.0
12,4,126,310796,312321,312321,313328,313328,313935,313969,322469,322469,323090,323123,323157,326238,1525,1007,607,8500,621,373,0,600,2067,3115,3081,1467,263.1096215,15.44464578,1,79,-51,150,-1,-1,49,28,79,1.0
12,4,127,326241,327761,327761,328769,328769,329376,329409,335409,335409,336012,336044,336078,339174,1520,1008,607,6000,603,265,0,600,2197,3130,3096,1597,276.0462893,12.93666782,1,10,4,180,1,1,51,14,10,2.0
12,4,128,339177,340699,340699,341705,341705,342308,342340,349340,349340,349972,350004,350037,353108,1522,1006,603,7000,632,330,0,600,2107,3104,3071,1507,289.9795467,13.93325743,1,10,10,180,1,1,51,20,10,2.0
12,4,129,353111,354635,354635,355643,355643,356249,356283,362783,362783,363384,363417,363451,366548,1524,1008,606,6500,601,289,0,600,2172,3131,3097,1572,303.4192916,13.43974491,0,21,-1,210,-1,1,51,20,21,2.0
12,4,130,366551,368075,368075,369081,369081,369688,369721,375721,375721,376323,376357,376390,379497,1524,1006,607,6000,602,238,0,600,2223,3140,3107,1623,316.3690296,12.94973801,1,10,10,190,1,1,51,20,10,2.0
12,4,131,379500,381020,381020,382024,382024,382632,382664,391165,391165,391766,391798,391831,394939,1520,1004,608,8501,601,469,0,600,1997,3141,3108,1397,331.8112074,15.44217772,1,14,6,190,1,1,51,20,14,2.0
12,4,132,394942,396468,396468,397475,397475,398082,398114,405114,405114,405715,405747,405781,408888,1526,1007,607,7000,601,528,0,600,1931,3141,3107,1331,345.7591574,13.94795009,1,14,-4,190,-1,-1,49,10,14,1.0
12,4,133,408891,410410,410410,411418,411418,412022,412056,418556,418556,419164,419196,419230,422348,1519,1008,604,6500,608,184,0,600,2277,3152,3118,1677,359.2192544,13.46009694,1,40,-12,150,-1,-1,49,28,40,1.0
12,4,134,422351,423876,423876,424885,424885,425512,425545,434545,434545,435147,435179,435212,438294,1525,1009,627,9000,602,122,0,600,2315,3115,3082,1715,375.165029,15.94577464,1,10,-5,210,-1,-1,49,5,10,1.0
12,4,135,438296,439820,439820,440827,440827,441449,441481,448981,448981,449596,449628,449661,452757,1524,1007,622,7500,615,225,0,600,2207,3129,3096,1607,389.6287636,14.46373454,1,3,2,170,1,1,51,5,3,2.0
12,4,136,452760,454282,454282,455289,455289,455897,455929,463929,463929,464530,464563,464597,467719,1522,1007,608,8000,601,872,0,600,1590,3156,3122,990,404.5911758,14.96241222,1,11,-1,200,-1,-1,49,10,11,1.0
12,4,137,467722,469250,469250,470255,470255,470864,470896,478896,478896,479528,479560,479594,482661,1528,1005,609,8000,632,395,0,600,2031,3101,3067,1431,419.5325974,14.94142163,0,28,-8,190,-1,1,51,20,28,2.0
12,4,138,482664,484185,484185,485192,485192,485796,485829,494329,494329,494962,494994,495027,498116,1521,1007,604,8500,633,742,0,600,1693,3122,3089,1093,434.9875946,15.45499718,0,15,-1,170,-1,1,51,14,15,2.0
12,4,139,498119,499640,499640,500646,500646,501254,501288,508788,508788,509419,509452,509485,512567,1521,1006,608,7500,631,669,0,600,1765,3115,3082,1165,449.4381637,14.45056913,1,11,-1,170,-1,-1,49,10,11,1.0
12,4,140,512570,514095,514095,515100,515100,515703,515736,522736,522736,523337,523369,523403,526525,1525,1005,603,7000,601,446,0,600,2020,3156,3122,1420,463.3965318,13.95836809,1,21,-1,190,-1,-1,49,20,21,1.0
12,4,141,526528,528055,528055,529063,529063,529671,529703,535703,535703,536319,536351,536384,539463,1527,1008,608,6000,616,341,0,600,2100,3112,3079,1500,476.3349493,12.93841746,1,56,-28,180,-1,-1,49,28,56,1.0
12,4,142,539466,540988,540988,541994,541994,542602,542635,551635,551635,552241,552273,552306,555427,1522,1006,608,9000,606,409,0,600,2049,3154,3121,1449,492.2981619,15.9632126,1,40,-26,150,-1,-1,49,14,40,1.0
12,4,143,555430,556958,556958,557960,557960,558565,558598,565098,565098,565698,565730,565764,568861,1528,1002,605,6500,600,385,0,600,2080,3131,3097,1480,505.7326597,13.43449779,1,10,4,150,1,1,51,14,10,2.0
12,4,144,568864,570389,570389,571399,571399,572005,572038,578538,578538,579141,579173,579207,582302,1525,1010,606,6500,603,519,0,600,1937,3129,3095,1337,519.17378,13.44112028,1,10,18,170,1,1,51,28,10,2.0
12,5,145,16250,17779,17779,18797,18797,19407,19440,27940,27940,28558,28590,28625,31711,1529,1018,610,8500,618,273,0,600,2152,3121,3086,1552,15.47223173,15.47223173,1,2,5,200,1,1,51,7,2,2.0
12,5,146,31714,33238,33238,34242,34242,34843,34875,42375,42375,42977,43010,43043,46160,1524,1004,601,7500,602,661,0,600,1808,3150,3117,1208,29.9204669,14.44823517,0,27,1,210,1,-1,49,28,27,1.0
12,5,147,46163,47687,47687,48696,48696,49297,49329,58329,58329,58954,58986,59020,62114,1524,1009,601,9000,625,190,0,600,2251,3128,3094,1651,45.8742406,15.9537737,1,4,1,210,1,1,51,5,4,2.0
12,5,148,62117,63640,63640,64647,64647,65248,65281,72281,72281,72911,72944,72978,76051,1523,1007,601,7000,630,234,0,600,2205,3107,3073,1605,59.81149695,13.93725636,1,4,1,150,1,1,51,5,4,2.0
12,5,149,76054,77570,77570,78572,78572,79174,79206,85706,85706,86307,86340,86374,89514,1516,1002,602,6500,601,305,0,600,2174,3174,3140,1574,73.27473065,13.4632337,1,14,-7,150,-1,-1,49,7,14,1.0
12,5,150,89517,91043,91043,92053,92053,92662,92694,98694,98694,99314,99346,99379,102462,1526,1010,609,6000,620,601,0,600,1834,3116,3083,1234,86.22275518,12.94802453,1,6,1,180,1,1,51,7,6,2.0
12,5,151,102465,103987,103987,104990,104990,105597,105630,113630,113630,114245,114277,114311,117419,1522,1003,607,8000,615,271,0,600,2182,3142,3108,1582,101.1790126,14.95625743,1,7,13,170,1,1,51,20,7,2.0
12,5,152,117422,118948,118948,119955,119955,120559,120592,128592,128592,129207,129240,129274,132369,1526,1007,604,8000,615,449,0,600,1999,3129,3095,1399,116.1288618,14.9498492,1,4,1,170,1,1,51,5,4,2.0
12,5,153,132372,133897,133897,134905,134905,135514,135546,144546,144546,145177,145210,145243,148319,1525,1008,609,9000,631,297,0,600,2130,3109,3076,1530,132.0789783,15.9501165,1,5,9,190,1,1,51,14,5,2.0
12,5,154,148322,149842,149842,150849,150849,151453,151486,158486,158486,159086,159120,159155,162256,1520,1007,604,7000,600,324,0,600,2145,3136,3101,1545,146.0164574,13.93747906,1,10,18,200,1,1,51,28,10,2.0
12,5,155,162259,163787,163787,164797,164797,165399,165432,171432,171432,172034,172067,172100,175192,1528,1010,602,6000,602,257,0,600,2201,3125,3092,1601,158.9522489,12.93579149,1,14,-9,190,-1,-1,49,5,14,1.0
12,5,156,175195,176719,176719,177726,177726,178330,178362,186862,186862,187478,187511,187544,190632,1524,1007,604,8500,616,317,0,600,2132,3121,3088,1532,174.3921318,15.43988293,1,40,-26,200,-1,-1,49,14,40,1.0
12,5,157,190635,192161,192161,193166,193166,193771,193803,201303,201303,201903,201935,201968,205074,1526,1005,605,7500,600,332,0,600,2132,3139,3106,1532,188.8345855,14.44245375,1,40,-20,210,-1,-1,49,20,40,1.0
12,5,158,205077,206600,206600,207603,207603,208209,208242,214742,214742,215358,215391,215424,218521,1523,1003,606,6500,616,263,0,600,2189,3130,3097,1589,202.2816027,13.44701711,1,40,-26,150,-1,-1,49,14,40,1.0
12,5,159,218524,220050,220050,221053,221053,221660,221692,228692,228692,229292,229325,229358,232483,1526,1003,607,7000,600,321,0,600,2143,3158,3125,1543,216.243087,13.96148436,1,40,-12,190,-1,-1,49,28,40,1.0
12,5,160,232486,234010,234010,235015,235015,235623,235655,244155,244155,244759,244792,244827,247924,1524,1005,608,8500,604,619,0,600,1840,3132,3097,1240,231.6839288,15.44084183,1,14,6,170,1,1,51,20,14,2.0
12,5,161,247927,249450,249450,250455,250455,251061,251094,257094,257094,257697,257728,257764,260889,1523,1005,606,6000,603,252,0,600,2211,3161,3125,1611,244.6493091,12.96538022,1,9,1,170,1,1,51,10,9,2.0
12,5,162,260892,262416,262416,263421,263421,264029,264062,270562,270562,271164,271197,271232,274345,1524,1005,608,6500,602,314,0,600,2147,3148,3113,1547,258.1053007,13.45599164,1,10,10,180,1,1,51,20,10,2.0
12,5,163,274348,275868,275868,276872,276872,277479,277512,286512,286512,287115,287147,287181,290289,1520,1004,607,9000,603,365,0,600,2101,3142,3108,1501,274.0483077,15.94300703,0,14,-4,200,-1,1,51,10,14,2.0
12,5,164,290292,291815,291815,292823,292823,293430,293462,300962,300962,301563,301596,301631,304734,1523,1008,607,7500,601,619,0,600,1842,3138,3103,1242,288.4941414,14.4458337,1,20,8,150,1,1,51,28,20,2.0
12,5,165,304737,306264,306264,307272,307272,307879,307912,315912,315912,316513,316546,316580,319673,1527,1008,607,8000,601,355,0,600,2102,3127,3093,1502,303.4325471,14.93840571,1,10,18,160,1,1,51,28,10,2.0
12,5,166,319676,321202,321202,322206,322206,322812,322845,329845,329845,330446,330479,330513,333641,1526,1004,606,7000,601,262,0,600,2201,3162,3128,1601,317.4009801,13.9684329,1,14,14,170,1,1,51,28,14,2.0
12,5,167,333644,335168,335168,336174,336174,336776,336810,345310,345310,345911,345943,345978,349110,1524,1006,602,8500,601,68,0,600,2399,3167,3132,1799,332.8694624,15.46848233,1,14,-9,170,-1,-1,49,5,14,1.0
12,5,168,349112,350640,350640,351650,351650,352282,352314,359814,359814,360441,360473,360507,363573,1528,1010,632,7500,627,358,0,600,2045,3100,3066,1445,347.332402,14.46293958,1,4,6,200,1,1,51,10,4,2.0
12,5,169,363576,365104,365104,366107,366107,366712,366745,375745,375745,376350,376383,376417,379540,1528,1003,605,9000,605,312,0,600,2147,3157,3123,1547,363.2992425,15.96684057,1,28,-14,160,-1,-1,49,14,28,1.0
12,5,170,379543,381062,381062,382064,382064,382695,382729,389229,389229,389831,389864,389898,392980,1519,1002,631,6500,602,506,0,600,1940,3116,3082,1340,376.7400364,13.44079391,1,10,4,160,1,1,51,14,10,2.0
12,5,171,392983,394509,394509,395515,395515,396121,396154,402154,402154,402783,402816,402850,405924,1526,1006,606,6000,629,327,0,600,2106,3108,3074,1506,389.6838038,12.94376734,1,4,6,160,1,1,51,10,4,2.0
12,5,172,405927,407455,407455,408460,408460,409064,409097,417097,417097,417730,417763,417796,420879,1528,1005,604,8000,633,405,0,600,2025,3116,3083,1425,404.6390309,14.95522711,1,7,3,180,1,1,51,10,7,2.0
12,5,173,420882,422409,422409,423417,423417,424018,424051,430051,430051,430669,430701,430735,433838,1527,1008,601,6000,618,331,0,600,2115,3137,3103,1515,417.5979923,12.95896145,1,3,2,150,1,1,51,5,3,2.0
12,5,174,433841,435370,435370,436371,436371,436979,437011,445511,445511,446127,446160,446195,449293,1529,1001,608,8500,616,260,0,600,2186,3133,3098,1586,433.0527261,15.4547338,1,40,-26,150,-1,-1,49,14,40,1.0
12,5,175,449296,450820,450820,451827,451827,452435,452467,458967,458967,459568,459602,459635,462742,1524,1007,608,6500,601,598,0,600,1862,3140,3107,1262,446.5015743,13.44884812,0,19,1,190,1,-1,49,20,19,1.0
12,5,176,462745,464268,464268,465272,465272,465877,465909,472909,472909,473512,473544,473578,476707,1523,1004,605,7000,603,643,0,600,1822,3163,3129,1222,460.4667062,13.96513191,1,9,1,210,1,1,51,10,9,2.0
12,5,177,476710,478232,478232,479239,479239,479847,479880,487380,487380,487981,488013,488047,491154,1522,1007,608,7500,601,462,0,600,2000,3141,3107,1400,474.9133722,14.44666604,1,19,1,190,1,1,51,20,19,2.0
12,5,178,491157,492686,492686,493693,493693,494300,494333,502333,502333,502960,502994,503029,506108,1529,1007,607,8000,627,561,0,600,1869,3114,3079,1269,489.8674834,14.95411121,1,6,1,180,1,1,51,7,6,2.0
12,5,179,506111,507636,507636,508643,508643,509248,509280,518280,518280,518913,518947,518981,522072,1525,1007,605,9000,633,383,0,600,2047,3125,3091,1447,505.8316181,15.96413474,1,5,2,200,1,1,51,7,5,2.0
12,5,180,522075,523600,523600,524602,524602,525206,525240,531240,531240,531869,531902,531935,535039,1525,1002,604,6000,629,361,0,600,2079,3137,3104,1479,518.7981742,12.96655609,1,6,1,200,1,1,51,7,6,2.0
12,6,181,15790,17312,17312,18329,18329,18958,18991,24991,24991,25596,25628,25663,28758,1522,1017,629,6000,605,348,0,600,2079,3130,3095,1479,12.98094047,12.98094047,1,56,-28,210,-1,-1,49,28,56,1.0
12,6,182,28763,30287,30287,31292,31292,31900,31932,40932,40932,41537,41570,41603,44725,1524,1005,608,9000,605,219,0,600,2239,3155,3122,1639,28.94581894,15.96487847,1,40,-12,150,-1,-1,49,28,40,1.0
12,6,183,44728,46252,46252,47260,47260,47868,47901,55401,55401,56018,56051,56084,59178,1524,1008,608,7500,617,322,0,600,2121,3127,3094,1521,43.3991608,14.45334186,1,5,9,160,1,1,51,14,5,2.0
12,6,184,59181,60703,60703,61709,61709,62333,62366,69366,69366,69967,69999,70032,73127,1522,1006,624,7000,601,743,0,600,1704,3128,3095,1104,57.34785914,13.94869835,1,14,-9,190,-1,-1,49,5,14,1.0
12,6,185,73130,74657,74657,75664,75664,76271,76303,82803,82803,83405,83437,83472,86571,1527,1007,607,6500,602,162,0,600,2295,3134,3099,1695,70.79194863,13.44408949,1,28,-14,190,-1,-1,49,14,28,1.0
12,6,186,86574,88101,88101,89105,89105,89709,89741,97741,97741,98341,98373,98407,101516,1527,1004,604,8000,600,243,0,600,2222,3143,3109,1622,85.73699792,14.94504929,1,21,-1,190,-1,-1,49,20,21,1.0
12,6,187,101519,103042,103042,104048,104048,104652,104685,113185,113185,113802,113835,113868,116978,1523,1006,604,8500,617,338,0,600,2112,3143,3110,1512,101.1984609,15.46146296,1,2,5,160,1,1,51,7,2,2.0
12,6,188,116980,118505,118505,119512,119512,120116,120148,129148,129148,129751,129783,129818,132913,1525,1007,604,9000,603,190,0,600,2271,3130,3095,1671,117.1341855,15.93572459,1,14,14,200,1,1,51,28,14,2.0
12,6,189,132916,134444,134444,135450,135450,136058,136090,144590,144590,145195,145227,145260,148367,1528,1006,608,8500,605,1053,0,600,1400,3140,3107,800,132.5878407,15.45365526,0,20,-10,190,-1,1,51,10,20,2.0
12,6,190,148370,149897,149897,150901,150901,151507,151539,159539,159539,160165,160198,160231,163308,1527,1004,606,8000,626,303,0,600,2134,3110,3077,1534,147.5288363,14.94099552,1,5,5,210,1,1,51,10,5,2.0
12,6,191,163311,164838,164838,165841,165841,166447,166479,173479,173479,174094,174127,174161,177247,1527,1003,606,7000,615,309,0,600,2140,3120,3086,1540,161.4677612,13.93892494,1,57,-37,180,-1,-1,49,20,57,1.0
12,6,192,177250,178774,178774,179779,179779,180384,180417,187917,187917,188517,188550,188583,191693,1524,1005,605,7500,600,691,0,600,1775,3143,3110,1175,175.9137911,14.44602988,1,11,-1,210,-1,-1,49,10,11,1.0
12,6,193,191696,193222,193222,194227,194227,194833,194866,201366,201366,201970,202002,202037,205148,1526,1005,606,6500,604,336,0,600,2123,3146,3111,1523,189.3687229,13.45493179,1,40,-12,150,-1,-1,49,28,40,1.0
12,6,194,205151,206673,206673,207680,207680,208286,208318,214318,214318,214921,214954,214987,218094,1522,1007,606,6000,603,499,0,600,1963,3140,3107,1363,202.314527,12.94580417,1,28,-18,200,-1,-1,49,10,28,1.0
12,6,195,218097,219621,219621,220628,220628,221234,221266,229266,229266,229868,229900,229933,233051,1524,1007,606,8000,602,283,0,600,2178,3151,3118,1578,217.2716331,14.95710603,1,14,6,170,1,1,51,20,14,2.0
12,6,196,233054,234581,234581,235588,235588,236195,236228,243728,243728,244360,244393,244427,247487,1527,1007,607,7500,632,418,0,600,2009,3094,3060,1409,231.7074909,14.43585779,1,29,-1,150,-1,-1,49,28,29,1.0
12,6,197,247490,249013,249013,250019,250019,250626,250658,257158,257158,257790,257822,257855,260947,1523,1006,607,6500,632,287,0,600,2145,3125,3092,1545,245.1685726,13.46108175,1,20,-6,150,-1,-1,49,14,20,1.0
12,6,198,260951,262477,262477,263487,263487,264091,264124,273124,273124,273745,273778,273811,276911,1526,1010,604,9000,621,230,0,600,2209,3133,3100,1609,261.1312012,15.96262859,1,5,2,190,1,1,51,7,5,2.0
12,6,199,276914,278436,278436,279441,279441,280041,280073,287073,287073,287686,287720,287754,290868,1522,1005,600,7000,613,311,0,600,2149,3148,3114,1549,275.0889199,13.95771868,1,40,-26,180,-1,-1,49,14,40,1.0
12,6,200,290871,292394,292394,293398,293398,294006,294039,300039,300039,300669,300701,300734,303816,1523,1004,608,6000,630,402,0,600,2033,3115,3082,1433,288.0365276,12.94760776,1,7,13,190,1,1,51,20,7,2.0
12,6,201,303819,305343,305343,306353,306353,306962,306994,315494,315494,316095,316128,316161,319266,1524,1010,609,8500,601,495,0,600,1961,3138,3105,1361,303.4863777,15.44985011,1,10,4,190,1,1,51,14,10,2.0
12,6,202,319269,320799,320799,321806,321806,322413,322445,329945,329945,330556,330588,330622,333710,1530,1007,607,7500,611,249,0,600,2196,3122,3088,1596,317.9304365,14.44405875,1,40,-20,180,-1,-1,49,20,40,1.0
12,6,203,333713,335213,335213,336221,336221,336828,336860,345860,345860,346461,346493,346527,349650,1500,1008,607,9000,601,512,0,600,1972,3157,3123,1372,333.8706476,15.9402111,1,10,-3,150,-1,-1,49,7,10,1.0
12,6,204,349653,351183,351183,352187,352187,352792,352825,358825,358825,359426,359458,359491,362607,1530,1004,605,6000,601,896,0,600,1564,3149,3116,964,346.827417,12.95676942,1,14,-4,200,-1,-1,49,10,14,1.0
12,6,205,362610,364138,364138,365143,365143,365774,365807,374307,374307,374928,374961,374994,378071,1528,1005,631,8500,621,595,0,600,1820,3110,3077,1220,362.2913586,15.46394157,1,4,1,170,1,1,51,5,4,2.0
12,6,206,378074,379600,379600,380608,380608,381215,381248,389248,389248,389879,389911,389944,393006,1526,1008,607,8000,631,289,0,600,2139,3095,3062,1539,377.2264793,14.93512068,1,7,13,150,1,1,51,20,7,2.0
12,6,207,393009,394538,394538,395546,395546,396149,396183,402683,402683,403286,403318,403352,406462,1529,1008,603,6500,603,268,0,600,2189,3144,3110,1589,390.6821726,13.4556933,1,7,-2,180,-1,-1,49,5,7,1.0
12,6,208,406465,407991,407991,408999,408999,409605,409637,416637,416637,417254,417287,417321,420427,1526,1008,606,7000,617,238,0,600,2205,3140,3106,1605,404.6466632,13.96449063,1,5,2,210,1,1,51,7,5,2.0
12,6,209,420430,421954,421954,422957,422957,423561,423593,432093,432093,432693,432725,432758,435887,1524,1003,604,8500,600,230,0,600,2239,3162,3129,1639,420.1071016,15.46043837,1,10,-3,180,-1,-1,49,7,10,1.0
12,6,210,435890,437416,437416,438419,438419,439025,439057,448057,448057,448686,448719,448752,451851,1526,1003,606,9000,629,262,0,600,2174,3132,3099,1574,436.0711131,15.96401149,1,7,7,150,1,1,51,14,7,2.0
12,6,211,451854,453380,453380,454388,454388,454995,455028,462028,462028,462628,462660,462694,465801,1526,1008,607,7000,600,305,0,600,2154,3141,3107,1554,450.0215315,13.95041846,1,14,-9,180,-1,-1,49,5,14,1.0
12,6,212,465804,467330,467330,468337,468337,468966,468999,474999,474999,475630,475663,475696,478744,1526,1007,629,6000,631,306,0,600,2101,3081,3048,1501,462.9639862,12.94245466,1,14,-9,190,-1,-1,49,5,14,1.0
12,6,213,478747,480274,480274,481282,481282,481887,481920,489920,489920,490521,490553,490586,493708,1527,1008,605,8000,601,484,0,600,1975,3155,3122,1375,477.9284361,14.96444995,0,29,-1,210,-1,1,51,28,29,2.0
12,6,214,493711,495241,495241,496251,496251,496856,496888,504388,504388,504990,505022,505055,508141,1530,1010,605,7500,602,345,0,600,2108,3119,3086,1508,492.3611734,14.4327373,1,28,-18,190,-1,-1,49,10,28,1.0
12,6,215,508144,509670,509670,510674,510674,511278,511311,517811,517811,518436,518469,518501,521576,1526,1004,604,6500,625,368,0,600,2073,3107,3075,1473,505.7955106,13.43433717,1,5,2,200,1,1,51,7,5,2.0
12,6,216,521578,523102,523102,524111,524111,524713,524745,532745,532745,533367,533400,533434,536540,1524,1009,602,8000,622,434,0,600,2009,3140,3106,1409,520.7599536,14.96444302,1,4,1,210,1,1,51,5,4,2.0
13,1,1,79306,80834,80834,81834,81834,82464,82498,88998,88998,89623,89656,89692,92769,1528,1000,630,6500,625,711,0,600,1706,3113,3077,1106,13.50433343,13.50433343,1,5,2,150,1,1,51,7,5,2.0
13,1,2,92823,94349,94349,95368,95368,95975,96007,103507,103507,104107,104140,104173,107280,1526,1019,607,7500,600,566,0,600,1882,3140,3107,1282,27.96339882,14.45906539,1,28,-8,150,-1,-1,49,20,28,1.0
13,1,3,107283,108805,108805,109811,109811,110441,110473,117473,117473,118073,118105,118139,121221,1522,1006,630,7000,600,828,0,600,1614,3116,3082,1014,41.90428521,13.94088639,0,14,-7,210,-1,1,51,7,14,2.0
13,1,4,121224,122747,122747,123754,123754,124359,124391,132891,132891,133523,133556,133590,136657,1523,1007,605,8500,632,625,0,600,1808,3101,3067,1208,57.33967828,15.43539307,1,10,4,210,1,1,51,14,10,2.0
13,1,5,136659,138184,138184,139190,139190,139793,139826,145826,145826,146447,146479,146513,149602,1525,1006,603,6000,621,512,0,600,1933,3123,3089,1333,70.28500448,12.9453262,1,4,3,200,1,1,51,7,4,2.0
13,1,6,149605,151127,151127,152134,152134,152741,152774,160774,160774,161406,161439,161472,164538,1522,1007,607,8000,632,428,0,600,2004,3099,3066,1404,85.22057805,14.93557358,1,10,4,170,1,1,51,14,10,2.0
13,1,7,164541,166064,166064,167069,167069,167674,167707,176707,176707,177310,177342,177376,180504,1523,1005,605,9000,603,678,0,600,1786,3162,3128,1186,101.1868075,15.96622941,1,13,1,190,1,1,51,14,13,2.0
13,1,8,180507,182031,182031,183036,183036,183660,183693,191193,191193,191795,191828,191862,194940,1524,1005,624,7500,602,498,0,600,1947,3112,3078,1347,115.6226893,14.43588186,1,10,-5,150,-1,-1,49,5,10,1.0
13,1,9,194943,196471,196471,197477,197477,198083,198115,205115,205115,205719,205751,205784,208891,1528,1006,606,7000,604,305,0,600,2151,3140,3107,1551,129.5735405,13.95085117,1,20,8,150,1,1,51,28,20,2.0
13,1,10,208894,210416,210416,211420,211420,212045,212077,220077,220077,220700,220732,220766,223829,1522,1004,625,8000,623,331,0,600,2095,3097,3063,1495,144.5122059,14.93866544,1,4,3,180,1,1,51,7,4,2.0
13,1,11,223832,225354,225354,226358,226358,226961,226993,235993,235993,236617,236651,236684,239795,1522,1004,603,9000,624,663,0,600,1784,3144,3111,1184,160.4772742,15.9650683,0,7,7,170,1,-1,49,14,7,1.0
13,1,12,239798,241324,241324,242334,242334,242937,242970,249470,249470,250100,250133,250166,253245,1526,1010,603,6500,630,278,0,600,2153,3112,3079,1553,173.9276821,13.45040788,1,10,10,210,1,1,51,20,10,2.0
13,1,13,253248,254771,254771,255803,255803,256423,256457,264957,264957,265558,265591,265624,268689,1523,1032,620,8500,601,290,0,600,2134,3098,3065,1534,189.3712406,15.44355847,1,14,-7,190,-1,-1,49,7,14,1.0
13,1,14,268692,270215,270215,271221,271221,271848,271880,277880,277880,278502,278535,278569,281635,1523,1006,627,6000,622,490,0,600,1932,3100,3066,1332,202.3180051,12.94676455,1,4,1,210,1,1,51,5,4,2.0
13,1,15,281638,283162,283162,284167,284167,284767,284799,292799,292799,293421,293454,293488,296590,1524,1005,600,8000,622,301,0,600,2148,3136,3102,1548,217.2725674,14.9545623,1,4,6,150,1,1,51,10,4,2.0
13,1,16,296593,298114,298114,299118,299118,299724,299756,308756,308756,309374,309406,309439,312542,1521,1004,606,9000,618,522,0,600,1929,3136,3103,1329,233.2242395,15.95167205,1,7,13,150,1,1,51,20,7,2.0
13,1,17,312545,314068,314068,315074,315074,315679,315711,323211,323211,323812,323845,323879,326979,1523,1006,605,7500,601,424,0,600,2041,3134,3100,1441,247.66145,14.43721051,1,28,-18,150,-1,-1,49,10,28,1.0
13,1,18,326982,328504,328504,329512,329512,330142,330174,336674,336674,337277,337309,337343,340433,1522,1008,630,6500,603,317,0,600,2120,3124,3090,1520,261.1158113,13.4543613,1,14,-9,150,-1,-1,49,5,14,1.0
13,1,19,340436,341958,341958,342966,342966,343570,343602,349602,349602,350224,350256,350289,353372,1522,1008,604,6000,622,349,0,600,2095,3116,3083,1495,274.0543691,12.93855785,1,7,13,190,1,1,51,20,7,2.0
13,1,20,353375,354894,354894,355894,355894,356520,356552,363552,363552,364173,364206,364239,367305,1519,1000,626,7000,621,716,0,600,1718,3099,3066,1118,287.9877007,13.93333153,1,4,1,170,1,1,51,5,4,2.0
13,1,21,367308,368831,368831,369838,369838,370444,370477,378977,378977,379605,379637,379671,382749,1523,1007,606,8500,628,571,0,600,1865,3112,3078,1265,303.4320047,15.44430401,1,9,1,210,1,1,51,10,9,2.0
13,1,22,382752,384279,384279,385287,385287,385893,385927,391927,391927,392546,392579,392612,395695,1527,1008,606,6000,619,545,0,600,1895,3116,3083,1295,316.3778751,12.94587044,1,57,-37,150,-1,-1,49,20,57,1.0
13,1,23,395698,397223,397223,398228,398228,398851,398883,407883,407883,408483,408516,408549,411633,1525,1005,623,9000,600,512,0,600,1935,3117,3084,1335,332.3156826,15.93780749,1,14,-9,200,-1,-1,49,5,14,1.0
13,1,24,411636,413163,413163,414168,414168,414775,414807,422807,422807,423440,423472,423506,426587,1527,1005,607,8000,633,516,0,600,1912,3115,3081,1312,347.2692827,14.95360009,1,14,6,210,1,1,51,20,14,2.0
13,1,25,426590,428108,428108,429110,429110,429741,429773,437273,437273,437906,437939,437972,441050,1518,1002,631,7500,633,791,0,600,1625,3111,3078,1025,361.73241,14.4631273,1,10,-3,170,-1,-1,49,7,10,1.0
13,1,26,441053,442572,442572,443576,443576,444182,444215,452715,452715,453347,453380,453414,456485,1519,1004,606,8500,632,660,0,600,1779,3105,3071,1179,377.167829,15.43541898,1,20,8,160,1,1,51,28,20,2.0
13,1,27,456488,458013,458013,459017,459017,459625,459658,466158,466158,466790,466822,466855,469943,1525,1004,608,6500,632,509,0,600,1922,3121,3088,1322,390.6248762,13.45704724,1,14,14,160,1,1,51,28,14,2.0
13,1,28,469946,471468,471468,472475,472475,473081,473113,480113,480113,480713,480746,480780,483888,1522,1007,606,7000,600,527,0,600,1938,3142,3108,1338,404.5701813,13.9453051,1,20,-10,190,-1,-1,49,10,20,1.0
13,1,29,483891,485418,485418,486428,486428,487057,487090,494090,494090,494711,494744,494777,497825,1527,1010,629,7000,621,474,0,600,1939,3081,3048,1339,418.5074994,13.9373181,1,2,3,200,1,1,51,5,2,2.0
13,1,30,497828,499349,499349,500353,500353,500957,500989,508489,508489,509092,509124,509158,512275,1521,1004,604,7500,603,605,0,600,1863,3151,3117,1263,432.9574224,14.449923,1,40,-12,180,-1,-1,49,28,40,1.0
13,1,31,512278,513802,513802,514808,514808,515413,515445,523945,523945,524570,524602,524636,527737,1524,1006,605,8500,625,457,0,600,1983,3135,3101,1383,448.4187091,15.46128665,1,7,3,180,1,1,51,10,7,2.0
13,1,32,527739,529260,529260,530266,530266,530889,530922,539922,539922,540523,540555,540588,543700,1521,1006,623,9000,601,894,0,600,1555,3145,3112,955,464.3822402,15.96353111,1,14,-4,160,-1,-1,49,10,14,1.0
13,1,33,543703,545227,545227,546230,546230,546834,546866,554866,554866,555474,555506,555540,558641,1524,1003,604,8000,608,527,0,600,1934,3135,3101,1334,479.3235512,14.941311,1,40,-26,190,-1,-1,49,14,40,1.0
13,1,34,558644,560167,560167,561175,561175,561784,561816,567816,567816,568421,568454,568487,571576,1523,1008,609,6000,605,612,0,600,1843,3122,3089,1243,492.2578157,12.93426451,0,40,-12,200,-1,1,51,28,40,2.0
13,1,35,571579,573102,573102,574106,574106,574711,574744,581244,581244,581877,581909,581943,585015,1523,1004,605,6500,633,589,0,600,1846,3106,3072,1246,505.6967376,13.43892189,1,14,14,210,1,1,51,28,14,2.0
13,1,36,585018,586540,586540,587543,587543,588149,588181,596681,596681,597313,597345,597379,600475,1522,1003,606,8500,632,522,0,600,1915,3130,3096,1315,521.1568312,15.4600936,1,10,4,190,1,1,51,14,10,2.0
13,2,37,37947,39476,39476,40496,40496,41102,41134,50134,50134,50753,50785,50820,53910,1529,1020,606,9000,619,571,0,600,1855,3125,3090,1255,15.97584431,15.97584431,1,2,5,210,1,1,51,7,2,2.0
13,2,38,53915,55441,55441,56446,56446,57054,57086,65086,65086,65718,65750,65784,68863,1526,1005,608,8000,632,534,0,600,1895,3113,3079,1295,30.92599001,14.9501457,1,20,-6,180,-1,-1,49,14,20,1.0
13,2,39,68866,70385,70385,71390,71390,71997,72030,79530,79530,80138,80170,80204,83315,1519,1005,607,7500,608,597,0,600,1864,3145,3111,1264,45.37823191,14.4522419,1,40,-12,210,-1,-1,49,28,40,1.0
13,2,40,83318,84841,84841,85846,85846,86450,86483,92483,92483,93083,93116,93150,96265,1523,1005,604,6000,600,567,0,600,1901,3149,3115,1301,58.32861267,12.95038076,1,10,10,160,1,1,51,20,10,2.0
13,2,41,96267,97792,97792,98795,98795,99400,99433,107933,107933,108550,108582,108617,111715,1525,1003,605,8500,617,459,0,600,1991,3133,3098,1391,73.77866134,15.45004867,1,57,-37,200,-1,-1,49,20,57,1.0
13,2,42,111718,113245,113245,114250,114250,114858,114890,121390,121390,121992,122024,122057,125170,1527,1005,608,6500,602,863,0,600,1595,3146,3113,995,87.23357713,13.45491579,1,13,1,200,1,1,51,14,13,2.0
13,2,43,125173,126696,126696,127700,127700,128304,128336,135336,135336,135961,135993,136026,139125,1523,1004,604,7000,625,746,0,600,1698,3132,3099,1098,101.1884019,13.95482478,1,5,5,200,1,1,51,10,5,2.0
13,2,44,139128,140650,140650,141658,141658,142260,142293,149793,149793,150394,150427,150460,153579,1522,1008,602,7500,601,639,0,600,1828,3152,3119,1228,115.6417419,14.45334002,1,10,-3,160,-1,-1,49,7,10,1.0
13,2,45,153582,155108,155108,156113,156113,156719,156751,163751,163751,164382,164414,164447,167517,1526,1005,606,7000,631,654,0,600,1778,3103,3070,1178,129.5803869,13.93864495,1,79,-51,210,-1,-1,49,28,79,1.0
13,2,46,167520,169044,169044,170046,170046,170649,170682,178682,178682,179310,179342,179376,182476,1524,1002,603,8000,628,853,0,600,1590,3134,3100,990,144.5397657,14.9593788,1,79,-51,190,-1,-1,49,28,79,1.0
13,2,47,182479,184000,184000,185005,185005,185636,185669,191669,191669,192302,192335,192368,195418,1521,1005,631,6000,633,793,0,600,1617,3083,3050,1017,157.4811668,12.9414011,1,14,-9,180,-1,-1,49,5,14,1.0
13,2,48,195421,196946,196946,197950,197950,198575,198608,207108,207108,207726,207758,207792,210881,1525,1004,625,8500,618,512,0,600,1916,3123,3089,1316,172.9442422,15.46307547,1,4,1,170,1,1,51,5,4,2.0
13,2,49,210884,212404,212404,213410,213410,214041,214074,220574,220574,221190,221222,221255,224333,1520,1006,631,6500,616,637,0,600,1790,3111,3078,1190,186.3959155,13.45167325,1,3,2,150,1,1,51,5,3,2.0
13,2,50,224336,225860,225860,226864,226864,227467,227500,236500,236500,237126,237159,237192,240283,1524,1004,603,9000,626,773,0,600,1670,3124,3091,1070,202.346273,15.95035755,1,5,2,180,1,1,51,7,5,2.0
13,2,51,240286,241813,241813,242825,242825,243431,243463,250463,250463,251073,251105,251138,254227,1527,1012,606,7000,610,513,0,600,1932,3122,3089,1332,216.2904282,13.94415515,1,40,-26,190,-1,-1,49,14,40,1.0
13,2,52,254230,255754,255754,256757,256757,257390,257422,265422,265422,266023,266055,266088,269184,1524,1003,633,8000,601,486,0,600,1953,3129,3096,1353,231.2470538,14.95662565,1,14,-9,160,-1,-1,49,5,14,1.0
13,2,53,269187,270710,270710,271712,271712,272340,272372,279872,279872,280491,280523,280556,283623,1523,1002,628,7500,619,906,0,600,1522,3100,3067,922,245.6863154,14.43926151,1,2,3,210,1,1,51,5,2,2.0
13,2,54,283626,285152,285152,286158,286158,286764,286796,295796,295796,296398,296430,296464,299563,1526,1006,606,9000,602,776,0,600,1684,3133,3099,1084,261.6257402,15.93942484,1,14,14,200,1,1,51,28,14,2.0
13,2,55,299566,301090,301090,302094,302094,302698,302731,311231,311231,311834,311866,311899,315005,1524,1004,604,8500,603,1016,0,600,1449,3139,3106,849,277.0683856,15.44264538,1,14,-4,210,-1,-1,49,10,14,1.0
13,2,56,315008,316530,316530,317534,317534,318139,318171,324171,324171,324794,324826,324859,327945,1522,1004,605,6000,623,639,0,600,1807,3119,3086,1207,290.0083095,12.93992388,1,20,-10,150,-1,-1,49,10,20,1.0
13,2,57,327948,329470,329470,330473,330473,331075,331108,337608,337608,338225,338257,338291,341390,1522,1003,602,6500,617,1038,0,600,1418,3133,3099,818,303.4527515,13.44444203,1,6,1,170,1,1,51,7,6,2.0
13,2,58,341393,342915,342915,343921,343921,344528,344560,352060,352060,352683,352716,352750,355848,1522,1006,607,7500,623,616,0,600,1826,3132,3098,1226,317.9106512,14.45789976,1,5,9,150,1,1,51,14,5,2.0
13,2,59,355851,357375,357375,358380,358380,358987,359019,367019,367019,367626,367658,367692,370808,1524,1005,607,8000,607,994,0,600,1463,3150,3116,863,332.8701458,14.95949451,1,40,-12,190,-1,-1,49,28,40,1.0
13,2,60,370810,372329,372329,373331,373331,373935,373968,380468,380468,381099,381131,381165,384264,1519,1002,604,6500,631,620,0,600,1824,3133,3099,1224,346.327168,13.45702223,1,79,-51,180,-1,-1,49,28,79,1.0
13,2,61,384267,385794,385794,386801,386801,387432,387464,396464,396464,397080,397112,397146,400214,1527,1007,631,9000,616,1040,0,600,1379,3102,3068,779,362.2763388,15.94917083,1,5,5,200,1,1,51,10,5,2.0
13,2,62,400217,401741,401741,402746,402746,403350,403383,410383,410383,410983,411016,411049,414170,1524,1005,604,7000,600,1094,0,600,1373,3154,3121,773,376.2322768,13.95593797,1,10,4,150,1,1,51,14,10,2.0
13,2,63,414173,415695,415695,416702,416702,417305,417337,425837,425837,426469,426501,426534,429633,1522,1007,603,8500,632,748,0,600,1688,3132,3099,1088,391.6959402,15.4636634,1,40,-20,200,-1,-1,49,20,40,1.0
13,2,64,429636,431161,431161,432168,432168,432774,432806,438806,438806,439438,439470,439504,442567,1525,1007,606,6000,632,845,0,600,1585,3097,3063,985,404.6299507,12.93401047,1,10,4,160,1,1,51,14,10,2.0
13,2,65,442570,444095,444095,445104,445104,445732,445765,452765,452765,453380,453412,453445,456531,1525,1009,628,7000,615,641,0,600,1782,3119,3086,1182,418.5933112,13.96336055,1,2,3,180,1,1,51,5,2,2.0
13,2,66,456534,458054,458054,459058,459058,459661,459694,468194,468194,468818,468851,468884,471975,1520,1004,603,8500,624,710,0,600,1739,3124,3091,1139,434.0381929,15.4448817,1,5,5,170,1,1,51,10,5,2.0
13,2,67,471978,473504,473504,474506,474506,475112,475144,481644,481644,482250,482283,482316,485419,1526,1002,606,6500,606,1076,0,600,1384,3136,3103,784,447.4813554,13.4431625,1,40,-20,160,-1,-1,49,20,40,1.0
13,2,68,485421,486942,486942,487945,487945,488569,488602,494602,494602,495202,495234,495267,498355,1521,1003,624,6000,600,1645,0,600,807,3121,3088,207,460.4180545,12.93669912,1,10,-3,180,-1,-1,49,7,10,1.0
13,2,69,498358,499879,499879,500880,500880,501485,501517,509017,509017,509640,509673,509706,512799,1521,1001,605,7500,623,780,0,600,1670,3126,3093,1070,474.8624095,14.44435494,1,7,13,170,1,1,51,20,7,2.0
13,2,70,512803,514326,514326,515331,515331,515962,515995,524995,524995,525625,525658,525691,528735,1523,1005,631,9000,630,463,0,600,1948,3077,3044,1348,490.7978083,15.93539879,1,10,-3,170,-1,-1,49,7,10,1.0
13,2,71,528738,530263,530263,531271,531271,531881,531913,539913,539913,540540,540572,540606,543700,1525,1008,610,8000,627,1002,0,600,1428,3128,3094,828,505.7629335,14.96512526,1,7,13,210,1,1,51,20,7,2.0
13,2,72,543703,545224,545224,546230,546230,546837,546869,555869,555869,556501,556535,556569,559665,1521,1006,607,9000,632,486,0,600,1948,3130,3096,1348,521.7274314,15.96449784,1,28,-18,170,-1,-1,49,10,28,1.0
13,3,73,38646,40172,40172,41187,41187,41789,41822,47822,47822,48433,48465,48502,51613,1526,1015,602,6000,611,657,0,600,1789,3148,3111,1189,12.98027688,12.98027688,1,57,-37,150,-1,-1,49,20,57,1.0
13,3,74,51618,53145,53145,54155,54155,54757,54789,61789,61789,62418,62450,62484,65580,1527,1010,602,7000,629,744,0,600,1688,3130,3096,1088,26.94554407,13.96526719,1,4,3,210,1,1,51,7,4,2.0
13,3,75,65583,67103,67103,68110,68110,68715,68748,76248,76248,76872,76905,76938,80043,1520,1007,605,7500,624,369,0,600,2075,3138,3105,1475,41.40844958,14.46290551,1,4,3,180,1,1,51,7,4,2.0
13,3,76,80046,81571,81571,82572,82572,83201,83233,92233,92233,92835,92867,92900,95981,1525,1001,629,9000,602,343,0,600,2100,3114,3081,1500,57.34628721,15.93783763,1,14,-9,190,-1,-1,49,5,14,1.0
13,3,77,95984,97506,97506,98513,98513,99118,99150,105650,105650,106257,106289,106322,109428,1522,1007,605,6500,607,852,0,600,1607,3139,3106,1007,70.79359931,13.4473121,0,56,-28,210,-1,1,51,28,56,2.0
13,3,78,109431,110952,110952,111955,111955,112558,112590,120590,120590,121190,121224,121257,124386,1521,1003,603,8000,600,581,0,600,1892,3162,3129,1292,85.75117512,14.95757581,1,7,7,170,1,1,51,14,7,2.0
13,3,79,124389,125913,125913,126918,126918,127524,127557,136057,136057,136657,136689,136723,139846,1524,1005,606,8500,600,613,0,600,1852,3157,3123,1252,101.211037,15.45986186,1,40,-26,150,-1,-1,49,14,40,1.0
13,3,80,139849,141374,141374,142383,142383,142986,143018,149018,149018,149638,149671,149704,152803,1525,1009,603,6000,620,523,0,600,1920,3132,3099,1320,114.1681195,12.9570825,1,4,6,150,1,1,51,10,4,2.0
13,3,81,152806,154332,154332,155337,155337,155939,155971,162471,162471,163095,163127,163161,166261,1526,1005,602,6500,624,1104,0,600,1339,3134,3100,739,127.6259171,13.45779761,1,5,2,150,1,1,51,7,5,2.0
13,3,82,166264,167786,167786,168796,168796,169402,169435,177435,177435,178038,178070,178103,181207,1522,1010,606,8000,603,1176,0,600,1283,3137,3104,683,142.5712354,14.94531836,0,13,1,190,1,-1,49,14,13,1.0
13,3,83,181210,182732,182732,183738,183738,184343,184376,193376,193376,194000,194032,194066,197168,1522,1006,605,9000,624,620,0,600,1823,3136,3102,1223,158.5328228,15.9615874,1,5,5,210,1,1,51,10,5,2.0
13,3,84,197171,198692,198692,199699,199699,200306,200339,208839,208839,209441,209475,209508,212612,1521,1007,607,8500,602,1334,0,600,1129,3137,3104,529,173.9762225,15.44339966,0,13,1,210,1,-1,49,14,13,1.0
13,3,85,212614,214142,214142,215146,215146,215749,215782,223282,223282,223903,223936,223969,227070,1528,1004,603,7500,621,427,0,600,2017,3134,3101,1417,188.4346047,14.45838223,1,2,5,210,1,1,51,7,2,2.0
13,3,86,227073,228601,228601,229602,229602,230205,230239,237239,237239,237868,237901,237936,241032,1528,1001,603,7000,629,622,0,600,1817,3131,3096,1217,202.3963594,13.96175465,1,79,-51,180,-1,-1,49,28,79,1.0
13,3,87,241035,242564,242564,243572,243572,244172,244204,251704,251704,252323,252356,252390,255475,1529,1008,600,7500,619,1123,0,600,1321,3119,3085,721,216.8400553,14.44369589,1,7,-2,210,-1,-1,49,5,7,1.0
13,3,88,255478,257003,257003,258011,258011,258619,258651,264651,264651,265253,265286,265319,268440,1525,1008,608,6000,602,1872,0,600,585,3154,3121,-15,229.8048572,12.96480191,1,9,1,210,1,1,51,10,9,2.0
13,3,89,268443,269963,269963,270968,270968,271574,271607,280607,280607,281235,281267,281300,284388,1520,1005,606,9000,628,511,0,600,1930,3121,3088,1330,245.7528024,15.94794524,1,5,5,170,1,1,51,10,5,2.0
13,3,90,284391,285918,285918,286922,286922,287529,287563,295563,295563,296195,296228,296261,299329,1527,1004,607,8000,632,916,0,600,1514,3101,3068,914,260.6931702,14.94036777,1,40,-20,210,-1,-1,49,20,40,1.0
13,3,91,299332,300852,300852,301856,301856,302462,302494,308994,308994,309595,309628,309661,312792,1520,1004,606,6500,601,746,0,600,1723,3164,3131,1123,274.1567863,13.46361609,1,10,10,150,1,1,51,20,10,2.0
13,3,92,312795,314317,314317,315322,315322,315927,315959,322959,322959,323592,323624,323657,326751,1522,1005,605,7000,633,1492,0,600,943,3127,3094,343,288.1149744,13.95818816,0,10,10,210,1,-1,49,20,10,1.0
13,3,93,326754,328277,328277,329278,329278,329909,329941,338441,338441,339053,339085,339119,342205,1523,1001,631,8500,612,514,0,600,1919,3120,3086,1319,303.569663,15.45468857,1,2,3,150,1,1,51,5,2,2.0
13,3,94,342208,343732,343732,344739,344739,345367,345399,351899,351899,352527,352559,352592,355649,1524,1007,628,6500,628,711,0,600,1702,3090,3057,1102,317.0132492,13.4435862,1,7,-2,210,-1,-1,49,5,7,1.0
13,3,95,355652,357177,357177,358186,358186,358792,358824,366324,366324,366949,366981,367015,370108,1525,1009,606,7500,625,1164,0,600,1271,3127,3093,671,331.4719765,14.45872727,1,10,4,180,1,1,51,14,10,2.0
13,3,96,370111,371638,371638,372642,372642,373248,373280,380280,380280,380882,380914,380947,384049,1527,1004,606,7000,602,1043,0,600,1418,3135,3102,818,345.4129307,13.9409542,1,14,14,190,1,1,51,28,14,2.0
13,3,97,384052,385575,385575,386576,386576,387183,387215,393215,393215,393816,393848,393881,397012,1523,1001,607,6000,601,785,0,600,1683,3164,3131,1083,358.3759034,12.96297271,1,10,18,190,1,1,51,28,10,2.0
13,3,98,397015,398541,398541,399547,399547,400149,400183,408183,408183,408800,408833,408866,411971,1526,1006,602,8000,617,1370,0,600,1079,3138,3105,479,373.3355302,14.95962681,1,14,-4,170,-1,-1,49,10,14,1.0
13,3,99,411974,413498,413498,414504,414504,415132,415165,423665,423665,424282,424314,424347,427417,1524,1006,628,8500,617,527,0,600,1898,3103,3070,1298,388.781479,15.44594879,1,2,3,170,1,1,51,5,2,2.0
13,3,100,427420,428944,428944,429951,429951,430556,430588,439588,439588,440207,440239,440272,443361,1524,1007,605,9000,619,285,0,600,2160,3122,3089,1560,404.7248497,15.94337073,1,10,-3,190,-1,-1,49,7,10,1.0
13,3,101,443364,444891,444891,445897,445897,446502,446534,452534,452534,453137,453169,453202,456318,1527,1006,605,6000,603,1250,0,600,1209,3149,3116,609,417.6817104,12.95686071,1,14,6,200,1,1,51,20,14,2.0
13,3,102,456320,457844,457844,458852,458852,459457,459490,466490,466490,467123,467157,467190,470254,1524,1008,605,7000,633,878,0,600,1552,3097,3064,952,431.6181293,13.93641887,1,20,-10,190,-1,-1,49,10,20,1.0
13,3,103,470257,471780,471780,472787,472787,473393,473425,479925,479925,480526,480559,480592,483707,1523,1007,606,6500,601,896,0,600,1567,3148,3115,967,445.071315,13.45318573,1,20,-6,170,-1,-1,49,14,20,1.0
13,3,104,483710,485239,485239,486245,486245,486848,486880,495880,495880,496510,496543,496576,499642,1529,1006,603,9000,630,527,0,600,1905,3099,3066,1305,461.0057368,15.93442181,1,7,13,150,1,1,51,20,7,2.0
13,3,105,499645,501166,501166,502170,502170,502803,502835,511335,511335,511966,512000,512034,515092,1521,1004,633,8500,631,2361,0,600,50,3092,3058,-550,476.4560013,15.45026444,1,6,1,180,1,1,51,7,6,2.0
13,3,106,515095,516621,516621,517625,517625,518229,518260,526260,526260,526860,526892,526925,530039,1526,1004,604,8000,600,1021,0,600,1445,3147,3114,845,491.4031075,14.94710628,1,20,8,190,1,1,51,28,20,2.0
13,3,107,530042,531561,531561,532568,532568,533176,533208,540708,540708,541309,541341,541375,544499,1519,1007,608,7500,601,1583,0,600,882,3158,3124,282,505.8627801,14.45967261,0,27,1,190,1,-1,49,28,27,1.0
13,3,108,544502,546025,546025,547029,547029,547654,547687,556687,556687,557289,557321,557354,560443,1523,1004,625,9000,602,678,0,600,1768,3122,3089,1168,521.8073527,15.94457252,1,10,-5,170,-1,-1,49,5,10,1.0
13,4,109,49687,51212,51212,52213,52213,52830,52862,61362,61362,61995,62029,62065,65150,1525,1001,617,8500,633,396,0,600,2028,3121,3085,1428,15.47522232,15.47522232,1,20,-13,200,-1,-1,49,7,20,1.0
13,4,110,65155,66679,66679,67681,67681,68291,68324,75824,75824,76438,76471,76504,79588,1524,1002,610,7500,614,797,0,600,1653,3117,3084,1053,29.91124401,14.43602169,1,56,-28,180,-1,-1,49,28,56,1.0
13,4,111,79591,81118,81118,82122,82122,82728,82760,91760,91760,92388,92420,92454,95548,1527,1004,606,9000,628,320,0,600,2115,3128,3094,1515,45.87112696,15.95988296,1,14,-9,210,-1,-1,49,5,14,1.0
13,4,112,95551,97079,97079,98084,98084,98692,98724,105724,105724,106357,106389,106422,109499,1528,1005,608,7000,633,1180,0,600,1246,3110,3077,646,59.82270559,13.95157863,1,14,-4,180,-1,-1,49,10,14,1.0
13,4,113,109502,111026,111026,112028,112028,112632,112664,120664,120664,121295,121327,121362,124449,1524,1002,604,8000,631,929,0,600,1510,3122,3087,910,74.77259665,14.94989106,1,7,7,200,1,1,51,14,7,2.0
13,4,114,124452,125978,125978,126983,126983,127583,127615,133615,133615,134230,134264,134298,137397,1526,1005,600,6000,615,650,0,600,1804,3133,3099,1204,87.72026103,12.94766438,1,2,3,150,1,1,51,5,2,2.0
13,4,115,137400,138900,138900,139904,139904,140509,140541,147041,147041,147641,147674,147709,150849,1500,1004,605,6500,600,1086,0,600,1405,3175,3140,805,101.171623,13.45136196,1,20,-10,170,-1,-1,49,10,20,1.0
13,4,116,150852,152376,152376,153384,153384,153991,154025,160525,160525,161127,161160,161194,164312,1524,1008,607,6500,602,1415,0,600,1044,3152,3118,444,114.6350128,13.46338978,1,14,6,210,1,1,51,20,14,2.0
13,4,117,164315,165837,165837,166841,166841,167445,167478,175978,175978,176610,176642,176676,179747,1522,1004,604,8500,632,1078,0,600,1360,3105,3071,760,130.0707156,15.43570286,1,40,-20,150,-1,-1,49,20,40,1.0
13,4,118,179751,181277,181278,182283,182283,182890,182923,190923,190923,191526,191560,191594,194699,1526,1005,607,8000,603,883,0,600,1576,3139,3105,976,145.0222623,14.95154668,1,7,3,200,1,1,51,10,7,2.0
13,4,119,194702,196231,196231,197236,197236,197840,197873,204873,204873,205485,205519,205552,208647,1529,1005,604,7000,612,1556,0,600,894,3128,3095,294,158.9693812,13.94711893,1,40,-12,200,-1,-1,49,28,40,1.0
13,4,120,208649,210173,210173,211179,211179,211784,211817,220817,220817,221420,221453,221487,224612,1524,1006,605,9000,603,1583,0,600,879,3159,3125,279,174.9347316,15.96535037,1,20,8,170,1,1,51,28,20,2.0
13,4,121,224615,226139,226139,227143,227143,227748,227780,233780,233780,234410,234442,234476,237572,1524,1004,605,6000,630,1489,0,600,948,3130,3096,348,187.8949319,12.96020028,1,4,1,150,1,1,51,5,4,2.0
13,4,122,237575,239101,239101,240103,240103,240709,240743,248243,248243,248845,248878,248913,252042,1526,1002,606,7500,602,1880,0,600,584,3164,3129,-16,202.3652657,14.47033381,0,19,1,190,1,-1,49,20,19,1.0
13,4,123,252045,253569,253569,254577,254577,255182,255215,261716,261716,262349,262381,262416,265501,1524,1008,605,6501,633,512,0,600,1917,3120,3085,1317,215.8244203,13.45915459,1,28,-14,180,-1,-1,49,14,28,1.0
13,4,124,265504,267024,267024,268032,268032,268663,268695,276195,276195,276817,276849,276883,279952,1520,1008,631,7500,622,560,0,600,1859,3103,3069,1259,230.2747839,14.45036358,1,2,3,210,1,1,51,5,2,2.0
13,4,125,279955,281482,281482,282490,282490,283095,283127,290127,290127,290759,290791,290825,293897,1527,1008,605,7000,632,1177,0,600,1251,3106,3072,651,244.2193374,13.94455353,1,5,2,190,1,1,51,7,5,2.0
13,4,126,293900,295421,295421,296425,296425,297031,297064,305064,305064,305664,305696,305730,308853,1521,1004,606,8000,600,645,0,600,1824,3157,3123,1224,259.1762192,14.9568818,1,40,-12,210,-1,-1,49,28,40,1.0
13,4,127,308856,310383,310383,311390,311390,311995,312028,318028,318028,318631,318663,318698,321788,1527,1007,605,6000,603,1489,0,600,969,3125,3090,369,272.1108125,12.93459328,1,28,-18,210,-1,-1,49,10,28,1.0
13,4,128,321791,323312,323312,324317,324317,324923,324955,333455,333455,334055,334089,334123,337225,1521,1005,606,8500,600,658,0,600,1810,3136,3102,1210,287.5475456,15.43673317,1,7,13,200,1,1,51,20,7,2.0
13,4,129,337228,338749,338749,339754,339754,340359,340393,349393,349393,349993,350025,350060,353185,1521,1005,605,9000,600,418,0,600,2051,3160,3125,1451,303.5074895,15.95994383,1,14,14,180,1,1,51,28,14,2.0
13,4,130,353187,354710,354710,355717,355717,356340,356373,363873,363873,364474,364507,364540,367625,1523,1007,623,7500,601,510,0,600,1936,3118,3085,1336,317.9480429,14.4405534,1,14,-9,180,-1,-1,49,5,14,1.0
13,4,131,367628,369146,369146,370148,370148,370754,370787,377287,377287,377888,377921,377956,381064,1518,1002,606,6500,601,2022,0,600,451,3143,3108,-149,331.3864612,13.43841833,1,27,1,190,1,1,51,28,27,2.0
13,4,132,381067,382588,382588,383597,383597,384203,384237,393237,393237,393839,393871,393906,397027,1521,1009,606,9000,602,1511,0,600,951,3156,3121,351,347.3493101,15.96284885,1,10,-3,160,-1,-1,49,7,10,1.0
13,4,133,397030,398556,398556,399562,399562,400171,400203,406203,406203,406834,406867,406900,409975,1526,1006,609,6000,631,1312,0,600,1116,3108,3075,516,360.2973376,12.94802751,1,20,-6,210,-1,-1,49,14,20,1.0
13,4,134,409978,411499,411499,412501,412501,413105,413138,420138,420138,420741,420775,420809,423943,1521,1002,604,7000,603,330,0,600,2140,3168,3134,1540,374.2656279,13.96829035,1,20,-13,170,-1,-1,49,7,20,1.0
13,4,135,423946,425470,425470,426475,426475,427081,427115,435615,435615,436218,436250,436284,439394,1524,1005,606,8500,603,470,0,600,1992,3144,3110,1392,389.7169465,15.45131856,1,57,-37,170,-1,-1,49,20,57,1.0
13,4,136,439397,440921,440921,441927,441927,442527,442559,450559,450559,451160,451193,451226,454354,1524,1006,600,8000,601,615,0,600,1854,3161,3128,1254,404.6763521,14.95940562,1,4,1,160,1,1,51,5,4,2.0
13,4,137,454357,455879,455879,456883,456883,457489,457521,465521,465521,466134,466166,466200,469313,1522,1004,606,8000,613,2060,0,600,395,3147,3113,-205,419.6358358,14.95948367,0,40,-26,210,-1,1,51,14,40,2.0
13,4,138,469316,470838,470838,471840,471840,472445,472477,478977,478977,479578,479610,479645,482757,1522,1002,605,6500,601,534,0,600,1936,3147,3112,1336,433.0789772,13.4431414,1,10,4,160,1,1,51,14,10,2.0
13,4,139,482759,484278,484278,485286,485286,485918,485950,494950,494950,495581,495614,495647,498693,1519,1008,632,9000,631,403,0,600,2007,3079,3046,1407,449.0154846,15.93650746,1,5,5,180,1,1,51,10,5,2.0
13,4,140,498696,500225,500225,501230,501230,501837,501870,509370,509370,510001,510035,510069,513147,1529,1005,607,7500,631,502,0,600,1926,3112,3078,1326,463.4695672,14.45408255,1,7,13,150,1,1,51,20,7,2.0
13,4,141,513150,514676,514676,515679,515679,516284,516318,524818,524818,525419,525452,525485,528613,1526,1003,605,8500,601,2496,0,600,-31,3161,3128,-631,478.9343754,15.46480824,1,9,1,170,1,1,51,10,9,2.0
13,4,142,528613,530136,530136,531141,531141,531746,531779,538779,538779,539379,539411,539446,542556,1523,1005,605,7000,600,469,0,600,1998,3145,3110,1398,492.8786695,13.94429407,1,20,-13,200,-1,-1,49,7,20,1.0
13,4,143,542559,544081,544081,545090,545090,545698,545731,551731,551731,552364,552397,552430,555517,1522,1009,608,6000,633,478,0,600,1950,3120,3087,1350,505.8396894,12.96101995,1,14,-7,200,-1,-1,49,7,14,1.0
13,4,144,555520,557043,557043,558048,558048,558654,558687,565187,565187,565802,565835,565869,568968,1523,1005,606,6500,615,1304,0,600,1147,3133,3099,547,519.2905897,13.45090029,1,40,-26,170,-1,-1,49,14,40,1.0
13,5,145,15592,17119,17119,18136,18136,18748,18782,24782,24782,25382,25414,25450,28539,1527,1017,612,6000,600,1054,0,600,1390,3125,3089,790,12.95978833,12.95978833,1,7,3,150,1,1,51,10,7,2.0
13,5,146,28544,30069,30069,31078,31078,31680,31713,40713,40713,41314,41346,41379,44500,1525,1009,602,9000,601,639,0,600,1824,3154,3121,1224,28.91811601,15.95832768,1,10,-3,190,-1,-1,49,7,10,1.0
13,5,147,44503,46026,46026,47031,47031,47636,47669,55669,55669,56269,56301,56334,59434,1523,1005,605,8000,600,525,0,600,1942,3133,3100,1342,43.85263004,14.93451403,1,14,6,180,1,1,51,20,14,2.0
13,5,148,59437,60961,60961,61966,61966,62587,62619,71119,71119,71728,71761,71794,74893,1524,1005,621,8500,609,1003,0,600,1438,3132,3099,838,59.31164782,15.45901778,1,40,-26,170,-1,-1,49,14,40,1.0
13,5,149,74896,76422,76422,77429,77429,78034,78067,84567,84567,85188,85221,85254,88351,1526,1007,605,6500,621,492,0,600,1949,3130,3097,1349,72.76930017,13.45765236,1,7,13,160,1,1,51,20,7,2.0
13,5,150,88354,89876,89876,90883,90883,91489,91522,98522,98522,99122,99154,99188,102306,1522,1007,606,7000,600,708,0,600,1757,3152,3118,1157,86.72462399,13.95532382,1,20,-13,190,-1,-1,49,7,20,1.0
13,5,151,102309,103832,103832,104839,104839,105444,105476,112976,112976,113580,113612,113645,116753,1523,1007,605,7500,604,1012,0,600,1449,3141,3108,849,101.1712315,14.44660754,1,14,-4,180,-1,-1,49,10,14,1.0
13,5,152,116756,118281,118281,119287,119287,119896,119928,128928,128928,129544,129577,129610,132697,1525,1006,609,9000,616,639,0,600,1805,3120,3087,1205,117.1157073,15.94447578,1,57,-37,200,-1,-1,49,20,57,1.0
13,5,153,132700,134227,134227,135232,135232,135864,135897,142897,142897,143520,143553,143586,146638,1527,1005,632,7000,623,448,0,600,1965,3085,3052,1365,131.0566272,13.94091984,1,3,2,200,1,1,51,5,3,2.0
13,5,154,146641,148165,148165,149167,149167,149770,149802,155802,155802,156421,156453,156486,159594,1524,1002,603,6000,619,440,0,600,2012,3141,3108,1412,144.012771,12.95614379,1,4,3,170,1,1,51,7,4,2.0
13,5,155,159597,161119,161119,162123,162123,162727,162759,171259,171259,171859,171891,171925,175029,1522,1004,604,8500,600,1335,0,600,1135,3138,3104,535,159.447417,15.43464602,1,7,3,170,1,1,51,10,7,2.0
13,5,156,175032,176559,176559,177563,177563,178168,178200,185700,185700,186323,186356,186389,189464,1527,1004,605,7500,623,1055,0,600,1386,3108,3075,786,173.881972,14.43455501,1,10,10,150,1,1,51,20,10,2.0
13,5,157,189467,190988,190988,191998,191998,192604,192636,200636,200636,201268,201302,201335,204417,1521,1010,606,8000,632,1314,0,600,1117,3115,3082,517,188.8348669,14.95289493,1,14,14,190,1,1,51,28,14,2.0
13,5,158,204419,205941,205941,206947,206947,207553,207585,214085,214085,214715,214747,214781,217865,1522,1006,606,6500,630,443,0,600,1993,3118,3084,1393,202.2831457,13.44827883,1,4,6,160,1,1,51,10,4,2.0
13,5,159,217868,219390,219390,220398,220398,221004,221038,228538,228538,229138,229170,229203,232309,1522,1008,606,7500,600,1470,0,600,994,3139,3106,394,216.72653,14.44338429,1,14,14,160,1,1,51,28,14,2.0
13,5,160,232312,233836,233836,234843,234843,235449,235481,244481,244481,245081,245114,245147,248252,1524,1007,606,9000,600,1954,0,600,509,3138,3105,-91,232.6698321,15.94330202,0,10,4,200,1,-1,49,14,10,1.0
13,5,161,248255,249777,249777,250786,250786,251393,251425,259425,259425,260026,260058,260091,263193,1522,1009,607,8000,601,1887,0,600,574,3135,3102,-26,247.6114016,14.94156956,0,20,8,150,1,-1,49,28,20,1.0
13,5,162,263196,264718,264718,265726,265726,266329,266362,272862,272862,273465,273497,273531,276647,1522,1008,603,6500,603,1640,0,600,824,3150,3116,224,261.0650397,13.45363806,1,28,-14,160,-1,-1,49,14,28,1.0
13,5,163,276650,278170,278170,279176,279176,279779,279811,286811,286811,287413,287445,287478,290588,1520,1006,603,7000,602,1927,0,600,542,3143,3110,-58,275.0055518,13.94051212,0,13,1,150,1,-1,49,14,13,1.0
13,5,164,290591,292116,292116,293123,293123,293728,293760,299760,299760,300392,300424,300457,303530,1525,1007,605,6000,632,594,0,600,1837,3106,3073,1237,287.9478151,12.94226327,1,5,2,200,1,1,51,7,5,2.0
13,5,165,303533,305057,305057,306062,306062,306669,306701,315201,315201,315833,315865,315898,318975,1524,1005,607,8500,632,1473,0,600,959,3110,3077,359,303.3933163,15.44550128,1,10,18,210,1,1,51,28,10,2.0
13,5,166,318978,320504,320504,321509,321509,322114,322147,328647,328647,329262,329294,329328,332417,1526,1005,605,6500,615,487,0,600,1962,3123,3089,1362,316.8341328,13.44081648,1,2,5,190,1,1,51,7,2,2.0
13,5,167,332419,333942,333942,334948,334948,335574,335607,342607,342607,343225,343257,343292,346355,1523,1006,626,7000,618,520,0,600,1907,3098,3063,1307,330.7731894,13.93905659,1,5,5,190,1,1,51,10,5,2.0
13,5,168,346358,347883,347883,348887,348887,349491,349523,358023,358023,358651,358683,358717,361812,1525,1004,604,8500,628,1267,0,600,1172,3129,3095,572,346.2304241,15.45723468,1,79,-51,200,-1,-1,49,28,79,1.0
13,5,169,361815,363341,363341,364349,364349,364949,364981,372981,372981,373606,373638,373672,376751,1526,1008,600,8000,625,926,0,600,1515,3113,3079,915,361.1692613,14.93883721,1,4,1,160,1,1,51,5,4,2.0
13,5,170,376754,378276,378276,379281,379281,379882,379914,388914,388914,389537,389570,389603,392691,1522,1005,601,9000,623,412,0,600,2037,3121,3088,1437,377.1088817,15.93962042,1,4,3,190,1,1,51,7,4,2.0
13,5,171,392693,394215,394215,395221,395221,395850,395882,403382,403382,403999,404031,404065,407144,1522,1006,629,7500,617,313,0,600,2113,3113,3079,1513,391.5618164,14.45293471,1,5,5,200,1,1,51,10,5,2.0
13,5,172,407147,408674,408674,409682,409682,410288,410322,416322,416322,416923,416955,416988,420071,1527,1008,606,6000,601,-1,2501,0,557,3116,3083,-43,404.4888145,12.92699803,-1,5,9,150,1,-2,-1,14,5,
13,5,173,420074,421594,421594,422601,422601,423231,423263,431263,431263,431883,431916,431949,435027,1520,1007,630,8000,620,308,0,600,2115,3111,3078,1515,419.4448112,14.95599673,1,2,3,200,1,1,51,5,2,2.0
13,5,174,435030,436555,436555,437559,437559,438162,438194,446694,446694,447326,447358,447391,450467,1525,1004,603,8500,632,336,0,600,2100,3109,3076,1500,434.8844524,15.43964121,1,14,-9,190,-1,-1,49,5,14,1.0
13,5,175,450470,451990,451990,452999,452999,453605,453638,462638,462638,463256,463288,463321,466425,1520,1009,606,9000,618,334,0,600,2113,3137,3104,1513,450.8426547,15.95820232,1,57,-37,170,-1,-1,49,20,57,1.0
13,5,176,466428,467952,467952,468961,468961,469568,469600,476600,476600,477227,477259,477293,480374,1524,1009,607,7000,627,347,0,600,2086,3115,3081,1486,464.7915203,13.94886556,1,5,9,160,1,1,51,14,5,2.0
13,5,177,480377,481898,481898,482899,482899,483504,483536,490036,490036,490640,490673,490706,493819,1521,1001,605,6500,604,572,0,600,1897,3146,3113,1297,478.2368754,13.44535513,0,27,1,210,1,-1,49,28,27,1.0
13,5,178,493822,495346,495346,496349,496349,496950,496982,502982,502982,503595,503628,503661,506769,1524,1003,601,6000,613,338,0,600,2121,3141,3108,1521,491.1865486,12.94967318,1,4,1,170,1,1,51,5,4,2.0
13,5,179,506772,508294,508294,509301,509301,509925,509957,517457,517457,518086,518119,518152,521212,1522,1007,624,7500,629,613,0,600,1805,3093,3060,1205,505.6299395,14.44339092,1,4,1,170,1,1,51,5,4,2.0
13,5,180,521215,522736,522736,523738,523738,524342,524375,531375,531375,531975,532009,532042,535172,1521,1002,604,7000,600,1043,0,600,1430,3163,3130,830,519.5897532,13.95981364,1,10,10,200,1,1,51,20,10,2.0
13,6,181,28291,29819,29819,30836,30836,31444,31477,38977,38977,39608,39640,39677,42748,1528,1017,608,7500,631,420,0,600,1996,3108,3071,1396,14.46971664,14.46971664,1,4,1,190,1,1,51,5,4,2.0
13,6,182,42753,44272,44272,45277,45277,45884,45916,54416,54416,55033,55065,55099,58212,1519,1005,607,8500,617,894,0,600,1558,3147,3113,958,29.9316985,15.46198186,1,56,-28,160,-1,-1,49,28,56,1.0
13,6,183,58215,59734,59734,60740,60740,61343,61376,67376,67376,68008,68040,68074,71166,1519,1006,603,6000,632,870,0,600,1570,3126,3092,970,42.88605559,12.95435708,1,20,8,170,1,1,51,28,20,2.0
13,6,184,71169,72691,72691,73695,73695,74302,74336,82336,82336,82939,82972,83006,86113,1522,1004,607,8000,603,912,0,600,1552,3141,3107,952,57.83307116,14.94701557,1,28,-8,210,-1,-1,49,20,28,1.0
13,6,185,86116,87638,87638,88642,88642,89267,89299,95799,95799,96424,96457,96490,99575,1522,1004,625,6500,625,935,0,600,1489,3118,3085,889,71.294601,13.46152984,1,4,1,180,1,1,51,5,4,2.0
13,6,186,99578,101099,101099,102102,102102,102707,102740,109740,109740,110357,110390,110424,113532,1521,1003,605,7000,617,1797,0,600,657,3142,3108,57,85.25201287,13.95741188,1,40,-12,170,-1,-1,49,28,40,1.0
13,6,187,113535,115058,115058,116066,116066,116672,116705,125705,125705,126309,126341,126374,129475,1523,1008,606,9000,604,522,0,600,1937,3134,3101,1337,101.1946378,15.94262489,1,28,-14,210,-1,-1,49,14,28,1.0
13,6,188,129478,130997,130997,132004,132004,132610,132642,139642,139642,140255,140287,140321,143433,1519,1007,606,7000,613,857,0,600,1598,3146,3112,998,115.1527485,13.95811071,1,40,-12,200,-1,-1,49,28,40,1.0
13,6,189,143436,144955,144955,145960,145960,146566,146598,153098,153098,153698,153731,153764,156871,1519,1005,606,6500,600,1472,0,600,998,3140,3107,398,128.5909363,13.4381878,1,7,3,160,1,1,51,10,7,2.0
13,6,190,156874,158397,158397,159402,159402,160009,160042,168542,168542,169159,169193,169226,172328,1523,1005,607,8500,617,394,0,600,2054,3135,3102,1454,144.04742,15.45648372,1,57,-37,200,-1,-1,49,20,57,1.0
13,6,191,172331,173855,173855,174865,174865,175468,175500,183000,183000,183628,183661,183694,186775,1524,1010,603,7500,628,696,0,600,1739,3114,3081,1139,158.4949346,14.44751461,1,5,5,200,1,1,51,10,5,2.0
13,6,192,186778,188297,188297,189305,189305,189911,189944,198944,198944,199578,199610,199645,202718,1519,1008,606,9000,634,533,0,600,1900,3108,3073,1300,174.4378211,15.94288646,1,9,1,170,1,1,51,10,9,2.0
13,6,193,202721,204243,204243,205247,205247,205851,205883,213883,213883,214483,214515,214548,217655,1522,1004,604,8000,600,526,0,600,1944,3140,3107,1344,189.374355,14.93653398,1,20,-6,200,-1,-1,49,14,20,1.0
13,6,194,217658,219179,219179,220185,220185,220789,220821,226821,226821,227421,227453,227489,230614,1521,1006,604,6000,600,419,0,600,2050,3161,3125,1450,202.333478,12.95912295,1,20,-13,190,-1,-1,49,7,20,1.0
13,6,195,230617,232143,232143,233147,233147,233753,233785,242285,242285,242886,242918,242952,246060,1526,1004,606,8500,601,733,0,600,1730,3142,3108,1130,217.7791402,15.4456622,1,28,-8,170,-1,-1,49,20,28,1.0
13,6,196,246063,247581,247581,248584,248584,249188,249220,256720,256720,257322,257355,257387,260509,1518,1003,604,7500,602,999,0,600,1474,3154,3122,874,232.2286904,14.44955023,1,14,-7,160,-1,-1,49,7,14,1.0
13,6,197,260512,262038,262038,263047,263047,263655,263688,269688,269688,270304,270338,270372,273448,1526,1009,608,6000,616,632,0,600,1809,3110,3076,1209,245.1677639,12.93907347,1,56,-28,150,-1,-1,49,28,56,1.0
13,6,198,273451,274982,274982,275989,275989,276596,276628,283128,283128,283741,283774,283807,286910,1531,1007,607,6500,613,1337,0,600,1105,3136,3103,505,258.6297216,13.46195776,1,5,9,200,1,1,51,14,5,2.0
13,6,199,286913,288435,288435,289439,289439,290045,290079,299079,299079,299711,299743,299776,302865,1522,1004,606,9000,632,1322,0,600,1114,3122,3089,514,274.5841679,15.95444628,0,19,1,170,1,-1,49,20,19,1.0
13,6,200,302868,304395,304395,305401,305401,306005,306038,314038,314038,314665,314698,314733,317811,1527,1006,604,8000,627,435,0,600,2001,3113,3078,1401,289.5300492,14.94588129,1,79,-51,150,-1,-1,49,28,79,1.0
13,6,201,317814,319339,319339,320341,320341,320941,320974,327974,327974,328574,328606,328640,331754,1525,1002,600,7000,600,991,0,600,1482,3148,3114,882,303.4733404,13.94329117,1,7,-2,180,-1,-1,49,5,7,1.0
13,6,202,331757,333279,333279,334283,334283,334888,334920,341920,341920,342547,342579,342613,345708,1522,1004,605,7000,627,585,0,600,1857,3129,3095,1257,317.4273991,13.95405875,1,4,6,200,1,1,51,10,4,2.0
13,6,203,345711,347237,347237,348243,348243,348851,348883,356383,356383,357007,357039,357073,360159,1526,1006,608,7500,624,1998,0,600,438,3120,3086,-162,331.8781668,14.45076769,1,13,1,210,1,1,51,14,13,2.0
13,6,204,360162,361686,361686,362690,362690,363296,363329,371329,371329,371962,371994,372028,375120,1524,1004,606,8000,633,347,0,600,2086,3126,3092,1486,346.8395104,14.9613436,1,5,2,210,1,1,51,7,5,2.0
13,6,205,375123,376648,376648,377652,377652,378258,378290,386790,386790,387400,387433,387466,390560,1525,1004,606,8500,610,390,0,600,2065,3127,3094,1465,362.2792894,15.43977893,1,57,-37,160,-1,-1,49,20,57,1.0
13,6,206,390562,392083,392083,393085,393085,393705,393737,400237,400237,400840,400874,400908,404013,1521,1002,620,6500,603,1049,0,600,1405,3139,3105,805,375.7324052,13.45311582,0,14,-4,190,-1,1,51,10,14,2.0
13,6,207,404016,405539,405539,406544,406544,407144,407177,413177,413177,413780,413813,413849,416970,1523,1005,600,6000,603,380,0,600,2089,3157,3121,1489,388.6894193,12.95701409,1,10,-5,200,-1,-1,49,5,10,1.0
13,6,208,416973,418495,418495,419502,419502,420108,420141,429141,429141,429754,429787,429821,432915,1522,1007,606,9000,613,418,0,600,2034,3128,3094,1434,404.6339779,15.94455866,1,40,-26,190,-1,-1,49,14,40,1.0
13,6,209,432917,434444,434444,435450,435450,436072,436104,444104,444104,444737,444769,444803,447859,1527,1006,622,8000,633,675,0,600,1737,3090,3056,1137,419.5780454,14.94406745,1,7,-2,170,-1,-1,49,5,7,1.0
13,6,210,447862,449387,449387,450391,450391,450999,451032,460032,460032,460649,460681,460716,463801,1525,1004,608,9000,617,446,0,600,2000,3120,3085,1400,435.5203394,15.942294,1,40,-20,210,-1,-1,49,20,40,1.0
13,6,211,463804,465329,465329,466333,466333,466938,466970,474470,474470,475089,475122,475155,478265,1525,1004,605,7500,619,664,0,600,1783,3143,3110,1183,449.9839549,14.46361549,1,2,5,200,1,1,51,7,2,2.0
13,6,212,478268,479792,479792,480797,480797,481403,481436,487436,487436,488059,488092,488125,491229,1524,1005,606,6000,623,496,0,600,1946,3137,3104,1346,462.9480037,12.96404883,1,4,6,190,1,1,51,10,4,2.0
13,6,213,491232,492758,492758,493763,493763,494393,494425,500925,500925,501528,501561,501595,504672,1526,1005,630,6500,603,306,0,600,2130,3111,3077,1530,476.3912352,13.44323151,1,14,-9,210,-1,-1,49,5,14,1.0
13,6,214,504675,506203,506203,507208,507208,507810,507843,514844,514844,515477,515510,515543,518634,1528,1005,602,7001,633,448,0,600,1983,3124,3091,1383,490.3531062,13.96187097,1,20,-13,160,-1,-1,49,7,20,1.0
13,6,215,518636,520163,520163,521169,521169,521774,521806,530306,530306,530939,530972,531007,534092,1527,1006,605,8500,633,928,0,600,1501,3120,3085,901,505.8108999,15.45779369,1,14,-7,150,-1,-1,49,7,14,1.0
13,6,216,534095,535615,535615,536616,536616,537220,537252,545752,545752,546368,546401,546435,549551,1520,1001,604,8500,616,1125,0,600,1334,3150,3116,734,521.2699704,15.45907051,1,40,-26,180,-1,-1,49,14,40,1.0
14,1,1,63961,65492,65492,66515,66515,67140,67173,73173,73173,73778,73810,73847,76924,1531,1023,625,6000,605,1487,0,600,929,3114,3077,329,13.00092846,13.00092846,1,14,6,150,1,1,51,20,14,2.0
14,1,2,76976,78503,78503,79521,79521,80130,80162,87662,87662,88263,88295,88329,91434,1527,1018,609,7500,601,432,0,600,2013,3139,3105,1413,27.45971209,14.45878363,1,7,13,210,1,1,51,20,7,2.0
14,1,3,91437,92963,92963,93965,93965,94568,94602,101602,101602,102231,102263,102296,105389,1526,1002,603,7000,629,547,0,600,1893,3126,3093,1293,41.41475233,13.95504025,1,4,6,160,1,1,51,10,4,2.0
14,1,4,105392,106918,106918,107920,107920,108525,108558,117558,117558,118159,118192,118226,121352,1526,1002,605,9000,601,517,0,600,1949,3160,3126,1349,57.37712475,15.96237242,1,20,-13,150,-1,-1,49,7,20,1.0
14,1,5,121354,122878,122878,123887,123887,124492,124524,132524,132524,133126,133158,133191,136305,1524,1009,605,8000,602,861,0,600,1599,3147,3114,999,72.33039215,14.9532674,1,15,-1,160,-1,-1,49,14,15,1.0
14,1,6,136308,137831,137831,138833,138833,139435,139468,147968,147968,148568,148600,148633,151760,1523,1002,602,8500,600,488,0,600,1985,3160,3127,1385,87.78574941,15.45535727,1,14,-9,210,-1,-1,49,5,14,1.0
14,1,7,151763,153287,153287,154296,154296,154900,154933,161433,161433,162034,162066,162100,165197,1524,1009,604,6500,601,290,0,600,2172,3131,3097,1572,101.2225643,13.43681484,1,14,-7,200,-1,-1,49,7,14,1.0
14,1,8,165200,166723,166723,167726,167726,168356,168389,176389,176389,177020,177053,177086,180157,1523,1003,630,8000,631,623,0,600,1790,3104,3071,1190,116.1826434,14.96007913,1,7,3,190,1,1,51,10,7,2.0
14,1,9,180160,181683,181683,182688,182688,183296,183328,190828,190828,191461,191493,191527,194610,1523,1005,608,7500,633,313,0,600,2118,3117,3083,1518,130.6354428,14.4527994,1,40,-26,180,-1,-1,49,14,40,1.0
14,1,10,194613,196136,196136,197146,197146,197753,197787,204787,204787,205418,205452,205486,208558,1523,1010,607,7000,631,464,0,600,1965,3106,3072,1365,144.583231,13.94778823,1,5,2,160,1,1,51,7,5,2.0
14,1,11,208561,210086,210086,211094,211094,211697,211729,217729,217729,218330,218362,218397,221507,1525,1008,603,6000,601,303,0,600,2160,3145,3110,1560,157.5326143,12.94938329,1,7,13,200,1,1,51,20,7,2.0
14,1,12,221510,223035,223035,224043,224043,224649,224682,231182,231182,231783,231815,231849,234955,1525,1008,606,6500,601,694,0,600,1766,3140,3106,1166,170.9801181,13.44750376,1,28,-8,170,-1,-1,49,20,28,1.0
14,1,13,234958,236479,236479,237486,237486,238092,238125,247125,247125,247740,247774,247808,250894,1521,1007,606,9000,615,346,0,600,2105,3120,3086,1505,186.9193817,15.93926362,1,57,-37,200,-1,-1,49,20,57,1.0
14,1,14,250897,252420,252420,253428,253428,254035,254068,262568,262568,263193,263225,263259,266337,1523,1008,607,8500,625,309,0,600,2128,3112,3078,1528,202.3620882,15.44270655,1,4,6,170,1,1,51,10,4,2.0
14,1,15,266341,267864,267864,268873,268873,269491,269523,277023,277023,277624,277656,277689,280780,1523,1009,618,7500,601,1032,0,600,1417,3124,3091,817,216.8054141,14.44332583,1,6,-1,210,-1,-1,49,5,6,1.0
14,1,16,280783,282307,282307,283314,283314,283943,283975,289975,289975,290592,290624,290658,293716,1524,1007,629,6000,617,347,0,600,2076,3092,3058,1476,229.7415039,12.93608979,1,2,3,200,1,1,51,5,2,2.0
14,1,17,293719,295243,295243,296249,296249,296857,296889,303889,303889,304491,304523,304557,307649,1524,1006,608,7000,602,291,0,600,2169,3126,3092,1569,243.6739123,13.93240849,1,28,-18,210,-1,-1,49,10,28,1.0
14,1,18,307652,309178,309178,310184,310184,310788,310821,319321,319321,319921,319954,319988,323105,1526,1006,604,8500,600,349,0,600,2115,3151,3117,1515,259.1302427,15.45633033,1,14,-9,190,-1,-1,49,5,14,1.0
14,1,19,323108,324635,324635,325643,325643,326245,326278,335278,335278,335910,335942,335976,339061,1527,1008,602,9000,632,250,0,600,2181,3119,3085,1581,275.085618,15.95537535,1,5,2,210,1,1,51,7,5,2.0
14,1,20,339064,340585,340585,341591,341591,342199,342231,348731,348731,349334,349367,349401,352501,1521,1006,608,6500,603,462,0,600,2000,3134,3100,1400,288.5255094,13.43989133,1,28,-14,200,-1,-1,49,14,28,1.0
14,1,21,352504,354029,354029,355034,355034,355639,355672,363672,363672,364272,364304,364338,367437,1525,1005,605,8000,600,1594,0,600,871,3133,3099,271,303.4623703,14.93686095,1,10,-3,160,-1,-1,49,7,10,1.0
14,1,22,367440,368965,368965,369969,369969,370573,370605,377105,377105,377729,377761,377793,380886,1525,1004,604,6500,624,1810,0,600,633,3125,3093,33,316.911489,13.4491187,1,5,2,170,1,1,51,7,5,2.0
14,1,23,380889,382415,382415,383420,383420,384045,384077,390077,390077,390678,390711,390744,393826,1526,1005,625,6000,601,1121,0,600,1322,3115,3082,722,329.8506258,12.93913675,1,10,-5,210,-1,-1,49,5,10,1.0
14,1,24,393829,395355,395355,396361,396361,396968,397002,404002,404002,404621,404654,404688,407772,1526,1006,607,7000,619,252,0,600,2190,3118,3084,1590,343.7974084,13.94678263,1,56,-28,150,-1,-1,49,28,56,1.0
14,1,25,407775,409302,409302,410308,410308,410913,410947,418947,418947,419563,419596,419630,422720,1527,1006,605,8000,616,1448,0,600,998,3124,3090,398,358.7445125,14.94710417,1,40,-12,190,-1,-1,49,28,40,1.0
14,1,26,422723,424244,424244,425249,425249,425856,425888,433388,433388,434019,434051,434085,437188,1521,1005,607,7500,631,970,0,600,1466,3137,3103,866,373.2131714,14.4686589,0,7,7,160,1,-1,49,14,7,1.0
14,1,27,437191,438718,438718,439725,439725,440331,440363,448863,448863,449478,449512,449545,452624,1527,1007,606,8500,615,147,0,600,2298,3112,3079,1698,388.6484747,15.43530326,1,57,-37,150,-1,-1,49,20,57,1.0
14,1,28,452627,454151,454151,455154,455154,455762,455795,464795,464795,465410,465443,465478,468592,1524,1003,608,9000,615,790,0,600,1660,3149,3114,1060,404.616433,15.96795826,0,40,-12,160,-1,1,51,28,40,2.0
14,1,29,468595,470118,470118,471121,471121,471729,471761,479261,479261,479863,479895,479929,483027,1523,1003,608,7500,602,1463,0,600,1001,3132,3098,401,419.0521491,14.43571612,1,14,-4,200,-1,-1,49,10,14,1.0
14,1,30,483030,484552,484552,485559,485559,486163,486196,495196,495196,495824,495856,495891,498993,1522,1007,604,9000,628,336,0,600,2103,3137,3102,1503,435.0176019,15.96545283,1,5,9,150,1,1,51,14,5,2.0
14,1,31,498996,500526,500526,501529,501529,502136,502169,509169,509169,509770,509802,509836,512947,1530,1003,607,7000,601,1863,0,600,596,3145,3111,-4,448.9717197,13.95411781,0,14,14,210,1,-1,49,28,14,1.0
14,1,32,512950,514475,514475,515480,515480,516087,516120,522120,522120,522745,522778,522812,525885,1525,1005,607,6000,625,366,0,600,2072,3107,3073,1472,461.9101233,12.93840356,1,79,-51,150,-1,-1,49,28,79,1.0
14,1,33,525888,527408,527408,528415,528415,529015,529048,537048,537048,537669,537701,537734,540844,1520,1007,600,8000,621,634,0,600,1818,3143,3110,1218,476.8688316,14.95870829,1,2,3,190,1,1,51,5,2,2.0
14,1,34,540847,542374,542374,543381,543381,543984,544017,552517,552517,553118,553151,553185,556284,1527,1007,603,8500,601,520,0,600,1942,3133,3099,1342,492.3083034,15.43947185,1,14,-4,170,-1,-1,49,10,14,1.0
14,1,35,556287,557811,557811,558813,558813,559416,559450,565950,565950,566581,566613,566647,569731,1524,1002,603,6500,631,377,0,600,2063,3118,3084,1463,505.7552575,13.4469541,1,5,9,190,1,1,51,14,5,2.0
14,1,36,569734,571256,571256,572259,572259,572864,572896,578896,578896,579523,579557,579591,582688,1522,1003,605,6000,627,391,0,600,2052,3131,3097,1452,518.7130256,12.95776807,1,79,-51,180,-1,-1,49,28,79,1.0
14,2,37,15019,16546,16546,17563,17563,18177,18210,25710,25710,26328,26361,26397,29489,1527,1017,614,7500,618,345,0,600,2079,3128,3092,1479,14.48241677,14.48241677,1,2,3,150,1,1,51,5,2,2.0
14,2,38,29494,31020,31020,32026,32026,32633,32665,39665,39665,40266,40300,40333,43448,1526,1006,607,7000,601,1122,0,600,1338,3148,3115,738,28.43883721,13.95642043,0,19,1,200,1,-1,49,20,19,1.0
14,2,39,43450,44972,44972,45974,45974,46595,46627,53127,53127,53757,53790,53823,56910,1522,1002,621,6500,630,349,0,600,2076,3120,3087,1476,41.90196782,13.46313061,1,7,7,190,1,1,51,14,7,2.0
14,2,40,56913,58435,58435,59438,59438,60048,60080,66080,66080,66681,66713,66748,69871,1522,1003,610,6000,601,480,0,600,1984,3158,3123,1384,54.86225218,12.96028435,1,20,8,210,1,1,51,28,20,2.0
14,2,41,69874,71398,71398,72405,72405,73011,73043,81543,81543,82159,82192,82227,85311,1524,1007,606,8500,616,377,0,600,2070,3119,3084,1470,70.30253406,15.44028188,1,40,-26,210,-1,-1,49,14,40,1.0
14,2,42,85314,86840,86840,87849,87849,88455,88488,96488,96488,97120,97153,97189,100278,1526,1009,606,8000,632,385,0,600,2042,3125,3089,1442,85.26987907,14.96734501,1,28,-18,190,-1,-1,49,10,28,1.0
14,2,43,100281,101804,101804,102809,102809,103416,103448,112448,112448,113078,113111,113146,116213,1523,1005,607,9000,630,390,0,600,2045,3102,3067,1445,101.204306,15.93442694,1,79,-51,170,-1,-1,49,28,79,1.0
14,2,44,116216,117741,117741,118743,118743,119351,119384,125884,125884,126487,126519,126552,129673,1525,1002,608,6500,603,1516,0,600,946,3154,3121,346,114.6642866,13.45998059,1,20,-13,190,-1,-1,49,7,20,1.0
14,2,45,129675,131199,131199,132205,132205,132811,132844,139844,139844,140464,140496,140529,143611,1524,1006,606,7000,620,441,0,600,2003,3115,3082,1403,128.6019621,13.9376755,1,4,3,190,1,1,51,7,4,2.0
14,2,46,143614,145135,145135,146141,146141,146742,146774,152774,152774,153374,153406,153440,156553,1521,1006,601,6000,600,1020,0,600,1452,3147,3113,852,141.544398,12.94243594,1,7,-2,190,-1,-1,49,5,7,1.0
14,2,47,156556,158080,158080,159088,159088,159694,159727,168727,168727,169341,169374,169409,172490,1524,1008,606,9000,614,475,0,600,1973,3116,3081,1373,157.4817339,15.93733588,1,40,-12,160,-1,-1,49,28,40,1.0
14,2,48,172493,174019,174019,175022,175022,175654,175686,184186,184186,184786,184819,184852,187926,1526,1003,632,8500,600,494,0,600,1945,3107,3074,1345,172.9167632,15.43502934,1,10,-5,200,-1,-1,49,5,10,1.0
14,2,49,187929,189451,189451,190453,190453,191060,191092,198592,198592,199224,199256,199290,202369,1522,1002,607,7500,632,437,0,600,2000,3113,3079,1400,187.3601698,14.44340659,1,10,18,160,1,1,51,28,10,2.0
14,2,50,202372,203898,203898,204900,204900,205507,205540,213540,213540,214140,214172,214207,217320,1526,1002,607,8000,600,1476,0,600,989,3148,3113,389,202.3117816,14.95161178,1,20,-6,160,-1,-1,49,14,20,1.0
14,2,51,217323,218846,218846,219853,219853,220460,220492,228492,228492,229124,229158,229193,232275,1523,1007,607,8000,632,405,0,600,2026,3117,3082,1426,217.2661911,14.95440952,0,27,1,170,1,-1,49,28,27,1.0
14,2,52,232278,233808,233808,234811,234811,235416,235449,241949,241949,242581,242613,242647,245739,1530,1003,605,6500,632,353,0,600,2077,3126,3092,1477,230.7298458,13.46365466,1,20,-10,170,-1,-1,49,10,20,1.0
14,2,53,245742,247270,247270,248276,248276,248884,248916,256416,256416,257048,257081,257113,260185,1528,1006,608,7500,632,428,0,600,1998,3104,3072,1398,245.1770325,14.44718674,1,6,1,160,1,1,51,7,6,2.0
14,2,54,260189,261718,261718,262722,262722,263329,263362,272362,272362,272979,273011,273044,276124,1529,1004,607,9000,617,340,0,600,2103,3113,3080,1503,261.1149994,15.93796691,1,57,-37,170,-1,-1,49,20,57,1.0
14,2,55,276127,277649,277649,278653,278653,279284,279316,287816,287816,288448,288481,288516,291575,1522,1004,631,8500,632,451,0,600,1960,3094,3059,1360,276.5661944,15.45119501,1,14,-4,200,-1,-1,49,10,14,1.0
14,2,56,291578,293102,293102,294110,294110,294716,294748,301748,301748,302349,302382,302415,305531,1524,1008,606,7000,601,310,0,600,2151,3149,3116,1551,290.5221104,13.95591597,1,5,5,170,1,1,51,10,5,2.0
14,2,57,305534,307056,307056,308060,308060,308668,308701,314701,314701,315326,315358,315391,318489,1522,1004,608,6000,625,328,0,600,2113,3131,3098,1513,303.4802889,12.95817851,1,7,3,160,1,1,51,10,7,2.0
14,2,58,318492,320019,320019,321025,321025,321629,321661,329661,329661,330293,330325,330359,333426,1527,1006,604,8000,632,175,0,600,2256,3101,3067,1656,318.4162555,14.93596654,1,14,-7,160,-1,-1,49,7,14,1.0
14,2,59,333427,334942,334942,335945,335945,336552,336585,343585,343585,344186,344220,344253,347375,1515,1003,607,7000,601,998,0,600,1476,3155,3122,876,332.3662897,13.9500342,1,9,1,170,1,1,51,10,9,2.0
14,2,60,347378,348903,348903,349913,349913,350520,350552,357052,357052,357653,357685,357720,360820,1525,1010,607,6500,601,589,0,600,1868,3135,3100,1268,345.8111892,13.44489948,1,14,14,180,1,1,51,28,14,2.0
14,2,61,360823,362341,362341,363343,363343,363949,363981,371481,371481,372083,372116,372151,375261,1518,1002,606,7500,602,271,0,600,2201,3145,3110,1601,360.252059,14.44086982,1,13,1,210,1,1,51,14,13,2.0
14,2,62,375264,376790,376790,377797,377797,378406,378438,386938,386938,387558,387590,387623,390713,1526,1007,609,8500,620,282,0,600,2156,3123,3090,1556,375.7040999,15.4520409,1,10,10,170,1,1,51,20,10,2.0
14,2,63,390716,392241,392241,393246,393246,393853,393885,399885,399885,400501,400534,400567,403670,1525,1005,607,6000,616,265,0,600,2182,3136,3103,1582,388.6605381,12.95643821,1,40,-20,200,-1,-1,49,20,40,1.0
14,2,64,403673,405194,405194,406196,406196,406801,406833,415833,415833,416464,416496,416531,419636,1521,1002,605,9000,631,433,0,600,2008,3140,3105,1408,404.6270854,15.96654733,1,7,7,160,1,1,51,14,7,2.0
14,2,65,419639,421160,421160,422166,422166,422775,422808,431308,431308,431928,431961,431994,435046,1521,1006,609,8500,620,-1,2501,0,543,3085,3052,-57,420.0372373,15.41015191,-1,14,-7,160,-1,-2,-1,7,14,
14,2,66,435049,436572,436572,437580,437580,438180,438212,447212,447212,447837,447869,447902,451010,1523,1008,600,9000,625,1080,0,600,1364,3141,3108,764,436.0006994,15.9634621,1,4,1,170,1,1,51,5,4,2.0
14,2,67,451013,452536,452536,453548,453548,454155,454188,461688,461688,462319,462352,462386,465448,1523,1012,607,7500,631,422,0,600,2005,3096,3062,1405,450.4386226,14.43792321,1,5,2,170,1,1,51,7,5,2.0
14,2,68,465451,466974,466974,467978,467978,468582,468614,474614,474614,475248,475280,475314,478389,1523,1004,604,6000,634,437,0,600,1998,3109,3075,1398,463.3794584,12.94083577,1,14,6,180,1,1,51,20,14,2.0
14,2,69,478392,479914,479914,480921,480921,481522,481555,488055,488055,488672,488704,488738,491850,1522,1007,601,6500,617,436,0,600,2017,3146,3112,1417,476.8408749,13.46141653,1,3,2,160,1,1,51,5,3,2.0
14,2,70,491853,493380,493380,494390,494390,494997,495030,502030,502030,502663,502695,502729,505792,1527,1010,607,7000,633,392,0,600,2031,3097,3063,1431,490.7832328,13.94235789,1,10,4,180,1,1,51,14,10,2.0
14,2,71,505795,507316,507316,508322,508322,508948,508981,516981,516981,517609,517642,517674,520729,1521,1006,626,8000,628,348,0,600,2071,3087,3055,1471,505.7195556,14.93632273,1,4,1,200,1,1,51,5,4,2.0
14,2,72,520732,522254,522254,523263,523263,523868,523900,530900,530900,531532,531564,531598,534688,1522,1009,605,7000,632,483,0,600,1949,3124,3090,1349,519.6783283,13.95877278,1,19,1,170,1,1,51,20,19,2.0
14,3,73,18422,19946,19946,20962,20962,21573,21606,28606,28606,29239,29272,29309,32369,1524,1016,611,7000,633,380,0,600,2036,3097,3060,1436,13.96012012,13.96012012,1,14,-4,180,-1,-1,49,10,14,1.0
14,3,74,32374,33898,33898,34906,34906,35508,35540,43040,43040,43658,43690,43724,46826,1524,1008,602,7500,618,300,0,600,2148,3136,3102,1548,28.41487559,14.45475547,1,4,1,190,1,1,51,5,4,2.0
14,3,75,46829,48352,48352,49359,49359,49959,49993,58993,58993,59615,59647,59681,62766,1523,1007,600,9000,622,629,0,600,1819,3119,3085,1219,44.35439746,15.93952188,1,3,2,210,1,1,51,5,3,2.0
14,3,76,62769,64293,64293,65300,65300,65904,65937,71937,71937,72570,72603,72637,75725,1524,1007,604,6000,633,345,0,600,2087,3122,3088,1487,57.31365903,12.95926157,1,9,1,150,1,1,51,10,9,2.0
14,3,77,75728,77250,77250,78256,78256,78865,78897,85397,85397,86015,86048,86081,89160,1522,1006,609,6500,618,314,0,600,2131,3112,3079,1531,70.74883121,13.43517218,1,57,-37,180,-1,-1,49,20,57,1.0
14,3,78,89163,90683,90683,91687,91687,92306,92338,100838,100838,101438,101471,101505,104600,1520,1004,619,8500,600,456,0,600,2001,3129,3095,1401,86.18868307,15.43985186,1,10,-5,210,-1,-1,49,5,10,1.0
14,3,79,104603,106133,106133,107136,107136,107740,107773,115773,115773,116373,116406,116442,119539,1530,1003,604,8000,600,947,0,600,1516,3133,3097,916,101.1279301,14.93924704,1,7,13,190,1,1,51,20,7,2.0
14,3,80,119542,121070,121070,122075,122075,122681,122714,129214,129214,129814,129846,129881,132982,1528,1005,606,6500,600,199,0,600,2262,3136,3101,1662,114.5705372,13.44260711,1,28,-14,160,-1,-1,49,14,28,1.0
14,3,81,132985,134509,134509,135513,135513,136116,136149,143649,143649,144262,144295,144329,147426,1524,1004,603,7500,613,943,0,600,1513,3131,3097,913,129.01468,14.44414279,1,40,-12,170,-1,-1,49,28,40,1.0
14,3,82,147429,148951,148951,149958,149958,150565,150597,157597,157597,158197,158229,158263,161379,1522,1007,607,7000,600,345,0,600,2119,3150,3116,1519,142.9671244,13.95244441,1,5,9,190,1,1,51,14,5,2.0
14,3,83,161382,162905,162905,163910,163910,164513,164546,173546,173546,174147,174179,174213,177337,1523,1005,603,9000,601,900,0,600,1568,3158,3124,968,158.9258068,15.95868237,0,7,7,190,1,-1,49,14,7,1.0
14,3,84,177340,178862,178862,179870,179870,180490,180522,188522,188522,189149,189181,189215,192276,1522,1008,620,8000,627,686,0,600,1737,3095,3061,1137,173.864713,14.93890622,1,4,3,210,1,1,51,7,4,2.0
14,3,85,192279,193804,193804,194811,194811,195416,195448,203948,203948,204550,204582,204616,207711,1525,1007,605,8500,602,488,0,600,1973,3129,3095,1373,189.2992391,15.43452608,1,40,-20,210,-1,-1,49,20,40,1.0
14,3,86,207714,209233,209233,210240,210240,210845,210877,216877,216877,217496,217528,217563,220658,1519,1007,605,6000,619,389,0,600,2061,3130,3095,1461,202.2466744,12.94743535,1,57,-37,180,-1,-1,49,20,57,1.0
14,3,87,220661,222185,222185,223189,223189,223798,223831,230831,230831,231446,231479,231512,234565,1524,1004,609,7000,615,-1,2501,0,547,3086,3053,-53,216.1534425,13.90676804,-1,56,-28,170,-1,-2,-1,28,56,
14,3,88,234568,236088,236088,237093,237093,237699,237732,246732,246732,247346,247379,247413,250527,1520,1005,606,9000,614,891,0,600,1564,3148,3114,964,232.115126,15.96168353,1,56,-28,190,-1,-1,49,28,56,1.0
14,3,89,250530,252054,252054,253056,253056,253657,253689,261189,261189,261789,261822,261857,264964,1524,1002,601,7500,600,561,0,600,1912,3142,3107,1312,246.5524941,14.43736812,1,10,-5,200,-1,-1,49,5,10,1.0
14,3,90,264967,266493,266493,267499,267499,268104,268136,274136,274136,274741,274774,274807,277905,1526,1006,605,6000,605,1558,0,600,900,3131,3098,300,259.4933064,12.94081226,0,6,1,190,1,-1,49,7,6,1.0
14,3,91,277908,279430,279430,280433,280433,281037,281070,289570,289570,290176,290208,290243,293349,1522,1003,604,8500,606,1238,0,600,1227,3141,3106,627,274.9373088,15.44400236,0,19,1,200,1,-1,49,20,19,1.0
14,3,92,293352,294878,294878,295884,295884,296489,296521,304521,304521,305123,305155,305188,308285,1526,1006,605,8000,602,684,0,600,1777,3130,3097,1177,289.8735667,14.93625794,1,6,1,180,1,1,51,7,6,2.0
14,3,93,308288,309813,309813,310821,310821,311424,311457,317957,317957,318557,318591,318626,321733,1525,1008,603,6500,600,361,0,600,2103,3142,3107,1503,303.3209834,13.44741667,1,20,-13,160,-1,-1,49,7,20,1.0
14,3,94,321736,323260,323260,324263,324263,324867,324900,332400,332400,333024,333056,333089,336187,1524,1003,604,7500,624,397,0,600,2048,3131,3098,1448,317.7754131,14.45442971,1,20,-10,180,-1,-1,49,10,20,1.0
14,3,95,336190,337715,337715,338721,338721,339325,339358,347858,347858,348491,348524,348557,351632,1525,1006,604,8500,633,663,0,600,1769,3108,3075,1169,333.2204666,15.44505347,1,14,-9,150,-1,-1,49,5,14,1.0
14,3,96,351635,353154,353154,354156,354156,354761,354794,362794,362794,363394,363428,363462,366590,1519,1002,605,8000,600,290,0,600,2184,3162,3128,1584,348.1781792,14.95771263,1,20,-13,170,-1,-1,49,7,20,1.0
14,3,97,366593,368120,368120,369126,369126,369732,369765,376265,376265,376898,376931,376964,380032,1527,1006,606,6500,633,391,0,600,2037,3101,3068,1437,361.6199543,13.44177508,1,13,1,150,1,1,51,14,13,2.0
14,3,98,380035,381556,381556,382562,382562,383168,383200,390200,390200,390802,390834,390867,393983,1521,1006,606,7000,602,404,0,600,2061,3149,3116,1461,375.5708901,13.95093585,1,10,-5,200,-1,-1,49,5,10,1.0
14,3,99,393986,395507,395507,396511,396511,397117,397149,406149,406149,406751,406784,406817,409934,1521,1004,606,9000,602,314,0,600,2153,3150,3117,1553,391.5221632,15.95127306,1,20,-10,210,-1,-1,49,10,20,1.0
14,3,100,409937,411461,411461,412469,412469,413075,413107,419107,419107,419733,419765,419799,422887,1524,1008,606,6000,626,387,0,600,2049,3122,3088,1449,404.4743475,12.95218434,1,5,9,200,1,1,51,14,5,2.0
14,3,101,422890,424410,424410,425416,425416,426022,426055,434055,434055,434655,434687,434721,437851,1520,1006,606,8000,600,489,0,600,1979,3164,3130,1379,419.4392564,14.96490889,1,14,14,170,1,1,51,28,14,2.0
14,3,102,437854,439377,439377,440382,440382,440988,441020,447520,447520,448153,448185,448220,451297,1523,1005,606,6500,633,339,0,600,2094,3112,3077,1494,432.8850861,13.44582975,1,7,3,180,1,1,51,10,7,2.0
14,3,103,451300,452824,452824,453830,453830,454437,454469,463469,463469,464072,464105,464139,467241,1524,1006,607,9000,603,464,0,600,1996,3136,3102,1396,448.8291346,15.94404847,1,7,3,170,1,1,51,10,7,2.0
14,3,104,467244,468765,468765,469771,469771,470377,470410,478910,478910,479529,479562,479596,482688,1521,1006,606,8500,619,418,0,600,2030,3126,3092,1430,464.2761845,15.44704992,1,56,-28,160,-1,-1,49,28,56,1.0
14,3,105,482691,484216,484216,485224,485224,485829,485863,492863,492863,493476,493509,493542,496645,1525,1008,605,7000,613,296,0,600,2153,3136,3103,1553,478.2325998,13.95641531,1,4,3,210,1,1,51,7,4,2.0
14,3,106,496647,498169,498169,499176,499176,499782,499816,505816,505816,506447,506479,506512,509582,1522,1007,606,6000,631,526,0,600,1908,3103,3070,1308,491.1699942,12.93739434,0,13,1,180,1,-1,49,14,13,1.0
14,3,107,509585,511108,511108,512140,512140,512746,512779,520279,520279,520880,520912,520945,524020,1523,1032,606,7500,601,569,0,600,1869,3108,3075,1269,505.6092629,14.43926874,1,28,-8,210,-1,-1,49,20,28,1.0
14,3,108,524024,525546,525546,526549,526549,527152,527185,535185,535185,535788,535820,535855,538979,1522,1003,603,8000,603,645,0,600,1824,3159,3124,1224,520.5665305,14.95726753,0,27,1,210,1,-1,49,28,27,1.0
14,4,109,48626,50153,50153,51171,51171,51800,51832,58832,58832,59454,59488,59523,62589,1527,1018,629,7000,622,290,0,600,2114,3101,3066,1514,13.97553603,13.97553603,1,4,6,180,1,1,51,10,4,2.0
14,4,110,62594,64113,64113,65116,65116,65717,65749,72249,72249,72881,72913,72947,76035,1519,1003,601,6500,632,377,0,600,2068,3122,3088,1468,27.42016942,13.44463339,1,10,-3,200,-1,-1,49,7,10,1.0
14,4,111,76038,77559,77559,78567,78567,79173,79206,88206,88206,88836,88869,88902,91998,1521,1008,606,9000,630,591,0,600,1844,3129,3096,1244,43.38256956,15.96240014,1,10,4,150,1,1,51,14,10,2.0
14,4,112,92001,93525,93525,94531,94531,95137,95169,103669,103669,104272,104304,104338,107434,1524,1006,606,8500,603,299,0,600,2162,3130,3096,1562,58.81941182,15.43684226,1,40,-20,190,-1,-1,49,20,40,1.0
14,4,113,107437,108955,108955,109955,109955,110560,110593,118093,118093,118726,118759,118793,121870,1518,1000,605,7500,633,339,0,600,2105,3111,3077,1505,73.25509178,14.43567995,1,10,18,210,1,1,51,28,10,2.0
14,4,114,121873,123393,123393,124397,124397,125020,125052,131053,131053,131655,131689,131722,134816,1520,1004,623,6001,602,393,0,600,2057,3127,3094,1457,86.20096884,12.94587707,1,14,-9,180,-1,-1,49,5,14,1.0
14,4,115,134818,136338,136338,137338,137338,137946,137978,145978,145978,146609,146642,146675,149779,1520,1000,608,8000,631,433,0,600,2008,3137,3104,1408,101.1635718,14.96260295,1,14,14,160,1,1,51,28,14,2.0
14,4,116,149782,151303,151303,152307,152307,152913,152945,158945,158945,159576,159609,159642,162729,1521,1004,606,6000,631,358,0,600,2080,3120,3087,1480,114.1133315,12.94975967,1,10,4,190,1,1,51,14,10,2.0
14,4,117,162732,164251,164251,165255,165255,165887,165919,173419,173419,174020,174052,174086,177175,1519,1004,632,7500,601,227,0,600,2217,3123,3089,1617,128.5592676,14.44593613,1,14,-7,170,-1,-1,49,7,14,1.0
14,4,118,177177,178704,178704,179711,179711,180318,180351,188351,188351,188984,189016,189050,192135,1527,1007,607,8000,633,377,0,600,2049,3119,3085,1449,143.5195453,14.96027773,1,28,-14,170,-1,-1,49,14,28,1.0
14,4,119,192138,193663,193663,194665,194665,195269,195301,203801,203801,204432,204465,204499,207587,1525,1002,604,8500,631,644,0,600,1794,3122,3088,1194,158.9715832,15.45203789,1,14,-4,170,-1,-1,49,10,14,1.0
14,4,120,207589,209107,209107,210110,210110,210716,210748,219748,219748,220348,220380,220414,223538,1518,1003,606,9000,600,414,0,600,2059,3158,3124,1459,174.9227659,15.95118265,1,7,13,160,1,1,51,20,7,2.0
14,4,121,223541,225070,225070,226077,226077,226688,226720,233220,233220,233821,233855,233889,236996,1529,1007,611,6500,601,567,0,600,1885,3141,3107,1285,188.3803706,13.45760474,1,14,14,210,1,1,51,28,14,2.0
14,4,122,236998,238521,238521,239526,239526,240128,240160,247160,247160,247760,247793,247826,250933,1523,1005,602,7000,600,336,0,600,2134,3140,3107,1534,202.3173819,13.93701132,1,14,-7,200,-1,-1,49,7,14,1.0
14,4,123,250936,252456,252456,253462,253462,254087,254120,261120,261120,261738,261771,261803,264896,1520,1006,625,7000,618,322,0,600,2109,3125,3093,1509,216.2806246,13.96324272,1,3,2,190,1,1,51,5,3,2.0
14,4,124,264899,266419,266419,267426,267426,268053,268085,275585,275585,276202,276234,276268,279334,1520,1007,627,7500,617,1012,0,600,1417,3100,3066,817,230.719033,14.43840838,1,3,2,180,1,1,51,5,3,2.0
14,4,125,279337,280859,280859,281861,281861,282464,282497,290497,290497,291117,291149,291182,294271,1522,1002,603,8000,620,873,0,600,1580,3122,3089,980,245.6552997,14.93626668,1,4,3,190,1,1,51,7,4,2.0
14,4,126,294274,295794,295794,296801,296801,297406,297438,303438,303438,304070,304102,304136,307224,1520,1007,605,6000,632,743,0,600,1693,3122,3088,1093,258.6089896,12.95368989,0,10,4,180,1,-1,49,14,10,1.0
14,4,127,307227,308751,308751,309752,309752,310353,310385,318885,318885,319500,319532,319566,322678,1524,1001,601,8500,615,307,0,600,2152,3146,3112,1552,274.0626382,15.45364861,1,2,3,190,1,1,51,5,2,2.0
14,4,128,322681,324208,324208,325213,325213,325817,325849,332349,332349,332950,332983,333017,336117,1527,1005,604,6500,601,395,0,600,2068,3134,3100,1468,287.5018413,13.43920305,1,28,-18,200,-1,-1,49,10,28,1.0
14,4,129,336120,337645,337645,338654,338654,339259,339291,348291,348291,348893,348926,348959,352082,1525,1009,605,9000,602,258,0,600,2201,3156,3123,1601,303.4668231,15.96498181,1,28,-18,160,-1,-1,49,10,28,1.0
14,4,130,352085,353606,353606,354611,354611,355216,355249,361749,361749,362353,362385,362418,365538,1521,1005,605,6500,604,450,0,600,2015,3153,3120,1415,316.9227903,13.4559672,1,20,-13,210,-1,-1,49,7,20,1.0
14,4,131,365541,367067,367067,368070,368070,368675,368708,375708,375708,376310,376342,376376,379502,1526,1003,605,7000,602,775,0,600,1689,3160,3126,1089,330.8858817,13.96309144,1,28,-8,210,-1,-1,49,20,28,1.0
14,4,132,379505,381031,381031,382037,382037,382643,382676,391676,391676,392297,392330,392363,395442,1526,1006,606,9000,621,281,0,600,2160,3112,3079,1560,346.8258243,15.93994256,1,4,6,190,1,1,51,10,4,2.0
14,4,133,395444,396963,396963,397969,397969,398572,398605,407105,407105,407724,407757,407791,410907,1519,1006,603,8500,619,350,0,600,2103,3150,3116,1503,362.2913172,15.4654929,1,56,-28,190,-1,-1,49,28,56,1.0
14,4,134,410910,412435,412435,413437,413437,414044,414078,420078,420078,420703,420735,420769,423853,1525,1002,607,6000,625,377,0,600,2064,3118,3084,1464,375.2370535,12.94573634,1,7,7,210,1,1,51,14,7,2.0
14,4,135,423856,425376,425376,426380,426380,426985,427019,434519,434519,435138,435170,435203,438315,1520,1004,605,7500,619,279,0,600,2173,3145,3112,1573,389.6994133,14.46235976,1,57,-37,200,-1,-1,49,20,57,1.0
14,4,136,438317,439839,439839,440841,440841,441456,441488,449488,449488,450118,450152,450185,453250,1522,1002,615,8000,630,262,0,600,2169,3098,3065,1569,404.634037,14.93462372,1,14,-9,190,-1,-1,49,5,14,1.0
14,4,137,453253,454776,454776,455782,455782,456387,456419,462919,462919,463553,463585,463619,466690,1523,1006,605,6500,634,1210,0,600,1222,3105,3071,622,418.0739636,13.43992659,1,13,1,180,1,1,51,14,13,2.0
14,4,138,466693,468216,468216,469222,469222,469829,469861,477861,477861,478461,478494,478527,481650,1523,1006,607,8000,600,554,0,600,1910,3156,3123,1310,433.0342503,14.96028677,0,20,8,160,1,-1,49,28,20,1.0
14,4,139,481653,483175,483175,484182,484182,484784,484816,492316,492316,492940,492972,493005,496096,1522,1007,602,7500,624,1068,0,600,1377,3124,3091,777,447.4803477,14.44609735,1,7,3,200,1,1,51,10,7,2.0
14,4,140,496099,497627,497627,498636,498636,499242,499275,506275,506275,506906,506939,506973,510063,1528,1009,606,7000,631,315,0,600,2111,3124,3090,1511,461.4467073,13.96635959,1,28,-8,200,-1,-1,49,20,28,1.0
14,4,141,510066,511590,511590,512597,512597,513225,513256,522256,522256,522886,522919,522952,526024,1524,1007,628,9000,630,1528,0,600,883,3105,3072,283,477.4085005,15.96179322,0,7,-2,170,-1,1,51,5,7,2.0
14,4,142,526027,527548,527548,528555,528555,529157,529189,537689,537689,538289,538321,538355,541466,1521,1007,602,8500,600,275,0,600,2195,3145,3111,1595,492.8502674,15.44176694,1,14,-7,200,-1,-1,49,7,14,1.0
14,4,143,541469,542990,542990,543991,543991,544594,544627,550627,550627,551229,551261,551294,554425,1521,1001,603,6000,602,101,0,600,2372,3164,3131,1772,505.8088778,12.95861035,1,40,-20,180,-1,-1,49,20,40,1.0
14,4,144,554428,555950,555950,556954,556954,557560,557594,564594,564594,565225,565258,565292,568392,1522,1004,606,7000,631,425,0,600,2012,3134,3100,1412,519.7755842,13.96670644,1,20,8,210,1,1,51,28,20,2.0
14,5,145,38411,39927,39927,40943,40943,41555,41588,50588,50588,51207,51239,51276,54381,1516,1016,612,9000,619,1039,0,600,1398,3142,3105,798,15.983448,15.983448,0,56,-28,170,-1,1,51,28,56,2.0
14,5,146,54386,55911,55911,56916,56916,57521,57554,64554,64554,65176,65209,65242,68347,1525,1005,605,7000,622,664,0,600,1779,3138,3105,1179,29.94747242,13.96402442,1,4,6,180,1,1,51,10,4,2.0
14,5,147,68350,69874,69874,70879,70879,71479,71511,79011,79011,79629,79661,79694,82783,1524,1005,600,7500,618,417,0,600,2036,3122,3089,1436,44.38347753,14.43600511,1,3,2,150,1,1,51,5,3,2.0
14,5,148,82786,84311,84311,85316,85316,85923,85956,92456,92456,93057,93091,93125,96236,1525,1005,607,6500,601,468,0,600,1994,3145,3111,1394,57.83580501,13.45232748,1,28,-14,180,-1,-1,49,14,28,1.0
14,5,149,96239,97761,97761,98769,98769,99373,99405,105405,105405,106021,106053,106087,109180,1522,1008,604,6000,616,778,0,600,1672,3127,3093,1072,70.7802594,12.94445439,1,40,-12,210,-1,-1,49,28,40,1.0
14,5,150,109183,110708,110708,111715,111715,112348,112380,120380,120380,121001,121033,121067,124115,1525,1007,633,8000,621,799,0,600,1615,3082,3048,1015,85.71543339,14.93517398,1,10,-5,170,-1,-1,49,5,10,1.0
14,5,151,124118,125637,125637,126669,126669,127276,127308,135808,135808,136432,136464,136497,139575,1519,1032,607,8500,624,570,0,600,1848,3111,3078,1248,101.1751533,15.45971992,1,4,6,190,1,1,51,10,4,2.0
14,5,152,139578,141104,141104,142111,142111,142722,142755,149755,149755,150358,150390,150424,153522,1526,1007,611,7000,603,361,0,600,2092,3132,3098,1492,115.1222554,13.94710206,1,20,-10,200,-1,-1,49,10,20,1.0
14,5,153,153525,155053,155053,156058,156058,156688,156720,164220,164220,164847,164879,164912,167983,1528,1005,630,7500,627,273,0,600,2137,3104,3071,1537,129.5831005,14.46084517,1,4,1,210,1,1,51,5,4,2.0
14,5,154,167986,169508,169508,170513,170513,171119,171152,179652,179652,180256,180289,180324,183442,1522,1005,606,8500,604,740,0,600,1723,3153,3118,1123,145.0416814,15.45858082,0,19,1,180,1,-1,49,20,19,1.0
14,5,155,183445,184968,184968,185974,185974,186579,186612,193112,193112,193712,193744,193777,196900,1523,1006,605,6500,600,317,0,600,2149,3156,3123,1549,158.499237,13.45755562,1,10,10,190,1,1,51,20,10,2.0
14,5,156,196902,198421,198421,199427,199427,200033,200065,206065,206065,206697,206729,206762,209852,1519,1006,606,6000,632,351,0,600,2086,3123,3090,1486,171.4518131,12.9525761,1,5,2,160,1,1,51,7,5,2.0
14,5,157,209855,211376,211376,212381,212381,212986,213019,222019,222019,222639,222671,222704,225814,1521,1005,605,9000,620,437,0,600,2012,3143,3110,1412,187.4140836,15.96227056,1,4,3,200,1,1,51,7,4,2.0
14,5,158,225817,227342,227342,228350,228350,228973,229005,237005,237005,237634,237666,237699,240771,1525,1008,623,8000,629,269,0,600,2146,3105,3072,1546,202.3707955,14.95671184,1,4,1,180,1,1,51,5,4,2.0
14,5,159,240774,242302,242302,243305,243305,243922,243954,249954,249954,250555,250587,250621,253707,1528,1003,617,6000,601,507,0,600,1944,3120,3086,1344,215.3061045,12.93530899,1,20,-13,170,-1,-1,49,7,20,1.0
14,5,160,253710,255233,255233,256235,256235,256839,256873,264373,264373,264976,265009,265043,268159,1523,1002,604,7500,603,283,0,600,2185,3150,3116,1585,229.7589141,14.45280965,1,10,10,200,1,1,51,20,10,2.0
14,5,161,268162,269686,269686,270689,270689,271315,271347,277847,277847,278460,278492,278525,281596,1524,1003,626,6500,613,1111,0,600,1323,3104,3071,723,243.1956624,13.43674824,1,2,3,150,1,1,51,5,2,2.0
14,5,162,281599,283126,283126,284129,284129,284736,284769,293269,293269,293869,293902,293937,297035,1527,1003,607,8500,600,520,0,600,1943,3133,3098,1343,258.6340846,15.43842225,1,10,-3,210,-1,-1,49,7,10,1.0
14,5,163,297038,298560,298560,299563,299563,300168,300201,307201,307201,307833,307866,307900,310989,1522,1003,605,7000,632,257,0,600,2181,3123,3089,1581,272.5889356,13.954851,1,40,-26,180,-1,-1,49,14,40,1.0
14,5,164,310992,312513,312513,313518,313518,314146,314179,323179,323179,323801,323834,323868,326949,1521,1005,628,9000,622,309,0,600,2115,3115,3081,1515,288.5476376,15.95870196,1,4,1,170,1,1,51,5,4,2.0
14,5,165,326952,328475,328475,329480,329480,330087,330119,338119,338119,338719,338751,338785,341901,1523,1005,607,8000,600,630,0,600,1835,3150,3116,1235,303.5010716,14.95343404,1,19,1,150,1,1,51,20,19,2.0
14,5,166,341904,343426,343426,344433,344433,345038,345071,351571,351571,352200,352232,352266,355339,1522,1007,605,6500,629,337,0,600,2100,3107,3073,1500,316.9380661,13.43699445,1,6,1,200,1,1,51,7,6,2.0
14,5,167,355342,356867,356867,357871,357871,358480,358512,364512,364512,365112,365145,365178,368278,1525,1004,609,6000,600,489,0,600,1973,3133,3100,1373,329.877286,12.93921992,0,27,1,210,1,-1,49,28,27,1.0
14,5,168,368281,369807,369807,370815,370815,371422,371454,379454,379454,380077,380109,380143,383226,1526,1008,607,8000,623,351,0,600,2085,3117,3083,1485,344.8259644,14.94867843,1,4,6,160,1,1,51,10,4,2.0
14,5,169,383229,384750,384750,385758,385758,386362,386396,393896,393896,394511,394544,394578,397681,1521,1008,604,7500,615,428,0,600,2024,3137,3103,1424,359.2806786,14.45471418,1,2,5,180,1,1,51,7,2,2.0
14,5,170,397684,399205,399205,400211,400212,400817,400849,409349,409349,409977,410010,410043,413116,1521,1006,605,8500,628,757,0,600,1683,3106,3073,1083,374.7150525,15.4343739,1,5,9,180,1,1,51,14,5,2.0
14,5,171,413119,414642,414642,415646,415646,416252,416284,425284,425284,425910,425942,425975,429061,1523,1004,606,9000,626,543,0,600,1898,3119,3086,1298,390.6605616,15.94550912,1,5,5,150,1,1,51,10,5,2.0
14,5,172,429064,430586,430586,431590,431590,432193,432227,439227,439227,439844,439877,439910,442996,1522,1004,603,7000,617,352,0,600,2102,3119,3086,1502,404.5957377,13.93517609,1,57,-37,180,-1,-1,49,20,57,1.0
14,5,173,442999,444523,444523,445528,445528,446133,446165,454665,454665,455296,455329,455362,458461,1524,1005,605,8500,631,459,0,600,1976,3132,3099,1376,420.0599435,15.46420583,1,7,7,200,1,1,51,14,7,2.0
14,5,174,458464,459985,459985,460989,460989,461595,461628,467628,467628,468261,468293,468328,471427,1521,1004,606,6000,633,553,0,600,1883,3134,3099,1283,433.0265186,12.96657506,1,79,-51,190,-1,-1,49,28,79,1.0
14,5,175,471430,472955,472955,473960,473960,474566,474598,482098,482098,482698,482731,482765,485882,1525,1005,606,7500,600,383,0,600,2081,3151,3117,1481,447.4802889,14.45377035,1,19,1,170,1,1,51,20,19,2.0
14,5,176,485885,487405,487405,488410,488410,489017,489051,498051,498051,498651,498683,498716,501842,1520,1005,607,9000,600,419,0,600,2049,3159,3126,1449,463.4414906,15.96120167,1,14,14,190,1,1,51,28,14,2.0
14,5,177,501845,503364,503364,504368,504368,504974,505006,511506,511506,512140,512172,512206,515299,1519,1004,606,6500,634,707,0,600,1730,3127,3093,1130,476.8993801,13.45788952,1,13,1,180,1,1,51,14,13,2.0
14,5,178,515303,516831,516831,517839,517839,518443,518476,525476,525476,526108,526140,526173,529254,1528,1008,604,7000,632,314,0,600,2114,3114,3081,1514,490.8530703,13.95369019,1,10,4,200,1,1,51,14,10,2.0
14,5,179,529257,530784,530784,531792,531792,532395,532427,540427,540427,541059,541091,541125,544195,1527,1008,603,8000,632,521,0,600,1909,3104,3070,1309,505.7936071,14.94053683,1,10,18,160,1,1,51,28,10,2.0
14,5,180,544198,545722,545722,546727,546727,547331,547363,554363,554363,554963,554996,555030,558146,1524,1005,604,7000,600,569,0,600,1898,3150,3116,1298,519.7440922,13.95048502,1,28,-18,190,-1,-1,49,10,28,1.0
14,6,181,31795,33319,33319,34337,34337,34954,34987,42987,42987,43619,43653,43690,46770,1524,1018,617,8000,632,589,0,600,1820,3117,3080,1220,14.98709796,14.98709796,1,5,9,190,1,1,51,14,5,2.0
14,6,182,46775,48294,48294,49300,49300,49929,49961,57461,57461,58078,58111,58145,61210,1519,1006,629,7500,617,877,0,600,1552,3099,3065,952,29.42579986,14.4387019,1,2,3,210,1,1,51,5,2,2.0
14,6,183,61213,62737,62737,63739,63739,64340,64375,71375,71375,71996,72029,72062,75166,1524,1002,601,7000,621,565,0,600,1887,3137,3104,1287,43.38119932,13.95539946,1,4,1,160,1,1,51,5,4,2.0
14,6,184,75169,76690,76690,77694,77694,78300,78333,84833,84833,85435,85469,85504,88627,1521,1004,606,6500,602,416,0,600,2051,3158,3123,1451,56.84196493,13.46076561,0,14,-7,160,-1,1,51,7,14,2.0
14,6,185,88630,90155,90155,91158,91158,91763,91795,97795,97795,98427,98459,98494,101586,1525,1003,605,6000,632,418,0,600,2017,3127,3092,1417,69.80183191,12.95986698,1,28,-14,160,-1,-1,49,14,28,1.0
14,6,186,101589,103113,103113,104120,104120,104726,104759,113259,113259,113889,113922,113956,117025,1524,1007,606,8500,630,1174,0,600,1259,3103,3069,659,85.24083125,15.43899933,1,7,3,180,1,1,51,10,7,2.0
14,6,187,117028,118548,118548,119554,119554,120158,120191,129191,129191,129818,129852,129886,132964,1520,1006,604,9000,627,366,0,600,2077,3112,3078,1477,101.1789175,15.93808624,1,79,-51,160,-1,-1,49,28,79,1.0
14,6,188,132967,134490,134490,135497,135497,136104,136137,142137,142137,142768,142800,142833,145899,1523,1007,607,6000,631,585,0,600,1847,3099,3066,1247,114.1146918,12.93577428,1,7,13,210,1,1,51,20,7,2.0
14,6,189,145902,147429,147429,148437,148437,149041,149074,156074,156074,156675,156707,156741,159840,1527,1008,604,7000,601,362,0,600,2098,3133,3099,1498,128.0548067,13.94011494,1,28,-18,170,-1,-1,49,10,28,1.0
14,6,190,159843,161362,161362,162364,162364,162991,163024,170524,170524,171149,171181,171215,174292,1519,1002,627,7500,625,310,0,600,2117,3111,3077,1517,142.5075745,14.45276776,1,4,1,180,1,1,51,5,4,2.0
14,6,191,174295,175817,175817,176824,176824,177428,177461,186461,186461,187061,187094,187128,190242,1522,1007,604,9000,600,413,0,600,2054,3148,3114,1454,158.4575758,15.95000136,1,28,-14,190,-1,-1,49,14,28,1.0
14,6,192,190245,191767,191767,192772,192772,193378,193410,199910,199910,200533,200566,200599,203696,1522,1005,606,6500,623,643,0,600,1801,3130,3097,1201,171.9106561,13.45308026,1,2,5,190,1,1,51,7,2,2.0
14,6,193,203699,205227,205227,206233,206233,206837,206869,215369,215369,215969,216001,216036,219158,1528,1006,604,8500,600,226,0,600,2236,3157,3122,1636,187.3722775,15.46162145,1,7,13,190,1,1,51,20,7,2.0
14,6,194,219161,220683,220683,221687,221687,222294,222327,230327,230327,230927,230960,230994,234121,1522,1004,607,8000,600,943,0,600,1524,3161,3127,924,202.3361687,14.96389122,1,10,4,200,1,1,51,14,10,2.0
14,6,195,234124,235646,235646,236651,236651,237256,237288,243288,243288,243920,243952,243986,247076,1522,1005,605,6000,632,448,0,600,1988,3124,3090,1388,215.2905514,12.9543827,1,7,13,180,1,1,51,20,7,2.0
14,6,196,247079,248605,248605,249613,249613,250220,250253,258253,258253,258856,258889,258923,262043,1526,1008,607,8000,603,512,0,600,1944,3154,3120,1344,230.2583051,14.96775364,0,19,1,210,1,-1,49,20,19,1.0
14,6,197,262047,263572,263572,264576,264576,265182,265214,273714,273714,274333,274365,274400,277504,1525,1004,606,8500,619,205,0,600,2241,3139,3104,1641,245.7191985,15.46089339,1,40,-26,190,-1,-1,49,14,40,1.0
14,6,198,277507,279029,279029,280037,280037,280668,280700,289700,289700,290318,290350,290383,293447,1522,1008,631,9000,618,585,0,600,1836,3097,3064,1236,261.6615048,15.94230636,1,2,3,150,1,1,51,5,2,2.0
14,6,199,293450,294971,294971,295976,295976,296582,296615,304115,304115,304746,304779,304813,307913,1521,1005,606,7500,631,976,0,600,1461,3134,3100,861,276.126851,14.46534615,0,40,-12,170,-1,1,51,28,40,2.0
14,6,200,307915,309437,309437,310443,310443,311072,311104,318104,318104,318706,318739,318772,321863,1522,1006,629,7000,602,385,0,600,2056,3124,3091,1456,290.0775623,13.95071134,1,20,-13,210,-1,-1,49,7,20,1.0
14,6,201,321866,323385,323385,324392,324392,325002,325034,331534,331534,332165,332197,332230,335311,1519,1007,610,6500,631,508,0,600,1925,3114,3081,1325,303.5258204,13.44825804,1,5,5,180,1,1,51,10,5,2.0
14,6,202,335314,336841,336841,337847,337847,338449,338481,344981,344981,345581,345613,345648,348764,1527,1006,602,6500,600,1224,0,600,1241,3151,3116,641,316.9791423,13.45332194,0,14,6,170,1,-1,49,20,14,1.0
14,6,203,348767,350287,350287,351293,351293,351898,351931,357931,357931,358546,358578,358612,361718,1520,1006,605,6000,615,273,0,600,2181,3140,3106,1581,329.9329151,12.95377276,1,2,5,190,1,1,51,7,2,2.0
14,6,204,361721,363242,363242,364248,364248,364856,364889,373389,373389,373989,374023,374058,377156,1521,1006,608,8500,600,1039,0,600,1426,3133,3098,826,345.3706611,15.43774602,0,7,3,180,1,-1,49,10,7,1.0
14,6,205,377159,378683,378683,379688,379688,380289,380321,389321,389321,389943,389976,390010,393122,1524,1005,601,9000,622,660,0,600,1788,3146,3112,1188,361.3372102,15.96654914,1,3,2,180,1,1,51,5,3,2.0
14,6,206,393125,394654,394654,395664,395664,396271,396304,403804,403804,404429,404462,404495,407588,1529,1010,607,7500,625,446,0,600,1983,3126,3093,1383,375.8024898,14.46527955,1,4,6,190,1,1,51,10,4,2.0
14,6,207,407591,409112,409112,410120,410120,410726,410760,417760,417760,418393,418425,418458,421540,1521,1008,606,7000,633,439,0,600,1993,3115,3082,1393,389.7547374,13.95224763,1,5,9,160,1,1,51,14,5,2.0
14,6,208,421543,423064,423064,424066,424066,424670,424703,432703,432703,433319,433352,433385,436477,1521,1002,604,8000,616,1129,0,600,1328,3125,3092,728,404.6912355,14.93649812,1,40,-12,210,-1,-1,49,28,40,1.0
14,6,209,436480,437999,437999,439003,439003,439622,439655,446155,446155,446772,446805,446839,449928,1519,1004,619,6500,617,318,0,600,2123,3123,3089,1523,418.1414352,13.45019965,1,2,5,150,1,1,51,7,2,2.0
14,6,210,449929,451450,451450,452455,452455,453059,453091,461091,461091,461694,461726,461760,464871,1521,1005,604,8000,603,174,0,600,2293,3145,3111,1693,433.0851576,14.94372241,1,14,14,170,1,1,51,28,14,2.0
14,6,211,464874,466397,466397,467402,467402,468004,468036,475536,475536,476168,476200,476234,479323,1523,1005,602,7500,632,1032,0,600,1406,3123,3089,806,447.5379669,14.45280934,1,7,-2,180,-1,-1,49,5,7,1.0
14,6,212,479326,480852,480852,481859,481859,482465,482497,488497,488497,489126,489159,489192,492272,1526,1007,606,6000,629,304,0,600,2128,3113,3080,1528,460.4871308,12.9491639,1,5,2,170,1,1,51,7,5,2.0
14,6,213,492275,493804,493804,494808,494808,495415,495447,502447,502447,503062,503094,503128,506215,1529,1004,607,7000,615,509,0,600,1936,3121,3087,1336,474.4289472,13.94181636,1,40,-12,180,-1,-1,49,28,40,1.0
14,6,214,506218,507744,507744,508747,508747,509354,509387,518388,518388,518988,519020,519054,522155,1526,1003,607,9001,600,298,0,600,2165,3135,3101,1565,490.3710082,15.94206106,0,27,1,190,1,-1,49,28,27,1.0
14,6,215,522159,523683,523683,524693,524693,525300,525332,533832,533832,534432,534465,534498,537609,1524,1010,607,8500,600,566,0,600,1893,3144,3111,1293,505.8237832,15.45277499,1,19,1,200,1,1,51,20,19,2.0
14,6,216,537612,539131,539131,540137,540137,540743,540776,547776,547776,548376,548410,548444,551560,1519,1006,606,7000,600,1189,0,600,1280,3150,3116,680,519.7742095,13.95042626,0,9,1,170,1,-1,49,10,9,1.0
15,1,1,74077,75603,75603,76634,76634,77263,77295,85795,85795,86395,86428,86464,89546,1526,1031,629,8500,600,591,0,600,1823,3118,3082,1223,15.50770283,15.50770283,1,7,13,180,1,1,51,20,7,2.0
15,1,2,89600,91122,91122,92136,92136,92757,92789,100289,100289,100890,100923,100956,104042,1522,1014,621,7500,601,643,0,600,1799,3119,3086,1199,29.9510362,14.44333336,1,10,-3,190,-1,-1,49,7,10,1.0
15,1,3,104045,105568,105568,106572,106572,107177,107209,114209,114209,114809,114842,114876,117995,1523,1004,605,7000,600,281,0,600,2187,3153,3119,1587,43.90421289,13.95317669,1,10,18,190,1,1,51,28,10,2.0
15,1,4,117998,119525,119525,120531,120531,121134,121167,127167,127167,127796,127829,127862,130935,1527,1006,603,6000,629,1010,0,600,1425,3106,3073,825,56.8441669,12.93995401,1,4,1,190,1,1,51,5,4,2.0
15,1,5,130937,132462,132462,133467,133467,134073,134105,143105,143105,143705,143737,143771,146881,1525,1005,606,9000,600,597,0,600,1867,3144,3110,1267,72.79099654,15.94682964,1,29,-1,200,-1,-1,49,28,29,1.0
15,1,6,146884,148406,148406,149413,149413,150016,150049,158049,158049,158651,158684,158718,161832,1522,1007,603,8000,602,474,0,600,1992,3148,3114,1392,87.74123656,14.95024003,1,20,-13,150,-1,-1,49,7,20,1.0
15,1,7,161835,163363,163363,164367,164367,164969,165002,171502,171502,172130,172162,172195,175269,1528,1004,602,6500,628,398,0,600,2040,3107,3074,1440,101.1787834,13.43754682,1,4,1,170,1,1,51,5,4,2.0
15,1,8,175272,176796,176796,177802,177802,178422,178455,186455,186455,187075,187107,187141,190205,1524,1006,620,8000,620,229,0,600,2201,3098,3064,1601,116.1148898,14.93610636,1,7,7,180,1,1,51,14,7,2.0
15,1,9,190208,191735,191735,192736,192736,193338,193371,201871,201871,202472,202504,202537,205647,1527,1001,602,8500,601,406,0,600,2063,3143,3110,1463,131.5561893,15.44129955,1,14,-7,160,-1,-1,49,7,14,1.0
15,1,10,205650,207177,207177,208178,208178,208784,208817,215817,215817,216419,216451,216484,219610,1527,1001,606,7000,602,356,0,600,2108,3159,3126,1508,145.5193751,13.96318576,1,20,-10,200,-1,-1,49,10,20,1.0
15,1,11,219612,221135,221135,222142,222142,222773,222805,228805,228805,229406,229439,229472,232567,1523,1007,631,6000,601,65,0,600,2373,3128,3095,1773,158.4760471,12.95667206,1,28,-14,210,-1,-1,49,14,28,1.0
15,1,12,232570,234094,234094,235099,235099,235702,235735,243235,243235,243866,243899,243932,247017,1524,1005,603,7500,631,250,0,600,2187,3118,3085,1587,172.9262664,14.45021923,1,28,-18,160,-1,-1,49,10,28,1.0
15,1,13,247020,248548,248548,249558,249558,250161,250193,256694,256694,257307,257339,257373,260451,1528,1010,603,6501,613,307,0,600,2138,3112,3078,1538,186.3606101,13.43434376,1,7,7,200,1,1,51,14,7,2.0
15,1,14,260454,261982,261982,262987,262987,263592,263625,272625,272625,273225,273257,273290,276407,1528,1005,605,9000,600,606,0,600,1856,3150,3117,1256,202.31626,15.95564988,1,28,-8,210,-1,-1,49,20,28,1.0
15,1,15,276410,277930,277930,278932,278932,279536,279568,286068,286068,286691,286723,286757,289875,1520,1002,604,6500,623,278,0,600,2173,3152,3118,1573,215.7844394,13.46817945,0,11,-1,160,-1,1,51,10,11,2.0
15,1,16,289878,291399,291399,292405,292405,293008,293040,302040,302040,302671,302703,302736,305819,1521,1006,603,9000,631,1090,0,600,1349,3116,3083,749,231.727727,15.94328756,1,10,-3,190,-1,-1,49,7,10,1.0
15,1,17,305821,307341,307341,308349,308349,308969,309001,316001,316001,316603,316635,316669,319778,1520,1008,620,7000,602,474,0,600,1976,3143,3109,1376,245.6872863,13.9595593,1,10,-5,160,-1,-1,49,5,10,1.0
15,1,18,319781,321306,321306,322313,322313,322939,322972,328972,328972,329593,329625,329659,332726,1525,1007,626,6000,621,1106,0,600,1315,3101,3067,715,258.634816,12.94752968,1,6,-1,170,-1,-1,49,5,6,1.0
15,1,19,332729,334248,334248,335253,335253,335861,335895,343395,343395,343996,344029,344063,347190,1519,1005,608,7500,601,227,0,600,2240,3161,3127,1640,273.0994359,14.46461989,1,28,-8,180,-1,-1,49,20,28,1.0
15,1,20,347193,348721,348721,349729,349729,350337,350369,358869,358869,359487,359520,359555,362630,1528,1008,608,8500,618,105,0,600,2333,3110,3075,1733,288.5392938,15.43985788,1,40,-20,160,-1,-1,49,20,40,1.0
15,1,21,362633,364156,364156,365165,365165,365789,365822,373822,373822,374444,374477,374510,377592,1523,1009,624,8000,622,533,0,600,1889,3115,3082,1289,303.5013847,14.96209095,1,3,2,190,1,1,51,5,3,2.0
15,1,22,377595,379114,379114,380119,380119,380726,380758,386758,386758,387358,387390,387423,390537,1519,1005,607,6000,600,339,0,600,2130,3147,3114,1530,316.4461609,12.94477623,1,14,14,160,1,1,51,28,14,2.0
15,1,23,390540,392061,392061,393066,393066,393671,393704,400204,400204,400836,400869,400902,403997,1521,1005,605,6500,632,296,0,600,2141,3128,3095,1541,329.9063956,13.46023463,1,20,8,170,1,1,51,28,20,2.0
15,1,24,404000,405526,405526,406528,406528,407136,407169,416169,416169,416801,416833,416866,419934,1526,1002,608,9000,632,298,0,600,2134,3101,3068,1534,345.8432478,15.93685221,1,20,-10,180,-1,-1,49,10,20,1.0
15,1,25,419937,421465,421465,422473,422473,423079,423112,431112,431112,431745,431779,431813,434882,1528,1008,606,8000,633,234,0,600,2191,3103,3069,1591,360.7909085,14.94766076,1,14,14,180,1,1,51,28,14,2.0
15,1,26,434885,436407,436407,437410,437410,438017,438050,446550,446550,447153,447186,447220,450324,1522,1003,607,8500,603,298,0,600,2167,3138,3104,1567,376.232598,15.44168949,1,28,-18,160,-1,-1,49,10,28,1.0
15,1,27,450327,451857,451857,452864,452864,453464,453496,460496,460496,461127,461159,461193,464283,1530,1007,600,7000,631,609,0,600,1823,3124,3090,1223,390.1923149,13.95971691,1,8,-1,180,-1,-1,49,7,8,1.0
15,1,28,464286,465810,465810,466811,466811,467429,467461,474961,474961,475562,475595,475629,478743,1524,1001,618,7500,601,442,0,600,2014,3148,3114,1414,404.652266,14.45995106,1,10,-5,170,-1,-1,49,5,10,1.0
15,1,29,478746,480268,480268,481270,481270,481876,481908,488408,488408,489009,489043,489078,492211,1522,1002,606,6500,601,655,0,600,1814,3168,3133,1214,418.1196665,13.46740046,1,15,-1,200,-1,-1,49,14,15,1.0
15,1,30,492214,493739,493739,494745,494745,495351,495383,502883,502883,503485,503518,503551,506650,1525,1006,606,7500,602,459,0,600,2002,3132,3099,1402,432.5589958,14.43932931,1,15,-1,150,-1,-1,49,14,15,1.0
15,1,31,506653,508178,508178,509178,509178,509782,509815,518815,518815,519448,519481,519515,522611,1525,1000,604,9000,633,240,0,600,2198,3130,3096,1598,448.5202577,15.96126194,1,7,13,180,1,1,51,20,7,2.0
15,1,32,522614,524138,524138,525140,525140,525741,525773,532773,532773,533376,533409,533443,536555,1524,1002,601,7000,603,702,0,600,1768,3146,3112,1168,462.4633358,13.94307812,1,8,-1,180,-1,-1,49,7,8,1.0
15,1,33,536558,538083,538083,539091,539091,539700,539733,547733,547733,548356,548389,548422,551510,1525,1008,609,8000,623,313,0,600,2122,3121,3088,1522,477.4191087,14.95577283,1,7,3,160,1,1,51,10,7,2.0
15,1,34,551513,553041,553041,554050,554050,554656,554689,563189,563189,563821,563853,563887,566956,1528,1009,606,8500,632,717,0,600,1708,3103,3069,1108,492.8643885,15.44527979,0,21,-1,150,-1,1,51,20,21,2.0
15,1,35,566959,568479,568479,569481,569481,570086,570118,576118,576118,576718,576751,576784,579905,1520,1002,605,6000,600,252,0,600,2221,3154,3121,1621,505.8136762,12.94928776,1,29,-1,200,-1,-1,49,28,29,1.0
15,1,36,579907,581429,581429,582435,582435,583035,583067,590067,590067,590697,590730,590763,593845,1522,1006,600,7000,630,208,0,600,2234,3115,3082,1634,519.753381,13.9397048,1,5,9,150,1,1,51,14,5,2.0
15,2,37,30762,32284,32284,33304,33304,33904,33937,39937,39937,40562,40596,40631,43727,1522,1020,600,6000,625,351,0,600,2082,3131,3096,1482,12.97645304,12.97645304,1,4,1,210,1,1,51,5,4,2.0
15,2,38,43731,45254,45254,46260,46260,46863,46897,53897,53897,54499,54532,54566,57682,1523,1006,603,7000,602,253,0,600,2213,3150,3116,1613,26.93086467,13.95441163,1,20,8,170,1,1,51,28,20,2.0
15,2,39,57685,59206,59206,60213,60213,60821,60854,68854,68854,69456,69489,69523,72643,1521,1007,608,8000,602,413,0,600,2049,3154,3120,1449,41.89117072,14.96030605,1,14,6,190,1,1,51,20,14,2.0
15,2,40,72646,74171,74171,75178,75178,75785,75818,83318,83318,83949,83982,84017,87102,1525,1007,607,7500,631,317,0,600,2113,3120,3085,1513,56.35072852,14.4595578,1,5,5,150,1,1,51,10,5,2.0
15,2,41,87105,88625,88625,89631,89631,90238,90270,96770,96770,97389,97421,97454,100543,1520,1006,607,6500,619,286,0,600,2162,3122,3089,1562,69.79090553,13.44017701,1,2,5,170,1,1,51,7,2,2.0
15,2,42,100546,102067,102067,103074,103074,103703,103735,112735,112735,113335,113367,113401,116502,1521,1007,629,9000,600,135,0,600,2308,3135,3101,1708,85.75030602,15.95940049,1,14,-9,200,-1,-1,49,5,14,1.0
15,2,43,116505,118029,118029,119036,119036,119644,119676,128176,128176,128776,128808,128842,131953,1524,1007,608,8500,600,270,0,600,2191,3145,3111,1591,101.2011373,15.45083128,1,10,10,170,1,1,51,20,10,2.0
15,2,44,131956,133480,133480,134489,134489,135112,135144,141644,141644,142259,142291,142324,145397,1524,1009,623,6500,615,165,0,600,2264,3106,3073,1664,114.6451812,13.44404395,1,7,3,160,1,1,51,10,7,2.0
15,2,45,145400,146918,146918,147921,147921,148528,148560,156060,156060,156661,156694,156727,159853,1518,1003,607,7500,601,482,0,600,1989,3159,3126,1389,129.1007507,14.45556942,1,14,-4,190,-1,-1,49,10,14,1.0
15,2,46,159856,161377,161377,162382,162382,162989,163022,170022,170022,170623,170655,170689,173802,1521,1005,607,7000,601,627,0,600,1839,3147,3113,1239,143.0506041,13.94985339,1,40,-12,210,-1,-1,49,28,40,1.0
15,2,47,173805,175325,175325,176333,176333,176940,176972,184972,184972,185604,185636,185670,188748,1520,1008,607,8000,632,147,0,600,2286,3112,3078,1686,157.9961406,14.94553654,1,5,9,180,1,1,51,14,5,2.0
15,2,48,188751,190276,190276,191284,191284,191888,191922,200422,200422,201054,201088,201121,204204,1525,1008,604,8500,632,216,0,600,2215,3116,3083,1615,173.4526108,15.45647016,1,15,-1,190,-1,-1,49,14,15,1.0
15,2,49,204207,205731,205731,206735,206735,207343,207376,216376,216376,216994,217026,217060,220145,1524,1004,608,9000,618,831,0,600,1615,3119,3085,1015,189.3931614,15.94055069,1,40,-20,190,-1,-1,49,20,40,1.0
15,2,50,220148,221673,221673,222678,222678,223284,223317,229317,229317,229934,229966,229999,233104,1525,1005,606,6000,617,231,0,600,2216,3138,3105,1616,202.3520216,12.95886017,1,40,-26,160,-1,-1,49,14,40,1.0
15,2,51,233107,234630,234630,235634,235634,236235,236268,244268,244268,244896,244928,244962,248050,1523,1004,601,8000,628,774,0,600,1670,3122,3088,1070,217.2984065,14.94638484,1,6,-1,200,-1,-1,49,5,6,1.0
15,2,52,248053,249574,249574,250579,250579,251184,251216,259716,259716,260346,260378,260411,263504,1521,1005,605,8500,630,229,0,600,2210,3126,3093,1610,232.7517311,15.45332465,1,4,3,210,1,1,51,7,4,2.0
15,2,53,263507,265033,265033,266040,266040,266672,266705,272705,272705,273306,273338,273373,276454,1526,1007,632,6000,601,236,0,600,2198,3116,3081,1598,245.7022897,12.95055855,1,14,-9,170,-1,-1,49,5,14,1.0
15,2,54,276457,277982,277982,278988,278988,279591,279624,286124,286124,286726,286759,286792,289918,1525,1006,603,6500,602,388,0,600,2076,3159,3126,1476,259.165872,13.46358234,1,10,-3,210,-1,-1,49,7,10,1.0
15,2,55,289921,291444,291444,292451,292451,293082,293115,302115,302115,302715,302748,302783,305862,1523,1007,631,9000,600,821,0,600,1618,3114,3079,1018,275.1103068,15.9444348,1,6,-1,190,-1,-1,49,5,6,1.0
15,2,56,305865,307387,307387,308393,308393,308996,309030,316530,316530,317163,317195,317228,320324,1522,1006,603,7500,633,517,0,600,1919,3129,3096,1319,289.5717697,14.46146294,1,11,-1,160,-1,-1,49,10,11,1.0
15,2,57,320327,321848,321848,322859,322859,323463,323495,330495,330495,331128,331161,331196,334281,1521,1011,604,7000,633,217,0,600,2214,3120,3085,1614,303.5285828,13.95681309,1,20,-6,210,-1,-1,49,14,20,1.0
15,2,58,334284,335806,335806,336809,336809,337415,337448,343448,343448,344048,344081,344115,347241,1522,1003,606,6000,600,293,0,600,2176,3160,3126,1576,316.4892285,12.96064567,1,28,-8,180,-1,-1,49,20,28,1.0
15,2,59,347244,348765,348765,349769,349769,350371,350404,358904,358904,359532,359565,359598,362702,1521,1004,602,8500,628,915,0,600,1530,3137,3104,930,331.9498576,15.4606291,1,8,-1,180,-1,-1,49,7,8,1.0
15,2,60,362705,364227,364227,365234,365234,365841,365873,372873,372873,373474,373506,373540,376655,1522,1007,607,7000,601,762,0,600,1701,3149,3115,1101,345.9029737,13.95311612,1,11,-1,150,-1,-1,49,10,11,1.0
15,2,61,376658,378181,378181,379182,379182,379785,379818,386318,386318,386941,386974,387007,390093,1523,1001,603,6500,623,316,0,600,2134,3119,3086,1534,359.3405085,13.43753477,1,3,2,160,1,1,51,5,3,2.0
15,2,62,390096,391616,391616,392622,392622,393227,393260,402260,402260,402865,402898,402931,406052,1520,1006,605,9000,605,804,0,600,1660,3154,3121,1060,375.2999982,15.95948969,0,40,-12,150,-1,1,51,28,40,2.0
15,2,63,406055,407581,407581,408586,408586,409193,409226,417226,417226,417853,417886,417920,421016,1526,1005,607,8000,627,358,0,600,2077,3130,3096,1477,390.2640738,14.96407565,1,10,10,180,1,1,51,20,10,2.0
15,2,64,421019,422546,422546,423552,423552,424156,424189,431689,431689,432289,432322,432355,435459,1527,1006,604,7500,600,236,0,600,2227,3137,3104,1627,404.7070995,14.44302568,1,28,-8,180,-1,-1,49,20,28,1.0
15,2,65,435463,436987,436987,437995,437995,438598,438632,447132,447132,447754,447786,447820,450922,1524,1008,603,8500,622,329,0,600,2114,3136,3102,1514,420.1696335,15.46253394,1,5,5,200,1,1,51,10,5,2.0
15,2,66,450925,452448,452448,453458,453458,454066,454098,461098,461098,461723,461755,461787,464871,1523,1010,608,7000,625,408,0,600,2026,3116,3084,1426,434.118543,13.94890956,1,14,-7,150,-1,-1,49,7,14,1.0
15,2,67,464874,466394,466394,467400,467400,468006,468038,474538,474538,475170,475202,475236,478307,1520,1006,606,6500,632,590,0,600,1846,3105,3071,1246,447.5545918,13.43604881,1,5,2,190,1,1,51,7,5,2.0
15,2,68,478310,479835,479835,480841,480841,481451,481483,488983,488983,489584,489616,489649,492752,1525,1006,610,7500,601,146,0,600,2312,3136,3103,1712,461.999786,14.44519421,1,14,14,180,1,1,51,28,14,2.0
15,2,69,492755,494278,494278,495286,495286,495892,495924,503924,503924,504557,504589,504623,507699,1523,1008,606,8000,633,308,0,600,2122,3110,3076,1522,476.9460576,14.94627154,0,5,9,190,1,-1,49,14,5,1.0
15,2,70,507702,509226,509226,510236,510236,510842,510875,519875,519875,520477,520510,520543,523650,1524,1010,606,9000,602,621,0,600,1837,3140,3107,1237,492.8977203,15.9516627,1,20,-6,160,-1,-1,49,14,20,1.0
15,2,71,523653,525176,525176,526179,526179,526785,526817,532817,532817,533432,533465,533499,536616,1523,1003,606,6000,615,319,0,600,2134,3151,3117,1534,505.8640829,12.9663626,1,79,-51,200,-1,-1,49,28,79,1.0
15,2,72,536619,538143,538143,539149,539149,539758,539791,546291,546291,546923,546955,546988,550052,1524,1006,609,6500,632,293,0,600,2136,3097,3064,1536,519.2997571,13.43567423,1,10,18,190,1,1,51,28,10,2.0
15,3,73,32219,33743,33743,34759,34759,35371,35404,43904,43904,44524,44558,44593,47668,1524,1016,612,8500,620,357,0,600,2071,3110,3075,1471,15.46177664,15.46177664,1,2,3,190,1,1,51,5,2,2.0
15,3,74,47673,49199,49199,50204,50204,50806,50838,58338,58338,58939,58971,59005,62131,1526,1005,602,7500,601,515,0,600,1951,3160,3126,1351,29.92295812,14.46118148,1,10,-3,170,-1,-1,49,7,10,1.0
15,3,75,62134,63659,63659,64663,64663,65272,65304,71304,71304,71905,71937,71971,75083,1525,1004,609,6000,601,436,0,600,2025,3146,3112,1425,42.87448913,12.95153101,1,10,10,210,1,1,51,20,10,2.0
15,3,76,75086,76610,76610,77618,77618,78226,78258,86258,86258,86891,86923,86957,90018,1524,1008,608,8000,633,353,0,600,2074,3095,3061,1474,57.80976859,14.93527946,1,10,4,210,1,1,51,14,10,2.0
15,3,77,90021,91544,91544,92553,92553,93158,93191,102191,102191,102814,102846,102880,105972,1523,1009,605,9000,623,193,0,600,2247,3126,3092,1647,73.76334759,15.95357899,1,4,6,190,1,1,51,10,4,2.0
15,3,78,105975,107492,107492,108496,108496,109127,109159,116159,116159,116782,116815,116848,119918,1517,1004,631,7000,623,305,0,600,2120,3103,3070,1520,87.70944735,13.94609977,1,14,-9,200,-1,-1,49,5,14,1.0
15,3,79,119921,121447,121447,122453,122453,123086,123118,129618,129618,130251,130282,130316,133365,1526,1006,633,6500,633,306,0,600,2096,3083,3049,1496,101.1563294,13.44688207,1,14,-9,200,-1,-1,49,5,14,1.0
15,3,80,133367,134897,134897,135903,135903,136532,136565,145565,145565,146165,146198,146232,149300,1530,1006,629,9000,600,496,0,600,1939,3102,3068,1339,117.0917565,15.93542712,1,9,1,180,1,1,51,10,9,2.0
15,3,81,149303,150827,150827,151832,151832,152439,152471,160971,160971,161604,161637,161670,164738,1524,1005,607,8500,633,356,0,600,2075,3101,3068,1475,132.5286051,15.43684859,1,14,14,190,1,1,51,28,14,2.0
15,3,82,164740,166264,166264,167273,167273,167877,167910,174910,174910,175513,175546,175579,178673,1524,1009,604,7000,603,255,0,600,2205,3127,3094,1605,146.4638762,13.93527102,1,7,13,170,1,1,51,20,7,2.0
15,3,83,178676,180201,180201,181207,181207,181813,181845,187845,187845,188445,188477,188510,191634,1525,1006,606,6000,600,514,0,600,1949,3157,3124,1349,159.4247515,12.9608753,1,10,-3,150,-1,-1,49,7,10,1.0
15,3,84,191637,193161,193161,194166,194166,194791,194824,202824,202824,203426,203459,203494,206597,1524,1005,625,8000,602,303,0,600,2141,3138,3103,1541,174.3880623,14.96331082,1,28,-18,150,-1,-1,49,10,28,1.0
15,3,85,206600,208130,208130,209137,209137,209744,209776,217276,217276,217877,217910,217944,221045,1530,1007,607,7500,601,456,0,600,1999,3135,3101,1399,188.8357134,14.44765112,1,20,-10,150,-1,-1,49,10,20,1.0
15,3,86,221048,222569,222569,223574,223574,224181,224213,230713,230713,231345,231379,231412,234486,1521,1005,607,6500,632,916,0,600,1519,3107,3074,919,202.2775168,13.4418034,1,9,1,180,1,1,51,10,9,2.0
15,3,87,234489,236011,236011,237015,237015,237622,237655,244155,244155,244787,244819,244852,247951,1522,1004,607,6500,632,297,0,600,2138,3132,3099,1538,215.7416886,13.46417178,1,13,1,170,1,1,51,14,13,2.0
15,3,88,247954,249478,249478,250482,250482,251086,251118,258118,258118,258733,258765,258798,261915,1524,1004,604,7000,615,380,0,600,2073,3150,3117,1473,229.7057642,13.96407565,1,4,3,180,1,1,51,7,4,2.0
15,3,89,261918,263446,263446,264448,264448,265056,265088,271088,271088,271720,271753,271786,274856,1528,1002,608,6000,632,328,0,600,2102,3103,3070,1502,242.6465979,12.94083366,1,40,-20,170,-1,-1,49,20,40,1.0
15,3,90,274859,276386,276386,277392,277392,277995,278027,285527,285527,286129,286162,286196,289309,1527,1006,603,7500,602,889,0,600,1573,3147,3113,973,257.0996872,14.4530893,1,20,-13,180,-1,-1,49,7,20,1.0
15,3,91,289312,290838,290838,291842,291842,292446,292479,300979,300979,301582,301614,301648,304746,1526,1004,604,8500,603,267,0,600,2196,3132,3098,1596,272.5367356,15.43704839,1,14,6,200,1,1,51,20,14,2.0
15,3,92,304749,306269,306269,307275,307275,307908,307940,315940,315940,316570,316602,316636,319681,1520,1006,633,8000,630,146,0,600,2265,3079,3045,1665,287.4717592,14.93502361,1,4,1,190,1,1,51,5,4,2.0
15,3,93,319684,321212,321212,322216,322216,322823,322855,331855,331855,332457,332489,332523,335626,1528,1004,607,9000,602,175,0,600,2284,3137,3103,1684,303.4167159,15.94495674,1,20,8,170,1,1,51,28,20,2.0
15,3,94,335629,337150,337150,338152,338152,338759,338791,347291,347291,347924,347957,347990,351085,1521,1002,607,8500,633,159,0,600,2278,3128,3095,1678,318.8756343,15.45891833,1,14,14,190,1,1,51,28,14,2.0
15,3,95,351088,352614,352614,353616,353616,354221,354254,360254,360254,360878,360910,360945,364044,1526,1002,605,6000,624,197,0,600,2246,3134,3099,1646,331.8340885,12.95845425,1,79,-51,180,-1,-1,49,28,79,1.0
15,3,96,364046,365568,365568,366572,366572,367176,367208,375208,375208,375839,375871,375904,379005,1522,1004,604,8000,631,588,0,600,1851,3134,3101,1251,346.7962684,14.96217985,1,4,1,170,1,1,51,5,4,2.0
15,3,97,379008,380536,380536,381542,381542,382145,382177,388677,388677,389296,389328,389361,392451,1528,1006,603,6500,619,551,0,600,1893,3123,3090,1293,360.2416298,13.44536146,1,2,5,200,1,1,51,7,2,2.0
15,3,98,392454,393974,393974,394981,394981,395588,395620,404620,404620,405235,405268,405301,408415,1520,1007,607,9000,615,376,0,600,2075,3147,3114,1475,376.205905,15.96427515,1,56,-28,210,-1,-1,49,28,56,1.0
15,3,99,408418,409941,409941,410944,410944,411548,411580,419080,419080,419701,419734,419767,422854,1523,1003,604,7500,621,443,0,600,2006,3120,3087,1406,390.6442944,14.4383894,1,3,2,190,1,1,51,5,3,2.0
15,3,100,422857,424382,424382,425389,425389,425995,426028,433028,433028,433661,433693,433727,436798,1525,1007,606,7000,633,306,0,600,2123,3105,3071,1523,404.5887075,13.9444131,1,14,6,150,1,1,51,20,14,2.0
15,3,101,436801,438320,438320,439326,439326,439931,439963,447463,447463,448095,448129,448163,451256,1519,1006,605,7500,632,258,0,600,2180,3127,3093,1580,419.0462682,14.45756074,1,19,1,180,1,1,51,20,19,2.0
15,3,102,451259,452781,452781,453789,453789,454394,454426,461426,461426,462058,462090,462123,465216,1522,1008,605,7000,632,354,0,600,2079,3126,3093,1479,433.0063483,13.96008004,1,9,1,170,1,1,51,10,9,2.0
15,3,103,465219,466746,466746,467753,467754,468357,468390,477390,477390,477990,478022,478055,481156,1527,1007,603,9000,600,293,0,600,2170,3134,3101,1570,448.9467474,15.94039911,1,28,-14,160,-1,-1,49,14,28,1.0
15,3,104,481159,482678,482678,483683,483683,484289,484322,492322,492322,492952,492985,493019,496116,1519,1005,606,8000,630,492,0,600,1948,3131,3097,1348,463.9066984,14.95995106,1,7,7,180,1,1,51,14,7,2.0
15,3,105,496119,497641,497641,498646,498646,499249,499281,505781,505781,506414,506447,506481,509554,1522,1005,603,6500,633,400,0,600,2037,3107,3073,1437,477.3450185,13.43832009,1,20,-13,170,-1,-1,49,7,20,1.0
15,3,106,509557,511082,511082,512089,512089,512696,512727,518727,518727,519328,519361,519394,522509,1525,1007,607,6000,601,506,0,600,1954,3148,3115,1354,490.299777,12.95475848,1,7,7,210,1,1,51,14,7,2.0
15,3,107,522511,524034,524034,525037,525037,525641,525673,534173,534173,534774,534806,534840,537972,1523,1003,604,8500,601,293,0,600,2176,3166,3132,1576,505.7628455,15.46306854,1,5,9,180,1,1,51,14,5,2.0
15,3,108,537975,539498,539498,540500,540500,541107,541139,549639,549639,550256,550288,550321,553434,1523,1002,607,8500,617,273,0,600,2178,3146,3113,1578,521.2245673,15.4617218,1,56,-28,160,-1,-1,49,28,56,1.0
15,4,109,56035,57562,57562,58578,58578,59186,59220,67720,67720,68325,68358,68394,71500,1527,1016,608,8500,605,328,0,600,2116,3142,3106,1516,15.47717086,15.47717086,1,20,-13,150,-1,-1,49,7,20,1.0
15,4,110,71505,73031,73031,74036,74036,74640,74672,82172,82172,82801,82833,82866,85935,1526,1005,604,7500,629,302,0,600,2134,3102,3069,1534,29.90985267,14.43268181,1,10,10,150,1,1,51,20,10,2.0
15,4,111,85938,87459,87459,88463,88463,89084,89117,95617,95617,96240,96273,96306,99372,1521,1004,621,6500,623,617,0,600,1814,3099,3066,1214,43.34714244,13.43728977,1,4,1,170,1,1,51,5,4,2.0
15,4,112,99375,100899,100899,101905,101905,102511,102543,109543,109543,110144,110176,110210,113308,1524,1006,606,7000,601,879,0,600,1584,3132,3098,984,57.2824451,13.93530266,0,13,1,200,1,-1,49,14,13,1.0
15,4,113,113311,114836,114836,115842,115842,116446,116480,124480,124480,125109,125141,125175,128261,1525,1006,604,8000,629,315,0,600,2121,3120,3086,1521,72.23564168,14.95319658,1,14,-4,210,-1,-1,49,10,14,1.0
15,4,114,128264,129785,129785,130789,130789,131409,131441,137441,137441,138075,138107,138141,141213,1521,1004,620,6000,634,266,0,600,2155,3106,3072,1555,85.18805083,12.95240915,1,10,-5,180,-1,-1,49,5,10,1.0
15,4,115,141216,142740,142740,143750,143750,144378,144411,153411,153411,154013,154045,154078,157157,1524,1010,628,9000,602,306,0,600,2130,3112,3079,1530,101.1316322,15.94358138,1,14,-9,150,-1,-1,49,5,14,1.0
15,4,116,157160,158680,158680,159685,159685,160315,160347,167347,167347,167967,168000,168033,171095,1520,1005,630,7000,620,360,0,600,2065,3095,3062,1465,115.0694897,13.93785752,1,5,2,170,1,1,51,7,5,2.0
15,4,117,171098,172618,172618,173624,173624,174230,174263,182763,182763,183394,183427,183460,186560,1520,1006,606,8500,631,233,0,600,2204,3133,3100,1604,130.5350471,15.46555739,1,79,-51,210,-1,-1,49,28,79,1.0
15,4,118,186563,188085,188085,189090,189090,189715,189748,198748,198748,199348,199381,199414,202496,1522,1005,625,9000,600,538,0,600,1910,3115,3082,1310,146.4706957,15.93564861,1,14,-9,190,-1,-1,49,5,14,1.0
15,4,119,202499,204025,204025,205028,205028,205630,205662,212162,212162,212793,212826,212859,215949,1526,1003,602,6500,631,320,0,600,2118,3123,3090,1518,159.9235732,13.45287745,1,7,3,170,1,1,51,10,7,2.0
15,4,120,215951,217478,217478,218487,218487,219091,219123,226623,226623,227244,227278,227311,230405,1527,1009,604,7500,621,95,0,600,2344,3127,3094,1744,174.3798137,14.45624053,1,79,-51,210,-1,-1,49,28,79,1.0
15,4,121,230408,231933,231933,232937,232937,233545,233578,241578,241578,242184,242217,242250,245342,1525,1004,608,8000,606,351,0,600,2106,3125,3092,1506,189.3171023,14.93728856,1,40,-26,150,-1,-1,49,14,40,1.0
15,4,122,245345,246869,246869,247877,247877,248480,248513,254513,254513,255113,255145,255178,258276,1524,1008,603,6000,600,326,0,600,2139,3131,3098,1539,202.2511947,12.93409244,1,14,-7,180,-1,-1,49,7,14,1.0
15,4,123,258279,259805,259805,260809,260809,261416,261449,270449,270449,271078,271110,271143,274225,1526,1004,607,9000,629,277,0,600,2157,3115,3082,1557,218.1995682,15.94837346,1,7,7,160,1,1,51,14,7,2.0
15,4,124,274227,275749,275749,276752,276752,277370,277402,283402,283402,284033,284067,284100,287162,1522,1003,618,6000,631,678,0,600,1748,3095,3062,1148,231.137017,12.93744888,1,10,-3,180,-1,-1,49,7,10,1.0
15,4,125,287165,288692,288692,289695,289695,290301,290335,296835,296835,297457,297490,297523,300626,1527,1003,606,6500,622,270,0,600,2172,3136,3103,1572,244.6011439,13.46412688,1,7,13,190,1,1,51,20,7,2.0
15,4,126,300629,302152,302152,303154,303154,303762,303794,311294,311294,311909,311941,311975,315070,1523,1002,608,7500,615,232,0,600,2220,3129,3095,1620,259.0447292,14.44358529,1,57,-37,160,-1,-1,49,20,57,1.0
15,4,127,315073,316597,316597,317600,317600,318207,318239,326239,326239,326840,326872,326906,330013,1524,1003,607,8000,601,370,0,600,2095,3141,3107,1495,273.9879216,14.94319233,1,20,-10,210,-1,-1,49,10,20,1.0
15,4,128,330016,331541,331541,332551,332551,333157,333189,341689,341689,342292,342324,342357,345458,1525,1010,606,8500,603,523,0,600,1933,3134,3101,1333,289.4325459,15.44462435,1,40,-12,160,-1,-1,49,28,40,1.0
15,4,129,345461,346986,346986,347991,347991,348597,348629,355629,355629,356256,356289,356322,359397,1525,1005,606,7000,627,334,0,600,2103,3108,3075,1503,303.3717785,13.93923258,1,7,13,150,1,1,51,20,7,2.0
15,4,130,359400,360924,360924,361929,361929,362533,362567,369067,369067,369692,369725,369759,372854,1524,1005,604,6500,625,451,0,600,1991,3129,3095,1391,316.828324,13.45654549,1,5,5,210,1,1,51,10,5,2.0
15,4,131,372857,374376,374376,375383,375383,375988,376021,382021,382021,382653,382686,382719,385812,1519,1007,605,6000,632,319,0,600,2118,3126,3093,1518,329.7863488,12.95802483,1,20,-10,190,-1,-1,49,10,20,1.0
15,4,132,385815,387345,387345,388351,388351,388956,388988,397988,397988,398590,398623,398656,401769,1530,1006,605,9000,602,546,0,600,1911,3146,3113,1311,345.743755,15.95740615,1,10,4,200,1,1,51,14,10,2.0
15,4,133,401772,403301,403301,404307,404307,404926,404958,413458,413458,414090,414122,414156,417220,1529,1006,619,8500,632,524,0,600,1890,3098,3064,1290,361.1944024,15.45064745,1,14,-7,160,-1,-1,49,7,14,1.0
15,4,134,417223,418745,418745,419748,419748,420353,420386,427386,427386,428018,428051,428084,431163,1522,1003,605,7000,632,926,0,600,1512,3112,3079,912,375.1374624,13.94306004,0,20,-6,190,-1,1,51,14,20,2.0
15,4,135,431165,432693,432693,433700,433700,434303,434335,442335,442335,442954,442987,443020,446096,1528,1007,603,8000,619,280,0,600,2163,3109,3076,1563,390.0709046,14.93344212,1,57,-37,150,-1,-1,49,20,57,1.0
15,4,136,446099,447626,447626,448631,448631,449258,449290,456790,456790,457422,457455,457488,460558,1527,1005,627,7500,632,335,0,600,2074,3103,3070,1474,404.5322527,14.46134812,1,10,-5,200,-1,-1,49,5,10,1.0
15,4,137,460561,462082,462082,463087,463087,463693,463727,471227,471227,471828,471860,471894,475019,1521,1005,606,7500,601,516,0,600,1951,3159,3125,1351,418.9937277,14.46147499,0,27,1,210,1,-1,49,28,27,1.0
15,4,138,475022,476542,476542,477550,477550,478156,478189,486189,486189,486799,486831,486865,489958,1520,1008,606,8000,610,546,0,600,1910,3127,3093,1310,433.9321767,14.93844907,1,40,-12,190,-1,-1,49,28,40,1.0
15,4,139,489960,491482,491482,492492,492492,493113,493146,499146,499146,499778,499812,499845,502915,1522,1010,621,6000,632,329,0,600,2086,3103,3070,1486,446.8896314,12.95745467,1,28,-18,150,-1,-1,49,10,28,1.0
15,4,140,502918,504448,504448,505455,505455,506055,506087,512587,512587,513203,513235,513269,516371,1530,1007,600,6500,616,365,0,600,2082,3136,3102,1482,460.3456128,13.45598136,1,2,5,200,1,1,51,7,2,2.0
15,4,141,516374,517903,517903,518910,518910,519515,519548,526548,526548,527156,527188,527221,530311,1529,1007,605,7000,608,344,0,600,2107,3123,3090,1507,474.285235,13.93962223,1,40,-26,210,-1,-1,49,14,40,1.0
15,4,142,530314,531841,531841,532846,532846,533453,533485,541985,541985,542587,542620,542654,545765,1527,1005,607,8500,602,340,0,600,2119,3145,3111,1519,489.7396307,15.45439566,1,40,-12,190,-1,-1,49,28,40,1.0
15,4,143,545768,547296,547296,548301,548301,548906,548939,557939,557939,558549,558581,558614,561715,1528,1005,605,9000,610,426,0,600,2026,3134,3101,1426,505.6887536,15.94912292,1,40,-20,180,-1,-1,49,20,40,1.0
15,4,144,561718,563244,563244,564250,564250,564879,564912,572912,572912,573532,573564,573597,576680,1526,1006,629,8000,620,573,0,600,1846,3116,3083,1246,520.6542715,14.96551792,1,4,1,150,1,1,51,5,4,2.0
15,5,145,32191,33720,33720,34742,34742,35355,35388,44388,44388,45013,45046,45082,48154,1529,1022,613,9000,625,322,0,600,2089,3108,3072,1489,15.97517109,15.97517109,1,3,2,190,1,1,51,5,3,2.0
15,5,146,48159,49681,49681,50688,50688,51295,51327,59327,59327,59952,59984,60017,63099,1522,1007,607,8000,625,403,0,600,2036,3115,3082,1436,30.91816935,14.94299826,1,4,6,160,1,1,51,10,4,2.0
15,5,147,63102,64623,64623,65629,65629,66233,66265,74765,74765,75366,75399,75433,78534,1521,1006,604,8500,601,398,0,600,2070,3135,3101,1470,46.35321888,15.43504953,1,14,-7,210,-1,-1,49,7,14,1.0
15,5,148,78538,80061,80061,81070,81070,81676,81708,87708,87708,88310,88342,88375,91470,1523,1009,606,6000,602,390,0,600,2070,3128,3095,1470,59.28830879,12.93508991,1,28,-14,190,-1,-1,49,14,28,1.0
15,5,149,91473,92994,92994,94001,94001,94606,94639,101639,101639,102241,102273,102307,105423,1521,1007,605,7000,602,635,0,600,1830,3150,3116,1230,73.24209933,13.95379054,1,10,4,170,1,1,51,14,10,2.0
15,5,150,105426,106956,106956,107959,107959,108564,108596,116096,116096,116697,116729,116763,119860,1530,1003,605,7500,601,644,0,600,1817,3131,3097,1217,87.67893527,14.43683594,1,9,1,210,1,1,51,10,9,2.0
15,5,151,119863,121388,121388,122393,122393,122999,123032,129532,129532,130132,130164,130199,133323,1525,1005,606,6500,600,250,0,600,2214,3159,3124,1614,101.1420445,13.46310922,1,28,-8,210,-1,-1,49,20,28,1.0
15,5,152,133326,134848,134848,135855,135855,136459,136491,144491,144491,145092,145126,145160,148281,1522,1007,604,8000,601,808,0,600,1658,3155,3121,1058,116.0996658,14.95762132,0,19,1,170,1,-1,49,20,19,1.0
15,5,153,148283,149801,149801,150807,150807,151411,151443,158943,158943,159576,159608,159642,162734,1518,1006,604,7500,633,327,0,600,2112,3126,3092,1512,130.5530314,14.45336564,1,10,4,180,1,1,51,14,10,2.0
15,5,154,162737,164261,164261,165269,165269,165875,165908,174408,174408,175033,175067,175100,178178,1524,1008,606,8500,625,470,0,600,1967,3111,3078,1367,145.9965233,15.44349187,1,7,13,150,1,1,51,20,7,2.0
15,5,155,178181,179712,179712,180722,180722,181328,181361,190361,190361,190962,190994,191028,194134,1531,1010,606,9000,601,367,0,600,2085,3140,3106,1485,161.9528338,15.95631044,1,20,-6,210,-1,-1,49,14,20,1.0
15,5,156,194137,195660,195660,196663,196663,197294,197327,204327,204327,204928,204961,204994,208086,1523,1003,631,7000,601,445,0,600,1997,3125,3092,1397,175.9050645,13.95223075,1,10,-5,170,-1,-1,49,5,10,1.0
15,5,157,208089,209614,209614,210622,210622,211227,211260,217260,217260,217860,217892,217925,221041,1525,1008,605,6000,600,410,0,600,2052,3149,3116,1452,188.8598356,12.95477114,1,20,-13,160,-1,-1,49,7,20,1.0
15,5,158,221044,222567,222567,223574,223574,224194,224226,230726,230726,231346,231379,231412,234484,1523,1007,620,6500,620,946,0,600,1484,3105,3072,884,202.3021501,13.4423145,1,4,3,210,1,1,51,7,4,2.0
15,5,159,234487,236015,236015,237024,237024,237630,237662,244162,244162,244782,244816,244849,247946,1528,1009,606,6500,620,613,0,600,1824,3130,3097,1224,215.7637273,13.46157715,1,4,6,180,1,1,51,10,4,2.0
15,5,160,247948,249472,249472,250475,250475,251079,251112,258112,258112,258733,258767,258800,261887,1524,1003,604,7000,621,344,0,600,2104,3120,3087,1504,229.7059206,13.94219335,1,14,14,160,1,1,51,28,14,2.0
15,5,161,261890,263415,263415,264421,264421,265024,265056,273056,273056,273656,273688,273722,276834,1525,1006,603,8000,600,303,0,600,2163,3146,3112,1563,244.6523498,14.94642914,1,10,10,210,1,1,51,20,10,2.0
15,5,162,276837,278364,278364,279372,279372,279978,280010,288510,288510,289127,289160,289193,292282,1527,1008,606,8500,617,508,0,600,1934,3122,3089,1334,260.1004382,15.44808838,1,4,6,150,1,1,51,10,4,2.0
15,5,163,292285,293809,293809,294815,294815,295420,295452,301452,301452,302056,302088,302121,305215,1524,1006,605,6000,604,616,0,600,1845,3127,3094,1245,273.0337411,12.9333029,1,79,-51,170,-1,-1,49,28,79,1.0
15,5,164,305218,306743,306743,307750,307750,308353,308386,315886,315886,316508,316540,316574,319657,1525,1007,603,7500,622,701,0,600,1742,3117,3083,1142,287.4751955,14.44145444,1,5,2,170,1,1,51,7,5,2.0
15,5,165,319660,321187,321187,322195,322195,322798,322832,331832,331832,332432,332465,332498,335592,1527,1008,603,9000,600,480,0,600,1982,3127,3094,1382,303.4107718,15.93557629,0,27,1,190,1,-1,49,28,27,1.0
15,5,166,335595,337119,337119,338124,338124,338730,338763,347263,347263,347882,347914,347948,351036,1524,1005,606,8500,619,800,0,600,1646,3122,3088,1046,318.8547205,15.44394872,1,3,2,180,1,1,51,5,3,2.0
15,5,167,351039,352566,352566,353570,353570,354176,354208,360208,360208,360811,360844,360878,363974,1527,1004,606,6000,603,1325,0,600,1135,3130,3096,535,331.7916936,12.93697305,1,28,-8,170,-1,-1,49,20,28,1.0
15,5,168,363976,365497,365497,366504,366504,367125,367157,374657,374657,375275,375308,375341,378407,1521,1007,621,7500,618,556,0,600,1877,3099,3066,1277,346.2254328,14.43373925,1,2,5,160,1,1,51,7,2,2.0
15,5,169,378410,379932,379932,380938,380938,381543,381575,388575,388575,389197,389230,389263,392359,1522,1006,605,7000,622,485,0,600,1960,3129,3096,1360,360.1769702,13.95153734,1,4,6,190,1,1,51,10,4,2.0
15,5,170,392361,393881,393881,394886,394886,395509,395542,403542,403542,404162,404196,404229,407315,1520,1005,623,8000,620,348,0,600,2084,3119,3086,1484,375.1334376,14.95646744,1,4,1,170,1,1,51,5,4,2.0
15,5,171,407318,408842,408842,409846,409846,410448,410480,416980,416980,417582,417615,417648,420759,1524,1004,602,6500,602,563,0,600,1905,3144,3111,1305,388.5765841,13.44314653,1,10,-5,170,-1,-1,49,5,10,1.0
15,5,172,420761,422283,422283,423291,423291,423895,423928,432928,432928,433530,433564,433597,436708,1522,1008,604,9000,602,472,0,600,1992,3144,3111,1392,404.5258255,15.94924135,1,28,-14,210,-1,-1,49,14,28,1.0
15,5,173,436711,438234,438234,439236,439236,439845,439878,448878,448878,449480,449513,449547,452648,1523,1002,609,9000,602,299,0,600,2165,3135,3101,1565,420.4662764,15.94045094,1,20,8,200,1,1,51,28,20,2.0
15,5,174,452651,454173,454173,455181,455181,455786,455818,463818,463818,464440,464473,464506,467583,1522,1008,605,8000,622,692,0,600,1751,3110,3077,1151,435.4005126,14.93423618,1,7,3,210,1,1,51,10,7,2.0
15,5,175,467585,469111,469111,470116,470116,470723,470756,476756,476756,477381,477413,477448,480547,1526,1005,607,6000,625,254,0,600,2183,3134,3099,1583,448.365055,12.96454244,1,79,-51,170,-1,-1,49,28,79,1.0
15,5,176,480550,482074,482074,483077,483077,483684,483716,491216,491216,491846,491878,491912,494995,1524,1003,607,7500,630,474,0,600,1962,3117,3083,1362,462.8132356,14.44818059,1,7,7,180,1,1,51,14,7,2.0
15,5,177,494997,496517,496517,497522,497522,498126,498159,505159,505159,505759,505792,505825,508954,1520,1005,604,7000,600,330,0,600,2141,3162,3129,1541,476.7718077,13.95857208,1,20,8,200,1,1,51,28,20,2.0
15,5,178,508957,510476,510476,511483,511483,512089,512121,518621,518621,519245,519278,519311,522418,1519,1007,606,6500,624,430,0,600,2014,3140,3107,1414,490.2356519,13.46384421,1,14,6,210,1,1,51,20,14,2.0
15,5,179,522419,523945,523945,524952,524952,525575,525608,534108,534108,534737,534770,534803,537865,1526,1007,623,8500,629,417,0,600,1998,3095,3062,1398,505.6832699,15.44761797,1,7,-2,160,-1,-1,49,5,7,1.0
15,5,180,537868,539389,539389,540391,540391,540992,541024,547024,547024,547647,547679,547713,550800,1521,1002,601,6000,623,475,0,600,1978,3121,3087,1378,518.6183502,12.93508026,1,5,2,200,1,1,51,7,5,2.0
15,6,181,25497,26998,26998,28016,28016,28621,28653,36153,36153,36771,36804,36840,39953,1501,1018,605,7500,618,403,0,600,2055,3149,3113,1455,14.46855101,14.46855101,1,2,3,200,1,1,51,5,2,2.0
15,6,182,39958,41482,41482,42483,42483,43085,43117,51117,51117,51747,51779,51813,54908,1524,1001,602,8000,630,1297,0,600,1146,3129,3095,546,29.42137241,14.9528214,1,8,-1,170,-1,-1,49,7,8,1.0
15,6,183,54911,56437,56437,57443,57443,58049,58082,67082,67082,67685,67717,67751,70847,1526,1006,606,9000,603,651,0,600,1808,3130,3096,1208,45.35994323,15.93857081,1,29,-1,150,-1,-1,49,28,29,1.0
15,6,184,70850,72376,72376,73379,73379,73989,74021,82521,82521,83141,83173,83206,86281,1526,1003,610,8500,620,431,0,600,2010,3108,3075,1410,60.79459859,15.43465536,1,4,6,180,1,1,51,10,4,2.0
15,6,185,86284,87813,87813,88819,88819,89426,89458,95958,95958,96560,96592,96626,99725,1529,1006,607,6500,602,584,0,600,1872,3133,3099,1272,74.23762969,13.44303111,1,40,-26,190,-1,-1,49,14,40,1.0
15,6,186,99726,101251,101251,102260,102260,102865,102897,108897,108897,109519,109552,109587,112676,1525,1009,605,6000,622,481,0,600,1958,3124,3089,1358,87.18961093,12.95198123,1,79,-51,200,-1,-1,49,28,79,1.0
15,6,187,112679,114202,114202,115207,115207,115808,115841,122841,122841,123443,123476,123509,126617,1523,1005,601,7000,602,466,0,600,2003,3141,3108,1403,101.1303768,13.94076585,1,14,-9,160,-1,-1,49,5,14,1.0
15,6,188,126619,128143,128143,129145,129145,129749,129782,136782,136782,137385,137417,137451,140566,1524,1002,604,7000,603,1021,0,600,1446,3149,3115,846,115.0793837,13.9490069,0,29,-1,180,-1,1,51,28,29,2.0
15,6,189,140569,142093,142093,143099,143099,143730,143762,150262,150262,150877,150909,150943,154020,1524,1006,631,6500,615,306,0,600,2118,3111,3077,1518,128.5336094,13.45422569,1,3,2,180,1,1,51,5,3,2.0
15,6,190,154023,155547,155547,156553,156553,157155,157187,165187,165187,165803,165835,165868,168965,1524,1006,602,8000,616,358,0,600,2094,3130,3097,1494,143.4781662,14.94455685,1,2,3,190,1,1,51,5,2,2.0
15,6,191,168968,170492,170492,171498,171498,172104,172137,179637,179637,180254,180287,180320,183425,1524,1006,606,7500,617,365,0,600,2082,3138,3105,1482,157.9378873,14.45972113,1,10,10,200,1,1,51,20,10,2.0
15,6,192,183427,184950,184950,185951,185951,186553,186585,195585,195585,196216,196249,196282,199360,1523,1001,602,9000,631,533,0,600,1910,3111,3078,1310,173.873385,15.93549764,0,6,-1,170,-1,1,51,5,6,2.0
15,6,193,199363,200886,200886,201892,201892,202498,202530,208530,208530,209132,209165,209198,212319,1523,1006,606,6000,602,219,0,600,2244,3154,3121,1644,186.8327568,12.95937186,1,28,-18,150,-1,-1,49,10,28,1.0
15,6,194,212322,213847,213847,214850,214850,215457,215489,223989,223989,224615,224647,224681,227768,1525,1003,607,8500,626,186,0,600,2253,3121,3087,1653,202.2814525,15.4486956,1,7,13,190,1,1,51,20,7,2.0
15,6,195,227771,229298,229298,230303,230303,230910,230942,237442,237442,238050,238082,238116,241222,1527,1005,607,6500,608,1111,0,600,1342,3140,3106,742,215.7353816,13.45392916,1,40,-20,160,-1,-1,49,20,40,1.0
15,6,196,241225,242748,242748,243755,243755,244359,244391,251891,251891,252492,252526,252560,255687,1523,1007,604,7500,601,1781,0,600,684,3161,3127,84,230.2002718,14.4648902,0,11,-1,210,-1,1,51,10,11,2.0
15,6,197,255689,257211,257211,258212,258212,258817,258849,264849,264849,265475,265507,265540,268629,1522,1001,605,6000,626,454,0,600,1992,3122,3089,1392,243.1422,12.94192816,1,5,9,210,1,1,51,14,5,2.0
15,6,198,268632,270152,270152,271159,271159,271764,271796,278796,278796,279425,279457,279491,282569,1520,1007,605,7000,629,665,0,600,1774,3112,3078,1174,257.0820784,13.93987837,1,7,7,210,1,1,51,14,7,2.0
15,6,199,282572,284095,284095,285102,285102,285708,285742,294742,294742,295371,295403,295439,298507,1523,1007,606,9000,629,363,0,600,2072,3104,3068,1472,273.020497,15.93841863,1,79,-51,190,-1,-1,49,28,79,1.0
15,6,200,298510,300035,300035,301041,301041,301646,301679,309679,309679,310302,310335,310368,313441,1525,1006,605,8000,623,565,0,600,1876,3106,3073,1276,287.9545171,14.93402011,1,5,5,160,1,1,51,10,5,2.0
15,6,201,313444,314969,314969,315976,315976,316609,316641,325141,325141,325743,325775,325810,328902,1525,1007,633,8500,602,1457,0,600,976,3127,3092,376,303.4149636,15.46044648,1,10,-3,150,-1,-1,49,7,10,1.0
15,6,202,328905,330430,330430,331437,331437,332040,332072,341072,341072,341674,341707,341741,344836,1525,1007,603,9000,602,419,0,600,2044,3129,3095,1444,319.3492582,15.93429464,1,14,-9,160,-1,-1,49,5,14,1.0
15,6,203,344839,346368,346368,347372,347372,347976,348008,356008,356008,356608,356640,356673,359796,1529,1004,604,8000,600,482,0,600,1981,3156,3123,1381,334.3092861,14.96002791,1,28,-14,180,-1,-1,49,14,28,1.0
15,6,204,359799,361320,361320,362320,362320,362926,362959,371459,371459,372059,372091,372124,375232,1521,1000,606,8500,600,534,0,600,1939,3141,3108,1339,349.7449335,15.43564741,1,10,4,210,1,1,51,14,10,2.0
15,6,205,375235,376754,376754,377758,377758,378378,378411,384411,384411,385029,385061,385094,388191,1519,1004,620,6000,618,778,0,600,1661,3130,3097,1061,362.7039839,12.95905032,1,5,2,200,1,1,51,7,5,2.0
15,6,206,388194,389719,389719,390724,390724,391329,391361,398861,398861,399462,399494,399528,402631,1525,1005,605,7500,601,1725,0,600,739,3137,3103,139,377.1443357,14.4403518,1,28,-8,190,-1,-1,49,20,28,1.0
15,6,207,402634,404164,404164,405170,405170,405780,405814,412814,412814,413418,413451,413484,416597,1530,1006,610,7000,604,864,0,600,1586,3146,3113,986,391.1101227,13.96578702,1,40,-12,200,-1,-1,49,28,40,1.0
15,6,208,416600,418119,418119,419121,419121,419728,419760,426260,426260,426863,426895,426929,430032,1519,1002,607,6500,603,589,0,600,1880,3137,3103,1280,404.544521,13.43439831,1,20,-10,180,-1,-1,49,10,20,1.0
15,6,209,430034,431561,431561,432567,432567,433189,433221,439721,439721,440346,440379,440412,443467,1527,1006,622,6500,625,809,0,600,1611,3088,3055,1011,417.9801422,13.43562119,1,7,3,150,1,1,51,10,7,2.0
15,6,210,443470,444999,444999,446006,446006,446613,446647,452647,452647,453263,453296,453329,456417,1529,1007,607,6000,616,353,0,600,2088,3121,3088,1488,430.9301764,12.9500342,1,57,-37,200,-1,-1,49,20,57,1.0
15,6,211,456420,457939,457939,458946,458946,459552,459585,466585,466585,467210,467242,467276,470384,1519,1007,606,7000,625,397,0,600,2046,3142,3108,1446,444.896668,13.96649158,1,79,-51,210,-1,-1,49,28,79,1.0
15,6,212,470387,471909,471909,472914,472914,473519,473551,482551,482551,483151,483183,483216,486341,1522,1005,605,9000,600,483,0,600,1985,3158,3125,1385,460.8541612,15.95749324,1,10,10,190,1,1,51,20,10,2.0
15,6,213,486344,487869,487869,488875,488875,489479,489511,498011,498011,498624,498656,498689,501787,1525,1006,604,8500,613,624,0,600,1828,3131,3098,1228,476.3001248,15.44596355,1,2,5,210,1,1,51,7,2,2.0
15,6,214,501790,503312,503312,504320,504320,504923,504956,512956,512956,513558,513592,513626,516745,1522,1008,603,8000,602,606,0,600,1859,3153,3119,1259,491.2578482,14.95772347,1,20,-13,210,-1,-1,49,7,20,1.0
15,6,215,516748,518275,518275,519282,519282,519885,519917,527417,527417,528017,528049,528083,531197,1527,1007,603,7500,600,441,0,600,2022,3148,3114,1422,505.7096456,14.45179741,1,20,-13,200,-1,-1,49,7,20,1.0
15,6,216,531199,532719,532719,533726,533726,534329,534361,541361,541361,541963,541996,542030,545150,1520,1007,603,7000,602,1064,0,600,1404,3154,3120,804,519.6627609,13.95311522,0,15,-1,200,-1,1,51,14,15,2.0
16,1,1,64491,66018,66018,67044,67044,67662,67694,74694,74694,75297,75330,75367,78443,1527,1026,618,7000,603,1101,0,600,1325,3113,3076,725,13.99157995,13.99157995,1,28,-8,170,-1,-1,49,20,28,1.0
16,1,2,78498,80021,80021,81036,81036,81668,81700,90700,90700,91301,91334,91367,94442,1523,1015,632,9000,601,594,0,600,1835,3108,3075,1235,29.93734974,15.94576979,1,28,-14,150,-1,-1,49,14,28,1.0
16,1,3,94445,95971,95971,96971,96971,97592,97625,104125,104125,104746,104778,104811,107893,1526,1000,621,6500,621,965,0,600,1467,3115,3082,867,43.38774556,13.45039582,1,4,3,170,1,1,51,7,4,2.0
16,1,4,107896,109422,109422,110425,110425,111025,111057,117057,117057,117658,117690,117725,120848,1526,1003,600,6000,601,769,0,600,1701,3158,3123,1101,56.34240189,12.95465632,1,10,-3,200,-1,-1,49,7,10,1.0
16,1,5,120851,122373,122373,123377,123377,123981,124013,131513,131513,132146,132180,132213,135286,1522,1004,604,7500,633,593,0,600,1844,3106,3073,1244,70.78049657,14.43809468,1,28,-18,200,-1,-1,49,10,28,1.0
16,1,6,135289,136806,136806,137814,137814,138417,138449,146449,146449,147050,147083,147116,150240,1517,1008,603,8000,601,611,0,600,1860,3157,3124,1260,85.7349992,14.95450264,1,28,-14,160,-1,-1,49,14,28,1.0
16,1,7,150243,151766,151766,152770,152770,153375,153408,161908,161908,162508,162541,162576,165699,1523,1004,605,8500,600,677,0,600,1791,3158,3123,1191,101.1942656,15.45926639,1,9,1,190,1,1,51,10,9,2.0
16,1,8,165702,167227,167227,168235,168235,168839,168873,177373,177373,178004,178036,178069,181142,1525,1008,604,8500,631,596,0,600,1836,3106,3073,1236,116.6372714,15.44300579,1,28,-8,210,-1,-1,49,20,28,1.0
16,1,9,181145,182672,182672,183677,183677,184283,184315,192315,192315,192916,192949,192982,196108,1527,1005,606,8000,601,547,0,600,1914,3159,3126,1314,131.6030352,14.96576382,1,10,10,180,1,1,51,20,10,2.0
16,1,10,196111,197638,197638,198643,198643,199269,199301,205301,205301,205920,205953,205986,209046,1527,1005,626,6000,619,515,0,600,1908,3093,3060,1308,144.5397825,12.93674734,1,3,2,210,1,1,51,5,3,2.0
16,1,11,209049,210570,210570,211575,211575,212179,212212,219212,219212,219844,219877,219910,222999,1521,1005,604,7000,632,552,0,600,1886,3122,3089,1286,158.4933712,13.95358864,1,40,-20,160,-1,-1,49,20,40,1.0
16,1,12,223002,224522,224522,225530,225530,226139,226172,235172,235172,235797,235829,235862,238936,1520,1008,609,9000,625,885,0,600,1553,3107,3074,953,174.4305754,15.93720419,1,20,8,210,1,1,51,28,20,2.0
16,1,13,238939,240462,240462,241468,241468,242092,242124,249624,249624,250225,250257,250290,253390,1523,1006,624,7500,601,494,0,600,1952,3133,3100,1352,188.884177,14.4536016,1,28,-18,200,-1,-1,49,10,28,1.0
16,1,14,253393,254917,254917,255920,255920,256522,256553,263053,263053,263685,263719,263752,266844,1524,1003,602,6500,632,515,0,600,1924,3125,3092,1324,202.3389189,13.45474191,1,9,1,180,1,1,51,10,9,2.0
16,1,15,266847,268367,268367,269369,269369,269974,270007,278007,278007,278608,278641,278674,281808,1520,1002,605,8000,601,1007,0,600,1465,3167,3134,865,217.3021975,14.96327858,0,20,8,150,1,-1,49,28,20,1.0
16,1,16,281811,283332,283332,284337,284337,284939,284972,291972,291972,292572,292605,292638,295757,1521,1005,602,7000,600,514,0,600,1958,3152,3119,1358,231.251506,13.94930855,1,14,-9,150,-1,-1,49,5,14,1.0
16,1,17,295760,297285,297285,298290,298290,298896,298929,305429,305429,306058,306091,306124,309222,1525,1005,606,6500,629,460,0,600,1975,3131,3098,1375,244.7168295,13.46532355,1,10,-3,180,-1,-1,49,7,10,1.0
16,1,18,309225,310747,310747,311750,311750,312382,312414,318414,318414,319016,319048,319083,322186,1522,1003,632,6000,602,693,0,600,1748,3138,3103,1148,257.6804408,12.96361127,1,7,-2,170,-1,-1,49,5,7,1.0
16,1,19,322189,323712,323712,324717,324717,325326,325358,334358,334358,334958,334992,335026,338128,1523,1005,609,9000,600,493,0,600,1970,3136,3102,1370,273.6228297,15.94238893,1,14,6,190,1,1,51,20,14,2.0
16,1,20,338131,339652,339652,340659,340659,341264,341296,348796,348796,349413,349446,349480,352572,1521,1007,605,7500,617,382,0,600,2068,3126,3092,1468,288.0660986,14.44326887,1,40,-26,170,-1,-1,49,14,40,1.0
16,1,21,352575,354097,354097,355101,355101,355708,355741,364241,364241,364841,364873,364907,368031,1522,1004,607,8500,600,482,0,600,1985,3158,3124,1385,303.5255317,15.45943304,1,28,-18,160,-1,-1,49,10,28,1.0
16,1,22,368034,369560,369560,370564,370564,371170,371202,380202,380202,380817,380850,380885,383974,1526,1004,606,9000,615,385,0,600,2064,3124,3089,1464,319.4686646,15.94313297,1,40,-26,210,-1,-1,49,14,40,1.0
16,1,23,383976,385501,385501,386505,386505,387126,387158,395158,395158,395777,395810,395843,398924,1525,1004,621,8000,619,410,0,600,2021,3114,3081,1421,334.4187163,14.95005168,1,3,2,160,1,1,51,5,3,2.0
16,1,24,398927,400447,400447,401451,401451,402057,402090,408590,408590,409192,409224,409258,412386,1520,1004,606,6500,602,366,0,600,2102,3162,3128,1502,347.88069,13.46197373,1,14,14,150,1,1,51,28,14,2.0
16,1,25,412389,413913,413913,414920,414920,415526,415559,423059,423059,423676,423709,423742,426838,1524,1007,606,7500,617,428,0,600,2018,3129,3096,1418,362.332423,14.45173292,1,2,5,160,1,1,51,7,2,2.0
16,1,26,426841,428364,428364,429369,429369,429976,430008,437008,437008,437609,437642,437676,440793,1523,1005,607,7000,601,351,0,600,2113,3151,3117,1513,376.2872613,13.95483834,1,20,-10,190,-1,-1,49,10,20,1.0
16,1,27,440796,442320,442320,443324,443324,443928,443961,449961,449961,450592,450624,450658,453731,1524,1004,604,6000,631,492,0,600,1945,3107,3073,1345,389.2256085,12.93834721,1,10,18,180,1,1,51,28,10,2.0
16,1,28,453734,455257,455257,456261,456261,456864,456897,465397,465397,466026,466060,466094,469185,1523,1004,603,8500,629,513,0,600,1928,3125,3091,1328,404.6795295,15.45392103,1,28,-14,180,-1,-1,49,14,28,1.0
16,1,29,469188,470709,470709,471711,471711,472319,472352,478352,478352,478962,478995,479028,482128,1521,1002,608,6000,610,428,0,600,2031,3133,3100,1431,417.6225362,12.9430067,1,56,-28,160,-1,-1,49,28,56,1.0
16,1,30,482131,483658,483658,484664,484664,485289,485323,493323,493323,493937,493970,494003,497090,1527,1006,625,8000,614,413,0,600,2015,3120,3087,1415,432.5843346,14.96179834,1,2,3,210,1,1,51,5,2,2.0
16,1,31,497093,498611,498611,499614,499614,500221,500254,509254,509254,509887,509920,509953,513027,1518,1003,607,9000,633,1017,0,600,1422,3107,3074,822,448.5213326,15.93699806,0,13,1,150,1,-1,49,14,13,1.0
16,1,32,513030,514552,514552,515556,515556,516160,516193,523693,523693,524315,524348,524381,527488,1522,1004,604,7500,622,1048,0,600,1400,3140,3107,800,462.981592,14.46025934,1,6,1,190,1,1,51,7,6,2.0
16,1,33,527490,529013,529013,530018,530018,530624,530656,537656,537656,538274,538306,538339,541437,1523,1005,606,7000,618,484,0,600,1964,3131,3098,1364,476.9311862,13.94959423,1,5,2,170,1,1,51,7,5,2.0
16,1,34,541440,542966,542966,543973,543973,544576,544608,553108,553108,553741,553774,553807,556894,1526,1007,603,8500,633,933,0,600,1498,3120,3087,898,492.3884673,15.45728109,1,10,10,170,1,1,51,20,10,2.0
16,1,35,556897,558420,558420,559425,559425,560031,560064,566564,566564,567166,567198,567232,570352,1523,1005,606,6500,602,937,0,600,1527,3154,3120,927,505.8465087,13.4580414,0,27,1,160,1,-1,49,28,27,1.0
16,1,36,570355,571880,571880,572887,572887,573487,573519,580019,580019,580639,580672,580705,583808,1525,1007,600,6500,620,625,0,600,1823,3136,3103,1223,519.3018913,13.45538258,1,4,1,180,1,1,51,5,4,2.0
16,2,37,49454,50977,50977,51992,51992,52612,52645,59645,59645,60279,60311,60348,63414,1523,1015,620,7000,634,419,0,600,1989,3103,3066,1389,13.97291578,13.97291578,1,7,7,200,1,1,51,14,7,2.0
16,2,38,63419,64940,64940,65945,65945,66553,66585,75585,75585,76200,76232,76266,79356,1521,1005,608,9000,615,448,0,600,2003,3124,3090,1403,29.91304609,15.9401303,1,40,-20,160,-1,-1,49,20,40,1.0
16,2,39,79359,80882,80882,81886,81886,82513,82545,88545,88545,89173,89205,89238,92296,1523,1004,627,6000,628,931,0,600,1487,3091,3058,887,42.85325293,12.94020685,1,6,-1,180,-1,-1,49,5,6,1.0
16,2,40,92299,93824,93824,94829,94829,95435,95467,102967,102967,103568,103601,103636,106739,1525,1005,606,7500,601,338,0,600,2125,3138,3103,1525,57.29655827,14.44330534,1,10,10,190,1,1,51,20,10,2.0
16,2,41,106742,108269,108269,109277,109277,109880,109913,117913,117913,118514,118546,118580,121703,1527,1008,603,8000,601,802,0,600,1659,3157,3123,1059,72.26055919,14.96400092,1,28,-8,150,-1,-1,49,20,28,1.0
16,2,42,121706,123230,123230,124235,124235,124837,124870,131370,131370,132003,132035,132069,135160,1524,1005,602,6500,633,710,0,600,1726,3125,3091,1126,85.71697239,13.4564132,1,10,-3,160,-1,-1,49,7,10,1.0
16,2,43,135163,136683,136683,137690,137690,138291,138324,146824,146824,147455,147489,147523,150601,1520,1007,601,8500,631,829,0,600,1612,3112,3078,1012,101.1586779,15.44170547,1,6,-1,150,-1,-1,49,5,6,1.0
16,2,44,150604,152131,152131,153134,153134,153740,153772,159772,159772,160396,160429,160462,163556,1527,1003,606,6000,624,324,0,600,2116,3127,3094,1516,114.1135062,12.9548284,1,4,3,170,1,1,51,7,4,2.0
16,2,45,163558,165083,165083,166088,166088,166711,166743,173243,173243,173869,173902,173935,177015,1525,1005,623,6500,626,343,0,600,2078,3113,3080,1478,127.5721103,13.45860402,1,4,3,160,1,1,51,7,4,2.0
16,2,46,177018,178543,178543,179547,179547,180151,180183,188183,188183,188814,188848,188882,191955,1525,1004,604,8000,631,496,0,600,1940,3107,3073,1340,142.5116487,14.93953845,1,10,10,160,1,1,51,20,10,2.0
16,2,47,191958,193485,193485,194489,194489,195091,195123,204123,204123,204745,204779,204813,207900,1527,1004,602,9000,622,320,0,600,2125,3121,3087,1525,158.4570906,15.94544192,1,3,2,170,1,1,51,5,3,2.0
16,2,48,207903,209424,209424,210428,210428,211058,211090,218590,218590,219191,219224,219258,222338,1521,1004,630,7500,601,378,0,600,2066,3114,3080,1466,172.8953122,14.43822155,1,10,-5,180,-1,-1,49,5,10,1.0
16,2,49,222341,223860,223860,224867,224867,225474,225506,232506,232506,233108,233140,233174,236287,1519,1007,607,7000,602,373,0,600,2092,3147,3113,1492,186.8436667,13.94835447,1,20,-10,180,-1,-1,49,10,20,1.0
16,2,50,236290,237812,237812,238819,238819,239446,239478,247978,247978,248579,248612,248646,251744,1522,1007,627,8500,601,559,0,600,1884,3132,3098,1284,202.3011301,15.45746341,1,7,-2,210,-1,-1,49,5,7,1.0
16,2,51,251747,253263,253263,254267,254267,254874,254908,262408,262408,263024,263058,263091,266194,1516,1004,607,7500,616,853,0,600,1604,3136,3103,1004,216.7514063,14.45027619,1,40,-12,200,-1,-1,49,28,40,1.0
16,2,52,266197,267720,267720,268725,268725,269331,269363,277363,277363,277964,277997,278031,281136,1523,1005,606,8000,601,628,0,600,1837,3139,3105,1237,231.6926464,14.94124018,1,28,-14,160,-1,-1,49,14,28,1.0
16,2,53,281138,282661,282661,283668,283668,284273,284305,290805,290805,291431,291463,291496,294588,1523,1007,605,6500,626,451,0,600,1988,3125,3092,1388,245.1447169,13.45207043,1,5,5,190,1,1,51,10,5,2.0
16,2,54,294591,296110,296110,297115,297115,297720,297752,303752,303752,304385,304417,304451,307535,1519,1005,605,6000,633,447,0,600,1991,3118,3084,1391,258.0927157,12.94799888,1,40,-26,190,-1,-1,49,14,40,1.0
16,2,55,307538,309062,309062,310070,310070,310676,310709,319709,319709,320326,320359,320392,323499,1524,1008,606,9000,617,565,0,600,1880,3140,3107,1280,274.0562481,15.96353232,1,40,-12,150,-1,-1,49,28,40,1.0
16,2,56,323502,325025,325025,326032,326032,326638,326671,333671,333671,334275,334307,334341,337462,1523,1007,606,7000,604,545,0,600,1915,3155,3121,1315,288.0192015,13.96295342,1,29,-1,160,-1,-1,49,28,29,1.0
16,2,57,337465,338989,338989,339994,339994,340599,340631,349131,349131,349763,349796,349829,352914,1524,1005,605,8500,632,444,0,600,1990,3118,3085,1390,303.4706361,15.45143458,1,20,-13,200,-1,-1,49,7,20,1.0
16,2,58,352917,354441,354441,355447,355447,356052,356084,363084,363084,363704,363737,363770,366850,1524,1006,605,7000,620,407,0,600,2038,3113,3080,1438,317.4072053,13.93656924,1,4,6,210,1,1,51,10,4,2.0
16,2,59,366853,368374,368374,369381,369381,369985,370018,376518,376518,377135,377167,377200,380307,1521,1007,604,6500,617,365,0,600,2086,3140,3107,1486,330.8634796,13.45627428,1,5,9,210,1,1,51,14,5,2.0
16,2,60,380310,381832,381832,382839,382839,383443,383476,391976,391976,392593,392625,392659,395749,1522,1007,604,8500,617,482,0,600,1968,3124,3090,1368,346.3049982,15.44151863,1,56,-28,170,-1,-1,49,28,56,1.0
16,2,61,395750,397266,397266,398266,398266,398872,398905,406905,406905,407505,407538,407572,410696,1516,1000,606,8000,600,706,0,600,1772,3158,3124,1172,361.2523495,14.94735128,1,28,-18,170,-1,-1,49,10,28,1.0
16,2,62,410699,412221,412221,413225,413225,413834,413866,421366,421366,421972,422004,422037,425160,1522,1004,609,7500,606,548,0,600,1911,3156,3123,1311,375.7165821,14.46423265,1,20,-13,190,-1,-1,49,7,20,1.0
16,2,63,425163,426686,426686,427695,427695,428312,428344,434344,434344,434975,435007,435040,438124,1523,1009,617,6000,631,443,0,600,1977,3117,3084,1377,388.6806822,12.96410006,1,5,2,210,1,1,51,7,5,2.0
16,2,64,438127,439651,439651,440655,440655,441262,441294,450294,450294,450914,450947,450980,454071,1524,1004,607,9000,620,385,0,600,2060,3124,3091,1460,404.6272864,15.94660423,1,7,3,190,1,1,51,10,7,2.0
16,2,65,454074,455599,455599,456604,456604,457210,457242,464742,464742,465369,465401,465435,468507,1525,1005,606,7500,627,561,0,600,1876,3106,3072,1276,419.0637638,14.43647733,1,5,9,170,1,1,51,14,5,2.0
16,2,66,468510,470035,470035,471039,471039,471647,471679,478679,478679,479298,479330,479364,482447,1525,1004,608,7000,619,475,0,600,1969,3117,3083,1369,433.0036662,13.93990248,1,40,-20,160,-1,-1,49,20,40,1.0
16,2,67,482450,483973,483973,484979,484979,485583,485615,491615,491615,492247,492279,492314,495403,1523,1006,604,6000,632,678,0,600,1757,3124,3089,1157,445.9600125,12.9563463,0,10,4,210,1,-1,49,14,10,1.0
16,2,68,495406,496933,496933,497942,497942,498547,498579,505079,505079,505695,505727,505761,508840,1527,1009,605,6500,616,370,0,600,2073,3113,3079,1473,459.39712,13.43710745,1,40,-12,150,-1,-1,49,28,40,1.0
16,2,69,508843,510367,510367,511375,511375,512001,512034,521034,521034,521667,521700,521732,524782,1524,1008,626,9000,633,480,0,600,1929,3082,3050,1329,475.3390527,15.94193268,1,14,-9,170,-1,-1,49,5,14,1.0
16,2,70,524785,526311,526311,527316,527316,527921,527954,536454,536454,537072,537106,537139,540245,1526,1005,605,8500,618,338,0,600,2108,3139,3106,1508,490.8014308,15.46237814,1,57,-37,150,-1,-1,49,20,57,1.0
16,2,71,540248,541768,541768,542772,542772,543378,543411,551411,551411,552043,552076,552109,555198,1520,1004,606,8000,632,380,0,600,2058,3122,3089,1458,505.7551008,14.95367,1,7,3,200,1,1,51,10,7,2.0
16,2,72,555202,556722,556722,557726,557726,558334,558367,564867,564867,565467,565501,565536,568648,1520,1004,608,6500,600,763,0,600,1705,3147,3112,1105,519.2043253,13.44922447,0,20,8,180,1,-1,49,28,20,1.0
16,3,73,53688,55215,55215,56230,56230,56843,56875,64875,64875,65507,65539,65575,68658,1527,1015,613,8000,632,501,0,600,1912,3119,3083,1312,14.98217087,14.98217087,1,28,-14,150,-1,-1,49,14,28,1.0
16,3,74,68663,70190,70190,71195,71195,71798,71831,80331,80331,80963,80995,81028,84095,1527,1005,603,8500,632,293,0,600,2140,3100,3067,1540,30.41792888,15.435758,1,5,2,190,1,1,51,7,5,2.0
16,3,75,84098,85619,85619,86625,86625,87231,87264,96264,96264,96892,96925,96959,100041,1521,1006,606,9000,628,344,0,600,2095,3116,3082,1495,46.36350278,15.94557391,1,5,5,180,1,1,51,10,5,2.0
16,3,76,100044,101567,101567,102575,102575,103181,103214,109714,109714,110347,110379,110414,113505,1523,1008,606,6500,633,515,0,600,1915,3126,3091,1315,59.82779631,13.46429353,1,10,10,160,1,1,51,20,10,2.0
16,3,77,113508,115033,115033,116040,116040,116645,116678,122678,122678,123310,123343,123377,126442,1525,1007,605,6000,632,427,0,600,2004,3099,3065,1404,72.76435078,12.93655447,1,10,-3,160,-1,-1,49,7,10,1.0
16,3,78,126445,127969,127969,128977,128977,129580,129612,137112,137112,137739,137772,137806,140906,1524,1008,603,7500,627,393,0,600,2045,3134,3100,1445,87.22807596,14.46372518,1,7,-2,200,-1,-1,49,5,7,1.0
16,3,79,140909,142435,142435,143440,143440,144041,144074,151074,151074,151674,151706,151739,154849,1526,1005,601,7000,600,371,0,600,2097,3143,3110,1497,101.1709757,13.94289972,1,10,-5,170,-1,-1,49,5,10,1.0
16,3,80,154852,156377,156377,157380,157380,157983,158015,167015,167015,167643,167675,167708,170796,1525,1003,603,9000,628,448,0,600,1993,3121,3088,1393,117.1188356,15.94785996,1,5,9,210,1,1,51,14,5,2.0
16,3,81,170799,172324,172324,173328,173328,173932,173966,180466,180466,181067,181100,181134,184241,1525,1004,604,6500,601,791,0,600,1675,3141,3107,1075,130.5639162,13.4450806,0,27,1,210,1,-1,49,28,27,1.0
16,3,82,184244,185767,185767,186771,186771,187378,187410,194910,194910,195541,195573,195607,198691,1523,1004,607,7500,631,283,0,600,2152,3118,3084,1552,145.0131543,14.44923803,1,5,9,200,1,1,51,14,5,2.0
16,3,83,198694,200217,200217,201227,201227,201830,201862,208862,208862,209491,209523,209556,212640,1523,1010,603,7000,629,212,0,600,2223,3117,3084,1623,158.9626286,13.94947429,1,5,5,150,1,1,51,10,5,2.0
16,3,84,212643,214167,214167,215173,215173,215780,215813,223813,223813,224430,224463,224496,227586,1524,1006,607,8000,617,350,0,600,2096,3123,3090,1496,173.9084526,14.94582403,1,40,-26,210,-1,-1,49,14,40,1.0
16,3,85,227589,229114,229114,230122,230122,230728,230760,239260,239260,239891,239923,239956,243033,1525,1008,606,8500,631,602,0,600,1828,3110,3077,1228,189.3555248,15.44707222,1,14,14,150,1,1,51,28,14,2.0
16,3,86,243036,244556,244556,245559,245559,246164,246196,252196,252196,252799,252831,252865,255988,1520,1003,605,6000,603,676,0,600,1793,3157,3123,1193,202.3106983,12.95517344,1,28,-8,180,-1,-1,49,20,28,1.0
16,3,87,255991,257515,257515,258523,258523,259132,259165,266165,266165,266779,266811,266844,269939,1524,1008,609,7000,614,422,0,600,2023,3128,3095,1423,216.2610588,13.95036057,1,40,-12,160,-1,-1,49,28,40,1.0
16,3,88,269942,271467,271467,272469,272469,273075,273107,281607,281607,282209,282241,282274,285395,1525,1002,606,8500,602,836,0,600,1629,3154,3121,1029,231.7174093,15.45635052,1,14,6,160,1,1,51,20,14,2.0
16,3,89,285398,286919,286919,287925,287925,288530,288562,297562,297562,298195,298227,298261,301331,1521,1006,605,9000,633,459,0,600,1976,3104,3070,1376,247.652944,15.9355347,1,7,13,190,1,1,51,20,7,2.0
16,3,90,301334,302859,302859,303863,303863,304469,304503,311003,311003,311635,311668,311702,314778,1525,1004,606,6500,632,629,0,600,1804,3110,3076,1204,261.0997333,13.44678926,1,14,14,160,1,1,51,28,14,2.0
16,3,91,314780,316298,316298,317301,317301,317902,317935,323935,323935,324537,324570,324603,327734,1518,1003,601,6000,602,393,0,600,2083,3164,3131,1483,274.0557108,12.95597745,1,10,-5,160,-1,-1,49,5,10,1.0
16,3,92,327737,329261,329261,330267,330267,330898,330930,338430,338430,339050,339082,339115,342187,1524,1006,631,7500,620,498,0,600,1921,3105,3072,1321,288.5093838,14.45367302,1,4,1,150,1,1,51,5,4,2.0
16,3,93,342190,343711,343711,344719,344719,345323,345356,353356,353356,353957,353990,354025,357137,1521,1008,604,8000,601,1151,0,600,1315,3147,3112,715,303.4593574,14.94997363,1,27,1,190,1,1,51,28,27,2.0
16,3,94,357140,358666,358666,359673,359673,360277,360309,367809,367809,368422,368455,368488,371598,1526,1007,604,7500,613,503,0,600,1947,3143,3110,1347,317.9195625,14.4602051,1,2,5,150,1,1,51,7,2,2.0
16,3,95,371601,373123,373123,374127,374127,374729,374763,381763,381763,382366,382398,382431,385545,1522,1004,602,7000,603,1091,0,600,1378,3147,3114,778,331.8668933,13.94733078,1,40,-12,180,-1,-1,49,28,40,1.0
16,3,96,385548,387074,387074,388077,388077,388682,388716,396716,396716,397316,397348,397384,400509,1526,1003,605,8000,600,356,0,600,2110,3161,3125,1510,346.8313309,14.96443757,1,28,-18,150,-1,-1,49,10,28,1.0
16,3,97,400512,402034,402034,403043,403043,403646,403678,409678,409678,410278,410310,410344,413461,1522,1009,603,6000,600,542,0,600,1924,3151,3117,1324,359.7827278,12.95139691,1,40,-20,200,-1,-1,49,20,40,1.0
16,3,98,413464,414990,414990,415990,415990,416610,416642,425642,425642,426242,426274,426308,429416,1526,1000,620,9000,600,469,0,600,1985,3142,3108,1385,375.7374305,15.95470273,1,14,-9,160,-1,-1,49,5,14,1.0
16,3,99,429419,430940,430940,431949,431949,432553,432586,439086,439086,439686,439719,439752,442879,1521,1009,604,6500,600,328,0,600,2138,3160,3127,1538,389.2006943,13.46326381,1,28,-18,170,-1,-1,49,10,28,1.0
16,3,100,442882,444405,444405,445414,445414,446020,446053,454553,454553,455170,455203,455237,458329,1523,1009,606,8500,617,413,0,600,2032,3126,3092,1432,404.6505061,15.44981181,1,2,5,210,1,1,51,7,2,2.0
16,3,101,458332,459856,459856,460860,460860,461464,461497,469997,469997,470616,470648,470682,473786,1524,1004,604,8500,619,400,0,600,2049,3138,3104,1449,420.1081841,15.45767797,1,5,5,210,1,1,51,10,5,2.0
16,3,102,473789,475308,475308,476316,476316,476923,476957,482957,482957,483591,483624,483657,486736,1519,1008,607,6000,634,500,0,600,1932,3112,3079,1332,433.0574532,12.94926907,1,10,10,180,1,1,51,20,10,2.0
16,3,103,486738,488263,488263,489270,489270,489892,489925,496425,496425,497025,497057,497090,500193,1525,1007,622,6500,600,790,0,600,1656,3136,3103,1056,446.5148608,13.45740766,1,10,-3,150,-1,-1,49,7,10,1.0
16,3,104,500196,501725,501725,502731,502731,503333,503366,511366,511366,511984,512015,512049,515131,1529,1006,602,8000,618,542,0,600,1903,3116,3082,1303,461.4536408,14.93877995,1,3,2,160,1,1,51,5,3,2.0
16,3,105,515135,516657,516657,517659,517659,518265,518297,525297,525297,525928,525960,525994,529091,1522,1002,606,7000,631,423,0,600,2016,3131,3097,1416,475.4129994,13.9593586,1,40,-26,180,-1,-1,49,14,40,1.0
16,3,106,529094,530618,530618,531624,531624,532230,532263,539763,539763,540378,540410,540443,543546,1524,1006,606,7500,615,656,0,600,1793,3136,3103,1193,489.8672233,14.45422389,1,6,1,200,1,1,51,7,6,2.0
16,3,107,543549,545070,545070,546075,546075,546683,546716,555716,555716,556334,556366,556400,559495,1521,1005,608,9000,618,460,0,600,1988,3129,3095,1388,505.8169733,15.94975003,1,40,-26,170,-1,-1,49,14,40,1.0
16,3,108,559498,561020,561020,562024,562024,562630,562663,571163,571163,571764,571797,571830,574936,1522,1004,606,8500,601,365,0,600,2102,3139,3106,1502,521.2577566,15.44078333,1,7,3,210,1,1,51,10,7,2.0
16,4,109,55046,56572,56572,57590,57590,58202,58235,64735,64735,65361,65394,65429,68497,1526,1018,612,6500,626,547,0,600,1871,3103,3068,1271,13.46429534,13.46429534,1,5,2,160,1,1,51,7,5,2.0
16,4,110,68502,70027,70027,71031,71031,71656,71689,80689,80689,81307,81339,81372,84449,1525,1004,625,9000,618,660,0,600,1768,3110,3077,1168,29.41406917,15.94977384,1,4,1,180,1,1,51,5,4,2.0
16,4,111,84452,85974,85974,86979,86979,87586,87618,95118,95118,95718,95750,95784,98898,1522,1005,607,7500,600,1252,0,600,1214,3148,3114,614,43.86318305,14.44911388,1,10,4,150,1,1,51,14,10,2.0
16,4,112,98901,100424,100424,101429,101429,102034,102066,110066,110066,110669,110701,110735,113854,1523,1005,605,8000,603,516,0,600,1948,3153,3119,1348,58.81848457,14.95530152,1,14,-7,150,-1,-1,49,7,14,1.0
16,4,113,113857,115377,115377,116382,116382,116986,117018,123018,123018,123620,123652,123685,126803,1520,1005,604,6000,602,773,0,600,1696,3151,3118,1096,71.7678121,12.94932754,1,19,1,170,1,1,51,20,19,2.0
16,4,114,126806,128327,128327,129330,129330,129955,129988,136988,136988,137592,137624,137658,140755,1521,1003,625,7000,604,458,0,600,1989,3131,3097,1389,85.71954803,13.95173593,1,10,-5,190,-1,-1,49,5,10,1.0
16,4,115,140758,142279,142279,143285,143285,143892,143924,152424,152424,153042,153074,153108,156210,1521,1006,607,8500,618,394,0,600,2054,3136,3102,1454,101.174911,15.45536299,1,40,-20,150,-1,-1,49,20,40,1.0
16,4,116,156213,157733,157733,158738,158738,159347,159380,167880,167880,168481,168513,168547,171657,1520,1005,609,8500,601,403,0,600,2062,3144,3110,1462,116.621172,15.44626099,1,10,18,160,1,1,51,28,10,2.0
16,4,117,171660,173181,173181,174184,174184,174788,174820,181320,181320,181920,181952,181985,185102,1521,1003,604,6500,600,505,0,600,1967,3150,3117,1367,130.0669674,13.4457954,1,10,10,180,1,1,51,20,10,2.0
16,4,118,185105,186625,186625,187630,187630,188236,188268,195268,195268,195901,195933,195967,199067,1520,1005,606,7000,633,465,0,600,1971,3134,3100,1371,144.0317515,13.96478413,1,27,1,200,1,1,51,28,27,2.0
16,4,119,199070,200596,200596,201602,201602,202207,202240,208240,208240,208854,208886,208919,212023,1526,1006,605,6000,614,366,0,600,2083,3137,3104,1483,156.9876063,12.9558548,1,2,5,180,1,1,51,7,2,2.0
16,4,120,212026,213547,213547,214548,214548,215152,215185,222685,222685,223314,223346,223379,226461,1521,1001,604,7500,629,507,0,600,1938,3115,3082,1338,171.4257863,14.43817996,1,7,3,200,1,1,51,10,7,2.0
16,4,121,226464,227991,227991,228996,228996,229606,229638,237638,237638,238239,238271,238304,241407,1527,1005,610,8000,601,1339,0,600,1118,3136,3103,518,186.3716607,14.94587435,1,14,14,150,1,1,51,28,14,2.0
16,4,122,241410,242931,242931,243937,243937,244563,244595,253595,253595,254213,254246,254280,257348,1521,1006,626,9000,618,557,0,600,1872,3102,3068,1272,202.3125266,15.9408659,1,57,-37,160,-1,-1,49,20,57,1.0
16,4,123,257351,258874,258874,259877,259877,260483,260517,269517,269517,270146,270178,270211,273283,1523,1003,606,9000,629,501,0,600,1938,3105,3072,1338,218.247646,15.93511944,1,5,9,180,1,1,51,14,5,2.0
16,4,124,273286,274810,274810,275812,275812,276417,276449,283949,283949,284550,284582,284615,287724,1524,1002,605,7500,601,889,0,600,1579,3142,3109,979,232.6886626,14.44101658,1,20,-10,210,-1,-1,49,10,20,1.0
16,4,125,287727,289249,289249,290255,290255,290861,290893,297893,297893,298497,298529,298562,301663,1522,1006,606,7000,604,589,0,600,1873,3134,3101,1273,246.6275052,13.93884263,1,20,-6,180,-1,-1,49,14,20,1.0
16,4,126,301666,303187,303187,304192,304192,304821,304853,311353,311353,311974,312006,312039,315100,1521,1005,629,6500,621,355,0,600,2069,3094,3061,1469,260.0638409,13.43633569,1,4,6,180,1,1,51,10,4,2.0
16,4,127,315103,316623,316623,317628,317628,318232,318264,324264,324264,324895,324927,324961,328055,1520,1005,604,6000,631,1197,0,600,1243,3128,3094,643,273.0189462,12.95510534,1,9,1,150,1,1,51,10,9,2.0
16,4,128,328058,329583,329583,330591,330591,331195,331228,339228,339228,339859,339891,339925,342999,1525,1008,604,8000,631,336,0,600,2096,3108,3074,1496,287.9628543,14.94390804,1,5,9,160,1,1,51,14,5,2.0
16,4,129,343002,344527,344527,345530,345530,346138,346170,354670,354670,355286,355319,355352,358451,1525,1003,608,8500,616,622,0,600,1826,3132,3099,1226,303.4153942,15.45253994,1,57,-37,170,-1,-1,49,20,57,1.0
16,4,130,358454,359978,359978,360981,360981,361586,361618,369618,369618,370237,370269,370304,373401,1524,1003,605,8000,619,297,0,600,2152,3132,3097,1552,318.364968,14.94957374,1,57,-37,180,-1,-1,49,20,57,1.0
16,4,131,373404,374923,374923,375935,375935,376541,376575,385575,385575,386175,386207,386241,389365,1519,1012,606,9000,600,450,0,600,2013,3158,3124,1413,334.3287115,15.96374356,1,14,-4,150,-1,-1,49,10,14,1.0
16,4,132,389368,390890,390890,391894,391894,392495,392527,400027,400027,400643,400675,400708,403823,1522,1004,601,7500,616,248,0,600,2209,3148,3115,1609,348.7866737,14.45796214,1,2,5,190,1,1,51,7,2,2.0
16,4,133,403826,405349,405349,406351,406351,406959,406991,412991,412991,413624,413656,413689,416786,1523,1002,608,6000,633,457,0,600,1977,3130,3097,1377,361.750124,12.96345035,1,40,-12,190,-1,-1,49,28,40,1.0
16,4,134,416788,418314,418314,419317,419317,419925,419958,428458,428458,429071,429103,429136,432228,1526,1003,608,8500,613,456,0,600,1994,3125,3092,1394,377.1920136,15.44188959,1,56,-28,190,-1,-1,49,28,56,1.0
16,4,135,432231,433753,433753,434761,434761,435391,435424,442424,442424,443025,443057,443091,446195,1522,1008,630,7000,601,655,0,600,1784,3138,3104,1184,391.1585428,13.96652925,1,10,-5,190,-1,-1,49,5,10,1.0
16,4,136,446198,447724,447724,448728,448729,449333,449366,455866,455866,456480,456512,456545,459638,1526,1004,604,6500,614,390,0,600,2062,3126,3093,1462,404.6013594,13.44281655,1,40,-12,200,-1,-1,49,28,40,1.0
16,4,137,459640,461167,461167,462170,462170,462800,462833,469833,469833,470457,470491,470524,473585,1527,1003,630,7000,624,584,0,600,1832,3094,3061,1232,418.5491298,13.94777045,1,4,1,210,1,1,51,5,4,2.0
16,4,138,473588,475114,475114,476121,476121,476728,476761,484761,484761,485362,485394,485427,488540,1526,1007,607,8000,601,635,0,600,1824,3146,3113,1224,433.5043904,14.95526053,1,28,-14,190,-1,-1,49,14,28,1.0
16,4,139,488543,490070,490070,491072,491072,491675,491708,499208,499208,499829,499861,499894,503000,1527,1002,603,7500,621,367,0,600,2080,3139,3106,1480,447.9640883,14.45969793,1,4,3,170,1,1,51,7,4,2.0
16,4,140,503003,504527,504527,505530,505530,506156,506189,512690,512690,513308,513340,513373,516448,1524,1003,626,6501,618,309,0,600,2119,3108,3075,1519,461.4127438,13.44865552,1,2,3,180,1,1,51,5,2,2.0
16,4,141,516452,517967,517967,518970,518970,519576,519607,528607,528607,529226,529258,529292,532399,1515,1003,606,9000,619,430,0,600,2027,3141,3107,1427,477.3624068,15.94966294,1,4,6,170,1,1,51,10,4,2.0
16,4,142,532402,533930,533930,534937,534937,535545,535578,541578,541578,542180,542212,542246,545349,1528,1007,608,6000,602,657,0,600,1798,3137,3103,1198,490.3126118,12.95020507,0,13,1,200,1,-1,49,14,13,1.0
16,4,143,545352,546873,546873,547877,547877,548482,548515,557015,557015,557645,557678,557711,560804,1521,1004,605,8500,630,453,0,600,1987,3126,3093,1387,505.7676232,15.45501132,1,6,1,180,1,1,51,7,6,2.0
16,4,144,560807,562330,562330,563337,563337,563964,563997,571497,571497,572098,572131,572164,575249,1523,1007,627,7500,601,445,0,600,1997,3118,3085,1397,520.212774,14.44515081,1,10,-5,150,-1,-1,49,5,10,1.0
16,5,145,30697,32217,32217,33237,33237,33854,33887,39887,39887,40488,40520,40555,43643,1520,1020,617,6000,601,215,0,600,2227,3123,3088,1627,12.95848439,12.95848439,1,10,4,150,1,1,51,14,10,2.0
16,5,146,43648,45170,45170,46175,46175,46805,46838,54838,54838,55464,55496,55530,58608,1522,1005,630,8000,626,539,0,600,1878,3112,3078,1278,27.92170119,14.9632168,1,7,13,200,1,1,51,20,7,2.0
16,5,147,58611,60140,60140,61143,61143,61748,61782,69282,69282,69883,69915,69949,73073,1529,1003,605,7500,601,514,0,600,1948,3158,3124,1348,42.38637653,14.46467534,1,14,-7,170,-1,-1,49,7,14,1.0
16,5,148,73076,74599,74599,75601,75601,76228,76260,85260,85260,85878,85910,85944,89011,1523,1002,627,9000,618,555,0,600,1875,3101,3067,1275,58.3235997,15.93722317,1,3,2,150,1,1,51,5,3,2.0
16,5,149,89013,90533,90533,91539,91539,92145,92177,100677,100677,101309,101341,101375,104459,1520,1006,606,8500,632,382,0,600,2054,3118,3084,1454,73.77205874,15.44845904,1,10,18,190,1,1,51,28,10,2.0
16,5,150,104462,105983,105983,106987,106987,107592,107624,114624,114624,115257,115289,115322,118419,1521,1004,605,7000,633,683,0,600,1754,3130,3097,1154,87.73197304,13.9599143,1,14,6,160,1,1,51,20,14,2.0
16,5,151,118422,119945,119945,120950,120950,121581,121614,128114,128114,128729,128762,128795,131881,1523,1005,631,6500,615,188,0,600,2238,3119,3086,1638,101.1943991,13.46242606,1,3,2,180,1,1,51,5,3,2.0
16,5,152,131884,133406,133406,134414,134414,135017,135051,142551,142551,143180,143213,143246,146335,1522,1008,603,7500,629,449,0,600,1989,3122,3089,1389,115.6483204,14.45392133,1,7,-2,200,-1,-1,49,5,7,1.0
16,5,153,146338,147856,147856,148860,148860,149467,149499,157499,157499,158132,158164,158197,161292,1518,1004,607,8000,633,686,0,600,1752,3128,3095,1152,130.6054451,14.95712469,0,29,-1,180,-1,1,51,28,29,2.0
16,5,154,161295,162822,162822,163827,163827,164432,164465,173465,173465,174066,174099,174133,177231,1527,1005,605,9000,601,788,0,600,1674,3132,3098,1074,146.5435148,15.93806967,1,11,-1,160,-1,-1,49,10,11,1.0
16,5,155,177232,178751,178751,179758,179758,180362,180395,186895,186895,187508,187540,187574,190679,1519,1007,604,6500,613,430,0,600,2027,3139,3105,1427,159.9921552,13.44864046,1,40,-20,150,-1,-1,49,20,40,1.0
16,5,156,190682,192205,192205,193212,193212,193834,193866,199866,199866,200492,200524,200557,203623,1523,1007,622,6000,626,300,0,600,2122,3099,3066,1522,172.9361962,12.94404094,1,20,-13,190,-1,-1,49,7,20,1.0
16,5,157,203626,205148,205148,206153,206153,206759,206791,213791,213791,214392,214424,214458,217578,1522,1005,606,7000,601,868,0,600,1598,3154,3120,998,186.891548,13.95535184,1,20,-10,190,-1,-1,49,10,20,1.0
16,5,158,217581,219109,219109,220112,220112,220719,220751,229251,229251,229880,229913,229946,233012,1528,1003,607,8500,629,521,0,600,1912,3099,3066,1312,202.325541,15.43399299,1,7,3,190,1,1,51,10,7,2.0
16,5,159,233015,234538,234538,235547,235547,236180,236213,244713,244713,245335,245368,245401,248447,1523,1009,633,8500,622,309,0,600,2104,3079,3046,1504,217.7602027,15.43466169,1,4,3,200,1,1,51,7,4,2.0
16,5,160,248450,249968,249968,250968,250968,251571,251603,258103,258103,258733,258765,258798,261890,1518,1000,603,6500,630,384,0,600,2065,3125,3092,1465,231.2028294,13.4426267,1,79,-51,170,-1,-1,49,28,79,1.0
16,5,161,261892,263420,263420,264427,264427,265036,265069,274069,274069,274669,274702,274735,277855,1528,1007,609,9000,600,639,0,600,1817,3153,3120,1217,247.1684015,15.96557216,1,14,14,160,1,1,51,28,14,2.0
16,5,162,277858,279382,279382,280386,280386,280992,281024,289024,289024,289625,289657,289690,292799,1524,1004,606,8000,601,629,0,600,1836,3142,3109,1236,262.1123482,14.94394661,1,10,-3,210,-1,-1,49,7,10,1.0
16,5,163,292802,294327,294327,295331,295331,295938,295970,301970,301970,302602,302634,302667,305733,1525,1004,607,6000,632,1176,0,600,1256,3099,3066,656,275.0460488,12.93370068,0,10,18,150,1,-1,49,28,10,1.0
16,5,164,305736,307258,307258,308261,308262,308869,308901,315901,315901,316503,316535,316569,319689,1522,1003,607,7000,602,418,0,600,2048,3154,3120,1448,289.0022324,13.95618357,1,14,14,180,1,1,51,28,14,2.0
16,5,165,319692,321216,321216,322220,322220,322826,322859,330359,330359,330978,331010,331044,334151,1524,1004,606,7500,619,434,0,600,2013,3141,3107,1413,303.4636251,14.46139272,1,5,9,200,1,1,51,14,5,2.0
16,5,166,334154,335676,335676,336682,336682,337285,337318,344818,344818,345419,345451,345485,348591,1522,1006,603,7500,601,630,0,600,1838,3140,3106,1238,317.9041171,14.44049193,1,11,-1,160,-1,-1,49,10,11,1.0
16,5,167,348594,350110,350110,351114,351114,351722,351756,358256,358256,358870,358903,358937,362027,1516,1004,608,6500,614,319,0,600,2139,3124,3090,1539,331.3401568,13.43603977,1,40,-20,190,-1,-1,49,20,40,1.0
16,5,168,362030,363556,363556,364560,364560,365164,365196,374196,374196,374828,374860,374892,377987,1526,1004,604,9000,632,971,0,600,1463,3127,3095,863,347.300201,15.96004418,0,11,-1,160,-1,1,51,10,11,2.0
16,5,169,377990,379515,379515,380520,380520,381126,381158,387158,387158,387790,387824,387858,390941,1525,1005,606,6000,632,798,0,600,1634,3117,3083,1034,360.2536417,12.95344067,1,10,4,160,1,1,51,14,10,2.0
16,5,170,390944,392465,392465,393471,393471,394077,394110,402110,402110,402741,402774,402807,405891,1521,1006,606,8000,631,343,0,600,2093,3117,3084,1493,375.2040405,14.95039884,1,20,-10,210,-1,-1,49,10,20,1.0
16,5,171,405894,407419,407419,408427,408427,409032,409064,416064,416064,416696,416729,416762,419856,1525,1008,605,7000,632,425,0,600,2005,3127,3094,1405,389.1693161,13.96527563,1,15,-1,200,-1,-1,49,14,15,1.0
16,5,172,419860,421380,421380,422383,422383,422987,423021,431521,431521,432136,432169,432202,435301,1520,1003,604,8500,615,330,0,600,2128,3132,3099,1528,404.6133592,15.44404304,1,57,-37,160,-1,-1,49,20,57,1.0
16,5,173,435303,436823,436823,437826,437826,438427,438459,444459,444459,445061,445094,445128,448260,1520,1003,601,6000,602,203,0,600,2271,3166,3132,1671,417.5731855,12.9598263,1,14,-9,210,-1,-1,49,5,14,1.0
16,5,174,448263,449788,449788,450793,450793,451397,451430,458430,458430,459062,459095,459129,462203,1525,1005,604,7000,632,653,0,600,1781,3108,3074,1181,431.5156118,13.9424263,1,8,-1,190,-1,-1,49,7,8,1.0
16,5,175,462206,463730,463730,464733,464733,465335,465368,471868,471868,472501,472534,472567,475640,1524,1003,602,6500,633,333,0,600,2105,3106,3073,1505,444.9526662,13.43705441,1,14,-9,210,-1,-1,49,5,14,1.0
16,5,176,475643,477167,477167,478172,478172,478778,478810,486310,486310,486927,486959,486992,490105,1524,1005,606,7500,617,311,0,600,2137,3146,3113,1537,459.4168874,14.4642212,1,15,-1,210,-1,-1,49,14,15,1.0
16,5,177,490107,491626,491626,492630,492630,493232,493265,501765,501765,502394,502426,502459,505537,1519,1004,602,8500,629,467,0,600,1979,3111,3078,1379,474.8501828,15.43329536,1,6,-1,170,-1,-1,49,5,6,1.0
16,5,178,505540,507067,507067,508075,508075,508682,508715,516715,516715,517315,517347,517381,520479,1527,1008,607,8000,600,976,0,600,1482,3132,3098,882,489.7918994,14.94171662,1,15,-1,190,-1,-1,49,14,15,1.0
16,5,179,520482,522006,522006,523013,523014,523616,523650,532650,532650,533282,533314,533348,536449,1524,1007,602,9000,632,590,0,600,1845,3135,3101,1245,505.7612366,15.96933724,1,8,-1,160,-1,-1,49,7,8,1.0
16,5,180,536451,537975,537975,538975,538975,539579,539612,547612,547612,548213,548245,548278,551402,1524,1000,604,8000,601,319,0,600,2152,3157,3124,1552,520.7149027,14.95366609,1,10,10,190,1,1,51,20,10,2.0
16,6,181,14747,16270,16270,17289,17289,17900,17932,24432,24432,25066,25098,25136,28212,1523,1019,611,6500,634,132,0,600,2281,3114,3076,1681,13.47646479,13.47646479,1,14,-7,210,-1,-1,49,7,14,1.0
16,6,182,28217,29743,29743,30748,30748,31352,31384,39884,39884,40486,40518,40552,43656,1526,1005,604,8500,602,266,0,600,2197,3138,3104,1597,28.91916652,15.44270173,1,10,4,180,1,1,51,14,10,2.0
16,6,183,43659,45181,45181,46188,46188,46793,46826,52826,52826,53459,53491,53525,56595,1522,1007,605,6000,633,627,0,600,1806,3104,3070,1206,41.85821528,12.93904876,0,27,1,200,1,-1,49,28,27,1.0
16,6,184,56598,58122,58122,59128,59128,59737,59770,68770,68770,69387,69419,69452,72531,1524,1006,609,9000,617,275,0,600,2169,3112,3079,1569,57.79333321,15.93511793,1,40,-12,180,-1,-1,49,28,40,1.0
16,6,185,72534,74058,74058,75060,75060,75664,75696,82696,82696,83297,83329,83363,86468,1524,1002,604,7000,601,660,0,600,1809,3139,3105,1209,71.7306718,13.93733859,0,19,1,210,1,-1,49,20,19,1.0
16,6,186,86471,87993,87993,89000,89000,89601,89634,97634,97634,98252,98284,98317,101412,1522,1007,601,8000,618,330,0,600,2122,3128,3095,1522,86.67462595,14.94395415,1,10,-5,200,-1,-1,49,5,10,1.0
16,6,187,101415,102939,102939,103944,103944,104550,104582,112082,112082,112697,112729,112762,115863,1524,1005,606,7500,615,365,0,600,2085,3134,3101,1485,101.1262121,14.45158616,1,5,9,160,1,1,51,14,5,2.0
16,6,188,115866,117390,117390,118394,118394,118999,119032,126532,126532,127158,127190,127223,130305,1524,1004,605,7500,626,541,0,600,1900,3115,3082,1300,115.5678193,14.44160723,1,6,1,200,1,1,51,7,6,2.0
16,6,189,130308,131831,131831,132842,132842,133473,133505,142505,142505,143120,143153,143186,146238,1523,1011,631,9000,615,569,0,600,1851,3085,3052,1251,131.5012042,15.93338486,1,2,3,180,1,1,51,5,2,2.0
16,6,190,146241,147763,147763,148768,148768,149373,149407,157907,157907,158507,158539,158573,161685,1522,1005,605,8500,600,702,0,600,1766,3146,3112,1166,146.9474399,15.44623567,0,13,1,210,1,-1,49,14,13,1.0
16,6,191,161686,163201,163201,164206,164206,164811,164843,171843,171843,172466,172498,172531,175641,1515,1005,605,7000,623,336,0,600,2116,3143,3110,1516,160.9039287,13.95648884,1,5,2,150,1,1,51,7,5,2.0
16,6,192,175644,177168,177168,178177,178177,178805,178837,185337,185337,185952,185986,186020,189079,1524,1009,628,6500,615,258,0,600,2166,3093,3059,1566,174.3414602,13.43753145,1,40,-20,160,-1,-1,49,20,40,1.0
16,6,193,189082,190609,190609,191615,191615,192219,192252,198252,198252,198855,198887,198921,202038,1527,1006,604,6000,603,571,0,600,1889,3151,3117,1289,187.3008191,12.95935891,1,10,4,210,1,1,51,14,10,2.0
16,6,194,202041,203563,203563,204566,204566,205170,205203,213203,213203,213804,213836,213869,216984,1522,1003,604,8000,601,802,0,600,1668,3148,3115,1068,202.2468607,14.9460416,0,14,6,200,1,-1,49,20,14,1.0
16,6,195,216987,218511,218511,219518,219518,220118,220150,228150,228150,228772,228804,228838,231939,1524,1007,600,8000,622,393,0,600,2054,3135,3101,1454,217.201194,14.95433328,1,4,1,190,1,1,51,5,4,2.0
16,6,196,231941,233463,233463,234471,234471,235075,235107,244107,244107,244709,244741,244775,247898,1522,1008,604,9000,602,220,0,600,2244,3157,3123,1644,233.1608168,15.95962289,1,28,-18,170,-1,-1,49,10,28,1.0
16,6,197,247901,249424,249424,250430,250430,251032,251066,257567,257567,258192,258226,258259,261361,1523,1006,602,6501,625,789,0,600,1654,3135,3102,1054,246.6230865,13.46226965,0,7,7,210,1,-1,49,14,7,1.0
16,6,198,261363,262887,262887,263892,263892,264496,264529,272029,272029,272632,272664,272699,275825,1524,1005,604,7500,603,386,0,600,2078,3161,3126,1478,261.0875741,14.4644876,1,20,-13,190,-1,-1,49,7,20,1.0
16,6,199,275828,277352,277352,278359,278359,278990,279022,287522,287522,288155,288188,288221,291265,1524,1007,631,8500,633,405,0,600,2000,3077,3044,1400,276.5276824,15.44010831,1,7,-2,150,-1,-1,49,5,7,1.0
16,6,200,291268,292796,292796,293803,293803,294406,294438,300438,300438,301068,301102,301137,304233,1528,1007,603,6000,630,551,0,600,1881,3131,3096,1281,289.4956274,12.967945,1,28,-8,170,-1,-1,49,20,28,1.0
16,6,201,304236,305763,305763,306769,306769,307375,307407,314407,314407,315040,315072,315106,318189,1527,1006,606,7000,633,1022,0,600,1406,3117,3083,806,303.4508759,13.95524848,0,19,1,180,1,-1,49,20,19,1.0
16,6,202,318192,319717,319717,320725,320725,321327,321360,328860,328860,329481,329513,329548,332631,1525,1008,602,7500,621,248,0,600,2196,3118,3083,1596,317.893445,14.44256914,1,4,1,160,1,1,51,5,4,2.0
16,6,203,332634,334157,334157,335165,335165,335772,335804,341804,341804,342407,342440,342475,345568,1523,1008,607,6000,603,872,0,600,1587,3128,3093,987,330.8302379,12.93679284,0,27,1,210,1,-1,49,28,27,1.0
16,6,204,345571,347092,347092,348100,348100,348708,348740,356740,356740,357341,357374,357408,360514,1521,1008,608,8000,601,592,0,600,1870,3140,3106,1270,345.7765413,14.94630348,1,14,14,150,1,1,51,28,14,2.0
16,6,205,360517,362042,362042,363049,363049,363654,363686,372686,372686,373311,373344,373378,376458,1525,1007,605,9000,625,441,0,600,1997,3114,3080,1397,361.7204147,15.94387338,1,5,5,170,1,1,51,10,5,2.0
16,6,206,376461,377982,377982,378988,378988,379589,379621,386621,386621,387221,387253,387286,390419,1521,1006,601,7000,600,294,0,600,2178,3166,3133,1578,375.6817637,13.96134903,1,20,-13,210,-1,-1,49,7,20,1.0
16,6,207,390422,391948,391948,392954,392954,393558,393590,400090,400090,400719,400752,400785,403878,1526,1006,604,6500,629,227,0,600,2208,3126,3093,1608,389.1397768,13.45801307,1,4,6,200,1,1,51,10,4,2.0
16,6,208,403880,405402,405402,406408,406408,407018,407051,415551,415551,416167,416199,416233,419324,1522,1006,610,8500,616,515,0,600,1931,3125,3091,1331,404.5866378,15.44686098,1,40,-12,180,-1,-1,49,28,40,1.0
16,6,209,419327,420857,420857,421865,421865,422474,422506,430506,430506,431123,431155,431189,434260,1530,1008,609,8000,617,299,0,600,2137,3105,3071,1537,419.5217789,14.93514114,1,4,3,180,1,1,51,7,4,2.0
16,6,210,434263,435785,435785,436791,436791,437396,437428,443928,443928,444561,444593,444628,447695,1522,1006,605,6500,633,685,0,600,1749,3102,3067,1149,432.9571618,13.43538282,1,14,-4,170,-1,-1,49,10,14,1.0
16,6,211,447698,449224,449224,450229,450229,450835,450867,457867,457867,458490,458522,458556,461632,1526,1005,606,7000,623,276,0,600,2164,3110,3076,1564,446.8946094,13.93744768,1,79,-51,210,-1,-1,49,28,79,1.0
16,6,212,461635,463160,463160,464167,464167,464772,464804,472304,472304,472906,472938,472972,476070,1525,1007,605,7500,602,648,0,600,1813,3132,3098,1213,461.3319022,14.43729278,1,14,-4,190,-1,-1,49,10,14,1.0
16,6,213,476073,477597,477597,478601,478601,479221,479253,487753,487753,488355,488387,488420,491532,1524,1004,620,8500,602,402,0,600,2048,3145,3112,1448,476.7944368,15.46253454,1,14,-9,200,-1,-1,49,5,14,1.0
16,6,214,491535,493056,493056,494062,494062,494670,494703,503703,503703,504320,504353,504386,507481,1521,1006,608,9000,617,639,0,600,1809,3128,3095,1209,492.7426595,15.94822278,1,10,4,170,1,1,51,14,10,2.0
16,6,215,507484,509009,509009,510014,510014,510620,510653,516653,516653,517270,517302,517336,520433,1525,1005,606,6000,617,364,0,600,2083,3131,3097,1483,505.6961159,12.95345634,1,40,-20,160,-1,-1,49,20,40,1.0
16,6,216,520437,521958,521958,522967,522967,523573,523607,532107,532107,532707,532741,532775,535903,1521,1009,606,8500,600,616,0,600,1848,3162,3128,1248,521.1653199,15.46920404,1,14,-4,160,-1,-1,49,10,14,1.0
17,1,1,68335,69865,69865,70894,70894,71526,71559,79559,79559,80164,80196,80233,83296,1530,1029,632,8000,605,987,0,600,1417,3100,3063,817,14.99940061,14.99940061,1,40,-26,170,-1,-1,49,14,40,1.0
17,1,2,83348,84876,84876,85892,85892,86496,86529,93529,93529,94133,94166,94200,97310,1528,1016,604,7000,604,558,0,600,1890,3144,3110,1290,28.96387886,13.96447825,1,27,1,160,1,1,51,28,27,2.0
17,1,3,97312,98836,98836,99842,99842,100442,100475,106475,106475,107076,107109,107142,110259,1524,1006,600,6000,601,1089,0,600,1380,3150,3117,780,41.91199254,12.94811368,1,10,-3,200,-1,-1,49,7,10,1.0
17,1,4,110262,111784,111784,112785,112785,113389,113422,121922,121922,122552,122585,122618,125702,1522,1001,604,8500,630,568,0,600,1875,3117,3084,1275,57.35523322,15.44324068,1,19,1,170,1,1,51,20,19,2.0
17,1,5,125704,127229,127229,128237,128237,128844,128877,135377,135377,135977,136010,136043,139138,1525,1008,607,6500,600,354,0,600,2106,3128,3095,1506,70.79138431,13.4361511,1,10,18,170,1,1,51,28,10,2.0
17,1,6,139141,140666,140666,141672,141672,142300,142333,149833,149833,150455,150487,150521,153574,1525,1006,628,7500,622,608,0,600,1811,3087,3053,1211,85.22717198,14.43578767,1,6,1,150,1,1,51,7,6,2.0
17,1,7,153577,155096,155096,156101,156101,156734,156766,165766,165766,166370,166402,166435,169528,1519,1005,633,9000,604,314,0,600,2125,3126,3093,1525,101.1820935,15.9549215,1,14,-4,170,-1,-1,49,10,14,1.0
17,1,8,169531,171057,171057,172063,172063,172689,172723,180223,180223,180843,180876,180910,183982,1526,1006,626,7500,620,368,0,600,2054,3106,3072,1454,115.6355521,14.45345859,1,7,-2,190,-1,-1,49,5,7,1.0
17,1,9,183985,185512,185512,186519,186519,187119,187152,195152,195152,195768,195800,195833,198924,1527,1007,600,8000,616,578,0,600,1872,3124,3091,1272,130.57697,14.94141796,1,2,5,180,1,1,51,7,2,2.0
17,1,10,198927,200453,200453,201462,201462,202070,202102,208602,208602,209203,209236,209270,212383,1526,1009,608,6500,601,342,0,600,2114,3147,3113,1514,144.0356516,13.45868161,1,10,18,200,1,1,51,28,10,2.0
17,1,11,212386,213914,213914,214923,214923,215551,215583,221583,221583,222206,222238,222272,225337,1528,1009,628,6000,623,390,0,600,2022,3099,3065,1422,156.9903251,12.95467349,1,4,3,160,1,1,51,7,4,2.0
17,1,12,225340,226864,226864,227869,227869,228494,228527,237027,237027,237655,237688,237721,240785,1524,1005,625,8500,628,353,0,600,2065,3097,3064,1465,172.4380336,15.44770851,1,7,-2,210,-1,-1,49,5,7,1.0
17,1,13,240788,242312,242312,243318,243318,243923,243955,250955,250955,251580,251612,251645,254731,1524,1006,605,7000,625,571,0,600,1869,3119,3086,1269,186.3838956,13.94586198,1,7,3,190,1,1,51,10,7,2.0
17,1,14,254733,256255,256255,257264,257264,257867,257899,266899,266899,267519,267551,267585,270684,1522,1009,603,9000,620,650,0,600,1796,3133,3099,1196,202.3377573,15.95386165,1,4,6,190,1,1,51,10,4,2.0
17,1,15,270687,272210,272210,273217,273217,273843,273876,280876,280876,281492,281525,281559,284638,1523,1007,626,7000,616,566,0,600,1862,3113,3079,1262,216.2911732,13.95341595,1,2,3,170,1,1,51,5,2,2.0
17,1,16,284641,286165,286165,287174,287174,287805,287837,296337,296337,296956,296989,297022,300072,1524,1009,631,8500,619,1638,0,600,779,3083,3050,179,231.7244494,15.43327621,1,6,1,190,1,1,51,7,6,2.0
17,1,17,300074,301597,301597,302607,302607,303213,303247,311247,311247,311848,311882,311915,315017,1523,1010,606,8000,601,1171,0,600,1289,3135,3102,689,246.6699275,14.94547806,1,10,10,160,1,1,51,20,10,2.0
17,1,18,315020,316546,316546,317551,317551,318159,318192,327192,327192,327822,327854,327887,330952,1526,1005,608,9000,630,97,0,600,2334,3098,3065,1734,262.6048203,15.9348928,1,40,-26,170,-1,-1,49,14,40,1.0
17,1,19,330954,332479,332479,333481,333481,334104,334136,341636,341636,342259,342292,342325,345409,1525,1002,623,7500,623,376,0,600,2051,3117,3084,1451,277.061811,14.45699073,1,14,-7,200,-1,-1,49,7,14,1.0
17,1,20,345412,346935,346935,347942,347942,348546,348579,355079,355079,355700,355733,355766,358864,1523,1007,604,6500,621,585,0,600,1860,3131,3098,1260,290.516981,13.45516996,1,56,-28,200,-1,-1,49,28,56,1.0
17,1,21,358866,360392,360392,361399,361399,362006,362039,368039,368039,368654,368687,368721,371826,1526,1007,607,6000,615,401,0,600,2044,3139,3105,1444,303.4790343,12.96205327,1,57,-37,150,-1,-1,49,20,57,1.0
17,1,22,371829,373351,373351,374354,374354,374958,374991,382491,382491,383123,383155,383188,386279,1522,1003,604,7500,632,265,0,600,2174,3124,3091,1574,317.9317069,14.45267267,1,40,-20,200,-1,-1,49,20,40,1.0
17,1,23,386282,387804,387804,388810,388810,389432,389464,395964,395964,396583,396615,396648,399742,1522,1006,622,6500,619,839,0,600,1592,3127,3094,992,331.3948344,13.46312744,1,3,2,160,1,1,51,5,3,2.0
17,1,24,399744,401267,401267,402271,402271,402898,402930,409930,409930,410546,410579,410612,413691,1523,1004,627,7000,616,594,0,600,1836,3112,3079,1236,345.3432153,13.94838098,1,2,3,180,1,1,51,5,2,2.0
17,1,25,413694,415215,415215,416221,416221,416826,416859,425859,425859,426491,426523,426556,429624,1521,1006,605,9000,632,1072,0,600,1364,3101,3068,764,361.2767108,15.93349544,1,7,7,200,1,1,51,14,7,2.0
17,1,26,429627,431152,431152,432158,432158,432766,432800,440800,440800,441432,441465,441499,444576,1525,1006,608,8000,632,890,0,600,1539,3111,3077,939,376.2283843,14.95167354,1,20,8,190,1,1,51,28,20,2.0
17,1,27,444578,446103,446103,447111,447111,447716,447749,453749,453749,454349,454382,454416,457542,1525,1008,605,6000,600,512,0,600,1950,3160,3126,1350,389.1948644,12.96648012,1,10,18,210,1,1,51,28,10,2.0
17,1,28,457545,459071,459071,460079,460079,460701,460734,469234,469234,469836,469868,469901,472997,1526,1008,622,8500,602,975,0,600,1467,3129,3096,867,404.6498557,15.45499126,1,14,-4,180,-1,-1,49,10,14,1.0
17,1,29,473000,474526,474526,475529,475529,476130,476162,484162,484162,484792,484824,484857,487952,1526,1003,601,8000,630,1097,0,600,1343,3128,3095,743,419.6046262,14.95477052,1,7,3,160,1,1,51,10,7,2.0
17,1,30,487955,489484,489484,490496,490496,491101,491134,498134,498134,498762,498795,498828,501918,1529,1012,605,7000,628,479,0,600,1947,3123,3090,1347,433.5704289,13.96580268,1,28,-8,190,-1,-1,49,20,28,1.0
17,1,31,501920,503441,503441,504445,504445,505063,505096,514096,514096,514696,514727,514761,517851,1521,1004,618,9000,600,1261,0,600,1196,3124,3090,596,449.5041531,15.93372417,1,13,1,180,1,1,51,14,13,2.0
17,1,32,517854,519378,519378,520384,520384,521010,521044,527044,527044,527665,527698,527731,530804,1524,1006,626,6000,621,1174,0,600,1249,3106,3073,649,462.4564854,12.95233229,1,7,-2,170,-1,-1,49,5,7,1.0
17,1,33,530806,532334,532334,533340,533340,533943,533975,540475,540475,541079,541111,541145,544246,1528,1006,603,6500,604,683,0,600,1776,3135,3101,1176,475.898922,13.44243668,1,10,10,160,1,1,51,20,10,2.0
17,1,34,544249,545776,545776,546782,546782,547387,547419,554919,554919,555542,555574,555608,558692,1527,1006,605,7500,623,637,0,600,1802,3118,3084,1202,490.3440242,14.44510213,1,7,7,190,1,1,51,14,7,2.0
17,1,35,558694,560221,560221,561230,561230,561847,561879,570379,570379,570979,571011,571044,574152,1527,1009,617,8500,600,366,0,600,2081,3141,3108,1481,505.8044018,15.46037761,1,28,-18,200,-1,-1,49,10,28,1.0
17,1,36,574154,575679,575679,576684,576684,577286,577320,585320,585320,585953,585985,586018,589102,1525,1005,602,8000,633,1606,0,600,829,3117,3084,229,520.7542681,14.94986634,1,10,4,210,1,1,51,14,10,2.0
17,2,37,25279,26805,26805,27817,27817,28443,28475,36975,36975,37608,37640,37675,40743,1526,1012,626,8500,633,577,0,600,1826,3103,3068,1226,15.47620547,15.47620547,1,14,-9,180,-1,-1,49,5,14,1.0
17,2,38,40747,42271,42271,43274,43274,43895,43928,50928,50928,51558,51591,51624,54695,1524,1003,621,7000,630,396,0,600,2026,3104,3071,1426,29.4258925,13.94968703,1,10,-3,190,-1,-1,49,7,10,1.0
17,2,39,54698,56220,56220,57227,57227,57831,57864,63864,63864,64495,64527,64561,67647,1522,1007,604,6000,631,214,0,600,2222,3120,3086,1622,42.37810275,12.95221024,1,7,7,190,1,1,51,14,7,2.0
17,2,40,67649,69175,69175,70179,70179,70787,70819,77319,77319,77940,77973,78006,81097,1526,1004,608,6500,621,84,0,600,2357,3124,3091,1757,55.82768054,13.44957779,1,79,-51,150,-1,-1,49,28,79,1.0
17,2,41,81100,82625,82625,83629,83629,84256,84288,93288,93288,93920,93953,93988,97061,1525,1004,627,9000,632,885,0,600,1527,3108,3073,927,71.79161786,15.96393732,1,10,-3,170,-1,-1,49,7,10,1.0
17,2,42,97064,98587,98587,99594,99594,100215,100248,108248,108248,108849,108881,108914,112020,1523,1007,621,8000,601,819,0,600,1629,3139,3106,1029,86.75072754,14.95910968,1,10,-5,200,-1,-1,49,5,10,1.0
17,2,43,112022,113550,113550,114553,114553,115158,115191,122691,122691,123307,123340,123373,126477,1528,1003,605,7500,616,432,0,600,2016,3137,3104,1416,101.2083439,14.45761633,1,79,-51,150,-1,-1,49,28,79,1.0
17,2,44,126480,128006,128006,129009,129009,129616,129650,137150,137150,137780,137813,137847,140923,1526,1003,607,7500,630,1602,0,600,832,3110,3076,232,115.6536015,14.44525762,1,9,1,180,1,1,51,10,9,2.0
17,2,45,140925,142450,142450,143458,143458,144063,144095,150595,150595,151227,151261,151295,154381,1525,1008,605,6500,632,605,0,600,1825,3120,3086,1225,129.1119727,13.45837122,1,20,-10,180,-1,-1,49,10,20,1.0
17,2,46,154384,155905,155905,156910,156910,157530,157563,165563,165563,166182,166215,166248,169339,1521,1005,620,8000,619,801,0,600,1634,3124,3091,1034,144.0705571,14.95858442,1,5,2,160,1,1,51,7,5,2.0
17,2,47,169342,170866,170866,171872,171872,172478,172511,178511,178511,179112,179144,179178,182282,1524,1006,606,6000,601,495,0,600,1968,3138,3104,1368,157.0128665,12.94230936,1,20,-10,190,-1,-1,49,10,20,1.0
17,2,48,182285,183807,183807,184813,184813,185433,185465,193965,193965,194568,194601,194634,197720,1522,1006,620,8500,603,605,0,600,1844,3119,3086,1244,172.4511234,15.43825694,1,14,-9,150,-1,-1,49,5,14,1.0
17,2,49,197723,199247,199247,200253,200253,200857,200889,207889,207889,208521,208554,208587,211659,1524,1006,604,7000,632,1267,0,600,1167,3105,3072,567,186.3891325,13.93800908,1,20,8,210,1,1,51,28,20,2.0
17,2,50,211661,213185,213185,214192,214192,214797,214830,223830,223830,224454,224486,224519,227612,1524,1007,605,9000,624,451,0,600,1989,3126,3093,1389,202.3426313,15.95349882,1,7,7,160,1,1,51,14,7,2.0
17,2,51,227615,229138,229138,230145,230145,230751,230784,237784,237784,238416,238449,238483,241563,1523,1007,606,7000,632,465,0,600,1967,3114,3080,1367,216.2935186,13.95088731,1,14,6,210,1,1,51,20,14,2.0
17,2,52,241566,243090,243090,244094,244094,244718,244751,252751,252751,253377,253410,253444,256529,1524,1004,624,8000,626,1019,0,600,1403,3119,3085,803,231.2607678,14.96724917,0,7,-2,170,-1,1,51,5,7,2.0
17,2,53,256533,258057,258057,259067,259067,259697,259731,268731,268731,269342,269374,269408,272494,1524,1010,630,9000,611,442,0,600,1983,3120,3086,1383,247.2246159,15.96384812,1,2,5,200,1,1,51,7,2,2.0
17,2,54,272496,274017,274017,275022,275022,275626,275658,281658,281658,282291,282323,282356,285428,1521,1005,604,6000,633,206,0,600,2231,3105,3072,1631,260.158253,12.93363708,1,28,-8,200,-1,-1,49,20,28,1.0
17,2,55,285429,286957,286957,287962,287962,288570,288602,296102,296102,296715,296748,296782,299884,1528,1005,608,7500,613,393,0,600,2053,3136,3102,1453,274.6140672,14.45581425,1,7,13,190,1,1,51,20,7,2.0
17,2,56,299886,301408,301408,302417,302417,303021,303054,309554,309554,310171,310203,310237,313322,1522,1009,604,6500,617,632,0,600,1816,3119,3085,1216,288.053362,13.43929479,1,56,-28,170,-1,-1,49,28,56,1.0
17,2,57,313325,314848,314848,315879,315879,316504,316537,325037,325037,325638,325670,325704,328786,1523,1031,625,8500,601,534,0,600,1886,3116,3082,1286,303.5159347,15.46257265,1,10,4,160,1,1,51,14,10,2.0
17,2,58,328788,330311,330311,331319,331319,331923,331957,338457,338457,339057,339090,339124,342230,1523,1008,604,6500,600,428,0,600,2037,3140,3106,1437,316.9602711,13.44433639,1,40,-26,210,-1,-1,49,14,40,1.0
17,2,59,342233,343758,343758,344765,344765,345367,345399,353399,353399,354003,354035,354069,357180,1525,1007,602,8000,604,1437,0,600,1025,3145,3111,425,331.9102284,14.94995734,1,20,-6,170,-1,-1,49,14,20,1.0
17,2,60,357183,358705,358705,359710,359710,360317,360350,368850,368850,369450,369483,369516,372638,1522,1005,607,8500,600,776,0,600,1690,3155,3122,1090,347.3679204,15.45769197,1,28,-8,190,-1,-1,49,20,28,1.0
17,2,61,372641,374165,374165,375170,375170,375773,375806,382806,382806,383429,383462,383495,386590,1524,1005,603,7000,623,709,0,600,1736,3128,3095,1136,361.3199462,13.95202582,1,7,13,210,1,1,51,20,7,2.0
17,2,62,386591,388115,388115,389122,389122,389727,389759,395759,395759,396359,396392,396425,399538,1524,1007,605,6000,600,540,0,600,1924,3146,3113,1324,374.2691122,12.949166,1,14,6,210,1,1,51,20,14,2.0
17,2,63,399541,401068,401068,402073,402073,402687,402720,411720,411720,412337,412370,412403,415497,1527,1005,614,9000,617,966,0,600,1471,3127,3094,871,390.2278678,15.95875559,1,2,3,190,1,1,51,5,2,2.0
17,2,64,415500,417022,417022,418030,418030,418656,418689,426189,426189,426811,426843,426876,429960,1522,1008,626,7500,622,2386,0,600,36,3117,3084,-564,404.6902247,14.46235688,0,6,1,200,1,-1,49,7,6,1.0
17,2,65,429962,431488,431488,432491,432491,433110,433143,441143,441143,441770,441803,441836,444922,1526,1003,619,8000,627,1643,0,600,782,3119,3086,182,419.6520736,14.96184896,1,7,3,170,1,1,51,10,7,2.0
17,2,66,444924,446451,446451,447456,447456,448086,448118,454118,454118,454718,454750,454783,457877,1527,1005,630,6000,600,905,0,600,1533,3127,3094,933,432.6072751,12.95520145,1,10,-3,160,-1,-1,49,7,10,1.0
17,2,67,457880,459405,459405,460412,460412,461017,461049,468549,468549,469181,469214,469248,472333,1525,1007,605,7500,632,475,0,600,1956,3119,3085,1356,447.0631424,14.45586729,1,28,-18,210,-1,-1,49,10,28,1.0
17,2,68,472336,473861,473861,474866,474866,475493,475525,484025,484025,484642,484674,484707,487767,1525,1005,627,8500,617,674,0,600,1752,3093,3060,1152,462.4979446,15.43480225,1,3,2,180,1,1,51,5,3,2.0
17,2,69,487770,489296,489296,490303,490303,490907,490940,497940,497940,498558,498591,498625,501707,1526,1007,604,7000,618,571,0,600,1874,3116,3082,1274,476.4373791,13.93943447,1,7,7,210,1,1,51,14,7,2.0
17,2,70,501710,503235,503235,504244,504244,504847,504880,511380,511380,511980,512011,512046,515164,1525,1009,603,6500,600,1223,0,600,1240,3153,3118,640,489.8948716,13.45749248,1,10,18,150,1,1,51,28,10,2.0
17,2,71,515167,516688,516688,517692,517692,518297,518328,527328,527328,527951,527983,528017,531114,1521,1004,605,9000,623,1589,0,600,858,3131,3097,258,505.8448672,15.94999562,1,4,6,200,1,1,51,10,4,2.0
17,2,72,531117,532647,532647,533657,533657,534266,534299,543299,543299,543901,543934,543968,547020,1530,1010,609,9000,602,-1,2501,0,548,3086,3052,-52,521.7500423,15.90517507,-1,27,1,160,1,-2,-1,28,27,
17,3,73,47071,48600,48600,49614,49614,50242,50275,57775,57775,58402,58435,58470,61542,1529,1014,628,7500,627,846,0,600,1556,3107,3072,956,14.48358616,14.48358616,1,10,-5,180,-1,-1,49,5,10,1.0
17,3,74,61547,63069,63069,64072,64072,64677,64709,73709,73709,74324,74356,74389,77479,1522,1003,605,9000,615,836,0,600,1619,3123,3090,1019,30.41804442,15.93445826,1,57,-37,150,-1,-1,49,20,57,1.0
17,3,75,77482,79007,79007,80014,80014,80637,80670,87170,87170,87772,87804,87838,90930,1525,1007,623,6500,602,516,0,600,1927,3126,3092,1327,43.86899306,13.45094864,1,20,-13,170,-1,-1,49,7,20,1.0
17,3,76,90933,92458,92458,93462,93462,94087,94120,101120,101120,101752,101784,101817,104869,1525,1004,625,7000,632,1217,0,600,1197,3085,3052,597,57.80778444,13.93879138,1,20,-13,190,-1,-1,49,7,20,1.0
17,3,77,104872,106397,106397,107402,107402,108032,108064,114064,114064,114695,114728,114761,117816,1525,1005,630,6000,631,674,0,600,1735,3088,3055,1135,70.75496845,12.94718401,1,14,-7,210,-1,-1,49,7,14,1.0
17,3,78,117819,119347,119347,120351,120351,120955,120987,128987,128987,129620,129651,129685,132751,1528,1004,604,8000,633,334,0,600,2097,3100,3066,1497,85.69056702,14.93559857,1,28,-18,150,-1,-1,49,10,28,1.0
17,3,79,132754,134272,134272,135277,135277,135883,135917,144417,144417,145017,145050,145083,148205,1518,1005,606,8500,600,1320,0,600,1151,3155,3122,551,101.1440588,15.45349174,1,15,-1,160,-1,-1,49,14,15,1.0
17,3,80,148208,149731,149731,150736,150736,151354,151386,158386,158386,159019,159052,159087,162142,1523,1005,618,7000,633,675,0,600,1746,3090,3055,1146,115.0815992,13.93754048,1,10,4,180,1,1,51,14,10,2.0
17,3,81,162145,163672,163672,164678,164678,165283,165315,171315,171315,171921,171953,171988,175077,1527,1006,605,6000,606,1096,0,600,1360,3124,3089,760,128.0157254,12.93412617,0,14,6,190,1,-1,49,20,14,1.0
17,3,82,175080,176605,176605,177608,177608,178213,178245,187245,187245,187872,187904,187937,191031,1525,1003,605,9000,627,745,0,600,1695,3127,3094,1095,143.9703889,15.95466354,1,7,7,160,1,1,51,14,7,2.0
17,3,83,191034,192560,192560,193569,193569,194173,194205,201705,201705,202305,202337,202371,205486,1526,1009,604,7500,600,1248,0,600,1213,3149,3115,613,158.4254272,14.45503827,1,28,-8,160,-1,-1,49,20,28,1.0
17,3,84,205489,207011,207011,208020,208020,208625,208658,216658,216658,217261,217293,217326,220440,1522,1009,605,8000,603,1315,0,600,1146,3147,3114,546,173.3788082,14.95338099,1,40,-20,170,-1,-1,49,20,40,1.0
17,3,85,220443,221967,221967,222975,222975,223605,223638,232138,232138,232753,232786,232820,235877,1524,1008,630,8500,615,900,0,600,1523,3091,3057,923,188.8160312,15.437223,1,2,5,160,1,1,51,7,2,2.0
17,3,86,235880,237402,237402,238407,238407,239011,239043,245543,245543,246168,246200,246234,249335,1522,1005,604,6500,625,519,0,600,1925,3135,3101,1325,202.273803,13.45777183,1,5,5,190,1,1,51,10,5,2.0
17,3,87,249337,250861,250861,251864,251864,252489,252522,260022,260022,260641,260673,260708,263777,1524,1003,625,7500,619,456,0,600,1973,3104,3069,1373,216.7162222,14.4424192,1,4,3,150,1,1,51,7,4,2.0
17,3,88,263780,265302,265302,266306,266306,266929,266961,274961,274961,275578,275611,275645,278726,1522,1004,623,8000,617,766,0,600,1668,3115,3081,1068,231.6653289,14.94910663,1,2,3,180,1,1,51,5,2,2.0
17,3,89,278729,280257,280257,281264,281264,281890,281923,290923,290923,291549,291582,291615,294684,1528,1007,626,9000,626,2113,0,600,300,3102,3069,-300,247.6220078,15.95667898,0,6,-1,180,-1,1,51,5,6,2.0
17,3,90,294686,296208,296208,297212,297212,297818,297852,306352,306352,306981,307014,307048,310121,1522,1004,606,8500,629,463,0,600,1976,3107,3073,1376,263.0603832,15.43837537,1,5,5,180,1,1,51,10,5,2.0
17,3,91,310124,311648,311648,312654,312654,313260,313293,319793,319793,320424,320457,320490,323566,1524,1006,606,6500,631,272,0,600,2161,3109,3076,1561,276.5044782,13.44409501,1,7,7,170,1,1,51,14,7,2.0
17,3,92,323569,325088,325088,326094,326094,326724,326757,332757,332757,333381,333414,333448,336509,1519,1006,630,6000,624,489,0,600,1932,3095,3061,1332,289.4478369,12.94335866,1,4,3,170,1,1,51,7,4,2.0
17,3,93,336511,338031,338031,339038,339038,339642,339674,346674,346674,347307,347339,347373,350467,1520,1007,604,7000,633,1521,0,600,915,3128,3094,315,303.4052099,13.95737299,0,29,-1,180,-1,1,51,28,29,2.0
17,3,94,350469,351997,351997,353005,353005,353610,353644,361644,361644,362275,362308,362343,365428,1528,1008,605,8000,631,1869,0,600,559,3120,3085,-41,318.3667662,14.96155635,0,14,14,190,1,-1,49,28,14,1.0
17,3,95,365431,366956,366956,367961,367961,368565,368597,377097,377097,377729,377762,377795,380875,1525,1005,604,8500,632,632,0,600,1802,3113,3080,1202,333.8140194,15.44725317,1,20,8,200,1,1,51,28,20,2.0
17,3,96,380878,382400,382400,383404,383404,384008,384041,391541,391541,392144,392178,392211,395323,1522,1004,604,7500,603,1375,0,600,1092,3145,3112,492,348.2621435,14.44812407,0,14,-4,160,-1,1,51,10,14,2.0
17,3,97,395326,396849,396849,397851,397851,398452,398484,407484,407484,408107,408139,408172,411266,1523,1002,601,9000,623,1427,0,600,1024,3127,3094,424,364.2042777,15.94213427,1,7,13,210,1,1,51,20,7,2.0
17,3,98,411268,412794,412794,413798,413798,414398,414431,420931,420931,421564,421597,421630,424683,1526,1004,600,6500,633,-1,2501,0,536,3086,3053,-64,377.6221636,13.41788591,-1,28,-18,210,-1,-2,-1,10,28,
17,3,99,424686,426210,426210,427215,427215,427822,427854,434854,434854,435470,435502,435536,438629,1524,1005,607,7000,616,1524,0,600,924,3127,3093,324,391.5677719,13.94560825,0,56,-28,150,-1,1,51,28,56,2.0
17,3,100,438632,440158,440158,441166,441166,441772,441805,447805,447805,448406,448439,448472,451578,1526,1008,606,6000,601,1172,0,600,1287,3139,3106,687,404.5171717,12.94939984,1,29,-1,200,-1,-1,49,28,29,1.0
17,3,101,451581,453107,453107,454114,454114,454739,454771,463771,463771,464385,464418,464452,467539,1526,1007,625,9000,614,669,0,600,1759,3121,3087,1159,420.4772837,15.96011197,1,2,3,210,1,1,51,5,2,2.0
17,3,102,467542,469068,469068,470076,470076,470704,470737,479237,479237,479864,479896,479929,482992,1526,1008,628,8500,627,751,0,600,1660,3096,3063,1060,435.9306257,15.45334197,1,21,-1,150,-1,-1,49,20,21,1.0
17,3,103,482994,484518,484518,485523,485523,486146,486179,492179,492179,492812,492844,492878,495937,1524,1005,623,6000,633,934,0,600,1481,3093,3059,881,448.8759883,12.94536264,1,40,-26,180,-1,-1,49,14,40,1.0
17,3,104,495940,497465,497465,498472,498472,499076,499109,506609,506609,507239,507271,507304,510392,1525,1007,604,7500,630,901,0,600,1533,3121,3088,933,463.3302624,14.45427405,1,4,6,190,1,1,51,10,4,2.0
17,3,105,510395,511915,511915,512922,512922,513525,513558,521558,521558,522159,522193,522226,525348,1520,1007,603,8000,601,1515,0,600,954,3155,3122,354,478.2861871,14.9559247,1,20,8,180,1,1,51,28,20,2.0
17,3,106,525351,526852,526852,527859,527860,528487,528519,535519,535519,536152,536184,536217,539309,1501,1007,627,7000,633,2298,0,600,134,3125,3092,-466,492.2473086,13.9611215,1,6,-1,170,-1,-1,49,5,6,1.0
17,3,107,539312,540837,540837,541841,541841,542466,542499,548999,548999,549627,549659,549693,552754,1525,1004,625,6500,628,740,0,600,1678,3095,3061,1078,505.6927853,13.44547671,1,7,-2,180,-1,-1,49,5,7,1.0
17,3,108,552756,554282,554282,555291,555291,555920,555952,561952,561952,562552,562584,562617,565686,1526,1009,629,6000,600,391,0,600,2045,3102,3069,1445,518.6240863,12.931301,1,20,-6,150,-1,-1,49,14,20,1.0
17,4,109,46724,48250,48250,49267,49267,49877,49910,58410,58410,59012,59044,59079,62168,1526,1017,610,8500,602,504,0,600,1941,3124,3089,1341,15.45572626,15.45572626,1,14,-4,200,-1,-1,49,10,14,1.0
17,4,110,62172,63698,63698,64700,64700,65306,65340,74340,74340,74940,74973,75007,78114,1526,1002,606,9000,600,2052,0,600,414,3141,3107,-186,31.40001097,15.94428471,1,10,4,190,1,1,51,14,10,2.0
17,4,111,78116,79640,79640,80645,80645,81274,81307,88307,88307,88909,88941,88974,92050,1524,1005,629,7000,602,466,0,600,1974,3109,3076,1374,45.33603173,13.93602076,1,20,-13,200,-1,-1,49,7,20,1.0
17,4,112,92052,93576,93576,94583,94583,95203,95235,102735,102735,103352,103384,103417,106483,1524,1007,620,7500,617,493,0,600,1939,3099,3066,1339,59.76896319,14.43293146,1,5,2,180,1,1,51,7,5,2.0
17,4,113,106486,108007,108007,109013,109013,109638,109671,115671,115671,116294,116327,116361,119442,1521,1006,625,6000,623,733,0,600,1692,3115,3081,1092,72.72804123,12.95907803,1,14,-9,210,-1,-1,49,5,14,1.0
17,4,114,119445,120970,120970,121977,121977,122603,122636,129136,129136,129738,129770,129803,132897,1525,1007,626,6500,602,940,0,600,1500,3127,3094,900,86.18306775,13.45502652,1,10,-3,180,-1,-1,49,7,10,1.0
17,4,115,132900,134421,134421,135425,135425,136044,136077,144077,144077,144707,144739,144773,147852,1521,1004,619,8000,630,1669,0,600,757,3113,3079,157,101.1377949,14.95472713,0,14,-4,170,-1,1,51,10,14,2.0
17,4,116,147855,149375,149375,150383,150383,151004,151037,157037,157037,157651,157684,157718,160818,1520,1008,621,6000,614,555,0,600,1882,3134,3100,1282,114.1034797,12.96568485,1,2,3,150,1,1,51,5,2,2.0
17,4,117,160820,162343,162343,163348,163348,163951,163983,170483,170483,171083,171117,171150,174270,1523,1005,603,6500,600,544,0,600,1925,3153,3120,1325,127.5556024,13.4521227,1,11,-1,200,-1,-1,49,10,11,1.0
17,4,118,174273,175794,175794,176796,176796,177403,177435,185935,185935,186536,186568,186601,189732,1521,1002,607,8500,601,1301,0,600,1168,3164,3131,568,143.018355,15.46275256,1,14,14,170,1,1,51,28,14,2.0
17,4,119,189735,191257,191257,192258,192258,192862,192894,201894,201894,202528,202560,202593,205669,1522,1001,604,9000,634,1344,0,600,1095,3109,3076,495,158.955413,15.93705801,0,40,-12,150,-1,1,51,28,40,2.0
17,4,120,205672,207200,207200,208204,208204,208812,208845,215845,215845,216458,216490,216523,219630,1528,1004,608,7000,613,626,0,600,1821,3140,3107,1221,172.9154686,13.96005562,1,56,-28,200,-1,-1,49,28,56,1.0
17,4,121,219633,221154,221154,222160,222160,222784,222817,230817,230817,231442,231475,231509,234566,1521,1006,624,8000,625,1680,0,600,744,3091,3057,144,187.8519508,14.93648213,1,6,-1,160,-1,-1,49,5,6,1.0
17,4,122,234569,236090,236090,237095,237095,237715,237747,245247,245247,245848,245880,245914,249010,1521,1005,620,7500,601,515,0,600,1938,3130,3096,1338,202.2955214,14.44357066,1,20,-6,210,-1,-1,49,14,20,1.0
17,4,123,249013,250534,250534,251538,251538,252144,252176,258176,258176,258808,258841,258874,261976,1521,1004,606,6000,632,751,0,600,1686,3135,3102,1086,215.2629547,12.96743329,1,28,-8,150,-1,-1,49,20,28,1.0
17,4,124,261980,263501,263501,264507,264507,265111,265143,271643,271643,272267,272300,272333,275436,1521,1006,604,6500,624,496,0,600,1949,3136,3103,1349,228.7224729,13.45951816,1,5,9,200,1,1,51,14,5,2.0
17,4,125,275439,276964,276964,277967,277968,278592,278624,286124,286124,286756,286790,286823,289884,1525,1003,624,7500,632,425,0,600,1991,3094,3061,1391,243.170285,14.44781218,1,10,-3,150,-1,-1,49,7,10,1.0
17,4,126,289887,291404,291404,292410,292410,293035,293067,300067,300067,300685,300717,300750,303828,1517,1006,625,7000,618,730,0,600,1704,3111,3078,1104,257.1143865,13.94410149,1,3,2,190,1,1,51,5,3,2.0
17,4,127,303831,305352,305352,306356,306356,306960,306992,314992,314992,315593,315627,315660,318772,1521,1004,604,8000,601,2318,0,600,152,3145,3112,-448,272.0571021,14.94271558,0,14,14,170,1,-1,49,28,14,1.0
17,4,128,318774,320296,320296,321302,321302,321905,321937,330437,330437,331063,331096,331130,334207,1522,1006,603,8500,626,473,0,600,1970,3111,3077,1370,287.4923793,15.43527718,1,7,7,210,1,1,51,14,7,2.0
17,4,129,334209,335732,335732,336736,336736,337342,337375,346375,346375,346990,347023,347057,350153,1523,1004,606,9000,615,388,0,600,2064,3130,3096,1464,303.4387379,15.94635861,1,57,-37,170,-1,-1,49,20,57,1.0
17,4,130,350156,351678,351678,352685,352685,353293,353327,361327,361327,361948,361980,362013,365064,1522,1007,608,8000,621,-1,2501,0,541,3084,3051,-59,318.3495027,14.91076483,-1,56,-28,210,-1,-2,-1,28,56,
17,4,131,365067,366585,366585,367592,367592,368216,368248,374748,374748,375362,375394,375428,378522,1518,1007,624,6500,614,932,0,600,1505,3128,3094,905,331.8067475,13.45724477,1,2,5,170,1,1,51,7,2,2.0
17,4,132,378525,380049,380049,381054,381054,381658,381690,387690,387690,388291,388323,388356,391479,1524,1005,604,6000,601,548,0,600,1918,3156,3123,1318,344.7640301,12.95728259,0,21,-1,180,-1,1,51,20,21,2.0
17,4,133,391481,393004,393004,394011,394011,394615,394648,401648,401648,402275,402307,402340,405426,1523,1007,604,7000,627,1154,0,600,1285,3119,3086,685,358.7116634,13.94763332,1,7,13,200,1,1,51,20,7,2.0
17,4,134,405428,406952,406952,407954,407954,408560,408592,416092,416092,416723,416755,416789,419870,1524,1002,606,7500,631,1351,0,600,1086,3115,3081,486,373.1556343,14.44397085,1,10,18,180,1,1,51,28,10,2.0
17,4,135,419873,421392,421392,422400,422400,423020,423052,432052,432052,432675,432707,432741,435810,1519,1008,620,9000,623,658,0,600,1772,3103,3069,1172,389.0957383,15.94010407,1,5,5,150,1,1,51,10,5,2.0
17,4,136,435813,437335,437335,438338,438338,438944,438976,447476,447476,448077,448110,448144,451271,1522,1003,606,8500,601,489,0,600,1979,3161,3127,1379,404.556998,15.46125967,1,40,-20,150,-1,-1,49,20,40,1.0
17,4,137,451274,452797,452797,453806,453806,454426,454459,463459,463459,464074,464107,464141,467192,1523,1009,620,9000,615,-1,2501,0,532,3085,3051,-68,420.4770881,15.92009014,-1,57,-37,150,-1,-2,-1,20,57,
17,4,138,467195,468715,468715,469717,469717,470333,470366,476866,476866,477489,477522,477555,480636,1520,1002,616,6500,623,474,0,600,1965,3114,3081,1365,433.9212594,13.44417125,1,5,5,160,1,1,51,10,5,2.0
17,4,139,480639,482157,482157,483162,483162,483785,483817,489817,489817,490434,490466,490499,493573,1518,1005,623,6000,617,728,0,600,1709,3107,3074,1109,446.8580356,12.93677625,1,4,3,170,1,1,51,7,4,2.0
17,4,140,493576,495095,495095,496097,496097,496727,496760,504760,504760,505375,505408,505441,508532,1519,1002,630,8000,615,448,0,600,1986,3124,3091,1386,461.8175313,14.95949571,1,3,2,160,1,1,51,5,3,2.0
17,4,141,508535,510052,510052,511053,511053,511658,511691,520191,520191,520823,520856,520889,523988,1517,1001,605,8500,632,1301,0,600,1144,3132,3099,544,477.2737925,15.45626116,1,10,4,180,1,1,51,14,10,2.0
17,4,142,523991,525517,525517,526522,526522,527130,527162,534662,534662,535283,535315,535348,538440,1526,1005,608,7500,621,552,0,600,1888,3125,3092,1288,491.724585,14.45079254,1,5,5,200,1,1,51,10,5,2.0
17,4,143,538441,539960,539960,540966,540966,541571,541604,548604,548604,549204,549237,549270,552381,1519,1006,605,7000,600,1343,0,600,1127,3144,3111,527,505.6656483,13.94106327,1,20,-6,170,-1,-1,49,14,20,1.0
17,4,144,552383,553908,553908,554911,554911,555529,555561,563061,563061,563661,563693,563726,566828,1525,1003,618,7500,600,305,0,600,2149,3135,3102,1549,520.1133547,14.4477064,1,14,-9,170,-1,-1,49,5,14,1.0
17,5,145,27119,28649,28649,29668,29668,30272,30304,37804,37804,38404,38437,38473,41563,1530,1019,604,7500,600,374,0,600,2073,3126,3090,1473,14.45581606,14.45581606,1,10,-3,210,-1,-1,49,7,10,1.0
17,5,146,41568,43088,43088,44093,44093,44718,44750,53750,53750,54371,54404,54437,57522,1520,1005,625,9000,621,377,0,600,2052,3118,3085,1452,30.41321828,15.95740222,1,5,2,200,1,1,51,7,5,2.0
17,5,147,57525,59043,59043,60047,60047,60652,60684,67684,67684,68317,68350,68383,71486,1518,1004,605,7000,633,1857,0,600,583,3136,3103,-17,44.37748739,13.96426911,1,10,4,210,1,1,51,14,10,2.0
17,5,148,71489,73010,73010,74016,74016,74621,74654,80654,80654,81254,81286,81320,84430,1521,1006,605,6000,600,756,0,600,1712,3144,3110,1112,57.32172388,12.9442365,1,20,-6,200,-1,-1,49,14,20,1.0
17,5,149,84433,85962,85962,86966,86966,87571,87603,94103,94103,94703,94736,94770,97869,1529,1004,605,6500,600,1559,0,600,903,3133,3099,303,70.76036263,13.43863875,1,19,1,210,1,1,51,20,19,2.0
17,5,150,97872,99398,99398,100406,100406,101033,101066,109566,109566,110188,110221,110254,113315,1526,1008,627,8500,622,1424,0,600,993,3094,3061,393,86.20570946,15.44534682,1,6,1,150,1,1,51,7,6,2.0
17,5,151,113317,114840,114840,115844,115844,116473,116505,124505,124505,125132,125164,125197,128271,1523,1004,629,8000,627,985,0,600,1432,3107,3074,832,101.1633962,14.9576867,1,7,3,160,1,1,51,10,7,2.0
17,5,152,128275,129799,129799,130804,130804,131404,131437,138937,138937,139570,139602,139635,142727,1524,1005,600,7500,633,742,0,600,1696,3125,3092,1096,115.6180372,14.45464109,1,14,-4,180,-1,-1,49,10,14,1.0
17,5,153,142730,144255,144255,145259,145259,145865,145898,152398,152398,152998,153030,153063,156187,1525,1004,606,6500,600,713,0,600,1752,3157,3124,1152,129.0775397,13.45950249,1,20,8,190,1,1,51,28,20,2.0
17,5,154,156189,157712,157712,158720,158720,159328,159361,167861,167861,168490,168523,168556,171649,1523,1008,608,8500,629,738,0,600,1694,3126,3093,1094,144.5396504,15.46211068,1,7,13,210,1,1,51,20,7,2.0
17,5,155,171652,173174,173174,174179,174179,174787,174819,183819,183819,184451,184483,184516,187607,1522,1005,608,9000,632,1620,0,600,813,3124,3091,213,160.4978202,15.95816976,0,14,14,210,1,-1,49,28,14,1.0
17,5,156,187610,189131,189131,190137,190137,190737,190770,196770,196770,197370,197403,197436,200572,1521,1006,600,6000,600,1854,0,600,619,3169,3136,19,173.4626597,12.96483957,0,9,1,180,1,-1,49,10,9,1.0
17,5,157,200575,202095,202095,203099,203099,203723,203755,210755,210755,211387,211420,211453,214537,1520,1004,624,7000,632,215,0,600,2205,3117,3084,1605,187.4272573,13.96459758,1,10,-5,200,-1,-1,49,5,10,1.0
17,5,158,214539,216062,216062,217068,217068,217675,217707,225707,225707,226331,226363,226397,229472,1523,1006,607,8000,624,306,0,600,2134,3109,3075,1534,202.3625606,14.93530325,1,7,7,210,1,1,51,14,7,2.0
17,5,159,229475,230994,230994,232002,232002,232632,232664,241164,241164,241766,241800,241833,244935,1519,1008,630,8500,602,785,0,600,1656,3135,3102,1056,217.8255922,15.46303161,1,10,-3,150,-1,-1,49,7,10,1.0
17,5,160,244938,246464,246464,247472,247472,248079,248112,257112,257112,257741,257774,257807,260880,1526,1008,607,9000,629,784,0,600,1646,3106,3073,1046,233.7708463,15.94525416,1,10,18,180,1,1,51,28,10,2.0
17,5,161,260882,262411,262411,263416,263416,264042,264074,271074,271074,271707,271739,271773,274828,1529,1005,626,7000,633,1509,0,600,898,3089,3055,298,247.7188359,13.94798952,1,7,-2,210,-1,-1,49,5,7,1.0
17,5,162,274831,276352,276352,277357,277357,277983,278015,286015,286015,286638,286671,286704,289773,1521,1005,626,8000,623,401,0,600,2024,3102,3069,1424,262.6636651,14.94482925,1,5,2,170,1,1,51,7,5,2.0
17,5,163,289776,291300,291300,292304,292304,292934,292966,300466,300466,301079,301112,301146,304234,1524,1004,630,7500,613,382,0,600,2047,3122,3088,1447,277.1244957,14.46083054,1,3,2,160,1,1,51,5,3,2.0
17,5,164,304237,305760,305760,306764,306764,307371,307403,313403,313403,314030,314063,314097,317184,1523,1004,607,6000,627,1060,0,600,1379,3121,3087,779,290.0743855,12.94988984,0,14,6,210,1,-1,49,20,14,1.0
17,5,165,317187,318702,318702,319703,319703,320308,320342,326842,326842,327459,327491,327525,330627,1515,1001,605,6500,617,556,0,600,1906,3136,3102,1306,303.5176346,13.44324912,1,57,-37,180,-1,-1,49,20,57,1.0
17,5,166,330630,332149,332149,333154,333154,333784,333816,342316,342316,342917,342950,342984,346082,1519,1005,630,8500,601,1754,0,600,691,3132,3098,91,318.9726536,15.45501899,1,14,-7,190,-1,-1,49,7,14,1.0
17,5,167,346085,347611,347611,348613,348613,349215,349247,358247,358247,358866,358898,358931,361983,1526,1002,602,9000,619,-1,2501,0,550,3085,3052,-50,334.8732322,15.90057856,-1,4,6,190,1,-2,-1,10,4,
17,5,168,361986,363512,363512,364519,364519,365128,365160,371160,371160,371761,371794,371827,374930,1526,1007,609,6000,601,594,0,600,1863,3136,3103,1263,347.8201338,12.94690164,1,57,-37,170,-1,-1,49,20,57,1.0
17,5,169,374932,376457,376457,377457,377457,378078,378111,384611,384611,385243,385276,385309,388383,1525,1000,621,6500,632,564,0,600,1858,3107,3074,1258,361.273276,13.45314217,1,10,-5,190,-1,-1,49,5,10,1.0
17,5,170,388386,389912,389912,390919,390919,391519,391551,398551,398551,399151,399183,399216,402333,1526,1007,600,7000,600,282,0,600,2185,3150,3117,1585,375.2232517,13.94997573,0,14,-9,170,-1,1,51,5,14,2.0
17,5,171,402336,403860,403860,404867,404867,405474,405506,413506,413506,414124,414156,414189,417297,1524,1007,607,8000,618,462,0,600,1982,3141,3108,1382,390.1871917,14.96394003,1,56,-28,170,-1,-1,49,28,56,1.0
17,5,172,417299,418823,418823,419832,419832,420437,420470,427970,427970,428590,428623,428656,431749,1524,1009,605,7500,620,1003,0,600,1439,3126,3093,839,404.6395646,14.45237282,1,5,9,190,1,1,51,14,5,2.0
17,5,173,431752,433275,433275,434278,434278,434884,434917,442917,442917,443548,443580,443613,446712,1523,1003,606,8000,631,391,0,600,2046,3132,3099,1446,419.6028618,14.96329725,1,5,9,170,1,1,51,14,5,2.0
17,5,174,446714,448236,448236,449238,449238,449842,449875,455875,455875,456491,456523,456556,459651,1522,1002,604,6000,616,1747,0,600,709,3128,3095,109,432.5413546,12.93849274,1,56,-28,150,-1,-1,49,28,56,1.0
17,5,175,459654,461177,461177,462182,462182,462788,462821,471321,471321,471921,471953,471986,475092,1523,1005,606,8500,600,1468,0,600,998,3139,3106,398,447.9820196,15.44066503,1,40,-20,180,-1,-1,49,20,40,1.0
17,5,176,475095,476617,476617,477622,477622,478227,478259,487259,487259,487860,487892,487925,491044,1522,1005,605,9000,601,1323,0,600,1144,3152,3119,544,463.9349986,15.95297899,1,20,-10,200,-1,-1,49,10,20,1.0
17,5,177,491047,492573,492573,493580,493580,494202,494234,501234,501234,501854,501887,501921,504972,1526,1007,622,7000,620,-1,2501,0,524,3085,3051,-76,477.8624604,13.92746179,-1,4,1,170,1,-2,-1,5,4,
17,5,178,504974,506500,506500,507504,507504,508104,508137,514638,514638,515270,515302,515335,518419,1526,1004,600,6501,632,1122,0,600,1315,3117,3084,715,491.3100013,13.44754096,1,9,1,160,1,1,51,10,9,2.0
17,5,179,518422,519945,519945,520950,520950,521557,521589,529089,529089,529718,529750,529783,532835,1523,1005,607,7500,629,-1,2501,0,535,3085,3052,-65,505.7253927,14.41539132,-1,7,7,210,1,-2,-1,14,7,
17,5,180,532838,534365,534365,535373,535373,535980,536012,542512,542512,543145,543178,543211,546276,1527,1008,607,6500,633,650,0,600,1775,3098,3065,1175,519.1663274,13.44093474,1,10,18,200,1,1,51,28,10,2.0
17,6,181,50667,52192,52192,53207,53207,53832,53864,60364,60364,60986,61018,61054,64122,1525,1015,625,6500,622,1130,0,600,1283,3104,3068,683,13.46692235,13.46692235,1,4,1,210,1,1,51,5,4,2.0
17,6,182,64126,65651,65651,66659,66659,67265,67298,74298,74298,74899,74931,74965,78083,1525,1008,606,7000,601,573,0,600,1887,3152,3118,1287,27.42601395,13.9590916,1,7,7,200,1,1,51,14,7,2.0
17,6,183,78085,79608,79608,80612,80612,81230,81262,90262,90262,90863,90896,90929,94048,1523,1004,618,9000,601,1548,0,600,906,3152,3119,306,43.39201582,15.96600188,0,9,1,160,1,-1,49,10,9,1.0
17,6,184,94051,95574,95574,96582,96582,97212,97244,103244,103244,103844,103877,103912,106991,1523,1008,630,6000,600,279,0,600,2160,3114,3079,1560,56.33456174,12.94254592,1,20,-13,180,-1,-1,49,7,20,1.0
17,6,185,106994,108518,108518,109523,109523,110152,110184,117684,117684,118317,118350,118383,121456,1524,1005,629,7500,633,621,0,600,1788,3106,3073,1188,70.79985198,14.46529024,1,14,-7,180,-1,-1,49,7,14,1.0
17,6,186,121459,122982,122982,123984,123984,124590,124622,132622,132622,133253,133285,133319,136404,1523,1002,606,8000,631,1511,0,600,927,3119,3085,327,85.74680425,14.94695227,1,9,1,190,1,1,51,10,9,2.0
17,6,187,136406,137929,137929,138934,138934,139562,139594,148094,148094,148719,148752,148786,151854,1523,1005,628,8500,625,850,0,600,1569,3102,3068,969,101.1971758,15.45037155,1,5,9,150,1,1,51,14,5,2.0
17,6,188,151857,153377,153377,154382,154382,154987,155019,164019,164019,164650,164682,164715,167802,1520,1005,605,9000,631,539,0,600,1900,3120,3087,1300,117.1458735,15.9486977,1,10,18,150,1,1,51,28,10,2.0
17,6,189,167805,169331,169331,170337,170337,170939,170972,177472,177472,178102,178134,178167,181258,1526,1006,602,6500,630,644,0,600,1792,3124,3091,1192,130.6018574,13.45598391,1,7,3,180,1,1,51,10,7,2.0
17,6,190,181261,182786,182786,183794,183794,184398,184431,190431,190431,191031,191064,191097,194215,1525,1008,604,6000,600,2129,0,600,334,3151,3118,-266,143.558129,12.95627155,1,19,1,160,1,1,51,20,19,2.0
17,6,191,194218,195745,195745,196751,196751,197357,197390,205890,205890,206491,206525,206558,209663,1527,1006,606,8500,601,1113,0,600,1347,3138,3105,747,159.0062003,15.44807134,1,7,13,160,1,1,51,20,7,2.0
17,6,192,209665,211192,211192,212201,212201,212806,212839,219839,219839,220458,220491,220525,223622,1527,1009,605,7000,619,681,0,600,1759,3131,3097,1159,172.9649782,13.95877789,1,79,-51,200,-1,-1,49,28,79,1.0
17,6,193,223625,225149,225149,226152,226152,226780,226813,234813,234813,235429,235462,235495,238560,1524,1003,628,8000,616,618,0,600,1811,3098,3065,1211,187.9036638,14.93868561,1,2,5,210,1,1,51,7,2,2.0
17,6,194,238563,240084,240084,241089,241089,241692,241725,249225,249225,249828,249862,249895,253005,1521,1005,603,7500,603,826,0,600,1642,3143,3110,1042,202.3479465,14.44428275,1,20,-10,180,-1,-1,49,10,20,1.0
17,6,195,253008,254537,254537,255541,255541,256168,256202,264202,264202,264802,264833,264867,267943,1529,1004,627,8000,600,754,0,600,1686,3110,3076,1086,217.2861316,14.93818507,1,10,-5,180,-1,-1,49,5,10,1.0
17,6,196,267946,269472,269472,270483,270483,271092,271124,278124,278124,278741,278774,278809,281883,1526,1011,609,7000,617,527,0,600,1910,3109,3074,1310,231.2256734,13.93954175,1,40,-20,190,-1,-1,49,20,40,1.0
17,6,197,281886,283410,283410,284415,284415,285031,285064,294064,294064,294679,294711,294744,297830,1524,1005,616,9000,615,476,0,600,1964,3119,3086,1364,247.1725877,15.9469143,1,2,5,200,1,1,51,7,2,2.0
17,6,198,297832,299354,299354,300360,300360,300962,300994,307494,307494,308118,308150,308184,311276,1522,1006,602,6500,624,2103,0,600,343,3126,3092,-257,260.6185941,13.44600648,1,5,5,180,1,1,51,10,5,2.0
17,6,199,311279,312805,312805,313812,313812,314416,314449,320449,320449,321064,321096,321130,324218,1526,1007,604,6000,615,610,0,600,1838,3122,3088,1238,273.5612555,12.94266133,1,57,-37,210,-1,-1,49,20,57,1.0
17,6,200,324221,325746,325746,326754,326754,327375,327408,335908,335908,336540,336572,336606,339665,1525,1008,621,8500,632,1711,0,600,703,3093,3059,103,289.0077791,15.4465236,1,7,-2,210,-1,-1,49,5,7,1.0
17,6,201,339668,341192,341192,342197,342197,342826,342859,350359,350359,350992,351024,351057,354076,1524,1005,629,7500,633,-1,2501,0,508,3052,3019,-92,303.418497,14.41071797,-1,7,-2,170,-1,-2,-1,5,7,
17,6,202,354078,355604,355604,356609,356609,357236,357269,363269,363269,363899,363931,363964,367016,1526,1005,627,6000,630,473,0,600,1939,3085,3052,1339,316.3588175,12.94032044,1,7,7,200,1,1,51,14,7,2.0
17,6,203,367019,368519,368519,369524,369524,370131,370164,377664,377664,378296,378330,378363,381479,1500,1005,607,7500,632,1511,0,600,945,3149,3116,345,330.8217038,14.46288636,1,19,1,170,1,1,51,20,19,2.0
17,6,204,381482,383003,383003,384007,384007,384621,384653,393153,393153,393785,393819,393852,396945,1521,1004,614,8500,632,1003,0,600,1426,3126,3093,826,346.2872385,15.46553463,1,7,-2,180,-1,-1,49,5,7,1.0
17,6,205,396947,398469,398469,399473,399473,400079,400112,406612,406612,407232,407264,407297,410348,1522,1004,606,6500,620,-1,2501,0,547,3084,3051,-53,359.6904317,13.40319324,-1,10,18,180,1,-2,-1,28,10,
17,6,206,410350,411875,411875,412883,412883,413489,413522,422522,422522,423153,423186,423220,426295,1525,1008,606,9000,631,1276,0,600,1154,3109,3075,554,375.6380156,15.9475839,1,14,14,210,1,1,51,28,14,2.0
17,6,207,426298,427822,427822,428827,428827,429428,429461,437461,437461,438093,438126,438160,441243,1524,1005,601,8000,632,469,0,600,1969,3117,3083,1369,390.5854968,14.94748114,1,20,-10,160,-1,-1,49,10,20,1.0
17,6,208,441246,442770,442770,443777,443777,444401,444434,451434,451434,452062,452094,452127,455206,1524,1007,624,7000,628,1180,0,600,1237,3112,3079,637,404.5484258,13.962929,1,7,-2,170,-1,-1,49,5,7,1.0
17,6,209,455209,456732,456732,457739,457739,458339,458372,464872,464872,465501,465534,465568,468674,1523,1007,600,6500,629,982,0,600,1459,3140,3106,859,418.0171641,13.46873829,1,79,-51,200,-1,-1,49,28,79,1.0
17,6,210,468677,470201,470201,471204,471204,471807,471839,477839,477839,478460,478492,478527,481633,1524,1003,603,6000,621,754,0,600,1695,3141,3106,1095,430.9759031,12.95873901,1,56,-28,160,-1,-1,49,28,56,1.0
17,6,211,481636,483161,483161,484167,484167,484795,484827,492827,492827,493460,493493,493528,496585,1525,1006,628,8000,633,1063,0,600,1345,3092,3057,745,445.9273581,14.95145506,1,14,-7,150,-1,-1,49,7,14,1.0
17,6,212,496587,498111,498111,499117,499117,499746,499778,508778,508778,509402,509434,509467,512539,1524,1006,629,9000,624,981,0,600,1436,3105,3072,836,461.8830225,15.95566433,1,5,2,160,1,1,51,7,5,2.0
17,6,213,512543,514067,514067,515076,515076,515679,515711,522711,522711,523323,523356,523390,526492,1524,1009,603,7000,612,623,0,600,1829,3136,3102,1229,475.8345776,13.95155511,1,40,-20,150,-1,-1,49,20,40,1.0
17,6,214,526495,528016,528016,529023,529023,529644,529676,537176,537176,537780,537813,537847,540957,1521,1007,621,7500,604,1895,0,600,552,3144,3110,-48,490.2991376,14.46456006,1,28,-14,170,-1,-1,49,14,28,1.0
17,6,215,540958,542473,542473,543477,543477,544083,544115,552615,552615,553246,553278,553312,556414,1515,1004,606,8500,631,590,0,600,1854,3136,3102,1254,505.7566102,15.45747259,1,7,7,180,1,1,51,14,7,2.0
17,6,216,556417,557943,557943,558953,558953,559559,559592,567092,567092,567707,567740,567774,570861,1526,1010,606,7500,615,895,0,600,1548,3121,3087,948,520.203456,14.44684574,1,40,-26,180,-1,-1,49,14,40,1.0
18,1,1,61619,63145,63145,64176,64176,64806,64837,72337,72337,72940,72974,73010,76066,1526,1031,630,7500,603,533,0,600,1877,3092,3056,1277,14.47890619,14.47890619,1,10,10,210,1,1,51,20,10,2.0
18,1,2,76108,77631,77631,78646,78646,79251,79283,88283,88283,88915,88947,88980,92047,1523,1015,605,9000,632,359,0,600,2066,3100,3067,1466,30.4188539,15.9399477,1,10,18,210,1,1,51,28,10,2.0
18,1,3,92050,93570,93570,94576,94576,95180,95212,103212,103212,103813,103845,103879,107017,1520,1006,604,8000,601,911,0,600,1558,3172,3138,958,45.38939745,14.97054356,0,14,-4,170,-1,1,51,10,14,2.0
18,1,4,107020,108545,108545,109546,109546,110149,110182,117182,117182,117785,117817,117850,120961,1525,1001,603,7000,603,1703,0,600,765,3144,3111,165,59.33349084,13.94409339,1,15,-1,200,-1,-1,49,14,15,1.0
18,1,5,120964,122482,122482,123487,123487,124113,124145,132645,132645,133266,133298,133331,136406,1518,1005,626,8500,621,560,0,600,1870,3108,3075,1270,74.77889164,15.4454008,1,14,-9,150,-1,-1,49,5,14,1.0
18,1,6,136408,137937,137937,138944,138944,139548,139580,146080,146080,146710,146742,146775,149848,1529,1007,604,6500,630,632,0,600,1798,3106,3073,1198,88.22051982,13.44162819,1,21,-1,210,-1,-1,49,20,21,1.0
18,1,7,149851,151369,151369,152372,152372,152976,153008,159008,159008,159625,159658,159691,162786,1518,1003,604,6000,617,579,0,600,1879,3128,3095,1279,101.1581556,12.93763574,1,79,-51,200,-1,-1,49,28,79,1.0
18,1,8,162789,164311,164311,165316,165316,165916,165948,173448,173448,174077,174110,174143,177227,1522,1005,600,7500,629,804,0,600,1640,3117,3084,1040,115.5998085,14.4416529,1,10,-3,190,-1,-1,49,7,10,1.0
18,1,9,177230,178753,178753,179757,179757,180381,180413,188413,188413,189040,189072,189106,192183,1523,1004,624,8000,627,571,0,600,1851,3111,3077,1251,130.5545242,14.9547157,1,6,-1,180,-1,-1,49,5,6,1.0
18,1,10,192185,193703,193703,194706,194706,195308,195340,201840,201840,202440,202472,202505,205638,1518,1003,602,6500,600,659,0,600,1818,3166,3133,1218,144.0108541,13.45632989,0,20,8,190,1,-1,49,28,20,1.0
18,1,11,205641,207165,207165,208171,208171,208774,208807,214807,214807,215407,215441,215474,218579,1524,1006,603,6000,600,499,0,600,1968,3138,3105,1368,156.9516808,12.94082674,1,28,-18,150,-1,-1,49,10,28,1.0
18,1,12,218582,220103,220103,221104,221104,221736,221768,230268,230268,230900,230932,230966,234032,1521,1001,632,8500,632,354,0,600,2060,3100,3066,1460,172.4040091,15.45232825,1,20,-10,170,-1,-1,49,10,20,1.0
18,1,13,234034,235560,235560,236565,236565,237193,237226,244226,244226,244847,244879,244914,247978,1526,1005,628,7000,621,390,0,600,2030,3099,3064,1430,186.3500905,13.9460814,1,7,7,170,1,1,51,14,7,2.0
18,1,14,247981,249498,249498,250505,250505,251109,251143,260144,260144,260778,260810,260843,263923,1517,1007,604,9001,634,280,0,600,2157,3113,3080,1557,202.2952889,15.94519844,1,20,-6,150,-1,-1,49,14,20,1.0
18,1,15,263926,265448,265448,266449,266449,267049,267081,274081,274081,274701,274733,274767,277875,1522,1001,600,7000,620,533,0,600,1924,3142,3108,1324,216.2470269,13.95173806,1,4,3,160,1,1,51,7,4,2.0
18,1,16,277878,279406,279406,280415,280415,281021,281054,290054,290054,290658,290691,290725,293826,1528,1009,606,9000,604,330,0,600,2123,3135,3101,1523,232.1985929,15.95156598,1,40,-20,210,-1,-1,49,20,40,1.0
18,1,17,293829,295342,295342,296373,296373,296996,297029,303529,303529,304144,304176,304209,307285,1513,1031,623,6500,615,369,0,600,2049,3109,3076,1449,245.656934,13.45834111,1,2,3,190,1,1,51,5,2,2.0
18,1,18,307287,308811,308811,309816,309816,310440,310473,316473,316473,317075,317107,317141,320235,1524,1005,624,6000,602,298,0,600,2147,3128,3094,1547,258.6075083,12.95057424,1,40,-26,180,-1,-1,49,14,40,1.0
18,1,19,320238,321755,321755,322758,322758,323363,323395,331395,331395,331996,332028,332061,335172,1517,1003,605,8000,601,310,0,600,2164,3144,3111,1564,273.5441164,14.93660813,1,57,-37,150,-1,-1,49,20,57,1.0
18,1,20,335174,336698,336698,337700,337700,338315,338347,345847,345847,346466,346499,346533,349608,1524,1002,615,7500,619,1148,0,600,1292,3109,3075,692,287.9799553,14.43583894,1,4,1,180,1,1,51,5,4,2.0
18,1,21,349611,351135,351135,352139,352139,352769,352801,361301,361301,361916,361948,361982,365048,1524,1004,630,8500,615,1073,0,600,1354,3100,3066,754,303.420313,15.44035769,0,3,2,190,1,-1,49,5,3,1.0
18,1,22,365050,366570,366570,367576,367576,368203,368235,376735,376735,377340,377372,377405,380503,1520,1006,627,8500,605,1241,0,600,1201,3131,3098,601,318.8754535,15.45514046,0,10,4,190,1,-1,49,14,10,1.0
18,1,23,380506,382024,382024,383026,383026,383626,383658,390158,390158,390759,390791,390824,393941,1518,1002,600,6500,601,705,0,600,1774,3150,3117,1174,332.3135309,13.43807737,1,20,-13,160,-1,-1,49,7,20,1.0
18,1,24,393944,395465,395465,396468,396468,397073,397105,406105,406105,406737,406770,406803,409897,1521,1003,605,9000,632,450,0,600,1989,3127,3094,1389,348.2689243,15.95539344,1,14,-4,210,-1,-1,49,10,14,1.0
18,1,25,409900,411421,411421,412427,412427,413051,413084,420584,420584,421217,421250,421284,424338,1521,1006,624,7500,633,218,0,600,2198,3088,3054,1598,362.7104268,14.44150252,1,40,-26,210,-1,-1,49,14,40,1.0
18,1,26,424341,425863,425863,426870,426870,427499,427531,435531,435531,436163,436196,436230,439248,1522,1007,629,8000,632,-1,2501,0,509,3052,3018,-91,377.6203543,14.90992743,-1,14,-7,190,-1,-2,-1,7,14,
18,1,27,439251,440772,440772,441775,441775,442380,442413,449413,449413,450030,450063,450097,453204,1521,1003,605,7000,617,337,0,600,2117,3141,3107,1517,391.5762079,13.9558536,1,56,-28,160,-1,-1,49,28,56,1.0
18,1,28,453207,454733,454733,455737,455737,456337,456369,462369,462369,462988,463020,463054,466156,1526,1004,600,6000,619,334,0,600,2117,3136,3102,1517,404.5280653,12.95185739,1,5,2,160,1,1,51,7,5,2.0
18,1,29,466159,467677,467677,468683,468683,469289,469321,476821,476821,477423,477455,477489,480607,1518,1006,606,7500,602,349,0,600,2119,3152,3118,1519,418.9786071,14.45054184,1,40,-12,150,-1,-1,49,28,40,1.0
18,1,30,480609,482127,482127,483131,483131,483757,483789,489789,489789,490422,490454,490487,493548,1518,1004,626,6000,633,1589,0,600,830,3094,3061,230,431.9197557,12.94114859,0,14,-4,200,-1,1,51,10,14,2.0
18,1,31,493551,495075,495075,496080,496080,496683,496716,504716,504716,505317,505350,505383,508502,1524,1005,603,8000,601,704,0,600,1763,3152,3119,1163,446.8739452,14.95418955,1,11,-1,210,-1,-1,49,10,11,1.0
18,1,32,508505,510029,510029,511035,511035,511639,511671,520171,520171,520804,520837,520870,523938,1524,1006,604,8500,633,328,0,600,2105,3101,3068,1505,462.3101283,15.43618308,1,14,6,180,1,1,51,20,14,2.0
18,1,33,523941,525465,525465,526470,526470,527100,527132,533632,533632,534256,534288,534321,537386,1524,1005,630,6500,624,590,0,600,1827,3098,3065,1227,475.7576823,13.44755395,0,6,-1,150,-1,1,51,5,6,2.0
18,1,34,537389,538907,538907,539909,539909,540513,540545,547545,547545,548161,548194,548227,551340,1518,1002,604,7000,616,176,0,600,2284,3146,3113,1684,489.7115008,13.95381858,1,57,-37,160,-1,-1,49,20,57,1.0
18,1,35,551343,552869,552869,553878,553878,554509,554541,563541,563541,564172,564204,564238,567282,1526,1009,631,9000,631,1573,0,600,830,3078,3044,230,505.6530743,15.94157349,0,8,-1,200,-1,1,51,7,8,2.0
18,1,36,567285,568801,568801,569805,569805,570405,570437,577937,577937,578538,578571,578604,581744,1516,1004,600,7500,601,178,0,600,2301,3173,3140,1701,520.1156997,14.46262541,1,14,14,160,1,1,51,28,14,2.0
18,2,37,30454,31980,31980,32993,32993,33605,33637,40137,40137,40752,40784,40819,43909,1526,1013,612,6500,615,406,0,600,2028,3125,3090,1428,13.46773813,13.46773813,1,10,4,200,1,1,51,14,10,2.0
18,2,38,43914,45435,45435,46436,46436,47036,47068,53068,53068,53686,53719,53752,56849,1521,1001,600,6000,618,360,0,600,2100,3130,3097,1500,26.40535699,12.93761886,1,20,8,170,1,1,51,28,20,2.0
18,2,39,56852,58373,58373,59379,59379,59983,60016,69016,69016,69633,69666,69699,72794,1521,1006,604,9000,617,299,0,600,2153,3128,3095,1553,42.35040657,15.94504957,1,57,-37,160,-1,-1,49,20,57,1.0
18,2,40,72796,74318,74318,75319,75319,75946,75979,84479,84479,85103,85135,85169,88254,1522,1001,627,8500,624,470,0,600,1956,3119,3085,1356,57.81062871,15.46022214,1,4,1,160,1,1,51,5,4,2.0
18,2,41,88257,89783,89783,90792,90792,91398,91430,98930,98930,99542,99575,99609,102703,1526,1009,606,7500,612,359,0,600,2088,3128,3094,1488,72.25910931,14.4484806,1,2,5,200,1,1,51,7,2,2.0
18,2,42,102705,104228,104228,105235,105235,105838,105870,113870,113870,114470,114502,114535,117664,1523,1007,603,8000,600,394,0,600,2073,3162,3129,1473,87.21947022,14.96036091,1,28,-18,170,-1,-1,49,10,28,1.0
18,2,43,117666,119189,119189,120194,120194,120796,120828,127828,127828,128451,128483,128517,131618,1523,1005,602,7000,623,458,0,600,1989,3135,3101,1389,101.1740063,13.9545361,1,4,3,210,1,1,51,7,4,2.0
18,2,44,131620,133141,133141,134147,134147,134747,134779,142779,142779,143394,143427,143460,146576,1521,1006,600,8000,615,542,0,600,1916,3149,3116,1316,116.1325498,14.95854346,1,4,6,200,1,1,51,10,4,2.0
18,2,45,146579,148099,148099,149103,149103,149706,149738,158238,158238,158867,158900,158933,162011,1520,1004,603,8500,629,367,0,600,2077,3111,3078,1477,131.56696,15.43441023,1,7,3,180,1,1,51,10,7,2.0
18,2,46,162014,163536,163536,164539,164539,165147,165179,171679,171679,172295,172329,172362,175445,1522,1003,608,6500,616,353,0,600,2098,3116,3083,1498,145.0005129,13.43355289,1,56,-28,180,-1,-1,49,28,56,1.0
18,2,47,175447,176964,176964,177996,177996,178614,178647,185647,185647,186279,186311,186344,189388,1517,1032,618,7000,632,1310,0,600,1091,3077,3044,491,158.943962,13.9434491,1,7,-2,160,-1,-1,49,5,7,1.0
18,2,48,189391,190912,190912,191920,191920,192527,192561,200061,200061,200661,200695,200730,203843,1521,1008,607,7500,600,339,0,600,2125,3148,3113,1525,173.3991368,14.45517481,1,7,13,150,1,1,51,20,7,2.0
18,2,49,203846,205371,205371,206378,206378,206984,207016,216016,216016,216643,216676,216709,219785,1525,1007,606,9000,627,341,0,600,2094,3109,3076,1494,189.3410032,15.9418664,1,5,9,170,1,1,51,14,5,2.0
18,2,50,219788,221309,221309,222313,222313,222943,222976,228976,228976,229598,229630,229663,232727,1521,1004,630,6000,622,460,0,600,1963,3097,3064,1363,202.2827759,12.94177268,1,7,-2,170,-1,-1,49,5,7,1.0
18,2,51,232730,234254,234254,235261,235261,235863,235896,242896,242896,243528,243561,243594,246670,1524,1007,602,7000,632,664,0,600,1771,3109,3076,1171,216.2256895,13.9429136,1,10,-5,200,-1,-1,49,5,10,1.0
18,2,52,246673,248193,248193,249196,249196,249800,249832,258332,258332,258951,258983,259016,262105,1520,1003,604,8500,619,289,0,600,2165,3122,3089,1565,231.6609779,15.43528837,1,4,6,190,1,1,51,10,4,2.0
18,2,53,262108,263632,263632,264638,264638,265243,265277,271777,271777,272377,272410,272443,275549,1524,1006,605,6500,600,501,0,600,1964,3139,3106,1364,245.1052944,13.44431654,1,10,-3,150,-1,-1,49,7,10,1.0
18,2,54,275552,277074,277074,278081,278081,278709,278741,286241,286241,286871,286904,286937,289984,1522,1007,628,7500,630,637,0,600,1776,3080,3047,1176,259.5397492,14.43445483,1,6,1,210,1,1,51,7,6,2.0
18,2,55,289987,291509,291509,292516,292516,293119,293151,299151,299151,299768,299800,299833,302949,1522,1007,603,6000,617,243,0,600,2208,3149,3116,1608,272.5052512,12.96550196,1,56,-28,200,-1,-1,49,28,56,1.0
18,2,56,302952,304479,304479,305489,305489,306095,306128,314128,314128,314728,314761,314794,317888,1527,1010,606,8000,600,259,0,600,2198,3127,3094,1598,287.443763,14.93851177,1,40,-26,150,-1,-1,49,14,40,1.0
18,2,57,317891,319416,319416,320419,320419,321024,321058,330058,330058,330660,330692,330725,333849,1525,1003,605,9000,602,188,0,600,2277,3157,3124,1677,303.4044566,15.9606936,1,40,-26,150,-1,-1,49,14,40,1.0
18,2,58,333852,335373,335373,336378,336378,336996,337028,346028,346028,346659,346691,346724,349787,1521,1005,618,9000,631,330,0,600,2095,3096,3063,1495,319.3425048,15.93804829,1,14,-7,160,-1,-1,49,7,14,1.0
18,2,59,349789,351313,351313,352321,352321,352923,352956,359456,359456,360089,360121,360155,363250,1524,1008,602,6500,633,680,0,600,1753,3129,3095,1153,332.8062444,13.46373951,1,9,1,180,1,1,51,10,9,2.0
18,2,60,363253,364777,364777,365782,365782,366387,366419,373919,373919,374539,374571,374604,377710,1524,1005,605,7500,620,233,0,600,2213,3139,3106,1613,347.2653641,14.4591198,1,79,-51,180,-1,-1,49,28,79,1.0
18,2,61,377713,379232,379232,380240,380240,380845,380878,389378,389378,389997,390030,390063,393169,1519,1008,605,8500,619,854,0,600,1595,3139,3106,995,362.7244547,15.45909057,1,5,9,150,1,1,51,14,5,2.0
18,2,62,393172,394692,394692,395700,395700,396306,396338,404338,404338,404962,404994,405028,408130,1520,1008,606,8000,624,523,0,600,1919,3136,3102,1319,377.6854584,14.96100369,0,19,1,210,1,-1,49,20,19,1.0
18,2,63,408133,409654,409654,410659,410659,411283,411316,418316,418316,418917,418949,418983,422072,1521,1005,624,7000,601,578,0,600,1871,3123,3089,1271,391.6275026,13.9420442,0,10,10,180,1,-1,49,20,10,1.0
18,2,64,422075,423595,423595,424597,424597,425204,425237,431237,431237,431864,431897,431931,435019,1520,1002,607,6000,627,252,0,600,2192,3122,3088,1592,404.5737847,12.9462821,1,28,-14,200,-1,-1,49,14,28,1.0
18,2,65,435021,436547,436547,437552,437552,438158,438190,447190,447190,447821,447853,447887,450978,1526,1005,606,9000,631,350,0,600,2082,3125,3091,1482,420.5332199,15.95943516,1,20,8,190,1,1,51,28,20,2.0
18,2,66,450981,452505,452505,453510,453510,454115,454148,460648,460648,461260,461292,461325,464440,1524,1005,605,6500,612,571,0,600,1883,3148,3115,1283,433.9954137,13.46219388,1,7,13,190,1,1,51,20,7,2.0
18,2,67,464443,465964,465964,466970,466970,467595,467628,473628,473628,474247,474280,474313,477406,1521,1006,625,6000,619,482,0,600,1947,3126,3093,1347,446.9617501,12.9663364,1,4,1,160,1,1,51,5,4,2.0
18,2,68,477409,478929,478929,479935,479935,480542,480574,488074,488074,488690,488723,488757,491867,1520,1006,607,7500,616,267,0,600,2184,3144,3110,1584,461.422251,14.46050089,1,57,-37,200,-1,-1,49,20,57,1.0
18,2,69,491870,493393,493393,494398,494398,494998,495030,503530,503530,504162,504194,504228,507317,1523,1005,600,8500,632,320,0,600,2120,3123,3089,1520,476.872594,15.45034295,1,14,-7,190,-1,-1,49,7,14,1.0
18,2,70,507320,508835,508835,509839,509839,510466,510498,518498,518498,519116,519148,519181,522250,1515,1004,627,8000,618,656,0,600,1780,3102,3069,1180,491.8050977,14.93250373,1,4,1,200,1,1,51,5,4,2.0
18,2,71,522253,523775,523775,524782,524782,525388,525420,532420,532420,533053,533085,533118,536194,1522,1007,606,7000,633,311,0,600,2121,3109,3076,1521,505.7486053,13.94350756,1,7,3,200,1,1,51,10,7,2.0
18,2,72,536197,537719,537719,538726,538726,539331,539363,547363,547363,547993,548025,548059,551131,1522,1007,605,8000,630,464,0,600,1972,3106,3072,1372,520.6859858,14.9373805,1,10,18,190,1,1,51,28,10,2.0
18,3,73,24617,26142,26142,27163,27163,27773,27805,36305,36305,36927,36960,36995,40064,1525,1021,610,8500,622,715,0,600,1707,3104,3069,1107,15.45988342,15.45988342,1,10,-3,200,-1,-1,49,7,10,1.0
18,3,74,40069,41589,41589,42591,42591,43199,43231,50231,50231,50847,50881,50915,54031,1520,1002,608,7000,616,378,0,600,2076,3150,3116,1476,29.42466937,13.96478595,1,79,-51,180,-1,-1,49,28,79,1.0
18,3,75,54033,55563,55563,56570,56570,57190,57222,65223,65223,65824,65856,65890,68966,1530,1007,620,8001,601,439,0,600,2002,3110,3076,1402,44.35993227,14.9352629,1,10,-5,210,-1,-1,49,5,10,1.0
18,3,76,68969,70494,70494,71499,71499,72104,72137,79637,79637,80237,80269,80302,83430,1525,1005,605,7500,600,681,0,600,1784,3161,3128,1184,58.82348976,14.46355749,0,19,1,190,1,-1,49,20,19,1.0
18,3,77,83432,84954,84954,85957,85957,86579,86611,92611,92611,93211,93244,93278,96394,1522,1003,622,6000,600,1154,0,600,1299,3150,3116,699,71.78745091,12.96396115,1,20,-6,150,-1,-1,49,14,20,1.0
18,3,78,96397,97921,97921,98927,98927,99533,99565,108565,108565,109165,109198,109231,112345,1524,1006,606,9000,600,347,0,600,2117,3147,3114,1517,87.73880745,15.95135655,1,27,1,190,1,1,51,28,27,2.0
18,3,79,112347,113872,113872,114877,114877,115501,115533,122033,122033,122647,122680,122713,125784,1525,1005,624,6500,614,651,0,600,1781,3104,3071,1181,101.1777033,13.43889584,1,2,3,190,1,1,51,5,2,2.0
18,3,80,125787,127314,127314,128318,128318,128925,128958,135958,135958,136558,136590,136623,139730,1527,1004,607,7000,600,697,0,600,1765,3140,3107,1165,115.1236494,13.94594609,1,10,18,150,1,1,51,28,10,2.0
18,3,81,139732,141254,141254,142257,142257,142861,142894,150394,150394,151017,151049,151083,154170,1522,1003,604,7500,623,347,0,600,2101,3121,3087,1501,129.5635361,14.43988668,1,5,5,160,1,1,51,10,5,2.0
18,3,82,154172,155693,155693,156695,156695,157299,157331,165831,165831,166463,166495,166528,169622,1521,1002,604,8500,632,391,0,600,2050,3127,3094,1450,145.0156193,15.45208325,1,10,4,200,1,1,51,14,10,2.0
18,3,83,169624,171144,171144,172148,172148,172754,172787,181787,181787,182394,182428,182462,185573,1520,1004,606,9000,607,91,0,600,2372,3145,3111,1772,160.9667471,15.95112782,1,40,-26,190,-1,-1,49,14,40,1.0
18,3,84,185575,187099,187099,188103,188103,188708,188740,195240,195240,195854,195886,195919,199018,1524,1004,605,6500,614,1040,0,600,1413,3132,3099,813,174.41205,13.44530286,1,14,6,150,1,1,51,20,14,2.0
18,3,85,199021,200546,200546,201552,201552,202155,202187,210187,210187,210817,210850,210884,213963,1525,1006,603,8000,630,282,0,600,2154,3113,3079,1554,189.3573376,14.94528764,1,9,1,160,1,1,51,10,9,2.0
18,3,86,213966,215488,215488,216490,216490,217094,217128,223128,223128,223728,223760,223793,226907,1522,1002,604,6000,600,537,0,600,1935,3147,3114,1335,202.2999517,12.94261406,1,28,-8,180,-1,-1,49,20,28,1.0
18,3,87,226910,228433,228433,229436,229436,230041,230073,238073,238073,238706,238738,238771,241865,1523,1003,605,8000,633,809,0,600,1627,3127,3094,1027,217.2591593,14.95920764,1,14,6,170,1,1,51,20,14,2.0
18,3,88,241868,243391,243391,244398,244398,245027,245059,251059,251059,251659,251692,251725,254811,1523,1007,629,6000,600,704,0,600,1737,3119,3086,1137,230.2044165,12.9452572,1,20,-13,180,-1,-1,49,7,20,1.0
18,3,89,254814,256332,256332,257337,257337,257944,257976,264976,264976,265579,265611,265644,268759,1518,1005,607,7000,603,343,0,600,2124,3148,3115,1524,244.1524184,13.94800191,1,40,-12,150,-1,-1,49,28,40,1.0
18,3,90,268761,270291,270291,271299,271299,271924,271956,279456,279456,280072,280104,280137,283196,1530,1008,625,7500,616,518,0,600,1903,3092,3059,1303,258.5901185,14.43770008,1,2,3,200,1,1,51,5,2,2.0
18,3,91,283199,284720,284720,285724,285724,286328,286360,294860,294860,295468,295501,295534,298639,1521,1004,604,8500,608,362,0,600,2101,3138,3105,1501,274.0328909,15.44277242,1,40,-26,170,-1,-1,49,14,40,1.0
18,3,92,298642,300164,300164,301168,301168,301769,301801,310801,310801,311411,311443,311477,314574,1522,1004,601,9000,610,355,0,600,2108,3131,3097,1508,289.9674577,15.93456678,1,4,6,180,1,1,51,10,4,2.0
18,3,93,314577,316100,316100,317108,317108,317739,317772,324272,324272,324902,324934,324968,328038,1523,1008,631,6500,630,238,0,600,2170,3104,3070,1570,303.4313057,13.46384799,1,10,-5,150,-1,-1,49,5,10,1.0
18,3,94,328040,329562,329562,330566,330566,331172,331204,339204,339204,339837,339871,339904,342990,1522,1004,606,8000,633,513,0,600,1922,3119,3086,1322,318.3832285,14.95192278,1,14,6,170,1,1,51,20,14,2.0
18,3,95,342992,344514,344514,345517,345517,346123,346155,355155,355155,355781,355813,355846,358937,1522,1003,606,9000,626,327,0,600,2116,3124,3091,1516,334.3305201,15.94729162,1,7,7,210,1,1,51,14,7,2.0
18,3,96,358939,360461,360461,361466,361466,362093,362126,368626,368626,369259,369291,369324,372379,1522,1005,627,6500,633,742,0,600,1671,3088,3055,1071,347.7725798,13.44205972,1,14,-9,210,-1,-1,49,5,14,1.0
18,3,97,372381,373904,373904,374907,374907,375533,375565,382565,382565,383180,383212,383245,386323,1523,1003,626,7000,615,1024,0,600,1409,3111,3078,809,361.7156498,13.94307,0,4,3,190,1,-1,49,7,4,1.0
18,3,98,386324,387844,387844,388849,388849,389478,389510,398010,398010,398625,398657,398690,401754,1520,1005,629,8500,615,1173,0,600,1258,3097,3064,658,377.1479753,15.43232549,1,5,2,210,1,1,51,7,5,2.0
18,3,99,401757,403281,403281,404284,404284,404887,404920,410920,410920,411521,411554,411588,414699,1524,1003,603,6000,601,343,0,600,2126,3145,3111,1526,390.0927437,12.94476841,1,14,-4,210,-1,-1,49,10,14,1.0
18,3,100,414702,416225,416225,417232,417232,417855,417889,425389,425389,426003,426035,426069,429154,1523,1007,623,7500,614,899,0,600,1534,3119,3085,934,404.5472384,14.45449466,1,4,1,160,1,1,51,5,4,2.0
18,3,101,429156,430672,430672,431674,431674,432302,432335,440835,440835,441437,441470,441503,444617,1516,1002,628,8500,602,214,0,600,2238,3147,3114,1638,420.010138,15.46289964,1,10,-3,210,-1,-1,49,7,10,1.0
18,3,102,444619,446141,446141,447143,447143,447747,447780,456780,456780,457399,457431,457464,460568,1522,1002,604,9000,619,328,0,600,2125,3137,3104,1525,435.9612577,15.95111968,1,79,-51,170,-1,-1,49,28,79,1.0
18,3,103,460570,462100,462100,463105,463105,463712,463744,471244,471244,471846,471878,471911,475017,1530,1005,607,7500,602,1079,0,600,1377,3139,3106,777,450.4104628,14.44920505,0,19,1,170,1,-1,49,20,19,1.0
18,3,104,475020,476540,476540,477544,477544,478144,478177,485177,485177,485810,485842,485875,488964,1520,1004,600,7000,633,314,0,600,2129,3122,3089,1529,464.3570055,13.94654277,1,28,-18,180,-1,-1,49,10,28,1.0
18,3,105,488966,490486,490486,491490,491490,492094,492127,498127,498127,498759,498792,498826,501923,1520,1004,604,6000,632,324,0,600,2116,3131,3097,1516,477.3155445,12.95853894,1,28,-18,200,-1,-1,49,10,28,1.0
18,3,106,501925,503448,503448,504451,504451,505057,505089,511589,511589,512203,512236,512270,515363,1523,1003,606,6500,614,425,0,600,2029,3127,3093,1429,490.756297,13.44075246,1,10,18,180,1,1,51,28,10,2.0
18,3,107,515366,516885,516885,517889,517889,518491,518524,526524,526524,527127,527160,527194,530310,1519,1004,602,8000,603,608,0,600,1864,3150,3116,1264,505.703814,14.94751703,1,10,4,170,1,1,51,14,10,2.0
18,3,108,530313,531838,531838,532841,532841,533470,533502,541002,541002,541615,541647,541680,544747,1525,1003,629,7500,613,524,0,600,1906,3100,3067,1306,520.1395062,14.43569218,1,2,5,160,1,1,51,7,2,2.0
18,4,109,54491,56021,56021,57040,57040,57651,57683,65183,65183,65798,65830,65866,68954,1530,1019,611,7500,615,444,0,600,1981,3124,3088,1381,14.4764315,14.4764315,1,5,5,180,1,1,51,10,5,2.0
18,4,110,68959,70482,70482,71486,71486,72090,72123,78123,78123,78755,78788,78821,81902,1523,1004,604,6000,632,338,0,600,2099,3114,3081,1499,27.42284408,12.94641258,1,7,3,160,1,1,51,10,7,2.0
18,4,111,81905,83430,83430,84436,84436,85045,85077,93577,93577,94199,94232,94266,97340,1525,1006,609,8500,622,408,0,600,2030,3108,3074,1430,42.86071141,15.43786733,1,7,7,190,1,1,51,14,7,2.0
18,4,112,97343,98862,98862,99862,99862,100469,100501,107501,107501,108122,108154,108187,111299,1519,1000,607,7000,621,697,0,600,1756,3145,3112,1156,56.81925548,13.95854407,1,5,5,170,1,1,51,10,5,2.0
18,4,113,111301,112822,112822,113827,113827,114452,114484,122484,122484,123106,123138,123171,126256,1521,1005,625,8000,622,383,0,600,2044,3118,3085,1444,71.77643834,14.95718286,1,4,3,210,1,1,51,7,4,2.0
18,4,114,126259,127784,127784,128787,128787,129392,129425,135925,135925,136527,136559,136594,139699,1525,1003,605,6500,602,859,0,600,1606,3140,3105,1006,85.21945877,13.44302043,1,21,-1,180,-1,-1,49,20,21,1.0
18,4,115,139702,141221,141221,142224,142224,142830,142864,151864,151864,152465,152497,152530,155650,1519,1003,606,9000,601,863,0,600,1608,3153,3120,1008,101.1700454,15.95058659,1,10,18,190,1,1,51,28,10,2.0
18,4,116,155652,157172,157172,158180,158180,158807,158840,164840,164840,165440,165472,165506,168601,1520,1008,627,6000,600,520,0,600,1925,3129,3095,1325,114.1207766,12.95073124,1,14,-7,190,-1,-1,49,7,14,1.0
18,4,117,168604,170129,170129,171134,171134,171739,171772,179772,179772,180375,180407,180440,183546,1525,1005,605,8000,603,533,0,600,1929,3139,3106,1329,129.0660802,14.94530361,1,40,-12,210,-1,-1,49,28,40,1.0
18,4,118,183549,185069,185069,186070,186070,186697,186730,193230,193230,193845,193877,193910,197006,1520,1001,627,6500,615,716,0,600,1721,3129,3096,1121,142.526413,13.46033273,1,2,3,200,1,1,51,5,2,2.0
18,4,119,197009,198534,198534,199541,199541,200147,200179,208679,208679,209310,209342,209375,212444,1525,1007,606,8500,631,755,0,600,1676,3102,3069,1076,157.9639862,15.43757321,1,28,-14,210,-1,-1,49,14,28,1.0
18,4,120,212447,213966,213966,214973,214973,215577,215610,223110,223110,223741,223773,223807,226893,1519,1007,604,7500,631,533,0,600,1906,3120,3086,1306,172.4134046,14.44941841,1,28,-18,190,-1,-1,49,10,28,1.0
18,4,121,226896,228424,228424,229434,229434,230042,230074,239074,239074,239707,239739,239773,242856,1528,1010,608,9000,633,605,0,600,1816,3117,3083,1216,188.3758921,15.96248754,1,10,18,210,1,1,51,28,10,2.0
18,4,122,242859,244381,244381,245389,245389,246012,246045,253045,253045,253660,253692,253726,256815,1522,1008,623,7000,615,545,0,600,1887,3123,3089,1287,202.336055,13.96016292,1,4,6,190,1,1,51,10,4,2.0
18,4,123,256819,258341,258341,259346,259346,259973,260005,268005,268005,268608,268641,268676,271754,1522,1005,627,8000,603,529,0,600,1914,3113,3078,1314,217.2741904,14.93813538,1,7,-2,200,-1,-1,49,5,7,1.0
18,4,124,271757,273281,273281,274283,274283,274887,274919,282419,282419,283050,283084,283118,286199,1524,1002,604,7500,631,1737,0,600,702,3115,3081,102,231.7192133,14.4450229,0,10,4,210,1,-1,49,14,10,1.0
18,4,125,286202,287722,287722,288727,288727,289329,289362,295362,295362,295981,296014,296047,299158,1520,1005,602,6000,619,439,0,600,2015,3144,3111,1415,244.6784384,12.95922512,1,4,3,200,1,1,51,7,4,2.0
18,4,126,299161,300691,300691,301698,301698,302321,302353,310853,310853,311454,311486,311519,314596,1530,1007,623,8500,601,245,0,600,2194,3110,3077,1594,260.1160098,15.4375714,1,14,-9,200,-1,-1,49,5,14,1.0
18,4,127,314599,316121,316121,317129,317129,317736,317769,324769,324769,325369,325401,325435,328551,1522,1008,607,7000,600,377,0,600,2086,3150,3116,1486,274.0711652,13.95515537,1,7,3,210,1,1,51,10,7,2.0
18,4,128,328554,330075,330075,331077,331077,331677,331709,340709,340709,341320,341353,341387,344514,1521,1002,600,9000,611,483,0,600,1983,3161,3127,1383,290.0339023,15.96273706,1,2,5,170,1,1,51,7,2,2.0
18,4,129,344516,346043,346043,347052,347052,347656,347688,354188,354188,354789,354821,354855,357963,1527,1009,604,6500,601,305,0,600,2154,3142,3108,1554,303.482432,13.44852972,1,56,-28,170,-1,-1,49,28,56,1.0
18,4,130,357965,359486,359486,360487,360487,361094,361126,368126,368126,368726,368758,368792,371923,1521,1001,607,7000,600,1594,0,600,877,3165,3131,277,317.4426097,13.96017769,0,14,6,180,1,-1,49,20,14,1.0
18,4,131,371924,373448,373448,374448,374448,375054,375086,382586,382586,383189,383221,383255,386379,1524,1000,606,7500,603,421,0,600,2046,3158,3124,1446,331.8988615,14.45625184,1,40,-26,160,-1,-1,49,14,40,1.0
18,4,132,386382,387905,387905,388910,388910,389535,389567,397567,397567,398197,398230,398265,401335,1523,1005,625,8000,630,1145,0,600,1272,3105,3070,672,346.8548959,14.95603442,1,6,-1,200,-1,-1,49,5,6,1.0
18,4,133,401338,402863,402863,403864,403864,404469,404501,410501,410501,411103,411136,411169,414281,1525,1001,605,6000,602,246,0,600,2221,3145,3112,1621,359.8013266,12.94643066,1,56,-28,200,-1,-1,49,28,56,1.0
18,4,134,414284,415809,415809,416816,416816,417417,417449,425949,425949,426581,426614,426649,429743,1525,1007,601,8500,632,551,0,600,1884,3129,3094,1284,375.2622816,15.46095502,1,7,-2,150,-1,-1,49,5,7,1.0
18,4,135,429745,431267,431267,432272,432272,432875,432907,439407,439407,440009,440041,440075,443207,1522,1005,603,6500,602,326,0,600,2142,3166,3132,1542,388.7269294,13.46464778,1,28,-8,210,-1,-1,49,20,28,1.0
18,4,136,443210,444738,444738,445746,445746,446353,446385,455385,455385,455988,456020,456053,459147,1528,1008,607,9000,603,1588,0,600,866,3127,3094,266,404.6668193,15.93988984,0,15,-1,210,-1,1,51,14,15,2.0
18,4,137,459150,460672,460672,461678,461678,462308,462340,470840,470840,471473,471506,471539,474583,1522,1006,630,8500,633,277,0,600,2132,3077,3044,1532,420.1027064,15.43588715,1,20,-13,170,-1,-1,49,7,20,1.0
18,4,138,474586,476104,476104,477110,477110,477734,477766,486766,486766,487398,487430,487464,490536,1518,1006,624,9000,632,887,0,600,1533,3106,3072,933,436.0559395,15.95323306,1,7,-2,180,-1,-1,49,5,7,1.0
18,4,139,490539,492067,492067,493076,493076,493680,493713,499713,499713,500329,500361,500394,503471,1528,1009,604,6000,616,663,0,600,1780,3110,3077,1180,448.9909354,12.93499591,1,2,5,180,1,1,51,7,2,2.0
18,4,140,503474,504997,504997,506000,506000,506607,506639,514139,514139,514765,514799,514832,517924,1523,1003,607,7500,626,743,0,600,1698,3125,3092,1098,463.4438154,14.45288003,0,14,6,190,1,-1,49,20,14,1.0
18,4,141,517927,519451,519451,520455,520455,521058,521091,529091,529091,529691,529723,529757,532887,1524,1004,603,8000,600,622,0,600,1847,3164,3130,1247,478.4066676,14.96285218,1,14,6,210,1,1,51,20,14,2.0
18,4,142,532890,534411,534411,535415,535415,536019,536051,543051,543051,543684,543718,543751,546834,1521,1004,604,7000,633,372,0,600,2066,3116,3083,1466,492.3534433,13.94677571,1,28,-14,210,-1,-1,49,14,28,1.0
18,4,143,546837,548356,548356,549361,549361,549985,550018,556518,556518,557119,557153,557186,560299,1519,1005,624,6500,601,210,0,600,2241,3146,3113,1641,505.8189216,13.4654783,1,40,-20,180,-1,-1,49,20,40,1.0
18,4,144,560302,561826,561826,562831,562831,563438,563472,571472,571472,572104,572138,572171,575253,1524,1005,607,8000,632,381,0,600,2051,3115,3082,1451,520.7729526,14.95403103,1,10,18,190,1,1,51,28,10,2.0
18,5,145,23778,25303,25303,26319,26319,26945,26977,34477,34477,35109,35141,35179,38237,1525,1016,626,7500,632,373,0,600,2028,3096,3058,1428,14.47100869,14.47100869,1,10,10,210,1,1,51,20,10,2.0
18,5,146,38241,39763,39763,40773,40773,41381,41414,50414,50414,51015,51047,51081,54182,1522,1010,608,9000,601,526,0,600,1933,3135,3101,1333,30.41498124,15.94397255,1,20,8,190,1,1,51,28,20,2.0
18,5,147,54185,55704,55704,56707,56707,57312,57344,63844,63844,64465,64498,64532,67621,1519,1003,605,6500,621,377,0,600,2075,3123,3089,1475,43.85394789,13.43896666,1,5,5,180,1,1,51,10,5,2.0
18,5,148,67624,69150,69150,70151,70151,70756,70789,77789,77789,78421,78453,78487,81581,1526,1001,605,7000,632,486,0,600,1950,3128,3094,1350,57.81381489,13.959867,1,10,10,200,1,1,51,20,10,2.0
18,5,149,81584,83103,83103,84105,84105,84713,84746,92746,92746,93348,93381,93417,96519,1519,1002,608,8000,602,622,0,600,1847,3138,3102,1247,72.75139849,14.93758361,1,28,-8,160,-1,-1,49,20,28,1.0
18,5,150,96521,98048,98048,99055,99055,99687,99720,108220,108220,108820,108853,108886,111977,1527,1007,632,8500,600,318,0,600,2116,3124,3091,1516,88.2100521,15.45865361,1,20,-10,160,-1,-1,49,10,20,1.0
18,5,151,111980,113504,113504,114507,114507,115136,115168,121168,121168,121789,121821,121854,124912,1524,1003,629,6000,621,483,0,600,1940,3091,3058,1340,101.1443688,12.93431666,1,4,1,190,1,1,51,5,4,2.0
18,5,152,124915,126435,126435,127442,127442,128048,128080,134080,134080,134684,134717,134750,137863,1520,1007,606,6000,604,240,0,600,2223,3146,3113,1623,114.0951145,12.95074571,1,40,-20,180,-1,-1,49,20,40,1.0
18,5,153,137866,139392,139392,140398,140398,141004,141036,147536,147536,148136,148169,148202,151320,1526,1006,606,6500,600,503,0,600,1959,3151,3118,1359,127.5521381,13.4570236,1,14,-4,200,-1,-1,49,10,14,1.0
18,5,154,151323,152846,152846,153850,153850,154453,154486,163486,163486,164088,164120,164154,167273,1523,1004,603,9000,602,605,0,600,1863,3153,3119,1263,143.5051596,15.95302151,1,14,14,180,1,1,51,28,14,2.0
18,5,155,167276,168797,168797,169799,169799,170406,170438,178438,178438,179052,179084,179117,182210,1521,1002,607,8000,614,419,0,600,2037,3126,3093,1437,158.4428004,14.93764086,1,56,-28,210,-1,-1,49,28,56,1.0
18,5,156,182213,183743,183743,184747,184747,185376,185409,193909,193909,194542,194575,194608,197670,1530,1004,629,8500,633,618,0,600,1786,3095,3062,1186,173.9025585,15.45975806,1,7,-2,200,-1,-1,49,5,7,1.0
18,5,157,197673,199197,199197,200202,200202,200809,200841,207841,207841,208460,208493,208526,211612,1524,1005,607,7000,619,1061,0,600,1384,3119,3086,784,187.8447109,13.94215239,1,5,9,210,1,1,51,14,5,2.0
18,5,158,211615,213140,213140,214143,214143,214773,214805,222305,222305,222926,222958,222991,226075,1525,1003,630,7500,621,869,0,600,1552,3117,3084,952,202.3070482,14.46233732,1,6,-1,210,-1,-1,49,5,6,1.0
18,5,159,226078,227597,227597,228601,228601,229224,229257,237257,237257,237886,237919,237953,241017,1519,1004,623,8000,629,2074,0,600,351,3098,3064,-249,217.2485946,14.94154637,0,6,-1,190,-1,1,51,5,6,2.0
18,5,160,241019,242540,242540,243545,243545,244152,244185,252685,252685,253313,253346,253380,256464,1521,1005,607,8500,628,706,0,600,1733,3118,3084,1133,232.697683,15.44908843,1,7,7,160,1,1,51,14,7,2.0
18,5,161,256468,257990,257990,258994,258994,259600,259632,266132,266132,266763,266796,266829,269912,1522,1004,606,6500,631,346,0,600,2091,3116,3083,1491,246.1439077,13.44622469,1,28,-14,150,-1,-1,49,14,28,1.0
18,5,162,269915,271435,271435,272440,272440,273045,273078,280078,280078,280711,280743,280777,283865,1520,1005,605,7000,633,353,0,600,2084,3122,3088,1484,260.0968843,13.95297661,1,20,-13,210,-1,-1,49,7,20,1.0
18,5,163,283868,285391,285391,286398,286398,287000,287032,296032,296032,296647,296679,296712,299806,1523,1007,602,9000,615,1233,0,600,1220,3127,3094,620,276.0378183,15.94093402,1,40,-12,160,-1,-1,49,28,40,1.0
18,5,164,299809,301329,301329,302337,302337,302942,302975,308975,308975,309606,309640,309673,312748,1520,1008,605,6000,631,502,0,600,1934,3108,3075,1334,288.9805806,12.94276232,1,14,-4,210,-1,-1,49,10,14,1.0
18,5,165,312751,314270,314270,315273,315273,315875,315908,323408,323408,324041,324073,324106,327201,1519,1003,602,7500,633,812,0,600,1631,3128,3095,1031,303.4333648,14.4527842,0,8,-1,210,-1,1,51,7,8,2.0
18,5,166,327204,328727,328727,329735,329735,330340,330372,337872,337872,338485,338517,338551,341645,1523,1008,605,7500,613,586,0,600,1865,3128,3094,1265,317.8767463,14.44338145,1,40,-26,180,-1,-1,49,14,40,1.0
18,5,167,341648,343170,343170,344178,344178,344784,344818,352818,352818,353418,353451,353486,356587,1522,1008,606,8000,600,589,0,600,1875,3136,3101,1275,332.819382,14.94263575,1,14,6,190,1,1,51,20,14,2.0
18,5,168,356590,358113,358113,359119,359119,359722,359754,366754,366754,367354,367386,367420,370541,1523,1006,603,7000,600,903,0,600,1565,3155,3121,965,346.7728366,13.95345455,1,8,-1,150,-1,-1,49,7,8,1.0
18,5,169,370544,372073,372073,373073,373073,373700,373734,382234,382234,382865,382897,382931,386000,1529,1000,627,8500,631,592,0,600,1821,3103,3069,1221,362.2323198,15.45948323,1,10,-5,200,-1,-1,49,5,10,1.0
18,5,170,386003,387525,387525,388529,388529,389134,389167,395667,395667,396281,396313,396346,399452,1522,1004,605,6500,614,529,0,600,1926,3139,3106,1326,375.684297,13.45197718,1,5,9,200,1,1,51,14,5,2.0
18,5,171,399455,400977,400977,401984,401984,402587,402620,408620,408620,409251,409283,409316,412415,1522,1007,603,6000,631,651,0,600,1786,3132,3099,1186,388.6467948,12.96249779,0,29,-1,190,-1,1,51,28,29,2.0
18,5,172,412417,413939,413939,414943,414943,415560,415592,424592,424592,425210,425242,425275,428359,1522,1004,617,9000,618,671,0,600,1768,3117,3084,1168,404.5914475,15.94465269,1,3,2,150,1,1,51,5,3,2.0
18,5,173,428362,429887,429887,430896,430896,431501,431533,438533,438533,439164,439196,439229,442296,1525,1009,605,7000,631,398,0,600,2032,3100,3067,1432,418.5275653,13.93611784,1,10,10,150,1,1,51,20,10,2.0
18,5,174,442299,443821,443821,444828,444828,445445,445477,454477,454477,455078,455110,455144,458243,1522,1007,617,9000,601,330,0,600,2123,3133,3099,1523,434.4747476,15.94718223,1,14,-4,170,-1,-1,49,10,14,1.0
18,5,175,458246,459767,459767,460774,460774,461381,461413,467913,467913,468545,468578,468612,471677,1521,1007,607,6500,632,1365,0,600,1068,3099,3065,468,447.9093995,13.43465191,1,20,8,150,1,1,51,28,20,2.0
18,5,176,471680,473202,473202,474207,474207,474812,474845,482345,482345,482979,483012,483047,486124,1522,1005,605,7500,634,596,0,600,1838,3112,3077,1238,462.3555443,14.44614483,1,20,-6,200,-1,-1,49,14,20,1.0
18,5,177,486127,487651,487651,488657,488657,489260,489293,497293,497293,497895,497928,497962,501075,1524,1006,603,8000,602,433,0,600,2032,3147,3113,1432,477.3070169,14.95147257,1,20,-13,180,-1,-1,49,7,20,1.0
18,5,178,501078,502602,502602,503607,503607,504212,504245,510245,510245,510860,510893,510926,514034,1524,1005,605,6000,615,536,0,600,1915,3141,3108,1315,490.2666551,12.95963827,1,2,5,200,1,1,51,7,2,2.0
18,5,179,514038,515562,515562,516567,516567,517173,517206,525706,525706,526339,526372,526406,529495,1524,1005,606,8500,633,385,0,600,2047,3123,3089,1447,505.7268107,15.46015554,1,20,-10,150,-1,-1,49,10,20,1.0
18,5,180,529498,531022,531022,532024,532024,532632,532665,540165,540165,540766,540798,540831,543945,1524,1002,608,7500,601,341,0,600,2124,3147,3114,1524,520.1770801,14.45026942,1,20,-13,150,-1,-1,49,7,20,1.0
18,6,181,22918,24444,24444,25464,25464,26072,26104,33604,33604,34235,34269,34306,37389,1526,1020,608,7500,631,628,0,600,1787,3120,3083,1187,14.48357683,14.48357683,1,10,-5,190,-1,-1,49,5,10,1.0
18,6,182,37394,38918,38918,39923,39923,40527,40559,47559,47559,48190,48222,48256,51334,1524,1005,604,7000,631,568,0,600,1868,3112,3078,1268,28.42715762,13.94358079,1,7,13,160,1,1,51,20,7,2.0
18,6,183,51337,52862,52862,53865,53865,54469,54501,63501,63501,64117,64150,64183,67286,1525,1003,604,9000,616,626,0,600,1826,3136,3103,1226,44.37886223,15.95170461,1,2,5,180,1,1,51,7,2,2.0
18,6,184,67289,68812,68812,69815,69815,70417,70449,76449,76449,77072,77104,77137,80222,1523,1003,602,6000,623,1314,0,600,1135,3118,3085,535,57.31468504,12.93582281,1,4,1,160,1,1,51,5,4,2.0
18,6,185,80225,81747,81747,82753,82753,83360,83392,89892,89892,90492,90524,90557,93678,1522,1006,607,6500,600,804,0,600,1661,3154,3121,1061,70.77124004,13.456555,1,28,-14,210,-1,-1,49,14,28,1.0
18,6,186,93682,95210,95210,96217,96217,96823,96857,104857,104857,105479,105511,105544,108642,1528,1007,606,8000,622,488,0,600,1949,3131,3098,1349,85.734735,14.96349496,1,10,18,150,1,1,51,28,10,2.0
18,6,187,108645,110170,110170,111174,111174,111781,111814,120314,120314,120914,120946,120980,124088,1525,1004,607,8500,600,985,0,600,1479,3142,3108,879,101.1803645,15.44562952,1,20,-6,210,-1,-1,49,14,20,1.0
18,6,188,124090,125614,125614,126618,126618,127240,127272,134272,134272,134872,134904,134938,138047,1524,1004,622,7000,600,956,0,600,1494,3143,3109,894,115.1392446,13.95888007,1,14,-9,180,-1,-1,49,5,14,1.0
18,6,189,138050,139567,139567,140567,140567,141172,141206,150206,150206,150832,150864,150897,153984,1517,1000,605,9000,626,804,0,600,1648,3120,3087,1048,131.0766504,15.93740581,1,7,3,160,1,1,51,10,7,2.0
18,6,190,153987,155506,155506,156514,156514,157119,157151,163151,163151,163783,163815,163848,166934,1519,1008,605,6000,632,444,0,600,1992,3119,3086,1392,144.0260747,12.94942428,1,20,-6,160,-1,-1,49,14,20,1.0
18,6,191,166937,168461,168461,169462,169462,170069,170102,176602,176602,177202,177235,177268,180380,1524,1001,607,6500,600,695,0,600,1773,3145,3112,1173,157.4724347,13.44636,1,14,14,150,1,1,51,28,14,2.0
18,6,192,180382,181906,181906,182912,182912,183516,183550,191550,191550,192150,192182,192218,195342,1524,1006,604,8000,600,1744,0,600,722,3160,3124,122,172.4345112,14.9620765,0,11,-1,200,-1,1,51,10,11,2.0
18,6,193,195345,196867,196867,197873,197873,198477,198509,207009,207009,207629,207661,207694,210803,1522,1006,604,8500,620,700,0,600,1748,3142,3109,1148,187.8957434,15.46123227,1,4,3,150,1,1,51,7,4,2.0
18,6,194,210806,212332,212332,213336,213336,213941,213974,221474,221474,222074,222106,222140,225256,1526,1004,605,7500,600,380,0,600,2085,3150,3116,1485,202.348609,14.45286556,1,28,-18,170,-1,-1,49,10,28,1.0
18,6,195,225259,226784,226784,227789,227789,228394,228426,236426,236426,237054,237086,237119,240194,1525,1005,605,8000,628,954,0,600,1483,3108,3075,883,217.285957,14.93734795,1,7,3,160,1,1,51,10,7,2.0
18,6,196,240197,241719,241719,242722,242722,243353,243386,251886,251886,252509,252541,252574,255635,1522,1003,631,8500,623,554,0,600,1867,3094,3061,1267,232.7274281,15.44147118,1,4,1,160,1,1,51,5,4,2.0
18,6,197,255638,257159,257159,258164,258164,258767,258798,264798,264798,265412,265445,265478,268590,1521,1005,603,6000,614,371,0,600,2086,3145,3112,1486,245.682299,12.9548709,1,2,5,210,1,1,51,7,2,2.0
18,6,198,268593,270117,270117,271121,271121,271728,271760,279260,279260,279882,279914,279947,283025,1524,1004,607,7500,622,338,0,600,2105,3111,3078,1505,260.1171119,14.43481284,1,5,9,210,1,1,51,14,5,2.0
18,6,199,283028,284549,284549,285551,285551,286154,286186,292686,292686,293305,293338,293371,296470,1521,1002,603,6500,619,298,0,600,2157,3132,3099,1557,273.5620305,13.44491864,1,57,-37,150,-1,-1,49,20,57,1.0
18,6,200,296473,297995,297995,299005,299005,299612,299644,306644,306644,307277,307310,307344,310421,1522,1010,607,7000,633,436,0,600,1992,3111,3077,1392,287.5125143,13.95048383,1,10,18,180,1,1,51,28,10,2.0
18,6,201,310423,311949,311949,312953,312953,313555,313587,322587,322587,323200,323232,323266,326370,1526,1004,602,9000,613,561,0,600,1894,3138,3104,1294,303.4625471,15.95003271,1,56,-28,150,-1,-1,49,28,56,1.0
18,6,202,326373,327895,327895,328901,328901,329506,329540,336040,336040,336640,336673,336707,339818,1522,1006,605,6500,600,1019,0,600,1448,3145,3111,848,316.9106669,13.44811989,1,21,-1,150,-1,-1,49,20,21,1.0
18,6,203,339821,341339,341339,342343,342343,342973,343005,351005,351005,351608,351640,351673,354758,1518,1004,630,8000,603,1446,0,600,999,3118,3085,399,331.8498185,14.93915153,1,10,-3,150,-1,-1,49,7,10,1.0
18,6,204,354761,356288,356288,357293,357293,357898,357931,366431,366431,367046,367078,367112,370217,1527,1005,605,8500,615,401,0,600,2047,3139,3105,1447,347.3091836,15.4593651,1,57,-37,160,-1,-1,49,20,57,1.0
18,6,205,370220,371739,371739,372743,372743,373346,373379,379379,379379,379980,380012,380045,383159,1519,1004,603,6000,601,280,0,600,2193,3147,3114,1593,360.2506501,12.94146651,1,28,-18,200,-1,-1,49,10,28,1.0
18,6,206,383162,384681,384681,385687,385687,386292,386324,393824,393824,394441,394473,394507,397616,1519,1006,605,7500,617,401,0,600,2052,3143,3109,1452,374.7079241,14.45727402,1,57,-37,160,-1,-1,49,20,57,1.0
18,6,207,397619,399143,399143,400151,400151,400756,400789,409789,409789,410408,410441,410475,413582,1524,1008,605,9000,619,303,0,600,2141,3141,3107,1541,390.6742879,15.96636382,1,56,-28,190,-1,-1,49,28,56,1.0
18,6,208,413585,415106,415106,416112,416112,416717,416749,423749,423749,424349,424381,424415,427545,1521,1006,605,7000,600,457,0,600,2011,3164,3130,1411,404.6368731,13.96258518,1,20,-10,170,-1,-1,49,10,20,1.0
18,6,209,427548,429069,429069,430074,430074,430707,430740,437240,437240,437860,437892,437925,440983,1521,1005,633,6500,620,1066,0,600,1355,3091,3058,755,418.0752482,13.4383751,1,4,1,170,1,1,51,5,4,2.0
18,6,210,440986,442506,442506,443511,443511,444129,444161,452661,452661,453261,453294,453327,456440,1520,1005,618,8500,600,305,0,600,2152,3146,3113,1552,433.5315865,15.45633833,1,10,-5,180,-1,-1,49,5,10,1.0
18,6,211,456443,457964,457964,458973,458973,459578,459610,467110,467110,467710,467742,467776,470902,1521,1009,605,7500,600,1329,0,600,1136,3160,3126,536,447.99342,14.46183346,1,7,7,200,1,1,51,14,7,2.0
18,6,212,470904,472425,472425,473429,473429,474035,474069,483069,483069,483686,483719,483752,486861,1521,1004,606,9000,617,467,0,600,1985,3142,3109,1385,463.9527,15.95927996,1,5,2,210,1,1,51,7,5,2.0
18,6,213,486863,488382,488382,489389,489389,489995,490027,496027,496027,496629,496661,496694,499816,1519,1007,606,6000,602,322,0,600,2144,3155,3122,1544,476.907347,12.954647,1,40,-26,180,-1,-1,49,14,40,1.0
18,6,214,499818,501339,501339,502342,502342,502949,502981,510981,510981,511582,511615,511649,514756,1521,1003,607,8000,601,624,0,600,1844,3141,3107,1244,491.847725,14.94037803,1,10,10,210,1,1,51,20,10,2.0
18,6,215,514759,516282,516282,517289,517289,517897,517929,524929,524929,525529,525561,525594,528705,1523,1007,608,7000,600,1376,0,600,1086,3144,3111,486,505.7963489,13.9486239,1,29,-1,160,-1,-1,49,28,29,1.0
18,6,216,528708,530229,530229,531233,531233,531833,531866,539866,539866,540467,540499,540532,543654,1521,1004,600,8000,601,1157,0,600,1317,3155,3122,717,520.7457813,14.94943242,1,14,-7,190,-1,-1,49,7,14,1.0
19,1,1,66627,68158,68158,69188,69188,69816,69848,75848,75848,76472,76505,76540,79597,1531,1030,628,6000,624,1470,0,600,917,3092,3057,317,13.00670625,13.00670625,1,4,1,160,1,1,51,5,4,2.0
19,1,2,79650,81176,81176,82187,82187,82790,82822,89322,89322,89923,89955,89988,93084,1526,1011,603,6500,601,329,0,600,2130,3129,3096,1530,26.44269685,13.43599059,1,10,18,190,1,1,51,28,10,2.0
19,1,3,93087,94609,94609,95616,95616,96220,96252,104752,104752,105378,105411,105445,108528,1522,1007,604,8500,626,993,0,600,1448,3117,3083,848,41.88620222,15.44350537,1,9,1,200,1,1,51,10,9,2.0
19,1,4,108531,110056,110056,111068,111068,111672,111705,119205,119205,119828,119861,119895,122978,1525,1012,604,7500,623,345,0,600,2091,3117,3083,1491,56.33644488,14.45024266,1,5,9,210,1,1,51,14,5,2.0
19,1,5,122981,124508,124508,125513,125513,126118,126150,135150,135150,135765,135797,135830,138927,1527,1005,605,9000,615,423,0,600,2025,3130,3097,1425,72.2855516,15.94910672,1,56,-28,180,-1,-1,49,28,56,1.0
19,1,6,138930,140450,140450,141458,141458,142089,142122,150122,150122,150744,150776,150809,153870,1520,1008,631,8000,622,420,0,600,1999,3094,3061,1399,87.22850143,14.94294983,1,4,1,190,1,1,51,5,4,2.0
19,1,7,153873,155391,155391,156393,156393,156999,157031,164031,164031,164658,164690,164723,167832,1518,1002,606,7000,627,2250,0,600,197,3142,3109,-403,101.1901009,13.96159951,1,7,3,150,1,1,51,10,7,2.0
19,1,8,167835,169354,169354,170361,170361,170968,171000,177500,177500,178100,178133,178166,181270,1519,1007,607,6500,600,497,0,600,1970,3137,3104,1370,114.6287977,13.43869672,1,28,-8,210,-1,-1,49,20,28,1.0
19,1,9,181273,182794,182794,183797,183797,184397,184430,192430,192430,193030,193062,193096,196230,1521,1003,600,8000,600,1596,0,600,880,3168,3134,280,129.58842,14.95962235,1,14,-4,180,-1,-1,49,10,14,1.0
19,1,10,196233,197757,197757,198762,198762,199366,199398,205398,205398,206029,206061,206094,209191,1524,1005,604,6000,631,586,0,600,1850,3130,3097,1250,142.5489464,12.9605264,1,14,-4,170,-1,-1,49,10,14,1.0
19,1,11,209193,210716,210716,211723,211723,212349,212381,219381,219381,220013,220046,220079,223147,1523,1007,626,7000,632,424,0,600,1988,3101,3068,1388,156.5050891,13.95614265,1,28,-18,160,-1,-1,49,10,28,1.0
19,1,12,223149,224670,224670,225673,225673,226293,226325,233825,233825,234441,234473,234506,237606,1521,1003,620,7500,616,685,0,600,1755,3133,3100,1155,170.9644672,14.4593781,1,2,5,210,1,1,51,7,2,2.0
19,1,13,237609,239134,239134,240146,240146,240771,240803,249803,249803,250403,250435,250469,253559,1525,1012,625,9000,600,288,0,600,2150,3124,3090,1550,186.9174432,15.95297606,1,14,-9,200,-1,-1,49,5,14,1.0
19,1,14,253562,255085,255085,256088,256088,256692,256725,265225,265225,265847,265879,265913,269010,1523,1003,604,8500,622,264,0,600,2184,3131,3097,1584,202.36857,15.45112682,1,5,9,190,1,1,51,14,5,2.0
19,1,15,269013,270537,270537,271541,271541,272147,272180,278180,278180,278781,278813,278847,281964,1524,1004,606,6000,601,175,0,600,2290,3151,3117,1690,215.3222214,12.95365139,0,27,1,160,1,-1,49,28,27,1.0
19,1,16,281967,283491,283491,284496,284496,285098,285130,292630,292630,293249,293281,293314,296415,1524,1005,602,7500,619,594,0,600,1856,3134,3101,1256,229.773448,14.45122657,1,4,3,170,1,1,51,7,4,2.0
19,1,17,296418,297942,297942,298947,298947,299553,299585,307585,307585,308198,308230,308264,311371,1524,1005,606,8000,613,236,0,600,2216,3141,3107,1616,244.7291106,14.9556626,1,57,-37,210,-1,-1,49,20,57,1.0
19,1,18,311374,312895,312895,313898,313898,314529,314562,323062,323062,323684,323716,323750,326834,1521,1003,631,8500,622,894,0,600,1529,3118,3084,929,260.1925473,15.46343669,1,4,1,170,1,1,51,5,4,2.0
19,1,19,326837,328363,328363,329366,329366,329970,330003,336503,336503,337120,337152,337186,340282,1526,1003,604,6500,617,589,0,600,1861,3130,3096,1261,273.6404569,13.44790961,1,5,5,160,1,1,51,10,5,2.0
19,1,20,340285,341807,341807,342812,342812,343441,343473,352473,352473,353073,353106,353139,356224,1522,1005,629,9000,600,309,0,600,2135,3118,3085,1535,289.5821432,15.94168627,1,20,-13,160,-1,-1,49,7,20,1.0
19,1,21,356227,357753,357753,358758,358758,359385,359418,366418,366418,367034,367066,367099,370179,1526,1005,627,7000,616,794,0,600,1632,3113,3080,1032,303.5373393,13.95519611,1,3,2,160,1,1,51,5,3,2.0
19,1,22,370182,371704,371704,372706,372706,373306,373339,381339,381339,381967,381999,382032,385140,1522,1002,600,8000,628,361,0,600,2087,3141,3108,1487,318.4980736,14.96073433,1,14,14,170,1,1,51,28,14,2.0
19,1,23,385143,386668,386668,387673,387673,388278,388310,395810,395810,396410,396443,396478,399596,1525,1005,605,7500,600,185,0,600,2280,3153,3118,1680,332.954202,14.45612834,1,10,10,200,1,1,51,20,10,2.0
19,1,24,399599,401119,401119,402125,402125,402757,402789,409289,409289,409908,409940,409973,413043,1520,1006,632,6500,619,1401,0,600,1022,3103,3070,422,346.4006539,13.44645197,1,5,2,210,1,1,51,7,5,2.0
19,1,25,413046,414565,414565,415566,415566,416173,416205,422205,422205,422828,422860,422893,425993,1519,1001,607,6000,623,746,0,600,1704,3133,3100,1104,359.3506044,12.9499505,1,7,13,150,1,1,51,20,7,2.0
19,1,26,425995,427518,427518,428526,428526,429148,429180,437680,437680,438303,438335,438369,441433,1523,1008,622,8500,623,2170,0,600,254,3098,3064,-346,374.7903544,15.43974994,1,6,1,200,1,1,51,7,6,2.0
19,1,27,441436,442953,442953,443956,443956,444559,444591,453591,453591,454191,454223,454257,457379,1517,1003,603,9000,600,971,0,600,1506,3156,3122,906,390.7364771,15.94612275,1,28,-8,160,-1,-1,49,20,28,1.0
19,1,28,457382,458904,458904,459905,459905,460531,460563,467563,467563,468182,468216,468250,471336,1522,1001,626,7000,619,1448,0,600,984,3120,3086,384,404.6938879,13.95741074,1,4,1,160,1,1,51,5,4,2.0
19,1,29,471339,472863,472863,473868,473868,474469,474502,483502,483502,484120,484152,484185,487276,1524,1005,601,9000,618,1940,0,600,512,3124,3091,-88,420.6338462,15.93995832,1,56,-28,150,-1,-1,49,28,56,1.0
19,1,30,487279,488801,488801,489830,489830,490454,490486,497486,497486,498100,498132,498166,501222,1522,1029,624,7000,614,511,0,600,1900,3090,3056,1300,434.5799885,13.94614234,1,5,9,180,1,1,51,14,5,2.0
19,1,31,501225,502736,502736,503740,503740,504347,504379,510379,510379,510979,511011,511045,514182,1511,1004,607,6000,600,695,0,600,1783,3171,3137,1183,447.5393207,12.95933215,1,28,-8,200,-1,-1,49,20,28,1.0
19,1,32,514184,515705,515705,516707,516707,517331,517363,525863,525863,526495,526528,526561,529640,1521,1002,624,8500,632,1348,0,600,1073,3112,3079,473,462.9975259,15.45820525,0,10,4,150,1,-1,49,14,10,1.0
19,1,33,529643,531163,531163,532168,532168,532799,532831,540331,540331,540956,540988,541021,544091,1520,1005,631,7500,625,2081,0,600,338,3103,3070,-262,477.4489339,14.45140798,0,6,1,170,1,-1,49,7,6,1.0
19,1,34,544094,545617,545617,546622,546622,547226,547258,553758,553758,554390,554423,554457,557531,1523,1005,604,6500,632,727,0,600,1709,3108,3074,1109,490.8889713,13.44003743,1,14,14,180,1,1,51,28,14,2.0
19,1,35,557534,559055,559055,560057,560057,560662,560694,568694,568694,569307,569340,569374,572490,1521,1002,605,8000,613,507,0,600,1952,3150,3116,1352,505.8480084,14.95903712,1,5,9,150,1,1,51,14,5,2.0
19,1,36,572493,574018,574018,575022,575022,575640,575673,583173,583173,583776,583810,583843,586953,1525,1004,618,7500,603,696,0,600,1754,3143,3110,1154,520.3106291,14.46262063,0,13,1,200,1,-1,49,14,13,1.0
19,2,37,30255,31782,31782,32797,32797,33401,33433,39933,39933,40535,40567,40604,43713,1527,1015,604,6500,602,298,0,600,2154,3146,3109,1554,13.47052626,13.47052626,1,20,-10,170,-1,-1,49,10,20,1.0
19,2,38,43718,45241,45241,46248,46248,46851,46884,54384,54384,54991,55023,55056,58162,1523,1007,603,7500,607,39,0,600,2421,3139,3106,1821,27.91740977,14.44688351,1,57,-37,180,-1,-1,49,20,57,1.0
19,2,39,58165,59686,59686,60693,60693,61298,61330,68330,68330,68947,68979,69012,72115,1521,1007,605,7000,617,171,0,600,2279,3136,3103,1679,41.87066428,13.95325451,1,56,-28,200,-1,-1,49,28,56,1.0
19,2,40,72118,73639,73639,74641,74641,75244,75277,83777,83777,84379,84411,84445,87556,1521,1002,603,8500,602,826,0,600,1646,3145,3111,1046,57.3108337,15.44016942,1,10,4,180,1,1,51,14,10,2.0
19,2,41,87558,89079,89079,90085,90085,90687,90720,96720,96720,97344,97376,97409,100516,1521,1006,602,6000,624,954,0,600,1493,3140,3107,893,70.27086106,12.96002736,1,4,3,190,1,1,51,7,4,2.0
19,2,42,100518,102040,102040,103044,103044,103647,103680,111680,111680,112280,112313,112346,115468,1522,1004,603,8000,600,775,0,600,1696,3155,3122,1096,85.22396761,14.95310655,1,20,-13,160,-1,-1,49,7,20,1.0
19,2,43,115471,116990,116990,117994,117994,118600,118633,127633,127633,128263,128294,128329,131416,1519,1004,606,9000,630,934,0,600,1507,3122,3087,907,101.1707979,15.94683032,0,13,1,180,1,-1,49,14,13,1.0
19,2,44,131419,132945,132945,133946,133946,134551,134584,140584,140584,141184,141217,141252,144372,1526,1001,605,6000,600,1260,0,600,1208,3155,3120,608,114.1271238,12.95632587,1,14,-4,200,-1,-1,49,10,14,1.0
19,2,45,144374,145901,145901,146911,146911,147514,147546,156546,156546,157149,157182,157216,160323,1527,1010,603,9000,603,1471,0,600,986,3141,3107,386,130.07845,15.95132617,0,19,1,180,1,-1,49,20,19,1.0
19,2,46,160326,161850,161850,162854,162854,163457,163490,171990,171990,172593,172627,172661,175769,1524,1004,603,8500,603,1601,0,600,865,3142,3108,265,145.5242769,15.44582697,0,9,1,210,1,-1,49,10,9,1.0
19,2,47,175772,177293,177293,178295,178295,178898,178931,185931,185931,186557,186590,186624,189721,1521,1002,603,7000,626,421,0,600,2027,3131,3097,1427,159.4755769,13.95129995,1,4,6,160,1,1,51,10,4,2.0
19,2,48,189723,191243,191243,192247,192247,192853,192887,199387,199387,199993,200026,200060,203173,1520,1004,606,6500,606,373,0,600,2091,3147,3113,1491,172.9280616,13.45248471,1,40,-26,160,-1,-1,49,14,40,1.0
19,2,49,203176,204701,204701,205705,205705,206310,206343,214343,214343,214974,215007,215040,218122,1525,1004,605,8000,631,1253,0,600,1182,3115,3082,582,187.8773241,14.94926252,0,14,6,160,1,-1,49,20,14,1.0
19,2,50,218125,219653,219653,220658,220658,221266,221299,228799,228799,229401,229434,229467,232568,1528,1005,608,7500,602,302,0,600,2155,3134,3101,1555,202.3233825,14.44605841,1,28,-8,210,-1,-1,49,20,28,1.0
19,2,51,232571,234095,234095,235101,235101,235706,235738,244738,244738,245339,245372,245406,248526,1524,1006,605,9000,601,997,0,600,1467,3154,3120,867,218.2807411,15.9573586,1,7,13,150,1,1,51,20,7,2.0
19,2,52,248528,250050,250050,251056,251056,251661,251693,258194,258194,258812,258845,258878,261973,1522,1006,605,6501,618,193,0,600,2255,3128,3095,1655,231.7282909,13.44754979,1,7,7,170,1,1,51,14,7,2.0
19,2,53,261976,263495,263495,264500,264500,265102,265134,272134,272134,272764,272796,272830,275880,1519,1005,602,7000,630,-1,2501,0,543,3084,3050,-57,245.6352457,13.90695472,-1,4,1,200,1,-2,-1,5,4,
19,2,54,275883,277405,277405,278408,278408,279011,279044,287544,287544,288145,288177,288210,291324,1522,1003,603,8500,601,1961,0,600,510,3147,3114,-90,261.0790873,15.44384168,0,10,18,150,1,-1,49,28,10,1.0
19,2,55,291327,292850,292850,293853,293853,294484,294517,302517,302517,303148,303181,303215,306272,1523,1003,631,8000,631,903,0,600,1509,3091,3057,909,276.0263841,14.94729681,1,3,2,150,1,1,51,5,3,2.0
19,2,56,306275,307796,307796,308803,308803,309404,309436,316936,316936,317540,317574,317607,320733,1521,1007,601,7500,604,577,0,600,1890,3159,3126,1290,290.4878461,14.46146194,1,14,-7,200,-1,-1,49,7,14,1.0
19,2,57,320736,322256,322256,323262,323262,323865,323897,329897,329897,330530,330563,330597,333672,1520,1006,603,6000,633,695,0,600,1743,3109,3075,1143,303.4272478,12.93940173,1,14,-9,160,-1,-1,49,5,14,1.0
19,2,58,333675,335195,335195,336201,336201,336805,336837,343837,343837,344467,344501,344535,347623,1520,1006,604,7000,630,1483,0,600,957,3122,3088,357,317.3777691,13.95052126,1,5,2,190,1,1,51,7,5,2.0
19,2,59,347626,349148,349148,350150,350150,350755,350787,358287,358287,358900,358932,358965,362056,1522,1002,605,7500,613,999,0,600,1459,3124,3091,859,331.8109743,14.43320521,1,5,2,210,1,1,51,7,5,2.0
19,2,60,362059,363581,363581,364586,364586,365217,365250,371250,371250,371882,371916,371950,375003,1522,1005,631,6000,632,1581,0,600,829,3087,3053,229,344.7580372,12.94706296,1,14,-9,210,-1,-1,49,5,14,1.0
19,2,61,375006,376532,376532,377539,377539,378143,378177,384677,384677,385292,385325,385358,388441,1526,1007,604,6500,615,991,0,600,1457,3116,3083,857,358.1960556,13.43801838,1,2,5,190,1,1,51,7,2,2.0
19,2,62,388444,389968,389968,390970,390970,391575,391607,400607,400607,401207,401241,401275,404357,1524,1002,605,9000,600,-1,2501,0,568,3116,3082,-32,374.1116202,15.9155646,-1,27,1,160,1,-2,-1,28,27,
19,2,63,404360,405883,405883,406887,406887,407491,407524,415524,415524,416156,416190,416224,419300,1523,1004,604,8000,632,240,0,600,2197,3110,3076,1597,389.0546638,14.94304355,1,28,-14,210,-1,-1,49,14,28,1.0
19,2,64,419303,420825,420825,421830,421830,422434,422468,430968,430968,431600,431633,431667,434750,1522,1005,604,8500,632,633,0,600,1804,3117,3083,1204,404.5046078,15.44994402,0,27,1,210,1,-1,49,28,27,1.0
19,2,65,434753,436277,436277,437282,437282,437906,437938,444938,444938,445541,445573,445606,448706,1524,1005,624,7000,603,1428,0,600,1016,3133,3100,416,418.4602936,13.95568581,1,20,8,190,1,1,51,28,20,2.0
19,2,66,448708,450231,450231,451257,451257,451881,451913,458413,458413,459045,459078,459113,462156,1523,1026,624,6500,632,303,0,600,2092,3078,3043,1492,431.91069,13.45039635,1,14,-9,180,-1,-1,49,5,14,1.0
19,2,67,462159,463684,463684,464689,464689,465291,465323,471323,471323,471923,471955,471988,475093,1525,1005,602,6000,600,45,0,600,2423,3138,3105,1823,444.8479575,12.93726756,1,28,-14,160,-1,-1,49,14,28,1.0
19,2,68,475096,476620,476620,477624,477624,478227,478261,486261,486261,486879,486911,486944,490044,1524,1004,603,8000,618,197,0,600,2254,3133,3100,1654,459.7983676,14.95041006,1,56,-28,190,-1,-1,49,28,56,1.0
19,2,69,490047,491571,491571,492576,492576,493181,493214,502214,502214,502840,502872,502905,506003,1524,1005,605,9000,626,876,0,600,1564,3131,3098,964,475.7577516,15.95938398,0,14,-4,160,-1,1,51,10,14,2.0
19,2,70,506006,507531,507531,508533,508533,509140,509172,516672,516672,517278,517309,517344,520465,1525,1002,607,7500,606,258,0,600,2202,3156,3121,1602,490.2192991,14.46154753,1,40,-20,210,-1,-1,49,20,40,1.0
19,2,71,520467,521988,521988,522993,522993,523597,523631,532131,532131,532733,532767,532801,535925,1521,1005,604,8500,602,1258,0,600,1210,3158,3124,610,505.6798067,15.46050756,1,9,1,190,1,1,51,10,9,2.0
19,2,72,535928,537451,537451,538458,538458,539091,539124,545624,545624,546225,546257,546291,549381,1523,1007,633,6500,601,1129,0,600,1307,3124,3090,707,519.1354215,13.45561484,1,7,-2,210,-1,-1,49,5,7,1.0
19,3,73,25954,27476,27476,28491,28491,29118,29150,37150,37150,37752,37786,37821,40910,1522,1015,627,8000,602,276,0,600,2158,3124,3089,1558,14.96789562,14.96789562,1,14,-9,150,-1,-1,49,5,14,1.0
19,3,74,40913,42432,42432,43437,43437,44042,44074,53074,53074,53702,53734,53768,56865,1519,1005,605,9000,628,258,0,600,2185,3131,3097,1585,30.9224601,15.95456448,1,7,7,210,1,1,51,14,7,2.0
19,3,75,56868,58389,58389,59395,59395,59999,60031,67531,67531,68131,68163,68196,71304,1521,1006,604,7500,600,1083,0,600,1386,3141,3108,786,45.36191291,14.43945281,1,20,-6,160,-1,-1,49,14,20,1.0
19,3,76,71308,72827,72827,73830,73830,74438,74471,80471,80471,81095,81127,81160,84259,1519,1003,608,6000,624,1524,0,600,922,3132,3099,322,58.3163454,12.95443249,1,14,-4,190,-1,-1,49,10,14,1.0
19,3,77,84262,85786,85786,86793,86793,87398,87432,94432,94432,95063,95095,95129,98225,1524,1007,605,7000,631,489,0,600,1944,3130,3096,1344,72.2823383,13.9659929,1,10,18,200,1,1,51,28,10,2.0
19,3,78,98228,99749,99749,100754,100754,101374,101406,109906,109906,110538,110571,110605,113688,1521,1005,620,8500,632,567,0,600,1855,3117,3083,1255,87.74566892,15.46333062,1,10,-3,190,-1,-1,49,7,10,1.0
19,3,79,113691,115216,115216,116221,116221,116829,116861,123361,123361,123961,123994,124027,127131,1525,1005,608,6500,600,138,0,600,2324,3137,3104,1724,101.1888651,13.44319618,1,40,-12,190,-1,-1,49,28,40,1.0
19,3,80,127134,128654,128654,129657,129657,130262,130294,137294,137294,137920,137952,137986,141068,1520,1003,605,7000,626,439,0,600,2007,3116,3082,1407,115.1248429,13.93597778,1,7,3,170,1,1,51,10,7,2.0
19,3,81,141071,142592,142592,143598,143598,144204,144237,150737,150737,151370,151402,151435,154531,1521,1006,606,6500,633,326,0,600,2108,3129,3096,1508,128.5882775,13.46343458,1,40,-26,200,-1,-1,49,14,40,1.0
19,3,82,154534,156057,156057,157065,157065,157672,157705,165205,165205,165835,165867,165900,168975,1523,1008,607,7500,630,596,0,600,1836,3108,3075,1236,143.0320559,14.44377839,1,27,1,150,1,1,51,28,27,2.0
19,3,83,168978,170499,170499,171505,171505,172108,172141,178141,178141,178758,178790,178823,181926,1521,1006,603,6000,617,460,0,600,1993,3136,3103,1393,155.9828749,12.950819,1,2,5,160,1,1,51,7,2,2.0
19,3,84,181929,183452,183452,184460,184460,185062,185094,193094,193094,193717,193750,193784,196869,1523,1008,602,8000,623,1611,0,600,833,3119,3085,233,170.925643,14.94276812,1,6,1,150,1,1,51,7,6,2.0
19,3,85,196871,198397,198397,199404,199404,200008,200041,209041,209041,209658,209691,209725,212812,1526,1007,604,9000,617,187,0,600,2259,3121,3087,1659,186.8692238,15.94358086,1,56,-28,160,-1,-1,49,28,56,1.0
19,3,86,212814,214340,214340,215343,215343,215974,216006,224506,224506,225137,225169,225202,228252,1526,1003,631,8500,631,734,0,600,1675,3083,3050,1075,202.3091241,15.43990031,0,19,1,180,1,-1,49,20,19,1.0
19,3,87,228255,229777,229777,230780,230780,231411,231444,237444,237444,238072,238105,238139,241202,1522,1003,631,6000,628,1037,0,600,1379,3097,3063,779,215.259326,12.95020183,1,4,1,180,1,1,51,5,4,2.0
19,3,88,241205,242726,242726,243729,243729,244336,244368,253368,253368,253971,254004,254037,257144,1521,1003,607,9000,603,272,0,600,2194,3140,3107,1594,231.2017337,15.9424077,0,27,1,190,1,-1,49,28,27,1.0
19,3,89,257148,258670,258670,259675,259676,260283,260315,267315,267315,267930,267963,267997,271105,1522,1005,607,7000,615,1473,0,600,978,3142,3108,378,245.1621079,13.96037422,1,6,1,160,1,1,51,7,6,2.0
19,3,90,271108,272633,272633,273641,273641,274248,274280,282280,282280,282900,282932,282966,286064,1525,1008,607,8000,620,812,0,600,1628,3132,3098,1028,260.1213056,14.95919774,1,57,-37,160,-1,-1,49,20,57,1.0
19,3,91,286067,287594,287594,288601,288601,289204,289236,297736,297736,298366,298398,298431,301515,1527,1007,603,8500,630,534,0,600,1899,3117,3084,1299,275.5715977,15.45029208,1,14,-7,210,-1,-1,49,7,14,1.0
19,3,92,301518,303044,303044,304048,304048,304654,304686,311186,311186,311818,311850,311883,314962,1526,1004,606,6500,632,793,0,600,1639,3112,3079,1039,289.0188106,13.44721288,1,20,-6,150,-1,-1,49,14,20,1.0
19,3,93,314964,316483,316483,317491,317491,318108,318140,325640,325640,326260,326292,326326,329408,1519,1008,617,7500,620,179,0,600,2257,3116,3082,1657,303.4644516,14.44564104,1,4,3,170,1,1,51,7,4,2.0
19,3,94,329411,330935,330935,331939,331939,332545,332579,338579,338579,339193,339227,339260,342370,1524,1004,606,6000,614,179,0,600,2273,3143,3110,1673,316.4266927,12.96224108,1,57,-37,200,-1,-1,49,20,57,1.0
19,3,95,342373,343894,343894,344896,344896,345498,345530,354530,354530,355130,355163,355197,358305,1521,1002,602,9000,600,887,0,600,1588,3142,3108,988,332.3615585,15.9348658,1,14,-4,200,-1,-1,49,10,14,1.0
19,3,96,358308,359831,359831,360836,360836,361437,361469,369469,369469,370091,370123,370156,373267,1523,1005,601,8000,622,1797,0,600,652,3144,3111,52,347.3234958,14.96193732,1,4,6,200,1,1,51,10,4,2.0
19,3,97,373270,374793,374793,375796,375796,376402,376434,382934,382934,383535,383567,383600,386704,1523,1003,606,6500,601,170,0,600,2297,3137,3104,1697,360.7610465,13.43755068,1,40,-20,160,-1,-1,49,20,40,1.0
19,3,98,386707,388231,388231,389237,389237,389855,389887,396887,396887,397503,397535,397568,400654,1524,1006,618,7000,616,733,0,600,1703,3119,3086,1103,374.7112634,13.9502169,1,4,1,180,1,1,51,5,4,2.0
19,3,99,400657,402183,402183,403193,403193,403799,403832,411333,411333,411933,411966,412000,415112,1526,1010,606,7501,600,1671,0,600,786,3146,3112,186,389.1686496,14.45738618,1,10,4,170,1,1,51,14,10,2.0
19,3,100,415115,416637,416637,417640,417640,418248,418280,426780,426780,427410,427442,427477,430574,1522,1003,608,8500,630,453,0,600,1984,3132,3097,1384,404.6310879,15.46243832,1,5,9,150,1,1,51,14,5,2.0
19,3,101,430577,432100,432100,433124,433124,433744,433776,440776,440776,441392,441425,441458,444509,1523,1024,620,7000,616,2128,0,600,289,3084,3051,-311,418.5659694,13.93488147,1,9,1,200,1,1,51,10,9,2.0
19,3,102,444512,446035,446035,447041,447041,447645,447679,456179,456179,456782,456815,456848,459961,1523,1006,604,8500,603,1897,0,600,567,3146,3113,-33,434.0175461,15.45157674,0,40,-20,200,-1,1,51,20,40,2.0
19,3,103,459963,461484,461484,462487,462487,463088,463120,469620,469620,470252,470284,470318,473407,1521,1003,601,6500,632,1839,0,600,604,3123,3089,4,447.4634629,13.44591678,1,20,8,150,1,1,51,28,20,2.0
19,3,104,473409,474932,474932,475943,475943,476547,476579,484079,484079,484712,484745,484778,487864,1523,1011,604,7500,633,184,0,600,2245,3119,3086,1645,461.9207032,14.45724032,1,10,-5,190,-1,-1,49,5,10,1.0
19,3,105,487867,489388,489388,490391,490391,490998,491031,499031,499031,499633,499665,499698,502783,1521,1003,607,8000,602,-1,2501,0,566,3118,3085,-34,476.83995,14.9192468,-1,28,-8,210,-1,-2,-1,20,28,
19,3,106,502786,504310,504310,505312,505312,505915,505947,511947,511947,512567,512599,512631,515717,1524,1002,603,6000,620,1548,0,600,903,3118,3086,303,489.7738925,12.93394246,0,5,5,200,1,-1,49,10,5,1.0
19,3,107,515720,517241,517241,518246,518246,518847,518881,527881,527881,528482,528514,528548,531655,1521,1005,601,9000,601,594,0,600,1878,3141,3107,1278,505.7110865,15.93719404,1,14,-9,210,-1,-1,49,5,14,1.0
19,3,108,531658,533181,533181,534184,534184,534815,534847,543847,543847,544467,544499,544532,547604,1523,1003,631,9000,620,268,0,600,2155,3105,3072,1555,521.66024,15.94915343,1,3,2,190,1,1,51,5,3,2.0
19,4,109,47192,48716,48716,49731,49731,50331,50364,56364,56364,56966,56998,57034,60152,1524,1015,600,6000,602,173,0,600,2286,3154,3118,1686,12.97243457,12.97243457,1,20,-6,150,-1,-1,49,14,20,1.0
19,4,110,60157,61678,61678,62684,62684,63314,63347,72347,72347,72974,73007,73040,76104,1521,1006,630,9000,627,192,0,600,2224,3097,3064,1624,28.92274006,15.95030549,0,4,1,170,1,-1,49,5,4,1.0
19,4,111,76107,77628,77628,78637,78637,79245,79278,86778,86778,87378,87410,87444,90549,1521,1009,608,7500,600,947,0,600,1515,3139,3105,915,43.36798723,14.44524718,1,14,14,150,1,1,51,28,14,2.0
19,4,112,90552,92070,92070,93075,93075,93679,93711,102211,102211,102818,102850,102884,106009,1518,1005,604,8500,607,221,0,600,2245,3159,3125,1645,58.82801836,15.46003113,1,56,-28,210,-1,-1,49,28,56,1.0
19,4,113,106012,107535,107535,108538,108538,109145,109178,116178,116178,116778,116810,116844,119957,1523,1003,607,7000,600,339,0,600,2128,3147,3113,1528,72.77599954,13.94798118,1,10,10,180,1,1,51,20,10,2.0
19,4,114,119960,121488,121488,122492,122492,123123,123156,129656,129656,130257,130288,130323,133391,1528,1004,631,6500,601,1402,0,600,1034,3103,3068,434,86.2092376,13.43323806,1,10,-5,150,-1,-1,49,5,10,1.0
19,4,115,133393,134914,134914,135915,135915,136533,136565,144565,144565,145183,145215,145249,148339,1521,1001,618,8000,618,2424,0,600,18,3124,3090,-582,101.1561309,14.9468933,1,9,1,150,1,1,51,10,9,2.0
19,4,116,148340,149869,149869,150876,150876,151507,151539,157539,157539,158172,158205,158238,161281,1529,1007,631,6000,633,499,0,600,1901,3076,3043,1301,114.0999317,12.94380084,1,7,3,150,1,1,51,10,7,2.0
19,4,117,161284,162811,162811,163815,163815,164419,164451,171451,171451,172080,172113,172146,175227,1527,1004,604,7000,629,566,0,600,1870,3114,3081,1270,128.0457375,13.94580573,1,4,3,170,1,1,51,7,4,2.0
19,4,118,175230,176754,176754,177760,177760,178366,178399,185899,185899,186532,186564,186598,189668,1524,1006,606,7500,633,1398,0,600,1033,3104,3070,433,142.486707,14.4409695,1,7,7,170,1,1,51,14,7,2.0
19,4,119,189671,191191,191191,192197,192197,192800,192833,200833,200833,201455,201487,201521,204605,1520,1006,603,8000,622,283,0,600,2166,3118,3084,1566,157.423543,14.93683603,1,2,5,160,1,1,51,7,2,2.0
19,4,120,204608,206131,206131,207134,207134,207734,207766,214266,214266,214881,214913,214945,218056,1523,1003,600,6500,615,236,0,600,2223,3143,3111,1623,170.8744595,13.45091648,1,2,3,200,1,1,51,5,2,2.0
19,4,121,218059,219586,219586,220591,220591,221196,221228,230228,230228,230860,230893,230928,234003,1527,1005,605,9000,632,337,0,600,2094,3110,3075,1494,186.8214107,15.94695116,1,10,4,210,1,1,51,14,10,2.0
19,4,122,234006,235525,235525,236531,236531,237137,237169,245669,245669,246301,246334,246368,249443,1519,1006,606,8500,632,1958,0,600,479,3109,3075,-121,202.2613312,15.4399205,0,14,6,200,1,-1,49,20,14,1.0
19,4,123,249446,250967,250967,251971,251971,252576,252608,261608,261608,262242,262275,262309,265390,1521,1004,605,9000,634,990,0,600,1446,3115,3081,846,218.208493,15.94716181,1,4,3,170,1,1,51,7,4,2.0
19,4,124,265393,266917,266917,267921,267921,268527,268560,275560,275560,276168,276201,276235,279338,1524,1004,606,7000,608,270,0,600,2188,3137,3103,1588,232.1560691,13.94757616,1,40,-12,150,-1,-1,49,28,40,1.0
19,4,125,279341,280862,280862,281865,281865,282468,282501,291001,291001,291601,291634,291667,294782,1521,1003,603,8500,600,2320,0,600,153,3148,3115,-447,247.6001214,15.44405232,1,10,-3,160,-1,-1,49,7,10,1.0
19,4,126,294785,296309,296309,297314,297314,297922,297954,304454,304454,305068,305101,305135,308231,1524,1005,608,6500,614,71,0,600,2378,3130,3096,1778,261.0496201,13.44949863,1,56,-28,180,-1,-1,49,28,56,1.0
19,4,127,308234,309760,309760,310765,310765,311366,311399,318899,318899,319531,319565,319598,322694,1526,1005,601,7500,632,64,0,600,2372,3129,3096,1772,275.5117833,14.46216318,1,14,-9,210,-1,-1,49,5,14,1.0
19,4,128,322696,324220,324220,325229,325229,325862,325894,333894,333894,334497,334529,334563,337643,1524,1009,633,8000,603,433,0,600,1998,3114,3080,1398,290.4610488,14.94926553,1,40,-20,170,-1,-1,49,20,40,1.0
19,4,129,337646,339169,339169,340173,340173,340779,340812,346812,346812,347445,347477,347510,350578,1523,1004,606,6000,633,884,0,600,1550,3101,3068,950,303.3958284,12.93477961,1,40,-20,170,-1,-1,49,20,40,1.0
19,4,130,350581,352102,352102,353107,353107,353712,353746,360746,360746,361346,361378,361411,364538,1521,1005,605,7000,600,1135,0,600,1334,3160,3127,734,317.3561457,13.96031726,1,27,1,170,1,1,51,28,27,2.0
19,4,131,364541,366066,366066,367071,367071,367694,367726,376226,376226,376827,376859,376892,379997,1525,1005,623,8500,601,107,0,600,2339,3138,3105,1739,332.8145673,15.45842162,1,7,13,180,1,1,51,20,7,2.0
19,4,132,379999,381520,381520,382526,382526,383129,383161,392161,392161,392763,392796,392829,395951,1521,1006,603,9000,602,321,0,600,2147,3155,3122,1547,348.769516,15.9549487,1,20,-10,180,-1,-1,49,10,20,1.0
19,4,133,395954,397476,397476,398483,398483,399111,399145,407145,407145,407745,407778,407811,410908,1522,1007,628,8000,600,976,0,600,1467,3130,3097,867,363.726302,14.95678604,1,10,-5,190,-1,-1,49,5,10,1.0
19,4,134,410911,412432,412432,413436,413436,414043,414075,420575,420575,421176,421208,421242,424364,1521,1004,607,6500,601,1683,0,600,784,3156,3122,184,377.1819253,13.45562328,0,7,13,190,1,-1,49,20,7,1.0
19,4,135,424367,425886,425886,426890,426890,427509,427542,433542,433542,434143,434175,434209,437308,1519,1004,619,6000,601,1983,0,600,474,3133,3099,-126,390.1264997,12.94457441,1,9,1,210,1,1,51,10,9,2.0
19,4,136,437311,438835,438835,439840,439840,440441,440474,447974,447974,448592,448624,448658,451711,1524,1005,601,7500,618,-1,2501,0,551,3087,3053,-49,404.5288948,14.40239513,-1,6,1,170,1,-2,-1,7,6,
19,4,137,451714,453236,453236,454242,454242,454848,454881,463881,463881,464482,464515,464551,467658,1522,1006,606,9000,601,1440,0,600,1025,3143,3107,425,420.4761103,15.94721545,0,9,1,200,1,-1,49,10,9,1.0
19,4,138,467661,469184,469184,470191,470191,470797,470829,477329,477329,477929,477961,477994,481099,1523,1007,606,6500,600,238,0,600,2226,3138,3105,1626,433.9167824,13.44067207,1,7,7,210,1,1,51,14,7,2.0
19,4,139,481101,482624,482624,483627,483627,484232,484264,490264,490264,490864,490896,490929,494058,1523,1003,605,6000,600,2205,0,600,264,3162,3129,-336,446.8754799,12.9586975,0,20,8,200,1,-1,49,28,20,1.0
19,4,140,494060,495586,495586,496592,496592,497214,497246,504746,504746,505378,505411,505444,508516,1526,1006,622,7500,632,361,0,600,2053,3105,3072,1453,461.3337255,14.45824563,1,7,3,170,1,1,51,10,7,2.0
19,4,141,508519,510045,510045,511054,511054,511659,511693,520193,520193,520794,520827,520861,523957,1526,1009,605,8500,601,1428,0,600,1031,3130,3096,431,476.7751003,15.44137482,1,14,-7,170,-1,-1,49,7,14,1.0
19,4,142,523960,525478,525478,526482,526482,527087,527120,534120,534120,534753,534786,534819,537915,1518,1004,605,7000,633,1622,0,600,818,3129,3096,218,490.7325541,13.95745383,1,13,1,200,1,1,51,14,13,2.0
19,4,143,537918,539443,539443,540447,540447,541047,541079,549079,549079,549707,549740,549773,552853,1525,1004,600,8000,628,862,0,600,1581,3113,3080,981,505.6702936,14.93773948,1,4,1,210,1,1,51,5,4,2.0
19,4,144,552855,554382,554382,555385,555385,556011,556043,563543,563543,564144,564176,564209,567310,1527,1003,626,7500,601,493,0,600,1950,3134,3101,1350,520.1279839,14.45769024,1,28,-14,200,-1,-1,49,14,28,1.0
19,5,145,24985,26514,26514,27531,27531,28131,28165,34665,34665,35267,35300,35336,38442,1529,1017,600,6500,602,1007,0,600,1445,3142,3106,845,13.46931755,13.46931755,1,40,-12,180,-1,-1,49,28,40,1.0
19,5,146,38447,39968,39968,40976,40976,41582,41614,50614,50614,51239,51272,51306,54405,1521,1008,606,9000,625,138,0,600,2302,3133,3099,1702,29.43040114,15.9610836,1,5,9,160,1,1,51,14,5,2.0
19,5,147,54408,55936,55936,56938,56938,57544,57576,66076,66076,66698,66730,66764,69849,1528,1002,606,8500,622,88,0,600,2354,3119,3085,1754,44.87358708,15.44318594,1,4,1,190,1,1,51,5,4,2.0
19,5,148,69852,71374,71374,72381,72381,72987,73019,80519,80519,81145,81178,81211,84285,1522,1007,606,7500,626,499,0,600,1940,3107,3074,1340,59.31034099,14.43675391,1,5,5,210,1,1,51,10,5,2.0
19,5,149,84288,85816,85816,86822,86822,87427,87459,95459,95459,96076,96108,96141,99225,1528,1006,605,8000,617,409,0,600,2035,3117,3084,1435,74.24963514,14.93929415,1,5,2,160,1,1,51,7,5,2.0
19,5,150,99228,100753,100753,101760,101760,102366,102399,108399,108399,108999,109032,109066,112165,1525,1007,606,6000,600,1527,0,600,935,3133,3099,335,87.18959467,12.93995953,1,10,10,160,1,1,51,20,10,2.0
19,5,151,112168,113694,113694,114698,114698,115302,115336,122336,122336,122950,122982,123015,126123,1526,1004,604,7000,614,244,0,600,2208,3141,3108,1608,101.1483744,13.95877977,1,5,9,200,1,1,51,14,5,2.0
19,5,152,126126,127650,127650,128655,128655,129258,129291,136791,136791,137417,137449,137482,140580,1524,1005,603,7500,626,2272,0,600,170,3131,3098,-430,115.6049421,14.45656771,1,7,3,210,1,1,51,10,7,2.0
19,5,153,140583,142104,142104,143110,143110,143715,143748,152248,152248,152851,152883,152916,156040,1521,1006,605,8500,603,91,0,600,2374,3157,3124,1774,131.0652635,15.46032133,1,28,-14,210,-1,-1,49,14,28,1.0
19,5,154,156043,157568,157568,158572,158572,159178,159210,165710,165710,166342,166375,166410,169500,1525,1004,606,6500,632,838,0,600,1595,3125,3090,995,144.5253124,13.46004891,1,20,-6,150,-1,-1,49,14,20,1.0
19,5,155,169503,171026,171026,172032,172032,172638,172670,181670,181670,182303,182335,182368,185463,1523,1006,606,9000,633,2040,0,600,392,3128,3095,-208,160.4876782,15.96236584,1,20,8,190,1,1,51,28,20,2.0
19,5,156,185466,186989,186989,187991,187991,188597,188629,195629,195629,196251,196283,196317,199420,1523,1002,606,7000,622,1006,0,600,1441,3137,3103,841,174.4451881,13.95750988,1,5,5,210,1,1,51,10,5,2.0
19,5,157,199423,200953,200953,201960,201960,202562,202595,208595,208595,209196,209228,209261,212356,1530,1007,602,6000,601,98,0,600,2362,3128,3095,1762,187.3806214,12.93543324,0,20,8,200,1,-1,49,28,20,1.0
19,5,158,212359,213883,213883,214886,214886,215490,215523,223523,223523,224156,224188,224221,227293,1524,1003,604,8000,633,398,0,600,2038,3105,3072,1438,202.3181306,14.93750925,1,14,6,150,1,1,51,20,14,2.0
19,5,159,227296,228819,228819,229823,229823,230427,230460,236460,236460,237061,237093,237127,240238,1523,1004,604,6000,601,503,0,600,1965,3145,3111,1365,215.262353,12.94422243,1,13,1,170,1,1,51,14,13,2.0
19,5,160,240240,241765,241765,242770,242770,243392,243425,251925,251925,252544,252577,252611,255682,1525,1005,622,8500,619,1140,0,600,1289,3105,3071,689,230.7070575,15.44470444,1,10,-3,200,-1,-1,49,7,10,1.0
19,5,161,255685,257209,257209,258216,258216,258819,258851,265851,265851,266474,266507,266540,269634,1524,1007,603,7000,623,581,0,600,1862,3127,3094,1262,244.6583409,13.95128338,1,4,6,180,1,1,51,10,4,2.0
19,5,162,269637,271160,271160,272168,272168,272773,272807,280807,280807,281426,281459,281492,284588,1523,1008,605,8000,619,2204,0,600,241,3129,3096,-359,259.612086,14.95374511,1,5,2,160,1,1,51,7,5,2.0
19,5,163,284591,286110,286110,287113,287113,287713,287746,295246,295246,295869,295901,295934,299040,1519,1003,600,7500,623,1632,0,600,823,3139,3106,223,274.0646361,14.4525501,1,5,2,180,1,1,51,7,5,2.0
19,5,164,299043,300568,300568,301579,301579,302184,302216,308716,308716,309320,309353,309387,312495,1525,1011,605,6500,604,208,0,600,2247,3142,3108,1647,287.5199282,13.45529209,1,40,-26,210,-1,-1,49,14,40,1.0
19,5,165,312498,314020,314020,315027,315027,315628,315661,324661,324661,325278,325310,325344,328438,1522,1007,601,9000,617,709,0,600,1744,3128,3094,1144,303.4623811,15.9424529,1,4,1,170,1,1,51,5,4,2.0
19,5,166,328441,329963,329963,330967,330967,331568,331600,337600,337600,338233,338265,338298,341401,1522,1004,601,6000,633,133,0,600,2307,3136,3103,1707,316.4255702,12.96318913,1,14,-9,160,-1,-1,49,5,14,1.0
19,5,167,341404,342928,342928,343936,343936,344540,344573,351073,351073,351675,351707,351741,354839,1524,1008,604,6500,602,394,0,600,2068,3132,3098,1468,329.8628626,13.43729243,1,28,-18,170,-1,-1,49,10,28,1.0
19,5,168,354841,356365,356365,357369,357369,358002,358034,366034,366034,366637,366671,366704,369798,1524,1004,633,8000,603,319,0,600,2117,3127,3094,1517,344.8229225,14.96005991,1,7,13,200,1,1,51,20,7,2.0
19,5,169,369801,371320,371320,372326,372326,372930,372962,381462,381462,382081,382114,382147,385263,1519,1006,604,8500,619,634,0,600,1818,3149,3116,1218,360.2876746,15.46475209,1,3,2,150,1,1,51,5,3,2.0
19,5,170,385266,386789,386789,387795,387795,388398,388430,395930,395930,396539,396571,396604,399719,1523,1006,603,7500,609,149,0,600,2310,3148,3115,1710,374.7427072,14.45503263,1,40,-20,190,-1,-1,49,20,40,1.0
19,5,171,399721,401243,401243,402248,402248,402853,402886,409886,409886,410516,410548,410581,413657,1522,1005,605,7000,630,2379,0,600,59,3109,3076,-541,388.6813547,13.93864745,0,20,8,210,1,-1,49,28,20,1.0
19,5,172,413659,415183,415183,416189,416189,416808,416840,425840,425840,426469,426501,426534,429594,1524,1006,619,9000,629,1193,0,600,1229,3093,3060,629,404.6188148,15.93746013,1,4,1,190,1,1,51,5,4,2.0
19,5,173,429597,431125,431125,432135,432135,432740,432774,438774,438774,439385,439418,439452,442550,1528,1010,605,6000,611,63,0,600,2383,3132,3098,1783,417.5745386,12.95572378,1,40,-20,150,-1,-1,49,20,40,1.0
19,5,174,442553,444078,444078,445086,445086,445693,445726,453726,453726,454349,454381,454415,457495,1525,1008,607,8000,623,1994,0,600,443,3114,3080,-157,432.5196135,14.94507495,1,20,-13,150,-1,-1,49,7,20,1.0
19,5,175,457498,459023,459023,460027,460027,460633,460665,468165,468165,468767,468799,468832,471933,1525,1004,606,7500,602,1558,0,600,905,3134,3101,305,446.957056,14.4374425,1,14,-4,170,-1,-1,49,10,14,1.0
19,5,176,471936,473460,473460,474464,474464,475070,475103,483603,483603,484204,484237,484270,487393,1524,1004,606,8500,601,1130,0,600,1335,3156,3123,735,462.4175148,15.46045875,1,28,-8,170,-1,-1,49,20,28,1.0
19,5,177,487396,488918,488918,489925,489925,490527,490559,497559,497559,498177,498209,498243,501335,1522,1007,602,7000,618,544,0,600,1907,3126,3092,1307,476.3594774,13.94196261,1,2,3,180,1,1,51,5,2,2.0
19,5,178,501338,502863,502863,503869,503869,504478,504511,511011,511011,511611,511644,511677,514784,1525,1006,609,6500,600,399,0,600,2061,3140,3107,1461,489.8092897,13.44981233,1,4,3,200,1,1,51,7,4,2.0
19,5,179,514788,516308,516308,517315,517315,517922,517956,526956,526956,527556,527589,527622,530725,1520,1007,607,9000,600,1173,0,600,1293,3136,3103,693,505.7494677,15.94017801,0,27,1,200,1,-1,49,28,27,1.0
19,5,180,530728,532253,532253,533263,533263,533866,533900,541400,541400,542001,542033,542066,545188,1525,1010,603,7500,601,902,0,600,1559,3155,3122,959,520.212525,14.46305729,0,27,1,190,1,-1,49,28,27,1.0
19,6,181,29287,30816,30816,31829,31829,32442,32476,38476,38476,39078,39111,39147,42263,1529,1013,613,6000,602,273,0,600,2170,3152,3116,1570,12.9897806,12.9897806,0,29,-1,180,-1,1,51,28,29,2.0
19,6,182,42268,43793,43793,44803,44803,45409,45441,51941,51941,52542,52574,52607,55728,1525,1010,606,6500,601,249,0,600,2209,3154,3121,1609,26.45292046,13.46313986,1,14,14,200,1,1,51,28,14,2.0
19,6,183,55731,57257,57257,58265,58265,58869,58901,67401,67401,68034,68066,68100,71161,1526,1008,604,8500,633,1551,0,600,878,3095,3061,278,41.88563387,15.43271341,1,14,-4,210,-1,-1,49,10,14,1.0
19,6,184,71164,72690,72690,73695,73695,74296,74328,81828,81828,82459,82493,82526,85598,1526,1005,601,7500,631,42,0,600,2395,3105,3072,1795,56.32257612,14.43694226,1,14,-9,150,-1,-1,49,5,14,1.0
19,6,185,85601,87125,87125,88134,88134,88739,88771,96771,96771,97373,97407,97440,100559,1524,1009,605,8000,602,187,0,600,2273,3152,3119,1673,71.28343823,14.9608621,1,10,10,150,1,1,51,20,10,2.0
19,6,186,100562,102081,102081,103087,103087,103693,103726,112726,112726,113344,113377,113410,116513,1519,1006,606,9000,618,977,0,600,1474,3136,3103,874,87.23723487,15.95379664,1,57,-37,150,-1,-1,49,20,57,1.0
19,6,187,116516,118035,118035,119036,119036,119655,119688,126688,126688,127320,127353,127387,130477,1519,1001,619,7000,632,578,0,600,1851,3124,3090,1251,101.2015363,13.96430142,1,7,3,190,1,1,51,10,7,2.0
19,6,188,130479,132002,132002,133009,133009,133615,133648,139648,139648,140277,140310,140344,143437,1523,1007,606,6000,629,256,0,600,2179,3127,3093,1579,114.1615477,12.96001139,1,5,2,200,1,1,51,7,5,2.0
19,6,189,143440,144967,144967,145974,145974,146600,146632,154632,154632,155251,155284,155318,158387,1527,1007,626,8000,619,235,0,600,2186,3103,3069,1586,129.1114536,14.9499059,1,79,-51,210,-1,-1,49,28,79,1.0
19,6,190,158390,159918,159918,160923,160923,161539,161572,168572,168572,169204,169237,169271,172325,1528,1005,616,7000,632,2163,0,600,256,3088,3054,-344,143.0492229,13.93776931,0,10,18,190,1,-1,49,28,10,1.0
19,6,191,172328,173850,173850,174857,174857,175463,175495,181995,181995,182597,182630,182664,185781,1522,1007,606,6500,602,122,0,600,2341,3151,3117,1741,156.5047775,13.45555457,1,40,-26,170,-1,-1,49,14,40,1.0
19,6,192,185784,187307,187307,188313,188313,188915,188948,197448,197448,198069,198101,198135,201233,1523,1006,602,8500,621,683,0,600,1765,3132,3098,1165,171.9572929,15.45251545,1,2,3,210,1,1,51,5,2,2.0
19,6,193,201236,202762,202762,203768,203768,204391,204423,213423,213423,214026,214060,214095,217200,1526,1006,623,9000,603,169,0,600,2273,3140,3105,1673,187.9245596,15.96726671,1,28,-14,180,-1,-1,49,14,28,1.0
19,6,194,217203,218725,218725,219728,219728,220330,220364,227864,227864,228494,228527,228563,231650,1522,1003,602,7500,630,252,0,600,2191,3123,3087,1591,202.3739305,14.44937086,1,4,6,200,1,1,51,10,4,2.0
19,6,195,231653,233177,233177,234185,234185,234789,234822,242822,242822,243425,243457,243492,246598,1524,1008,604,8000,603,1375,0,600,1086,3141,3106,486,217.322254,14.94832351,1,20,-6,200,-1,-1,49,14,20,1.0
19,6,196,246601,248128,248128,249132,249132,249738,249770,256271,256271,256904,256935,256969,260043,1527,1004,606,6501,633,332,0,600,2097,3108,3074,1497,230.7680053,13.44575133,1,4,3,160,1,1,51,7,4,2.0
19,6,197,260047,261567,261567,262579,262579,263182,263216,269216,269216,269816,269849,269882,272965,1520,1012,603,6000,600,-1,2501,0,564,3116,3083,-36,243.6892501,12.92124476,-1,6,-1,170,-1,-2,-1,5,6,
19,6,198,272968,274489,274489,275491,275491,276095,276127,283627,283627,284246,284278,284312,287428,1521,1002,604,7500,619,181,0,600,2273,3150,3116,1673,258.1518668,14.46261672,1,2,3,170,1,1,51,5,2,2.0
19,6,199,287431,288960,288960,289963,289963,290565,290598,299598,299598,300226,300259,300292,303363,1529,1003,602,9000,628,911,0,600,1527,3104,3071,927,274.0869396,15.93507283,1,4,1,150,1,1,51,5,4,2.0
19,6,200,303366,304894,304894,305899,305899,306502,306535,315035,315035,315658,315691,315724,318821,1528,1005,603,8500,623,198,0,600,2243,3130,3097,1643,289.5448851,15.45794548,1,2,5,150,1,1,51,7,2,2.0
19,6,201,318824,320344,320344,321352,321352,321956,321988,328988,328988,329588,329620,329654,332765,1520,1008,604,7000,600,695,0,600,1773,3145,3111,1173,303.4893465,13.9444614,1,20,-10,200,-1,-1,49,10,20,1.0
19,6,202,332768,334289,334289,335294,335294,335901,335934,343934,343934,344566,344600,344634,347723,1521,1005,607,8000,632,935,0,600,1500,3123,3089,900,318.4471734,14.9578269,0,7,13,170,1,-1,49,20,7,1.0
19,6,203,347726,349250,349250,350253,350253,350856,350888,356888,356888,357520,357552,357587,360681,1524,1003,603,6000,632,196,0,600,2242,3129,3094,1642,331.4041731,12.95699969,1,7,13,160,1,1,51,20,7,2.0
19,6,204,360683,362203,362203,363210,363210,363813,363845,370345,370345,370962,370994,371029,374145,1520,1007,603,6500,617,377,0,600,2076,3151,3116,1476,344.8682149,13.4640418,1,57,-37,170,-1,-1,49,20,57,1.0
19,6,205,374147,375664,375664,376669,376669,377286,377318,386318,386318,386947,386979,387013,390093,1517,1005,617,9000,629,799,0,600,1633,3114,3080,1033,360.8171631,15.94894821,1,4,3,150,1,1,51,7,4,2.0
19,6,206,390096,391621,391621,392624,392624,393232,393264,401764,401764,402369,402403,402437,405550,1525,1003,608,8500,605,115,0,600,2344,3147,3113,1744,376.2741642,15.45700105,1,40,-26,180,-1,-1,49,14,40,1.0
19,6,207,405553,407075,407075,408083,408083,408688,408721,416221,416221,416826,416859,416893,420018,1522,1008,605,7500,605,379,0,600,2081,3159,3125,1481,390.7414503,14.46728614,1,28,-8,210,-1,-1,49,20,28,1.0
19,6,208,420021,421544,421544,422550,422550,423153,423185,430185,430185,430810,430843,430876,433975,1523,1006,603,7000,625,712,0,600,1731,3132,3099,1131,404.6985214,13.95707111,1,4,3,180,1,1,51,7,4,2.0
19,6,209,433978,435500,435500,436509,436509,437112,437145,444645,444645,445248,445282,445316,448426,1522,1009,603,7500,603,334,0,600,2129,3144,3110,1529,419.1496582,14.45113677,1,14,-4,160,-1,-1,49,10,14,1.0
19,6,210,448429,449947,449947,450956,450956,451559,451592,457592,457592,458193,458225,458259,461366,1518,1009,603,6000,601,499,0,600,1970,3141,3107,1370,432.0897862,12.94012798,1,7,3,170,1,1,51,10,7,2.0
19,6,211,461369,462895,462895,463901,463901,464507,464540,473040,473040,473640,473673,473707,476833,1526,1006,606,8500,600,1553,0,600,909,3160,3126,309,447.5564187,15.46663251,1,20,-6,170,-1,-1,49,14,20,1.0
19,6,212,476836,478360,478360,479363,479363,479968,480002,489002,489002,489627,489659,489694,492791,1524,1003,605,9000,625,162,0,600,2281,3132,3097,1681,463.5145201,15.95810143,1,79,-51,150,-1,-1,49,28,79,1.0
19,6,213,492794,494317,494317,495325,495325,495929,495961,502461,502461,503078,503111,503144,506235,1523,1008,604,6500,617,834,0,600,1614,3124,3091,1014,476.9591221,13.44460198,1,56,-28,150,-1,-1,49,28,56,1.0
19,6,214,506238,507760,507760,508767,508767,509372,509406,516407,516407,517038,517070,517102,520182,1522,1007,605,7001,631,1187,0,600,1247,3112,3080,647,490.9056004,13.94647834,1,14,-7,210,-1,-1,49,7,14,1.0
19,6,215,520184,521705,521705,522712,522712,523344,523376,531376,531376,532000,532034,532067,535124,1521,1007,632,8000,624,477,0,600,1939,3090,3057,1339,505.8475398,14.9419394,1,3,2,200,1,1,51,5,3,2.0
19,6,216,535126,536650,536650,537651,537651,538275,538307,547307,547307,547907,547941,547974,551082,1524,1001,624,9000,600,887,0,600,1564,3141,3108,964,521.805842,15.95830213,1,10,4,180,1,1,51,14,10,2.0
20,1,1,72128,73659,73659,74659,74659,75287,75319,82819,82819,83427,83459,83497,86576,1531,1000,628,7500,608,553,0,600,1880,3117,3079,1280,14.48477803,14.48477803,1,40,-20,170,-1,-1,49,20,40,1.0
20,1,2,86629,88151,88151,89169,89169,89789,89822,97822,97822,98422,98456,98490,101566,1522,1018,620,8000,600,983,0,600,1457,3110,3076,857,29.42351769,14.93873966,1,7,-2,150,-1,-1,49,5,7,1.0
20,1,3,101569,103092,103092,104097,104097,104727,104759,110759,110759,111392,111426,111460,114506,1523,1005,630,6000,633,599,0,600,1810,3080,3046,1210,42.36345251,12.93993482,1,4,1,210,1,1,51,5,4,2.0
20,1,4,114509,116032,116032,117036,117036,117641,117674,126674,126674,127274,127306,127339,130448,1523,1004,605,9000,600,729,0,600,1739,3142,3109,1139,58.30545942,15.9420069,1,40,-12,170,-1,-1,49,28,40,1.0
20,1,5,130451,131975,131975,132981,132981,133587,133620,140620,140620,141221,141253,141286,144392,1524,1006,606,7000,601,592,0,600,1871,3139,3106,1271,72.24976864,13.94430922,1,40,-12,200,-1,-1,49,28,40,1.0
20,1,6,144395,145919,145919,146924,146924,147524,147558,156058,156058,156691,156724,156758,159842,1524,1005,600,8500,633,573,0,600,1865,3118,3084,1265,87.69942578,15.44965714,1,10,-5,210,-1,-1,49,5,10,1.0
20,1,7,159845,161368,161368,162372,162372,162979,163012,169512,169512,170114,170147,170181,173302,1523,1004,607,6500,602,1096,0,600,1368,3155,3121,768,101.1597073,13.46028155,1,14,-4,170,-1,-1,49,10,14,1.0
20,1,8,173305,174824,174824,175828,175828,176434,176467,183467,183467,184069,184101,184134,187244,1519,1004,606,7000,602,1050,0,600,1419,3143,3110,819,115.1013538,13.94164649,1,9,1,170,1,1,51,10,9,2.0
20,1,9,187247,188773,188773,189777,189777,190381,190415,197915,197915,198515,198547,198581,201698,1526,1004,604,7500,600,1345,0,600,1121,3151,3117,521,129.5556319,14.45427805,0,10,4,190,1,-1,49,14,10,1.0
20,1,10,201701,203225,203225,204232,204232,204837,204870,211370,211370,211970,212002,212036,215155,1524,1007,605,6500,600,738,0,600,1726,3153,3119,1126,143.0121327,13.45650081,1,20,8,160,1,1,51,28,20,2.0
20,1,11,215158,216684,216684,217687,217687,218294,218327,226827,226827,227435,227467,227501,230621,1526,1003,607,8500,608,572,0,600,1884,3154,3120,1284,158.4780115,15.46587884,1,40,-20,170,-1,-1,49,20,40,1.0
20,1,12,230623,232145,232145,233148,233148,233774,233806,239806,239806,240439,240471,240505,243560,1522,1003,626,6000,633,606,0,600,1810,3089,3055,1210,171.4168268,12.9388153,1,28,-14,210,-1,-1,49,14,28,1.0
20,1,13,243563,245085,245085,246090,246090,246695,246729,255729,255729,256329,256362,256396,259522,1522,1005,605,9000,600,676,0,600,1792,3160,3126,1192,187.3791095,15.96228267,1,7,7,210,1,1,51,14,7,2.0
20,1,14,259524,261046,261046,262057,262057,262661,262694,270694,270694,271294,271327,271360,274460,1522,1011,604,8000,600,1139,0,600,1324,3133,3100,724,202.3173836,14.93827408,0,27,1,160,1,-1,49,28,27,1.0
20,1,15,274463,275984,275984,276992,276992,277597,277629,285129,285129,285731,285764,285798,288920,1521,1008,605,7500,602,774,0,600,1690,3156,3122,1090,216.776705,14.45932145,1,6,1,170,1,1,51,7,6,2.0
20,1,16,288923,290445,290445,291453,291453,292059,292091,298091,298091,298716,298748,298781,301873,1522,1008,606,6000,625,517,0,600,1922,3125,3092,1322,229.7300647,12.95335968,1,4,6,150,1,1,51,10,4,2.0
20,1,17,301876,303399,303399,304407,304407,305037,305070,311570,311570,312196,312229,312263,315326,1523,1008,630,6500,626,515,0,600,1898,3097,3063,1298,243.182663,13.45259832,1,4,1,200,1,1,51,5,4,2.0
20,1,18,315329,316849,316849,317853,317853,318458,318491,325491,325491,326107,326140,326173,329261,1520,1004,605,7000,616,608,0,600,1847,3121,3088,1247,257.1177132,13.93505023,1,79,-51,210,-1,-1,49,28,79,1.0
20,1,19,329264,330793,330793,331799,331799,332402,332434,341434,341434,342062,342094,342127,345204,1529,1006,603,9000,628,567,0,600,1867,3110,3077,1267,273.0614369,15.9437237,1,7,7,210,1,1,51,14,7,2.0
20,1,20,345207,346732,346732,347741,347741,348346,348379,356379,356379,357011,357043,357077,360157,1525,1009,605,8000,632,440,0,600,1989,3114,3080,1389,288.0136861,14.9522492,1,5,2,200,1,1,51,7,5,2.0
20,1,21,360160,361684,361684,362689,362689,363294,363327,371827,371827,372436,372469,372502,375596,1524,1005,605,8500,609,707,0,600,1750,3127,3094,1150,303.4529642,15.43927802,1,40,-12,210,-1,-1,49,28,40,1.0
20,1,22,375599,377120,377120,378126,378126,378742,378774,387274,387274,387903,387935,387969,391056,1521,1006,616,8500,629,375,0,600,2053,3121,3087,1453,318.9128088,15.45984459,1,4,6,190,1,1,51,10,4,2.0
20,1,23,391058,392577,392577,393583,393583,394192,394224,400724,400724,401325,401357,401390,404515,1519,1006,609,6500,601,423,0,600,2042,3158,3125,1442,332.3712587,13.45844994,1,28,-14,160,-1,-1,49,14,28,1.0
20,1,24,404517,406044,406044,407048,407048,407655,407688,415688,415688,416290,416323,416356,419472,1527,1004,607,8000,602,830,0,600,1630,3149,3116,1030,347.3283946,14.9571359,0,20,-6,210,-1,1,51,14,20,2.0
20,1,25,419475,420997,420997,422001,422001,422608,422641,430141,430141,430774,430807,430841,433918,1522,1004,607,7500,633,952,0,600,1482,3111,3077,882,361.7750343,14.44663972,0,14,6,190,1,-1,49,20,14,1.0
20,1,26,433921,435448,435448,436450,436450,437055,437088,446088,446088,446689,446722,446755,449862,1527,1002,605,9000,601,691,0,600,1774,3140,3107,1174,377.7187815,15.9437472,1,14,-7,190,-1,-1,49,7,14,1.0
20,1,27,449865,451390,451390,452393,452393,453024,453057,460057,460057,460658,460691,460725,463812,1525,1003,631,7000,601,443,0,600,1997,3121,3087,1397,391.6683276,13.94954609,1,14,-9,190,-1,-1,49,5,14,1.0
20,1,28,463815,465343,465343,466351,466351,466958,466991,472991,472991,473609,473642,473675,476754,1528,1008,607,6000,618,503,0,600,1936,3112,3079,1336,404.6105741,12.94224648,1,2,5,170,1,1,51,7,2,2.0
20,1,29,476757,478277,478277,479281,479281,479886,479918,487418,487418,488019,488051,488085,491194,1520,1004,605,7500,601,399,0,600,2071,3143,3109,1471,419.0511898,14.44061572,1,20,-10,190,-1,-1,49,10,20,1.0
20,1,30,491197,492714,492714,493719,493719,494324,494357,502857,502857,503487,503519,503553,506634,1517,1005,605,8500,630,413,0,600,2030,3115,3081,1430,434.4910217,15.43983191,1,4,3,180,1,1,51,7,4,2.0
20,1,31,506637,508164,508164,509170,509170,509774,509807,516307,516307,516938,516972,517006,520097,1527,1006,604,6500,631,516,0,600,1916,3125,3091,1316,447.95331,13.46228824,1,10,-3,190,-1,-1,49,7,10,1.0
20,1,32,520100,521626,521626,522633,522633,523267,523301,531301,531301,531918,531951,531985,535045,1526,1007,634,8000,617,383,0,600,2033,3094,3060,1433,462.9018296,14.94851969,1,2,3,200,1,1,51,5,2,2.0
20,1,33,535048,536571,536571,537580,537580,538184,538216,547216,547216,547848,547882,547916,550994,1523,1009,604,9000,632,858,0,600,1574,3112,3078,974,478.8506899,15.94886022,1,9,1,180,1,1,51,10,9,2.0
20,1,34,550997,552522,552522,553531,553531,554138,554170,561170,561170,561770,561803,561836,564929,1525,1009,607,7000,600,549,0,600,1910,3126,3093,1310,492.785653,13.93496314,1,19,1,150,1,1,51,20,19,2.0
20,1,35,564931,566457,566457,567462,567462,568064,568097,574097,574097,574702,574735,574768,577895,1526,1005,602,6000,605,328,0,600,2134,3160,3127,1534,505.7520365,12.96638345,1,57,-37,200,-1,-1,49,20,57,1.0
20,1,36,577898,579422,579422,580430,580430,581035,581067,587067,587067,587668,587701,587735,590831,1524,1008,605,6000,601,325,0,600,2137,3130,3096,1537,518.6876014,12.93556493,1,14,6,200,1,1,51,20,14,2.0
20,2,37,25954,27476,27476,28492,28492,29108,29142,38142,38142,38742,38775,38811,41898,1522,1016,616,9000,600,372,0,600,2074,3123,3087,1474,15.95676223,15.95676223,1,40,-20,190,-1,-1,49,20,40,1.0
20,2,38,41903,43426,43426,44430,44430,45033,45066,51066,51066,51686,51719,51753,54860,1523,1004,603,6000,620,366,0,600,2084,3141,3107,1484,28.916993,12.96023077,1,79,-51,170,-1,-1,49,28,79,1.0
20,2,39,54863,56388,56388,57395,57395,58001,58033,64533,64533,65135,65167,65200,68293,1525,1007,606,6500,602,357,0,600,2103,3126,3093,1503,42.34968562,13.43269261,1,7,7,160,1,1,51,14,7,2.0
20,2,40,68296,69813,69813,70819,70819,71424,71458,78458,78458,79060,79092,79125,82229,1517,1006,605,7000,602,658,0,600,1812,3137,3104,1212,56.2857749,13.93608928,0,19,1,180,1,-1,49,20,19,1.0
20,2,41,82232,83755,83755,84765,84765,85372,85404,93404,93404,94004,94036,94069,97169,1523,1010,607,8000,600,327,0,600,2133,3133,3100,1533,71.22619308,14.94041818,1,7,7,200,1,1,51,14,7,2.0
20,2,42,97172,98698,98698,99704,99704,100307,100340,108840,108840,109461,109494,109528,112618,1526,1006,603,8500,621,350,0,600,2094,3124,3090,1494,86.67472347,15.44853039,1,2,5,210,1,1,51,7,2,2.0
20,2,43,112621,114142,114142,115147,115147,115780,115813,123313,123313,123914,123948,123981,127084,1521,1005,633,7500,601,495,0,600,1945,3136,3103,1345,101.1409636,14.46624016,1,14,-9,170,-1,-1,49,5,14,1.0
20,2,44,127087,128612,128612,129616,129616,130221,130252,138252,138252,138853,138885,138919,142025,1525,1004,605,8000,601,1150,0,600,1315,3140,3106,715,116.0815759,14.94061225,1,6,1,180,1,1,51,7,6,2.0
20,2,45,142028,143551,143551,144557,144557,145161,145193,153693,153693,154324,154358,154393,157471,1523,1006,604,8500,631,352,0,600,2084,3113,3078,1484,131.5275222,15.44594631,1,4,6,210,1,1,51,10,4,2.0
20,2,46,157474,158998,158998,160003,160003,160606,160638,167138,167138,167738,167770,167804,170928,1524,1005,603,6500,600,321,0,600,2147,3158,3124,1547,144.9847387,13.45721652,1,14,-9,170,-1,-1,49,5,14,1.0
20,2,47,170931,172454,172454,173458,173458,174061,174094,180094,180094,180696,180729,180763,183879,1523,1004,603,6000,602,347,0,600,2121,3150,3116,1521,157.9351349,12.9503962,1,20,-13,160,-1,-1,49,7,20,1.0
20,2,48,183882,185405,185405,186410,186410,187016,187049,194549,194549,195182,195214,195248,198326,1523,1005,606,7500,633,501,0,600,1932,3112,3078,1332,172.3825985,14.44746361,1,14,14,190,1,1,51,28,14,2.0
20,2,49,198329,199852,199852,200853,200853,201460,201494,208494,208494,209096,209130,209164,212292,1523,1001,607,7000,602,618,0,600,1849,3162,3128,1249,186.3484371,13.96583861,1,20,-6,180,-1,-1,49,14,20,1.0
20,2,50,212295,213817,213817,214825,214825,215456,215488,224488,224488,225104,225137,225171,228229,1522,1008,631,9000,616,410,0,600,2013,3092,3058,1413,202.2858858,15.93744868,1,2,3,190,1,1,51,5,2,2.0
20,2,51,228232,229761,229761,230768,230768,231375,231407,239407,239407,240041,240073,240107,243191,1529,1007,607,8000,634,345,0,600,2078,3118,3084,1478,217.2474636,14.96157781,1,28,-14,160,-1,-1,49,14,28,1.0
20,2,52,243193,244713,244713,245716,245716,246337,246369,253369,253369,254001,254034,254068,257137,1520,1003,621,7000,632,459,0,600,1965,3103,3069,1365,231.1935502,13.94608659,1,13,1,170,1,1,51,14,13,2.0
20,2,53,257140,258661,258661,259665,259665,260269,260302,266302,266302,266917,266950,266983,270081,1521,1004,604,6000,615,332,0,600,2124,3131,3098,1524,244.1374689,12.94391867,1,56,-28,160,-1,-1,49,28,56,1.0
20,2,54,270084,271604,271604,272610,272610,273214,273247,282247,282247,282848,282881,282915,286028,1520,1006,604,9000,601,766,0,600,1703,3147,3113,1103,260.0838872,15.94641837,0,28,-8,160,-1,1,51,20,28,2.0
20,2,55,286031,287553,287553,288554,288554,289156,289190,297690,297690,298306,298338,298371,301474,1522,1001,602,8500,616,398,0,600,2061,3136,3103,1461,275.5304381,15.44655082,1,56,-28,180,-1,-1,49,28,56,1.0
20,2,56,301477,303002,303002,304007,304007,304611,304644,312144,312144,312762,312795,312828,315917,1525,1005,604,7500,618,388,0,600,2060,3122,3089,1460,289.973709,14.44327092,1,4,3,180,1,1,51,7,4,2.0
20,2,57,315920,317443,317443,318448,318448,319055,319088,325588,325588,326220,326253,326286,329363,1523,1005,607,6500,632,533,0,600,1900,3110,3077,1300,303.4191942,13.44548524,1,20,8,170,1,1,51,28,20,2.0
20,2,58,329366,330887,330887,331896,331896,332503,332536,341536,341536,342137,342170,342203,345297,1521,1009,607,9000,601,936,0,600,1526,3127,3094,926,319.3532825,15.93408832,0,19,1,200,1,-1,49,20,19,1.0
20,2,59,345300,346822,346822,347825,347825,348432,348465,355465,355465,356097,356130,356163,359250,1522,1003,607,7000,632,382,0,600,2054,3120,3087,1454,333.306264,13.95298149,1,7,13,170,1,1,51,20,7,2.0
20,2,60,359253,360771,360771,361778,361778,362381,362415,368915,368915,369530,369562,369595,372695,1518,1007,603,6500,615,591,0,600,1866,3133,3100,1266,346.7511592,13.4448952,1,7,3,150,1,1,51,10,7,2.0
20,2,61,372698,374222,374222,375227,375227,375832,375866,381866,381866,382496,382530,382563,385656,1524,1005,605,6000,630,360,0,600,2076,3126,3093,1476,359.7128118,12.96165255,1,7,13,170,1,1,51,20,7,2.0
20,2,62,385659,387188,387188,388195,388195,388795,388827,396827,396827,397458,397492,397527,400615,1529,1007,600,8000,631,546,0,600,1887,3123,3088,1287,374.6716967,14.95888494,1,4,1,150,1,1,51,5,4,2.0
20,2,63,400618,402141,402141,403144,403144,403747,403780,412280,412280,412882,412915,412950,416066,1523,1003,603,8500,602,380,0,600,2089,3151,3116,1489,390.1222055,15.45050875,1,14,14,200,1,1,51,28,14,2.0
20,2,64,416069,417597,417597,418604,418604,419211,419244,426744,426744,427347,427380,427414,430511,1528,1007,607,7500,603,461,0,600,1994,3131,3097,1394,404.5670832,14.44487772,1,9,1,170,1,1,51,10,9,2.0
20,2,65,430514,432036,432036,433041,433041,433646,433678,440178,440178,440780,440812,440846,443957,1522,1005,605,6500,602,793,0,600,1673,3145,3111,1073,418.0130268,13.4459436,1,5,2,150,1,1,51,7,5,2.0
20,2,66,443960,445484,445484,446488,446488,447116,447148,456148,456148,456767,456800,456833,459892,1524,1004,628,9000,619,378,0,600,2047,3092,3059,1447,433.9481168,15.93509001,1,2,3,170,1,1,51,5,2,2.0
20,2,67,459895,461424,461424,462429,462429,463036,463068,471068,471068,471672,471705,471738,474855,1529,1005,607,8000,604,710,0,600,1745,3150,3117,1145,448.911431,14.96331419,1,14,-4,200,-1,-1,49,10,14,1.0
20,2,68,474858,476380,476380,477387,477387,477991,478024,484024,484024,484626,484660,484694,487792,1522,1007,604,6000,602,293,0,600,2172,3132,3098,1572,461.8477291,12.93629812,1,7,3,150,1,1,51,10,7,2.0
20,2,69,487794,489317,489317,490323,490323,490942,490974,498474,498474,499090,499122,499155,502251,1523,1006,619,7500,616,357,0,600,2079,3129,3096,1479,476.3069562,14.45922713,1,3,2,200,1,1,51,5,3,2.0
20,2,70,502254,503774,503774,504780,504780,505384,505416,513916,513916,514518,514551,514585,517710,1520,1006,604,8500,602,649,0,600,1819,3159,3125,1219,491.7659109,15.45895471,1,14,-4,200,-1,-1,49,10,14,1.0
20,2,71,517712,519238,519238,520238,520238,520840,520871,527871,527871,528503,528536,528569,531648,1526,1000,602,7000,632,402,0,600,2038,3112,3079,1438,505.7042356,13.9383247,1,4,3,170,1,1,51,7,4,2.0
20,2,72,531651,533176,533176,534186,534186,534791,534824,540824,540824,541446,541479,541513,544598,1525,1010,605,6000,622,287,0,600,2151,3119,3085,1551,518.6537094,12.94947377,1,7,7,160,1,1,51,14,7,2.0
20,3,73,24585,26108,26108,27124,27124,27744,27778,33778,33778,34379,34412,34448,37549,1523,1016,620,6000,601,702,0,600,1738,3137,3101,1138,12.97706813,12.97706813,1,19,1,160,1,1,51,20,19,2.0
20,3,74,37554,39078,39078,40085,40085,40686,40718,47718,47718,48339,48372,48406,51504,1524,1007,601,7000,621,202,0,600,2245,3132,3098,1645,26.93028738,13.95321925,1,3,2,200,1,1,51,5,3,2.0
20,3,75,51507,53027,53027,54032,54032,54638,54671,63671,63671,64302,64334,64369,67468,1520,1005,606,9000,631,360,0,600,2078,3134,3099,1478,42.89384025,15.96355286,1,7,7,170,1,1,51,14,7,2.0
20,3,76,67471,69002,69002,70009,70009,70637,70670,77170,77170,77772,77804,77838,80915,1531,1007,628,6500,602,793,0,600,1639,3111,3077,1039,56.34112666,13.44728641,1,6,1,190,1,1,51,7,6,2.0
20,3,77,80918,82443,82443,83445,83445,84048,84081,92081,92081,92682,92714,92748,95855,1525,1002,603,8000,601,629,0,600,1840,3141,3107,1240,71.28089905,14.93977239,1,14,6,190,1,1,51,20,14,2.0
20,3,78,95858,97379,97379,98380,98380,98984,99016,107516,107516,108148,108181,108214,111297,1521,1001,604,8500,632,343,0,600,2099,3116,3083,1499,86.72314086,15.44224181,1,28,-8,170,-1,-1,49,20,28,1.0
20,3,79,111300,112826,112826,113834,113834,114441,114474,121974,121974,122605,122637,122671,125746,1526,1008,607,7500,631,271,0,600,2157,3109,3075,1557,101.1721637,14.4490228,1,20,-13,210,-1,-1,49,7,20,1.0
20,3,80,125749,127272,127272,128273,128273,128876,128907,137907,137907,138508,138540,138575,141708,1523,1001,603,9000,601,523,0,600,1949,3168,3133,1349,117.134113,15.96194938,1,7,13,180,1,1,51,20,7,2.0
20,3,81,141710,143226,143226,144257,144257,144859,144891,152891,152891,153523,153557,153590,156651,1516,1031,602,8000,632,358,0,600,2061,3094,3061,1461,132.0769722,14.94285912,1,4,1,150,1,1,51,5,4,2.0
20,3,82,156654,158181,158181,159186,159186,159792,159824,165824,165824,166457,166490,166523,169611,1527,1005,606,6000,633,968,0,600,1461,3121,3088,861,145.0364836,12.95951145,1,13,1,210,1,1,51,14,13,2.0
20,3,83,169614,171135,171135,172139,172139,172745,172777,181277,181277,181898,181931,181965,185055,1521,1004,606,8500,621,314,0,600,2134,3124,3090,1534,160.4808285,15.44434493,1,79,-51,190,-1,-1,49,28,79,1.0
20,3,84,185058,186581,186581,187584,187584,188188,188221,195721,195721,196338,196371,196404,199502,1523,1003,604,7500,617,487,0,600,1966,3131,3098,1366,174.9275846,14.44675604,1,2,5,170,1,1,51,7,2,2.0
20,3,85,199504,201025,201025,202026,202026,202631,202664,209664,209664,210267,210302,210335,213446,1521,1001,605,7000,603,508,0,600,1962,3144,3111,1362,188.8717871,13.94420254,1,14,6,180,1,1,51,20,14,2.0
20,3,86,213449,214971,214971,215972,215972,216574,216606,223106,223106,223723,223756,223791,226889,1522,1001,602,6500,617,325,0,600,2133,3133,3098,1533,202.3150243,13.44323717,1,79,-51,200,-1,-1,49,28,79,1.0
20,3,87,226892,228418,228418,229425,229425,230030,230062,236562,236562,237164,237196,237229,240350,1526,1007,605,6500,602,416,0,600,2044,3154,3121,1444,215.7754113,13.46038702,1,28,-18,180,-1,-1,49,10,28,1.0
20,3,88,240353,241869,241869,242872,242872,243475,243507,251507,251507,252108,252141,252174,255294,1516,1003,603,8000,601,1062,0,600,1415,3153,3120,815,230.7195283,14.94411696,1,9,1,200,1,1,51,10,9,2.0
20,3,89,255297,256821,256821,257824,257824,258432,258464,264464,264464,265096,265129,265162,268254,1524,1003,608,6000,632,448,0,600,1985,3125,3092,1385,243.6800007,12.96047246,0,27,1,160,1,-1,49,28,27,1.0
20,3,90,268257,269777,269777,270783,270783,271386,271419,280419,280419,281044,281076,281109,284217,1520,1006,603,9000,625,436,0,600,2010,3141,3108,1410,259.6426556,15.96265484,1,2,3,200,1,1,51,5,2,2.0
20,3,91,284220,285744,285744,286749,286749,287371,287403,295903,295903,296535,296567,296601,299659,1524,1005,622,8500,632,253,0,600,2164,3092,3058,1564,275.0841982,15.44154267,1,7,7,200,1,1,51,14,7,2.0
20,3,92,299662,301183,301183,302188,302188,302811,302843,309843,309843,310475,310509,310542,313619,1521,1005,623,7000,632,406,0,600,2013,3110,3077,1413,289.0449886,13.96079038,1,28,-14,210,-1,-1,49,14,28,1.0
20,3,93,313622,315142,315142,316146,316146,316752,316784,324284,324284,324886,324919,324954,328075,1520,1004,606,7500,602,1747,0,600,721,3156,3121,121,303.5004612,14.4554726,1,20,-10,210,-1,-1,49,10,20,1.0
20,3,94,328078,329597,329597,330602,330602,331205,331238,340238,340238,340838,340872,340906,344037,1519,1005,603,9000,600,425,0,600,2048,3165,3131,1448,319.4626761,15.96221487,1,20,-10,150,-1,-1,49,10,20,1.0
20,3,95,344040,345564,345564,346568,346568,347172,347205,353705,353705,354307,354339,354372,357480,1524,1004,604,6500,602,304,0,600,2162,3141,3108,1562,332.9050348,13.44235873,1,40,-20,200,-1,-1,49,20,40,1.0
20,3,96,357483,359004,359004,360013,360013,360615,360648,368648,368648,369265,369297,369331,372439,1521,1009,602,8000,617,569,0,600,1882,3142,3108,1282,347.864765,14.95973023,1,20,-13,190,-1,-1,49,7,20,1.0
20,3,97,372442,373966,373966,374971,374971,375572,375605,381605,381605,382223,382255,382288,385396,1524,1005,601,6000,618,401,0,600,2051,3141,3108,1451,360.8209532,12.95618816,1,7,-2,150,-1,-1,49,5,7,1.0
20,3,98,385399,386921,386921,387928,387928,388531,388564,397064,397064,397665,397698,397732,400837,1522,1007,603,8500,601,985,0,600,1482,3139,3105,882,376.2624223,15.44146914,1,5,9,180,1,1,51,14,5,2.0
20,3,99,400840,402362,402362,403366,403366,403969,404001,411501,411501,412101,412133,412166,415294,1522,1004,603,7500,600,1715,0,600,756,3161,3128,156,390.7193243,14.45690191,0,28,-18,190,-1,1,51,10,28,2.0
20,3,100,415297,416821,416821,417826,417826,418437,418470,425470,425470,426072,426106,426139,429248,1524,1005,611,7000,602,597,0,600,1861,3142,3109,1261,404.6729434,13.95361914,1,27,1,170,1,1,51,28,27,2.0
20,3,101,429251,430771,430771,431774,431774,432380,432413,440913,440913,441513,441547,441580,444690,1520,1003,606,8500,600,215,0,600,2256,3143,3110,1656,420.1147832,15.44183981,1,10,18,180,1,1,51,28,10,2.0
20,3,102,444692,446212,446212,447217,447217,447821,447853,456853,456853,457454,457487,457522,460639,1520,1005,604,9000,601,576,0,600,1894,3152,3117,1294,436.064194,15.94941078,1,9,1,160,1,1,51,10,9,2.0
20,3,103,460642,462160,462160,463164,463164,463770,463803,470803,470803,471404,471436,471469,474582,1518,1004,606,7000,601,571,0,600,1900,3146,3113,1300,450.0070658,13.94287178,1,10,4,210,1,1,51,14,10,2.0
20,3,104,474585,476105,476105,477108,477108,477711,477744,485244,485244,485864,485896,485929,489017,1520,1003,603,7500,620,351,0,600,2103,3121,3088,1503,464.4424127,14.43534691,1,10,-3,150,-1,-1,49,7,10,1.0
20,3,105,489020,490544,490544,491547,491547,492155,492188,500188,500188,500789,500822,500856,503964,1524,1003,608,8000,601,433,0,600,2031,3142,3108,1431,479.3892267,14.94681405,1,40,-12,170,-1,-1,49,28,40,1.0
20,3,106,503967,505489,505489,506497,506497,507128,507161,513662,513662,514263,514296,514328,517409,1522,1008,631,6501,601,466,0,600,1971,3113,3081,1371,492.8351528,13.44592612,1,10,-5,210,-1,-1,49,5,10,1.0
20,3,107,517413,518938,518938,519946,519946,520551,520582,526582,526582,527182,527216,527249,530362,1525,1008,605,6000,600,441,0,600,2021,3146,3113,1421,505.7867885,12.95163566,1,14,-7,170,-1,-1,49,7,14,1.0
20,3,108,530364,531886,531886,532894,532894,533494,533527,540027,540027,540646,540678,540712,543826,1522,1008,600,6500,619,509,0,600,1942,3148,3114,1342,519.2511112,13.46432266,1,4,1,190,1,1,51,5,4,2.0
20,4,109,52860,54384,54384,55401,55401,56013,56046,63046,63046,63648,63680,63716,66824,1524,1017,612,7000,602,455,0,600,1990,3144,3108,1390,13.97712268,13.97712268,1,20,-6,180,-1,-1,49,14,20,1.0
20,4,110,66829,68350,68350,69354,69354,69956,69989,75989,75989,76592,76624,76657,79775,1521,1004,602,6000,603,410,0,600,2060,3151,3118,1460,26.92662748,12.94950481,1,27,1,170,1,1,51,28,27,2.0
20,4,111,79778,81301,81301,82306,82306,82909,82943,90443,90443,91047,91079,91114,94213,1523,1005,603,7500,604,425,0,600,2040,3134,3099,1440,41.36443823,14.43781075,1,27,1,200,1,1,51,28,27,2.0
20,4,112,94216,95739,95739,96744,96744,97347,97380,106380,106380,106982,107016,107051,110161,1523,1005,603,9000,602,372,0,600,2095,3145,3110,1495,57.31242212,15.94798389,1,28,-18,180,-1,-1,49,10,28,1.0
20,4,113,110164,111692,111692,112699,112699,113304,113337,121837,121837,122470,122504,122537,125603,1528,1007,605,8500,633,577,0,600,1850,3099,3066,1250,72.75366555,15.44124343,1,13,1,210,1,1,51,14,13,2.0
20,4,114,125605,127130,127130,128134,128134,128740,128773,135273,135273,135874,135907,135940,139039,1525,1004,606,6500,601,421,0,600,2043,3132,3099,1443,86.18981857,13.43615302,1,14,14,160,1,1,51,28,14,2.0
20,4,115,139041,140564,140564,141569,141569,142172,142204,150204,150204,150806,150839,150872,153990,1523,1005,603,8000,602,279,0,600,2188,3151,3118,1588,101.1411704,14.95135178,1,28,-8,160,-1,-1,49,20,28,1.0
20,4,116,153993,155513,155513,156522,156522,157124,157156,164656,164656,165271,165303,165337,168426,1520,1009,602,7500,615,387,0,600,2067,3123,3089,1467,115.577311,14.43614066,1,2,5,150,1,1,51,7,2,2.0
20,4,117,168429,169954,169954,170958,170958,171563,171595,178095,178095,178695,178729,178762,181880,1525,1004,605,6500,600,536,0,600,1930,3151,3118,1330,129.0309098,13.4535988,0,14,-4,190,-1,1,51,10,14,2.0
20,4,118,181883,183406,183406,184410,184410,185016,185049,194049,194049,194650,194683,194717,197827,1523,1004,606,9000,601,369,0,600,2097,3144,3110,1497,144.978558,15.94764819,1,28,-14,210,-1,-1,49,14,28,1.0
20,4,119,197830,199351,199351,200357,200357,200962,200994,206994,206994,207625,207657,207690,210776,1521,1006,605,6000,631,314,0,600,2123,3119,3086,1523,157.9270048,12.94844676,1,5,5,170,1,1,51,10,5,2.0
20,4,120,210779,212302,212302,213307,213307,213912,213945,220945,220945,221547,221580,221613,224742,1523,1005,605,7000,602,679,0,600,1786,3162,3129,1186,171.8930582,13.96605347,1,19,1,200,1,1,51,20,19,2.0
20,4,121,224744,226269,226269,227275,227275,227898,227930,236430,236430,237046,237078,237111,240199,1525,1006,623,8500,616,287,0,600,2143,3121,3088,1543,187.3496166,15.45655837,1,4,3,200,1,1,51,7,4,2.0
20,4,122,240201,241721,241721,242727,242727,243351,243384,251384,251384,251988,252020,252054,255154,1520,1006,624,8000,604,653,0,600,1793,3134,3100,1193,202.3046111,14.95499451,1,20,-6,160,-1,-1,49,14,20,1.0
20,4,123,255157,256678,256678,257682,257682,258286,258319,265819,265819,266420,266453,266487,269612,1521,1004,604,7500,601,742,0,600,1728,3159,3125,1128,216.7632723,14.45866119,0,19,1,190,1,-1,49,20,19,1.0
20,4,124,269615,271139,271139,272145,272145,272750,272784,280784,280784,281384,281418,281452,284551,1524,1006,605,8000,600,850,0,600,1615,3133,3099,1015,231.7024658,14.9391935,1,19,1,150,1,1,51,20,19,2.0
20,4,125,284554,286076,286076,287081,287081,287683,287715,293715,293715,294318,294351,294384,297485,1522,1005,602,6000,603,818,0,600,1650,3134,3101,1050,244.636103,12.9336372,1,20,-13,200,-1,-1,49,7,20,1.0
20,4,126,297488,299012,299012,300017,300017,300621,300653,309653,309653,310276,310309,310342,313438,1524,1005,604,9000,623,453,0,600,1991,3129,3096,1391,260.5887515,15.95264849,1,7,-2,210,-1,-1,49,5,7,1.0
20,4,127,313440,314959,314959,315963,315963,316596,316629,323629,323629,324260,324293,324327,327390,1519,1004,633,7000,631,387,0,600,2026,3097,3063,1426,274.540429,13.95167754,1,14,-9,200,-1,-1,49,5,14,1.0
20,4,128,327393,328914,328914,329920,329920,330523,330555,339055,339055,339658,339690,339724,342834,1521,1006,603,8500,603,405,0,600,2062,3144,3110,1462,289.9847547,15.44432565,1,20,-10,160,-1,-1,49,10,20,1.0
20,4,129,342837,344357,344357,345364,345364,345970,346002,352502,352502,353102,353134,353168,356274,1520,1007,606,6500,600,333,0,600,2134,3140,3106,1534,303.424677,13.43992231,1,7,13,210,1,1,51,20,7,2.0
20,4,130,356277,357799,357799,358801,358801,359403,359436,365436,365436,366037,366070,366104,369236,1522,1002,602,6000,601,423,0,600,2050,3166,3132,1450,316.3867162,12.96203918,1,7,3,150,1,1,51,10,7,2.0
20,4,131,369239,370769,370769,371778,371778,372384,372418,378918,378918,379550,379583,379616,382684,1530,1009,606,6500,632,1140,0,600,1283,3101,3068,683,329.8350483,13.4483321,0,14,14,150,1,-1,49,28,14,1.0
20,4,132,382687,384205,384205,385212,385212,385814,385847,393347,393347,393977,394010,394043,397142,1518,1007,602,7500,630,526,0,600,1917,3132,3099,1317,344.292633,14.45758477,1,4,1,200,1,1,51,5,4,2.0
20,4,133,397145,398669,398669,399671,399671,400278,400312,408312,408312,408944,408977,409011,412090,1524,1002,607,8000,632,1634,0,600,801,3113,3079,201,359.2404705,14.94783743,0,27,1,190,1,-1,49,28,27,1.0
20,4,134,412093,413617,413617,414627,414627,415232,415264,422264,422264,422884,422916,422949,426034,1524,1010,605,7000,620,346,0,600,2095,3118,3085,1495,373.1846127,13.94414227,1,2,5,180,1,1,51,7,2,2.0
20,4,135,426036,427565,427565,428569,428569,429173,429206,437706,437706,438309,438341,438375,441469,1529,1004,604,8500,603,286,0,600,2174,3128,3094,1574,388.6196179,15.43500518,1,14,6,150,1,1,51,20,14,2.0
20,4,136,441472,442997,442997,444002,444002,444606,444639,453639,453639,454240,454273,454307,457424,1525,1005,604,9000,601,218,0,600,2247,3151,3117,1647,404.5747782,15.95516025,1,14,-7,200,-1,-1,49,7,14,1.0
20,4,137,457427,458952,458952,459958,459958,460563,460597,467097,467097,467697,467730,467764,470867,1525,1006,605,6500,600,428,0,600,2036,3137,3103,1436,418.0173656,13.44258746,1,10,18,190,1,1,51,28,10,2.0
20,4,138,470870,472396,472396,473402,473402,474004,474037,483037,483037,483669,483702,483735,486820,1526,1006,602,9000,632,316,0,600,2118,3118,3085,1518,433.9704761,15.95311046,1,4,1,150,1,1,51,5,4,2.0
20,4,139,486823,488349,488349,489357,489357,489958,489991,498491,498491,499092,499125,499158,502256,1526,1008,601,8500,601,1044,0,600,1420,3131,3098,820,449.4070646,15.43658847,0,14,-9,150,-1,1,51,5,14,2.0
20,4,140,502259,503783,503783,504792,504792,505398,505431,511431,511431,512032,512065,512100,515195,1524,1009,606,6000,601,547,0,600,1913,3130,3095,1313,462.345426,12.93836147,1,5,5,160,1,1,51,10,5,2.0
20,4,141,515197,516712,516712,517720,517720,518326,518357,525357,525357,525976,526008,526042,529127,1515,1008,606,7000,619,311,0,600,2141,3119,3085,1541,476.2770047,13.93157867,1,2,5,200,1,1,51,7,2,2.0
20,4,142,529129,530655,530655,531659,531659,532262,532294,540294,540294,540895,540928,540963,544064,1526,1004,603,8000,601,332,0,600,2134,3136,3101,1534,491.2148415,14.93783682,1,5,9,190,1,1,51,14,5,2.0
20,4,143,544067,545590,545590,546593,546593,547220,547252,554752,554752,555354,555387,555421,558503,1523,1003,627,7500,602,1089,0,600,1356,3116,3082,756,505.6530283,14.43818683,1,4,1,180,1,1,51,5,4,2.0
20,4,144,558506,560029,560029,561036,561036,561640,561672,570172,570172,570773,570805,570840,573967,1523,1007,604,8500,601,518,0,600,1947,3162,3127,1347,521.1179293,15.46490095,1,5,9,160,1,1,51,14,5,2.0
20,5,145,24745,26269,26269,27288,27288,27902,27935,36935,36935,37540,37573,37611,40704,1524,1019,614,9000,605,244,0,600,2194,3131,3093,1594,15.97246802,15.97246802,1,40,-26,180,-1,-1,49,14,40,1.0
20,5,146,40709,42232,42232,43236,43236,43840,43873,51373,51373,51974,52006,52039,55155,1523,1004,604,7500,601,377,0,600,2091,3149,3116,1491,30.42065667,14.44818866,1,5,5,200,1,1,51,10,5,2.0
20,5,147,55158,56682,56682,57688,57688,58291,58325,65325,65325,65926,65958,65993,69096,1524,1006,603,7000,601,332,0,600,2134,3138,3103,1534,44.36139188,13.9407352,1,10,18,200,1,1,51,28,10,2.0
20,5,148,69098,70623,70623,71631,71631,72237,72270,80770,80770,81370,81402,81436,84542,1525,1008,606,8500,600,297,0,600,2164,3140,3106,1564,59.8078984,15.44650652,1,7,7,190,1,1,51,14,7,2.0
20,5,149,84545,86069,86069,87076,87076,87679,87712,94212,94212,94820,94852,94887,98006,1524,1007,603,6500,608,346,0,600,2112,3154,3119,1512,73.27255948,13.46466108,1,40,-20,150,-1,-1,49,20,40,1.0
20,5,150,98009,99533,99533,100537,100537,101143,101175,107175,107175,107775,107807,107840,110967,1524,1004,606,6000,600,484,0,600,1982,3160,3127,1382,86.23370666,12.96114718,1,19,1,160,1,1,51,20,19,2.0
20,5,151,110970,112499,112499,113507,113507,114114,114146,122146,122146,122764,122796,122829,125902,1529,1008,607,8000,618,239,0,600,2199,3106,3073,1599,101.1683519,14.93464521,1,79,-51,150,-1,-1,49,28,79,1.0
20,5,152,125905,127426,127426,128429,128429,129047,129079,135579,135579,136196,136228,136262,139357,1521,1003,618,6500,617,553,0,600,1888,3129,3095,1288,114.6230428,13.4546909,1,2,5,210,1,1,51,7,2,2.0
20,5,153,139360,140884,140884,141889,141889,142495,142527,149527,149527,150128,150160,150194,153306,1524,1005,606,7000,601,342,0,600,2122,3146,3112,1522,128.5720359,13.94899311,1,5,5,180,1,1,51,10,5,2.0
20,5,154,153309,154832,154832,155836,155836,156439,156471,164471,164471,165072,165105,165138,168250,1523,1004,603,8000,601,371,0,600,2098,3145,3112,1498,143.5158105,14.94377463,1,28,-8,150,-1,-1,49,20,28,1.0
20,5,155,168252,169772,169772,170775,170775,171378,171411,180411,180411,181015,181048,181082,184191,1520,1003,603,9000,604,725,0,600,1745,3143,3109,1145,159.4574323,15.94162178,1,14,-4,150,-1,-1,49,10,14,1.0
20,5,156,184194,185718,185718,186725,186725,187331,187363,194863,194863,195480,195512,195546,198640,1524,1007,606,7500,617,191,0,600,2255,3128,3094,1655,173.9058575,14.44842522,1,56,-28,170,-1,-1,49,28,56,1.0
20,5,157,198643,200163,200163,201167,201167,201772,201804,207804,207804,208405,208437,208471,211596,1520,1004,605,6000,601,444,0,600,2026,3159,3125,1426,186.8623118,12.95645425,1,14,-7,160,-1,-1,49,7,14,1.0
20,5,158,211599,213129,213129,214136,214136,214738,214771,223271,223271,223901,223935,223968,227019,1530,1007,602,8500,630,-1,2501,0,530,3084,3051,-70,202.2848344,15.42252264,-1,5,2,160,1,-2,-1,7,5,
20,5,159,227022,228549,228549,229555,229555,230161,230194,239194,239194,239794,239827,239861,242985,1527,1006,606,9000,600,1064,0,600,1397,3158,3124,797,218.250937,15.96610259,0,14,-4,180,-1,1,51,10,14,2.0
20,5,160,242988,244512,244512,245518,245518,246122,246155,254155,254155,254767,254799,254833,257925,1524,1006,604,8000,612,414,0,600,2040,3126,3092,1440,233.1912629,14.94032597,1,56,-28,180,-1,-1,49,28,56,1.0
20,5,161,257928,259454,259454,260461,260461,261064,261096,269596,269596,270196,270228,270262,273387,1526,1007,603,8500,600,448,0,600,2016,3159,3125,1416,248.6524552,15.46119223,1,14,6,210,1,1,51,20,14,2.0
20,5,162,273390,274913,274913,275919,275919,276551,276584,283584,283584,284214,284246,284280,287353,1523,1006,632,7000,630,491,0,600,1918,3107,3073,1318,262.6191409,13.9666857,1,4,1,210,1,1,51,5,4,2.0
20,5,163,287356,288876,288876,289881,289881,290485,290517,296517,296517,297148,297180,297213,300318,1520,1005,604,6000,631,364,0,600,2076,3138,3105,1476,275.584243,12.96510211,1,5,2,190,1,1,51,7,5,2.0
20,5,164,300321,301845,301845,302851,302851,303454,303487,310987,310987,311591,311624,311657,314781,1524,1006,603,7500,604,292,0,600,2171,3157,3124,1571,290.0464131,14.46217012,1,7,-2,160,-1,-1,49,5,7,1.0
20,5,165,314783,316304,316304,317304,317304,317927,317959,324459,324459,325060,325093,325129,328245,1521,1000,623,6500,601,798,0,600,1657,3152,3116,1057,303.5110112,13.4645981,1,20,-6,170,-1,-1,49,14,20,1.0
20,5,166,328248,329778,329778,330789,330789,331396,331428,338928,338928,339528,339561,339595,342692,1530,1011,607,7500,600,1202,0,600,1250,3131,3097,650,317.957283,14.44627177,0,4,6,160,1,-1,49,10,4,1.0
20,5,167,342695,344214,344214,345217,345217,345832,345865,354865,354865,355466,355499,355534,358629,1519,1003,615,9000,601,391,0,600,2071,3130,3095,1471,333.895149,15.93786605,1,10,-5,160,-1,-1,49,5,10,1.0
20,5,168,358632,360154,360154,361158,361158,361763,361795,369795,369795,370411,370443,370476,373592,1522,1004,605,8000,616,280,0,600,2173,3149,3116,1573,348.8580657,14.96291671,1,2,3,180,1,1,51,5,2,2.0
20,5,169,373595,375119,375119,376123,376123,376729,376762,385262,385262,385884,385916,385949,389030,1524,1004,606,8500,622,568,0,600,1876,3114,3081,1276,364.2953461,15.43728037,1,10,4,200,1,1,51,14,10,2.0
20,5,170,389032,390553,390553,391559,391559,392162,392194,399194,399194,399811,399843,399876,402971,1521,1006,603,7000,617,387,0,600,2066,3128,3095,1466,378.2369136,13.94156753,1,79,-51,210,-1,-1,49,28,79,1.0
20,5,171,402974,404498,404498,405504,405504,406111,406144,412644,412644,413245,413278,413312,416430,1524,1006,607,6500,601,442,0,600,2020,3152,3118,1420,391.6958057,13.45889202,1,19,1,190,1,1,51,20,19,2.0
20,5,172,416433,417958,417958,418962,418962,419563,419596,425596,425596,426221,426254,426287,429384,1525,1004,601,6000,625,321,0,600,2124,3130,3097,1524,404.6500061,12.95420045,1,3,2,200,1,1,51,5,3,2.0
20,5,173,429387,430910,430910,431920,431920,432525,432558,441058,441058,441692,441725,441759,444824,1523,1010,605,8500,634,1101,0,600,1327,3099,3065,727,420.0891045,15.43909842,0,27,1,160,1,-1,49,28,27,1.0
20,5,174,444827,446348,446348,447354,447354,447959,447992,455992,455992,456602,456634,456667,459772,1521,1006,605,8000,610,398,0,600,2060,3138,3105,1460,435.0373271,14.94822256,1,57,-37,170,-1,-1,49,20,57,1.0
20,5,175,459775,461298,461298,462302,462302,462909,462941,469441,469441,470041,470074,470108,473221,1523,1004,607,6500,600,345,0,600,2121,3147,3113,1521,448.4867691,13.44944197,1,13,1,180,1,1,51,14,13,2.0
20,5,176,473224,474751,474751,475758,475758,476385,476418,485418,485418,486051,486084,486117,489180,1527,1007,627,9000,633,625,0,600,1781,3096,3063,1181,464.4450299,15.95826085,1,20,-13,190,-1,-1,49,7,20,1.0
20,5,177,489183,490706,490706,491711,491711,492311,492344,498344,498344,498976,499010,499043,502139,1523,1005,600,6000,632,457,0,600,1983,3129,3096,1383,477.4044934,12.95946354,1,4,6,150,1,1,51,10,4,2.0
20,5,178,502142,503664,503664,504672,504672,505282,505314,512315,512315,512938,512970,513003,516092,1522,1008,610,7001,623,1064,0,600,1372,3122,3089,772,491.3585022,13.95400879,0,13,1,180,1,-1,49,14,13,1.0
20,5,179,516096,517618,517618,518624,518624,519226,519260,526760,526760,527360,527393,527426,530550,1522,1006,602,7500,600,382,0,600,2088,3157,3124,1488,505.8144856,14.45598339,1,6,1,190,1,1,51,7,6,2.0
20,5,180,530552,532072,532072,533081,533081,533697,533730,542230,542230,542861,542893,542927,545985,1520,1009,616,8500,631,546,0,600,1878,3092,3058,1278,521.2504931,15.43600747,1,3,2,200,1,1,51,5,3,2.0
20,6,181,29678,31205,31205,32226,32226,32831,32864,41864,41864,42484,42516,42552,45643,1527,1021,605,9000,620,310,0,600,2117,3127,3091,1517,15.977553,15.977553,1,2,3,190,1,1,51,5,2,2.0
20,6,182,45647,47168,47168,48173,48173,48776,48809,54809,54809,55412,55446,55480,58583,1521,1005,603,6000,603,293,0,600,2175,3137,3103,1575,28.91522709,12.93767409,1,5,5,160,1,1,51,10,5,2.0
20,6,183,58585,60112,60112,61118,61118,61725,61759,68259,68259,68860,68892,68926,72026,1527,1006,607,6500,601,428,0,600,2031,3134,3100,1431,42.35923873,13.44401164,1,40,-12,200,-1,-1,49,28,40,1.0
20,6,184,72029,73554,73554,74565,74565,75169,75202,82202,82202,82803,82836,82870,85980,1525,1011,604,7000,601,473,0,600,1986,3144,3110,1386,56.31273583,13.9534971,0,10,-3,170,-1,1,51,7,10,2.0
20,6,185,85983,87509,87509,88513,88513,89117,89149,97649,97649,98249,98282,98317,101445,1526,1004,604,8500,600,289,0,600,2177,3163,3128,1577,71.77787545,15.46513962,1,7,7,160,1,1,51,14,7,2.0
20,6,186,101448,102972,102972,103977,103977,104583,104615,112115,112115,112746,112779,112812,115895,1524,1005,606,7500,631,411,0,600,2023,3116,3083,1423,86.22812293,14.45024748,1,10,18,210,1,1,51,28,10,2.0
20,6,187,115898,117421,117421,118425,118425,119029,119061,127061,127061,127679,127712,127745,130832,1523,1004,604,8000,618,446,0,600,2005,3120,3087,1405,101.1651072,14.9369843,1,10,4,200,1,1,51,14,10,2.0
20,6,188,130835,132360,132360,133364,133364,133970,134003,140503,140503,141103,141136,141170,144298,1525,1004,606,6500,600,874,0,600,1591,3162,3128,991,114.6307396,13.46563233,0,14,6,160,1,-1,49,20,14,1.0
20,6,189,144301,145831,145831,146837,146837,147443,147476,154976,154976,155578,155612,155645,158741,1530,1006,606,7500,602,1075,0,600,1381,3129,3096,781,129.0735931,14.44285355,0,29,-1,150,-1,1,51,28,29,2.0
20,6,190,158744,160269,160269,161271,161271,161876,161908,168908,168908,169511,169544,169578,172690,1525,1002,605,7000,603,760,0,600,1705,3146,3112,1105,143.0222825,13.94868935,1,20,-6,190,-1,-1,49,14,20,1.0
20,6,191,172692,174221,174221,175226,175226,175832,175866,183866,183866,184466,184499,184533,187627,1529,1005,606,8000,600,1006,0,600,1454,3128,3094,854,157.9594033,14.93712081,1,10,-3,180,-1,-1,49,7,10,1.0
20,6,192,187630,189150,189150,190157,190157,190763,190795,199795,199795,200413,200445,200479,203587,1520,1007,606,9000,618,305,0,600,2144,3142,3108,1544,173.9194415,15.96003821,1,2,5,190,1,1,51,7,2,2.0
20,6,193,203590,205116,205116,206120,206120,206724,206757,215257,215257,215886,215920,215954,219054,1526,1004,604,8500,629,487,0,600,1950,3134,3100,1350,189.3862108,15.46676933,1,4,6,190,1,1,51,10,4,2.0
20,6,194,219057,220582,220582,221588,221588,222219,222252,228252,228252,228868,228900,228933,232009,1525,1006,631,6000,616,468,0,600,1954,3109,3076,1354,202.3415766,12.95536577,1,2,3,180,1,1,51,5,2,2.0
20,6,195,232012,233534,233534,234539,234539,235142,235175,242175,242175,242793,242826,242860,245944,1522,1005,603,7000,618,439,0,600,2013,3118,3084,1413,216.2763924,13.93481578,1,2,3,160,1,1,51,5,2,2.0
20,6,196,245947,247472,247472,248477,248477,249080,249112,257112,257112,257735,257767,257801,260887,1525,1005,603,8000,623,669,0,600,1775,3120,3086,1175,231.2204515,14.9440591,1,14,-7,180,-1,-1,49,7,14,1.0
20,6,197,260891,262413,262413,263414,263414,264040,264072,270572,270572,271175,271207,271242,274328,1522,1001,626,6500,603,829,0,600,1619,3121,3086,1019,244.6597415,13.43929008,1,7,-2,180,-1,-1,49,5,7,1.0
20,6,198,274331,275858,275858,276863,276863,277467,277499,286499,286499,287105,287139,287172,290265,1527,1005,604,9000,606,383,0,600,2075,3126,3093,1475,260.5973903,15.93764877,1,40,-26,170,-1,-1,49,14,40,1.0
20,6,199,290268,291793,291793,292797,292797,293400,293433,300933,300933,301535,301568,301601,304719,1525,1004,603,7500,602,545,0,600,1921,3151,3118,1321,275.051009,14.45361869,1,28,-18,150,-1,-1,49,10,28,1.0
20,6,200,304721,306243,306243,307248,307248,307865,307898,313898,313898,314498,314531,314565,317677,1522,1005,617,6000,600,1349,0,600,1107,3146,3112,507,288.0095405,12.95853146,0,14,-4,210,-1,1,51,10,14,2.0
20,6,201,317680,319205,319205,320212,320212,320814,320846,329346,329346,329967,330000,330033,333118,1525,1007,602,8500,621,962,0,600,1483,3118,3085,883,303.4506646,15.4411241,1,7,3,210,1,1,51,10,7,2.0
20,6,202,333121,334645,334645,335649,335649,336257,336290,343290,343290,343892,343924,343957,347062,1524,1004,608,7000,602,372,0,600,2090,3138,3105,1490,317.3939832,13.94331868,1,40,-20,210,-1,-1,49,20,40,1.0
20,6,203,347064,348590,348590,349595,349595,350199,350231,356231,356231,356860,356893,356926,360011,1526,1005,604,6000,629,2225,0,600,211,3118,3085,-389,330.3433229,12.94933967,0,4,3,170,1,-1,49,7,4,1.0
20,6,204,360014,361536,361536,362542,362542,363149,363181,370681,370681,371312,371344,371377,374457,1522,1006,607,7500,631,705,0,600,1729,3113,3080,1129,344.7885427,14.44521975,0,8,-1,180,-1,1,51,7,8,2.0
20,6,205,374459,375985,375985,376993,376993,377596,377628,384128,384128,384747,384780,384813,387905,1526,1008,603,6500,619,354,0,600,2090,3125,3092,1490,358.2373892,13.44884651,1,57,-37,170,-1,-1,49,20,57,1.0
20,6,206,387908,389431,389431,390437,390437,391069,391101,399601,399601,400222,400255,400288,403365,1523,1006,632,8500,621,1148,0,600,1270,3110,3077,670,373.6974384,15.46004921,1,7,-2,210,-1,-1,49,5,7,1.0
20,6,207,403368,404885,404885,405889,405889,406493,406526,415526,415526,416128,416160,416193,419324,1517,1004,604,9000,602,1006,0,600,1467,3164,3131,867,389.6565734,15.95913506,1,20,8,170,1,1,51,28,20,2.0
20,6,208,419327,420845,420845,421851,421851,422456,422489,430489,430489,431091,431125,431159,434261,1518,1006,605,8000,602,492,0,600,1977,3136,3102,1377,404.5928691,14.93629571,1,20,-10,210,-1,-1,49,10,20,1.0
20,6,209,434263,435786,435786,436788,436788,437420,437452,443952,443952,444552,444586,444620,447715,1523,1002,632,6500,600,747,0,600,1696,3129,3095,1096,418.0474082,13.45453902,1,7,-2,150,-1,-1,49,5,7,1.0
20,6,210,447718,449245,449245,450252,450252,450859,450893,459893,459893,460493,460526,460560,463679,1527,1007,607,9000,600,609,0,600,1850,3153,3119,1250,434.0106943,15.96328617,1,10,18,150,1,1,51,28,10,2.0
20,6,211,463681,465208,465208,466210,466210,466813,466845,474345,474345,474946,474978,475013,478120,1527,1002,603,7500,601,757,0,600,1710,3142,3107,1110,448.4522051,14.44151073,1,40,-12,190,-1,-1,49,28,40,1.0
20,6,212,478123,479647,479647,480658,480658,481267,481299,489299,489299,489900,489932,489966,493080,1524,1011,609,8000,601,797,0,600,1658,3148,3114,1058,463.4115502,14.95934511,0,14,6,150,1,-1,49,20,14,1.0
20,6,213,493083,494603,494603,495610,495610,496215,496248,502248,502248,502880,502913,502947,506034,1520,1007,605,6000,632,1418,0,600,1018,3121,3087,418,476.3654634,12.95391326,0,20,-6,190,-1,1,51,14,20,2.0
20,6,214,506036,507560,507560,508563,508563,509168,509200,517700,517700,518317,518350,518383,521474,1524,1003,605,8500,617,421,0,600,2030,3124,3091,1430,491.8063311,15.44086765,1,57,-37,210,-1,-1,49,20,57,1.0
20,6,215,521477,523001,523001,524009,524009,524616,524650,531650,531650,532250,532283,532318,535418,1524,1008,607,7000,600,945,0,600,1516,3135,3100,916,505.7498182,13.94348714,1,28,-8,160,-1,-1,49,20,28,1.0
20,6,216,535421,536942,536942,537944,537944,538549,538582,547582,547582,548183,548215,548248,551379,1521,1002,605,9000,601,646,0,600,1825,3164,3131,1225,521.7108503,15.96103207,1,28,-14,170,-1,-1,49,14,28,1.0
21,1,1,57369,58895,58895,59914,59914,60543,60576,67076,67076,67681,67715,67750,70828,1526,1019,629,6500,605,654,0,600,1767,3113,3078,1167,13.48518344,13.48518344,1,10,-3,210,-1,-1,49,7,10,1.0
21,1,2,70858,72381,72381,73396,73396,74000,74032,82532,82532,83133,83167,83201,86320,1523,1015,604,8500,601,668,0,600,1789,3153,3119,1189,28.94806113,15.46287769,1,10,4,150,1,1,51,14,10,2.0
21,1,3,86323,87847,87847,88850,88850,89456,89488,96988,96988,97592,97625,97659,100771,1524,1003,606,7500,604,566,0,600,1897,3146,3112,1297,43.39848396,14.45042283,1,40,-20,210,-1,-1,49,20,40,1.0
21,1,4,100774,102299,102299,103307,103307,103940,103972,110972,110972,111587,111619,111652,114735,1525,1008,633,7000,615,676,0,600,1743,3116,3083,1143,57.36225727,13.96377331,1,3,2,200,1,1,51,5,3,2.0
21,1,5,114738,116262,116262,117267,117267,117895,117927,123927,123927,124544,124576,124610,127669,1524,1005,628,6000,617,488,0,600,1938,3093,3059,1338,70.2963399,12.93408263,1,4,1,180,1,1,51,5,4,2.0
21,1,6,127672,129189,129189,130193,130193,130799,130832,138832,138832,139433,139465,139499,142617,1517,1004,606,8000,601,508,0,600,1964,3152,3118,1364,85.24480394,14.94846404,1,10,10,210,1,1,51,20,10,2.0
21,1,7,142620,144145,144145,145148,145148,145750,145782,154782,154782,155415,155448,155482,158561,1525,1003,602,9000,633,467,0,600,1970,3113,3079,1370,101.1889629,15.94415893,1,14,-9,150,-1,-1,49,5,14,1.0
21,1,8,158564,160092,160092,161098,161098,161704,161737,169737,169737,170369,170401,170435,173521,1528,1006,606,8000,632,439,0,600,1989,3120,3086,1389,116.1482186,14.95925575,0,14,14,200,1,-1,49,28,14,1.0
21,1,9,173524,175044,175044,176051,176051,176656,176689,184189,184189,184791,184823,184856,187957,1520,1007,605,7500,602,746,0,600,1720,3134,3101,1120,130.5841983,14.43597964,1,14,-4,180,-1,-1,49,10,14,1.0
21,1,10,187960,189484,189484,190492,190492,191123,191156,198156,198156,198775,198808,198841,201899,1524,1008,631,7000,619,808,0,600,1610,3091,3058,1010,144.5260732,13.94187499,1,3,2,150,1,1,51,5,3,2.0
21,1,11,201902,203425,203425,204431,204431,205035,205068,213568,213568,214198,214231,214265,217351,1523,1006,604,8500,630,250,0,600,2187,3120,3086,1587,159.9779519,15.45187866,1,5,9,160,1,1,51,14,5,2.0
21,1,12,217354,218871,218871,219874,219874,220486,220519,229519,229519,230151,230183,230217,233293,1517,1003,612,9000,632,500,0,600,1936,3110,3076,1336,175.919348,15.94139614,1,14,-7,180,-1,-1,49,7,14,1.0
21,1,13,233294,234809,234809,235813,235813,236418,236450,242950,242950,243553,243586,243619,246729,1515,1004,605,6500,603,569,0,600,1904,3143,3110,1304,189.3568522,13.43750418,1,14,-7,180,-1,-1,49,7,14,1.0
21,1,14,246732,248260,248260,249265,249265,249897,249930,255930,255930,256547,256579,256613,259692,1528,1005,632,6000,617,341,0,600,2077,3113,3079,1477,202.3189979,12.96214571,1,3,2,170,1,1,51,5,3,2.0
21,1,15,259695,261219,261219,262228,262228,262832,262865,271865,271865,272479,272511,272545,275651,1524,1009,604,9000,614,144,0,600,2305,3140,3106,1705,218.27815,15.95915208,1,56,-28,160,-1,-1,49,28,56,1.0
21,1,16,275653,277175,277175,278177,278177,278781,278813,284813,284813,285415,285447,285480,288585,1522,1002,604,6000,602,716,0,600,1754,3138,3105,1154,231.2128631,12.93471306,1,27,1,150,1,1,51,28,27,2.0
21,1,17,288589,290112,290112,291121,291121,291725,291757,298257,298257,298877,298909,298943,302047,1523,1009,604,6500,620,394,0,600,2050,3138,3104,1450,244.6739652,13.46110213,1,4,3,200,1,1,51,7,4,2.0
21,1,18,302049,303575,303575,304582,304582,305187,305219,312219,312219,312849,312882,312915,316007,1526,1007,605,7000,630,352,0,600,2080,3125,3092,1480,258.6349552,13.96099002,1,5,9,190,1,1,51,14,5,2.0
21,1,19,316011,317531,317531,318541,318541,319145,319178,326678,326678,327309,327342,327375,330447,1520,1010,604,7500,631,243,0,600,2192,3105,3072,1592,273.073688,14.43873279,1,14,6,170,1,1,51,20,14,2.0
21,1,20,330450,331969,331969,332973,332973,333575,333607,341607,341607,342208,342242,342276,345412,1519,1004,602,8000,601,266,0,600,2208,3170,3136,1608,288.0397727,14.96608468,1,20,-10,190,-1,-1,49,10,20,1.0
21,1,21,345415,346938,346938,347947,347947,348553,348586,357086,357086,357686,357719,357753,360877,1523,1009,606,8500,600,89,0,600,2373,3158,3124,1773,303.5039097,15.46413704,1,20,-13,180,-1,-1,49,7,20,1.0
21,1,22,360880,362407,362407,363413,363413,364020,364052,373052,373052,373683,373717,373750,376841,1527,1006,607,9000,631,451,0,600,1978,3124,3091,1378,319.468145,15.96423528,1,40,-20,210,-1,-1,49,20,40,1.0
21,1,23,376844,378365,378365,379371,379371,379975,380007,388007,388007,388607,388640,388673,391789,1521,1006,604,8000,600,700,0,600,1769,3149,3116,1169,334.4165931,14.94844807,1,14,-4,210,-1,-1,49,10,14,1.0
21,1,24,391792,393313,393313,394322,394322,394929,394962,403462,403462,404085,404117,404150,407230,1521,1009,607,8500,623,179,0,600,2261,3113,3080,1661,349.8575682,15.44097515,1,5,5,210,1,1,51,10,5,2.0
21,1,25,407233,408757,408757,409765,409765,410371,410403,417403,417403,418021,418054,418088,421164,1524,1008,606,7000,618,600,0,600,1844,3110,3076,1244,363.7910665,13.93349831,1,79,-51,210,-1,-1,49,28,79,1.0
21,1,26,421167,422694,422694,423700,423700,424305,424337,431837,431837,432465,432497,432530,435601,1527,1006,605,7500,628,393,0,600,2041,3104,3071,1441,378.2270824,14.43601581,1,5,5,170,1,1,51,10,5,2.0
21,1,27,435603,437126,437126,438132,438132,438738,438771,445271,445271,445871,445904,445938,449047,1523,1006,606,6500,600,398,0,600,2067,3143,3109,1467,391.6744772,13.44739484,1,10,18,170,1,1,51,28,10,2.0
21,1,28,449050,450574,450574,451580,451580,452189,452221,458221,458221,458822,458855,458888,462007,1524,1006,609,6000,601,346,0,600,2114,3152,3119,1514,404.6341452,12.95966799,1,10,10,210,1,1,51,20,10,2.0
21,1,29,462010,463532,463532,464537,464537,465145,465178,474178,474178,474778,474811,474844,477967,1522,1005,608,9000,600,94,0,600,2371,3156,3123,1771,420.5943167,15.96017155,1,5,9,190,1,1,51,14,5,2.0
21,1,30,477970,479490,479490,480496,480496,481098,481131,489131,489131,489762,489795,489829,492917,1520,1006,602,8000,631,315,0,600,2126,3122,3088,1526,435.5439989,14.9496821,1,5,2,150,1,1,51,7,5,2.0
21,1,31,492920,494449,494449,495455,495455,496058,496090,502590,502590,503209,503242,503276,506377,1529,1006,603,6500,619,654,0,600,1789,3135,3101,1189,449.0030647,13.45906589,1,56,-28,150,-1,-1,49,28,56,1.0
21,1,32,506380,507901,507901,508907,508907,509512,509545,516546,516546,517147,517179,517212,520328,1521,1006,605,7001,601,508,0,600,1958,3149,3116,1358,462.9553171,13.95225233,1,10,4,180,1,1,51,14,10,2.0
21,1,33,520331,521857,521857,522866,522866,523472,523505,531005,531005,531605,531638,531672,534780,1526,1009,606,7500,600,501,0,600,1958,3142,3108,1358,477.406653,14.45133592,1,14,6,170,1,1,51,20,14,2.0
21,1,34,534783,536303,536303,537307,537307,537909,537941,546441,546441,547041,547073,547106,550214,1520,1004,602,8500,600,853,0,600,1621,3141,3108,1021,492.8413248,15.43467178,1,9,1,200,1,1,51,10,9,2.0
21,1,35,550217,551740,551740,552745,552745,553351,553383,559383,559383,560015,560047,560080,563168,1523,1005,606,6000,632,449,0,600,1985,3121,3088,1385,505.7948319,12.95350716,1,28,-14,160,-1,-1,49,14,28,1.0
21,1,36,563170,564695,564695,565700,565700,566300,566332,574832,574832,575434,575466,575500,578625,1525,1005,600,8500,602,251,0,600,2217,3159,3125,1617,521.2505655,15.45573355,1,10,-5,190,-1,-1,49,5,10,1.0
21,2,37,32530,34053,34053,35066,35066,35675,35708,44208,44208,44808,44840,44876,47975,1523,1013,609,8500,600,480,0,600,1975,3135,3099,1375,15.45728641,15.45728641,1,10,10,180,1,1,51,20,10,2.0
21,2,38,47978,49501,49501,50505,50505,51107,51139,59139,59139,59756,59789,59823,62915,1523,1004,602,8000,617,480,0,600,1974,3126,3092,1374,30.39557863,14.93829222,1,10,-5,180,-1,-1,49,5,10,1.0
21,2,39,62918,64443,64443,65452,65452,66055,66087,72087,72087,72718,72751,72785,75861,1525,1009,603,6000,631,436,0,600,1996,3110,3076,1396,43.34137631,12.94579768,1,7,3,170,1,1,51,10,7,2.0
21,2,40,75863,77388,77388,78418,78418,79025,79058,88058,88058,88675,88708,88742,91824,1525,1030,607,9000,617,537,0,600,1884,3116,3082,1284,59.30453848,15.96316217,1,79,-51,180,-1,-1,49,28,79,1.0
21,2,41,91827,93356,93356,94360,94360,94982,95015,102015,102015,102615,102649,102683,105780,1529,1004,622,7000,600,425,0,600,2020,3131,3097,1420,73.2607798,13.95624132,1,7,3,180,1,1,51,10,7,2.0
21,2,42,105783,107308,107308,108315,108315,108948,108980,115480,115480,116110,116142,116175,119243,1525,1007,633,6500,630,651,0,600,1754,3101,3068,1154,86.72413333,13.46335353,1,10,-5,190,-1,-1,49,5,10,1.0
21,2,43,119246,120773,120773,121777,121777,122384,122417,129917,129917,130549,130582,130615,133706,1527,1004,607,7500,632,714,0,600,1716,3124,3091,1116,101.1864083,14.46227499,1,14,14,160,1,1,51,28,14,2.0
21,2,44,133708,135228,135228,136230,136230,136833,136865,145865,145865,146467,146501,146535,149655,1520,1002,603,9000,602,961,0,600,1512,3154,3120,912,117.1347102,15.94830191,1,20,-6,160,-1,-1,49,14,20,1.0
21,2,45,149656,151183,151183,152186,152186,152794,152827,158827,158827,159457,159489,159523,162605,1527,1003,608,6000,630,438,0,600,1994,3116,3082,1394,130.0856734,12.95096315,1,5,5,210,1,1,51,10,5,2.0
21,2,46,162608,164128,164128,165134,165134,165739,165772,173772,173772,174372,174404,174437,177570,1520,1006,605,8000,600,1173,0,600,1296,3166,3133,696,145.050785,14.96511161,1,10,4,170,1,1,51,14,10,2.0
21,2,47,177572,179094,179094,180096,180096,180703,180735,187735,187735,188336,188370,188403,191524,1522,1002,607,7000,601,768,0,600,1700,3154,3121,1100,159.0043699,13.95358491,1,10,10,190,1,1,51,20,10,2.0
21,2,48,191527,193048,193048,194056,194056,194661,194695,203195,203195,203823,203855,203889,206991,1521,1008,605,8500,628,490,0,600,1948,3136,3102,1348,174.4711986,15.46682871,1,4,3,180,1,1,51,7,4,2.0
21,2,49,206994,208516,208516,209522,209522,210126,210159,216659,216659,217260,217292,217326,220440,1522,1006,604,6500,601,406,0,600,2061,3148,3114,1461,187.9204615,13.44926292,1,7,13,160,1,1,51,20,7,2.0
21,2,50,220443,221966,221966,222973,222973,223578,223611,231111,231111,231727,231760,231794,234899,1523,1007,605,7500,616,600,0,600,1849,3139,3105,1249,202.3799008,14.45943927,1,2,5,150,1,1,51,7,2,2.0
21,2,51,234902,236421,236421,237428,237428,238033,238066,246066,246066,246692,246724,246757,249855,1519,1007,605,8000,626,553,0,600,1890,3131,3098,1290,217.336055,14.95615423,1,5,2,200,1,1,51,7,5,2.0
21,2,52,249858,251385,251385,252395,252395,252999,253032,260533,260533,261166,261199,261233,264298,1527,1010,604,7501,633,354,0,600,2071,3099,3065,1471,231.7782513,14.44219623,1,8,-1,180,-1,-1,49,7,8,1.0
21,2,53,264301,265825,265825,266833,266833,267435,267469,273469,273469,274088,274120,274154,277266,1524,1008,602,6000,619,438,0,600,2009,3146,3112,1409,244.7455365,12.96728526,1,79,-51,150,-1,-1,49,28,79,1.0
21,2,54,277268,278796,278796,279799,279799,280403,280435,288935,288935,289539,289572,289604,292700,1528,1003,604,8500,604,425,0,600,2036,3128,3096,1436,260.1804168,15.43488031,1,14,-7,200,-1,-1,49,7,14,1.0
21,2,55,292703,294223,294223,295224,295224,295832,295864,302864,302864,303495,303528,303562,306652,1520,1001,608,7000,631,610,0,600,1830,3124,3090,1230,274.1324766,13.95205977,1,10,10,170,1,1,51,20,10,2.0
21,2,56,306654,308182,308182,309190,309190,309794,309827,316327,316327,316928,316962,316995,320111,1528,1008,604,6500,601,406,0,600,2053,3149,3116,1453,287.5914648,13.45898815,1,14,6,200,1,1,51,20,14,2.0
21,2,57,320114,321637,321637,322643,322643,323260,323292,332292,332292,332895,332929,332963,336065,1523,1006,617,9000,603,561,0,600,1890,3136,3102,1290,303.5454661,15.95400138,1,10,4,170,1,1,51,14,10,2.0
21,2,58,336067,337588,337588,338591,338591,339211,339244,345244,345244,345862,345894,345927,349015,1521,1003,620,6000,618,541,0,600,1897,3121,3088,1297,316.4957922,12.95032609,1,4,3,210,1,1,51,7,4,2.0
21,2,59,349018,350544,350544,351551,351551,352159,352192,360692,360692,361294,361326,361361,364458,1526,1007,608,8500,602,578,0,600,1879,3132,3097,1279,331.9379592,15.442167,1,14,-4,160,-1,-1,49,10,14,1.0
21,2,60,364461,365986,365986,366994,366994,367624,367657,375657,375657,376272,376305,376339,379406,1525,1008,630,8000,615,456,0,600,1966,3101,3067,1366,346.8868192,14.94886002,1,2,3,200,1,1,51,5,2,2.0
21,2,61,379409,380938,380938,381948,381948,382556,382588,391588,391588,392189,392221,392255,395368,1529,1010,608,9000,601,473,0,600,1979,3147,3113,1379,362.8479907,15.96117144,1,14,6,190,1,1,51,20,14,2.0
21,2,62,395370,396894,396894,397899,397899,398503,398535,406035,406035,406650,406683,406717,409818,1524,1005,604,7500,615,525,0,600,1927,3135,3101,1327,377.2980395,14.45004885,1,56,-28,180,-1,-1,49,28,56,1.0
21,2,63,409820,411346,411346,412350,412350,412958,412990,419490,419490,420123,420155,420188,423274,1526,1004,608,6500,633,703,0,600,1726,3119,3086,1126,390.7534835,13.45544395,1,40,-12,190,-1,-1,49,28,40,1.0
21,2,64,423276,424799,424799,425805,425805,426410,426443,433443,433443,434044,434077,434110,437225,1523,1006,605,7000,601,309,0,600,2156,3148,3115,1556,404.7042447,13.95076124,1,5,5,170,1,1,51,10,5,2.0
21,2,65,437228,438755,438755,439760,439760,440361,440394,449394,449394,450025,450057,450091,453189,1527,1005,601,9000,631,814,0,600,1622,3132,3098,1022,420.668659,15.96441428,1,7,-2,150,-1,-1,49,5,7,1.0
21,2,66,453192,454716,454716,455721,455721,456329,456362,463362,463362,463993,464026,464060,467141,1524,1005,608,7000,631,528,0,600,1904,3115,3081,1304,434.6207751,13.95211612,1,7,7,170,1,1,51,14,7,2.0
21,2,67,467143,468665,468665,469670,469670,470276,470309,478809,478809,479410,479443,479476,482579,1522,1005,606,8500,601,226,0,600,2240,3136,3103,1640,450.0582079,15.43743276,1,40,-26,150,-1,-1,49,14,40,1.0
21,2,68,482581,484104,484104,485109,485109,485713,485745,493745,493745,494376,494409,494443,497516,1523,1005,604,8000,631,561,0,600,1876,3107,3073,1276,464.9954472,14.93723929,1,28,-14,190,-1,-1,49,14,28,1.0
21,2,69,497518,499042,499042,500046,500046,500649,500682,507182,507182,507815,507848,507881,510967,1524,1004,603,6500,633,770,0,600,1666,3119,3086,1066,478.4475232,13.45207604,1,6,-1,170,-1,-1,49,5,6,1.0
21,2,70,510970,512498,512498,513505,513505,514111,514145,520145,520145,520778,520811,520844,523933,1528,1007,606,6000,633,1421,0,600,1005,3122,3089,405,491.4123847,12.96486149,1,29,-1,150,-1,-1,49,28,29,1.0
21,2,71,523936,525460,525460,526464,526464,527070,527102,534602,534602,535203,535236,535271,538374,1524,1004,606,7500,601,1498,0,600,967,3138,3103,367,505.853161,14.44077626,1,14,-4,210,-1,-1,49,10,14,1.0
21,2,72,538377,539900,539900,540909,540909,541510,541542,550042,550042,550654,550686,550719,553838,1523,1009,601,8500,612,474,0,600,1981,3152,3119,1381,521.3184826,15.46532165,1,2,3,190,1,1,51,5,2,2.0
21,3,73,24726,26250,26250,27265,27265,27865,27898,36898,36898,37500,37532,37569,40679,1524,1015,600,9000,602,328,0,600,2131,3147,3110,1531,15.96497751,15.96497751,1,20,8,180,1,1,51,28,20,2.0
21,3,74,40684,42208,42208,43215,43215,43848,43880,50380,50380,51008,51041,51075,54127,1524,1007,633,6500,628,276,0,600,2132,3086,3052,1532,29.41148698,13.44650947,1,6,-1,200,-1,-1,49,5,6,1.0
21,3,75,54129,55656,55656,56658,56658,57264,57296,65796,65796,66397,66429,66463,69583,1527,1002,606,8500,601,121,0,600,2343,3154,3120,1743,44.86651929,15.4550323,1,15,-1,210,-1,-1,49,14,15,1.0
21,3,76,69585,71110,71110,72118,72118,72741,72773,80273,80273,80888,80921,80954,84024,1525,1008,623,7500,615,370,0,600,2059,3103,3070,1459,59.30794315,14.44142386,1,4,1,180,1,1,51,5,4,2.0
21,3,77,84027,85544,85544,86547,86547,87151,87183,95183,95183,95815,95848,95881,98984,1517,1003,604,8000,632,657,0,600,1787,3136,3103,1187,74.26771993,14.95977678,1,40,-26,210,-1,-1,49,14,40,1.0
21,3,78,98985,100514,100514,101522,101522,102150,102182,109182,109182,109786,109818,109852,112948,1529,1008,628,7000,604,460,0,600,1971,3130,3096,1371,88.23228278,13.96456285,1,10,-3,150,-1,-1,49,7,10,1.0
21,3,79,112951,114475,114475,115477,115477,116082,116114,122114,122114,122732,122765,122797,125906,1524,1002,605,6000,618,559,0,600,1892,3141,3109,1292,101.1898904,12.95760765,1,20,-10,190,-1,-1,49,10,20,1.0
21,3,80,125909,127438,127438,128443,128443,129050,129082,135582,135582,136184,136217,136250,139366,1529,1005,607,6500,602,993,0,600,1464,3149,3116,864,114.6503242,13.46043373,0,10,4,200,1,-1,49,14,10,1.0
21,3,81,139369,140895,140895,141900,141900,142501,142534,149534,149534,150150,150184,150217,153316,1526,1005,601,7000,616,359,0,600,2093,3132,3099,1493,128.6001467,13.94982253,1,14,-7,200,-1,-1,49,7,14,1.0
21,3,82,153318,154844,154844,155854,155854,156484,156517,164017,164017,164633,164665,164699,167758,1526,1010,630,7500,616,321,0,600,2097,3093,3059,1497,143.0421525,14.44200577,1,4,1,180,1,1,51,5,4,2.0
21,3,83,167761,169287,169287,170294,170294,170898,170931,179931,179931,180532,180566,180599,183708,1526,1007,604,9000,601,920,0,600,1542,3142,3109,942,158.9926763,15.95052378,0,11,-1,180,-1,1,51,10,11,2.0
21,3,84,183711,185234,185234,186236,186236,186842,186875,192875,192875,193475,193507,193540,196641,1523,1002,606,6000,600,850,0,600,1619,3134,3101,1019,171.9249571,12.93228085,1,20,8,190,1,1,51,28,20,2.0
21,3,85,196644,198168,198168,199172,199172,199779,199812,208312,208312,208942,208975,209009,212076,1524,1004,607,8500,630,523,0,600,1912,3101,3067,1312,187.3594999,15.4345428,1,7,3,210,1,1,51,10,7,2.0
21,3,86,212078,213598,213598,214606,214606,215208,215240,223240,223240,223859,223892,223925,227040,1520,1008,602,8000,619,337,0,600,2114,3148,3115,1514,202.3237451,14.96424523,1,5,9,200,1,1,51,14,5,2.0
21,3,87,227043,228569,228569,229575,229575,230180,230212,238212,238212,238816,238848,238881,241997,1526,1006,605,8000,604,576,0,600,1883,3149,3116,1283,217.2809987,14.95725357,1,56,-28,150,-1,-1,49,28,56,1.0
21,3,88,241999,243523,243523,244527,244527,245131,245163,252163,252163,252791,252824,252857,255938,1524,1004,604,7000,628,509,0,600,1931,3114,3081,1331,231.2216312,13.94063251,1,7,7,180,1,1,51,14,7,2.0
21,3,89,255941,257464,257464,258469,258469,259076,259108,265608,265608,266227,266261,266295,269390,1523,1005,607,6500,619,490,0,600,1956,3129,3095,1356,244.673914,13.45228277,1,56,-28,210,-1,-1,49,28,56,1.0
21,3,90,269393,270921,270921,271926,271926,272533,272565,281065,281065,281669,281701,281734,284841,1528,1005,607,8500,604,698,0,600,1758,3140,3107,1158,260.1251414,15.45122744,1,28,-8,170,-1,-1,49,20,28,1.0
21,3,91,284844,286367,286367,287370,287370,288000,288032,294032,294032,294646,294678,294711,297782,1523,1003,630,6000,614,624,0,600,1806,3104,3071,1206,273.0659472,12.94080579,1,3,2,190,1,1,51,5,3,2.0
21,3,92,297785,299307,299307,300314,300314,300919,300951,309951,309951,310553,310586,310619,313727,1522,1007,605,9000,602,401,0,600,2063,3141,3108,1463,289.0105485,15.94460131,1,14,14,200,1,1,51,28,14,2.0
21,3,93,313730,315258,315258,316265,316265,316866,316899,324399,324399,325028,325061,325094,328191,1528,1007,601,7500,629,782,0,600,1653,3130,3097,1053,303.4747268,14.46417833,1,8,-1,210,-1,-1,49,7,8,1.0
21,3,94,328194,329718,329718,330724,330724,331329,331362,337362,337362,337984,338016,338049,341126,1524,1006,605,6000,622,341,0,600,2102,3110,3077,1502,316.4102394,12.93551255,1,7,13,200,1,1,51,20,7,2.0
21,3,95,341129,342653,342653,343657,343657,344265,344297,351797,351797,352397,352429,352463,355570,1524,1004,608,7500,600,695,0,600,1769,3141,3107,1169,330.8531022,14.44286282,1,28,-8,170,-1,-1,49,20,28,1.0
21,3,96,355573,357098,357098,358105,358105,358712,358744,366744,366744,367375,367407,367440,370506,1525,1007,607,8000,631,783,0,600,1647,3099,3066,1047,345.7894507,14.9363485,1,11,-1,180,-1,-1,49,10,11,1.0
21,3,97,370508,372035,372035,373040,373040,373645,373677,380677,380677,381277,381310,381343,384463,1527,1005,605,7000,600,286,0,600,2177,3153,3120,1577,359.7469631,13.95751243,1,14,14,170,1,1,51,28,14,2.0
21,3,98,384465,385989,385989,386995,386995,387613,387646,396146,396146,396760,396794,396827,399908,1524,1006,618,8500,614,478,0,600,1960,3114,3081,1360,375.1924552,15.44549211,1,2,5,160,1,1,51,7,2,2.0
21,3,99,399911,401434,401434,402442,402442,403050,403084,412084,412084,412687,412720,412753,415859,1523,1008,608,9000,603,330,0,600,2128,3139,3106,1528,391.1432222,15.95076697,1,10,10,160,1,1,51,20,10,2.0
21,3,100,415862,417389,417389,418396,418396,419003,419037,425537,425537,426137,426171,426205,429319,1527,1007,607,6500,600,893,0,600,1566,3148,3114,966,404.602299,13.45907674,1,15,-1,200,-1,-1,49,14,15,1.0
21,3,101,429321,430846,430846,431849,431849,432455,432487,440987,440987,441589,441621,441654,444769,1525,1003,606,8500,602,1311,0,600,1153,3148,3115,553,420.0518653,15.44956639,1,14,6,170,1,1,51,20,14,2.0
21,3,102,444771,446296,446296,447298,447298,447903,447936,455936,455936,456565,456598,456631,459710,1525,1002,605,8000,629,121,0,600,2318,3112,3079,1718,434.9930373,14.94117193,1,7,13,210,1,1,51,20,7,2.0
21,3,103,459712,461235,461235,462240,462240,462844,462876,469876,469876,470477,470509,470543,473648,1523,1005,604,7000,601,393,0,600,2074,3139,3105,1474,448.9320051,13.93896785,1,20,-13,210,-1,-1,49,7,20,1.0
21,3,104,473651,475171,475171,476179,476179,476784,476816,485816,485816,486431,486463,486497,489591,1520,1008,605,9000,615,511,0,600,1941,3128,3094,1341,464.8737138,15.94170864,1,2,5,180,1,1,51,7,2,2.0
21,3,105,489593,491117,491117,492125,492125,492756,492788,498788,498788,499407,499440,499474,502554,1524,1008,631,6000,619,509,0,600,1909,3114,3080,1309,477.8378833,12.96416959,1,4,1,190,1,1,51,5,4,2.0
21,3,106,502557,504080,504080,505084,505084,505688,505720,513220,513220,513822,513854,513886,517010,1523,1004,604,7500,602,835,0,600,1632,3156,3124,1032,492.2928659,14.45498258,1,14,-4,190,-1,-1,49,10,14,1.0
21,3,107,517011,518537,518537,519542,519542,520163,520195,526695,526695,527315,527348,527382,530455,1526,1005,621,6500,620,562,0,600,1866,3107,3073,1266,505.7383852,13.44551923,1,3,2,180,1,1,51,5,3,2.0
21,3,108,530458,531981,531981,532985,532985,533603,533635,541635,541635,542235,542267,542301,545419,1523,1004,618,8000,600,635,0,600,1820,3152,3118,1220,520.7015931,14.96320797,1,28,-18,180,-1,-1,49,10,28,1.0
21,4,109,54688,56219,56219,57230,57230,57849,57882,66882,66882,67484,67517,67553,70631,1531,1011,619,9000,602,554,0,600,1883,3114,3078,1283,15.955343,15.955343,1,14,-4,160,-1,-1,49,10,14,1.0
21,4,110,70636,72162,72162,73168,73168,73774,73807,81807,81807,82408,82441,82474,85593,1526,1006,606,8000,601,288,0,600,2173,3152,3119,1573,30.91462285,14.95927985,1,20,-13,160,-1,-1,49,7,20,1.0
21,4,111,85596,87118,87118,88123,88123,88727,88760,94760,94760,95362,95395,95428,98538,1522,1005,604,6000,602,630,0,600,1837,3143,3110,1237,43.86054619,12.94592334,0,27,1,180,1,-1,49,28,27,1.0
21,4,112,98542,100068,100068,101072,101072,101675,101707,110207,110207,110839,110872,110906,114002,1526,1004,603,8500,632,520,0,600,1915,3130,3096,1315,59.32365593,15.46310973,1,7,3,150,1,1,51,10,7,2.0
21,4,113,114005,115526,115526,116532,116532,117135,117167,124667,124667,125285,125317,125350,128441,1521,1006,603,7500,618,290,0,600,2162,3124,3091,1562,73.76332381,14.43966789,1,3,2,170,1,1,51,5,3,2.0
21,4,114,128443,129971,129971,130979,130979,131583,131615,138115,138115,138715,138748,138781,141891,1528,1008,604,6500,600,695,0,600,1765,3143,3110,1165,87.2124439,13.44912008,1,20,-6,180,-1,-1,49,14,20,1.0
21,4,115,141894,143416,143416,144418,144418,145027,145059,152059,152059,152661,152694,152727,155846,1522,1002,609,7000,602,838,0,600,1627,3152,3119,1027,101.1684053,13.95596137,1,28,-8,160,-1,-1,49,20,28,1.0
21,4,116,155849,157370,157370,158382,158382,158989,159021,166021,166021,166624,166657,166690,169805,1521,1012,607,7000,603,436,0,600,2021,3148,3115,1421,115.1264595,13.95805426,1,28,-14,210,-1,-1,49,14,28,1.0
21,4,117,169807,171333,171333,172341,172341,172942,172975,180975,180975,181593,181626,181659,184741,1526,1008,601,8000,618,373,0,600,2074,3115,3082,1474,130.0627966,14.93633705,1,2,5,200,1,1,51,7,2,2.0
21,4,118,184744,186268,186268,187275,187275,187882,187914,193914,193914,194530,194562,194595,197680,1524,1007,607,6000,616,507,0,600,1939,3118,3085,1339,143.0023132,12.93951661,1,57,-37,200,-1,-1,49,20,57,1.0
21,4,119,197683,199206,199206,200215,200215,200819,200851,208351,208351,208954,208988,209022,212117,1523,1009,604,7500,603,711,0,600,1750,3129,3095,1150,157.4384317,14.43611857,1,20,8,150,1,1,51,28,20,2.0
21,4,120,212120,213645,213645,214654,214654,215256,215288,224288,224288,224889,224922,224956,228057,1525,1009,602,9000,601,324,0,600,2139,3135,3101,1539,173.3780864,15.93965463,1,14,-9,150,-1,-1,49,5,14,1.0
21,4,121,228059,229585,229585,230591,230591,231210,231242,239742,239742,240342,240375,240408,243517,1526,1006,619,8500,600,469,0,600,1980,3142,3109,1380,188.8389348,15.46084839,1,14,-9,170,-1,-1,49,5,14,1.0
21,4,122,243520,245046,245046,246053,246053,246655,246687,253187,253187,253787,253821,253854,256956,1526,1007,602,6500,600,748,0,600,1717,3135,3102,1117,202.2773071,13.43837238,1,6,1,200,1,1,51,7,6,2.0
21,4,123,256959,258483,258483,259491,259491,260099,260130,266130,266130,266730,266762,266796,269911,1524,1008,608,6000,600,638,0,600,1822,3149,3115,1222,215.2323961,12.95508896,1,5,9,160,1,1,51,14,5,2.0
21,4,124,269914,271438,271438,272441,272441,273046,273079,279579,279579,280199,280232,280266,283366,1524,1003,605,6500,620,585,0,600,1863,3134,3100,1263,228.6866428,13.45424668,1,56,-28,170,-1,-1,49,28,56,1.0
21,4,125,283367,284896,284896,285903,285903,286510,286544,294544,294544,295153,295186,295220,298318,1529,1007,607,8000,609,587,0,600,1861,3132,3098,1261,243.6401683,14.95352554,1,79,-51,150,-1,-1,49,28,79,1.0
21,4,126,298321,299846,299846,300849,300849,301456,301488,308488,308488,309089,309121,309154,312272,1525,1003,607,7000,601,510,0,600,1954,3151,3118,1354,257.5929209,13.95275258,1,7,13,180,1,1,51,20,7,2.0
21,4,127,312274,313799,313799,314802,314802,315406,315438,322938,322938,323556,323588,323621,326706,1525,1003,604,7500,618,512,0,600,1938,3118,3085,1338,272.0275348,14.43461392,1,56,-28,210,-1,-1,49,28,56,1.0
21,4,128,326708,328233,328233,329239,329239,329842,329875,338875,338875,339475,339508,339541,342653,1525,1006,603,9000,600,538,0,600,1928,3145,3112,1328,287.9745539,15.94701906,1,14,-7,170,-1,-1,49,7,14,1.0
21,4,129,342656,344180,344180,345184,345184,345803,345835,354335,354335,354935,354967,355000,358113,1524,1004,619,8500,600,1574,0,600,879,3146,3113,279,303.4341275,15.45957367,1,10,-3,150,-1,-1,49,7,10,1.0
21,4,130,358116,359637,359637,360644,360644,361246,361279,367779,367779,368382,368415,368448,371563,1521,1007,602,6500,603,541,0,600,1926,3148,3115,1326,316.8847694,13.45064191,1,28,-8,190,-1,-1,49,20,28,1.0
21,4,131,371566,373087,373087,374090,374090,374695,374728,381728,381728,382359,382391,382425,385509,1521,1003,605,7000,631,283,0,600,2157,3118,3084,1557,330.8301061,13.94533661,1,10,4,190,1,1,51,14,10,2.0
21,4,132,385512,387036,387036,388043,388043,388646,388678,397178,397178,397809,397842,397875,400947,1524,1007,603,8500,631,662,0,600,1773,3105,3072,1173,346.2684453,15.43833923,1,5,5,150,1,1,51,10,5,2.0
21,4,133,400950,402469,402469,403473,403473,404074,404107,412107,412107,412711,412744,412778,415913,1519,1004,601,8000,604,685,0,600,1787,3169,3135,1187,361.2344338,14.96598855,1,14,-4,160,-1,-1,49,10,14,1.0
21,4,134,415915,417433,417433,418439,418439,419046,419080,425080,425080,425712,425745,425778,428867,1518,1006,607,6000,632,418,0,600,2019,3122,3089,1419,374.1880495,12.95361565,1,28,-14,160,-1,-1,49,14,28,1.0
21,4,135,428870,430387,430387,431389,431389,431995,432027,439527,439527,440159,440192,440226,443332,1517,1002,606,7500,632,849,0,600,1594,3140,3106,994,388.6528778,14.46482834,0,28,-8,170,-1,1,51,20,28,2.0
21,4,136,443335,444859,444859,445867,445867,446499,446531,455531,455531,456132,456164,456198,459270,1524,1008,632,9000,601,632,0,600,1803,3106,3072,1203,404.5910166,15.93813883,1,7,-2,210,-1,-1,49,5,7,1.0
21,4,137,459273,460796,460796,461804,461804,462405,462438,470938,470938,471561,471594,471627,474708,1523,1008,601,8500,623,826,0,600,1619,3114,3081,1019,420.0298055,15.43878884,1,4,1,150,1,1,51,5,4,2.0
21,4,138,474711,476236,476236,477241,477241,477847,477879,483879,483879,484512,484544,484577,487664,1525,1005,606,6000,633,999,0,600,1432,3120,3087,832,432.9858515,12.95604605,1,6,1,150,1,1,51,7,6,2.0
21,4,139,487667,489195,489195,490201,490201,490820,490852,498852,498852,499453,499487,499520,502623,1528,1006,619,8000,601,555,0,600,1891,3136,3103,1291,447.9438063,14.95795481,1,28,-18,160,-1,-1,49,10,28,1.0
21,4,140,502626,504149,504149,505151,505151,505756,505788,513288,513288,513889,513922,513956,517083,1523,1002,605,7500,601,361,0,600,2108,3161,3127,1508,462.4048925,14.46108616,1,40,-12,150,-1,-1,49,28,40,1.0
21,4,141,517086,518615,518615,519621,519621,520227,520259,526759,526759,527359,527392,527425,530526,1529,1006,606,6500,600,490,0,600,1969,3134,3101,1369,475.8473765,13.44248402,1,40,-26,150,-1,-1,49,14,40,1.0
21,4,142,530529,532051,532051,533055,533055,533674,533706,542706,542706,543320,543352,543386,546465,1522,1004,619,9000,614,401,0,600,2040,3113,3079,1440,491.7856778,15.93830126,1,10,-5,210,-1,-1,49,5,10,1.0
21,4,143,546468,547993,547993,548998,548998,549604,549637,556637,556637,557237,557270,557303,560414,1525,1005,606,7000,600,507,0,600,1957,3144,3111,1357,505.7344411,13.94876328,0,19,1,160,1,-1,49,20,19,1.0
21,4,144,560416,561937,561937,562968,562968,563575,563608,570608,570608,571238,571271,571304,574371,1521,1031,607,7000,630,485,0,600,1926,3100,3067,1326,519.6921304,13.95768932,1,5,5,190,1,1,51,10,5,2.0
21,5,145,24795,26320,26320,27336,27336,27945,27977,33977,33977,34579,34611,34647,37756,1525,1016,609,6000,602,299,0,600,2149,3145,3109,1549,12.97365162,12.97365162,1,10,4,180,1,1,51,14,10,2.0
21,5,146,37761,39285,39285,40290,40290,40892,40926,47926,47926,48526,48559,48592,51695,1524,1005,602,7000,600,101,0,600,2368,3136,3103,1768,26.90997209,13.93632047,1,14,-9,150,-1,-1,49,5,14,1.0
21,5,147,51697,53221,53221,54228,54228,54834,54866,63366,63366,63982,64015,64048,67149,1524,1007,606,8500,616,426,0,600,2021,3134,3101,1421,42.3646283,15.45465621,1,56,-28,160,-1,-1,49,28,56,1.0
21,5,148,67151,68673,68673,69677,69677,70279,70311,79311,79311,79943,79976,80010,83104,1522,1004,602,9000,632,586,0,600,1854,3128,3094,1254,58.31956719,15.95493888,1,7,-2,170,-1,-1,49,5,7,1.0
21,5,149,83107,84625,84625,85629,85629,86235,86267,94267,94267,94900,94932,94966,98050,1518,1004,606,8000,633,798,0,600,1641,3118,3084,1041,73.2660405,14.94647331,1,7,13,170,1,1,51,20,7,2.0
21,5,150,98053,99577,99577,100585,100585,101191,101225,107725,107725,108326,108360,108394,111492,1524,1008,606,6500,601,329,0,600,2132,3132,3098,1532,86.70805983,13.44201933,1,20,8,170,1,1,51,28,20,2.0
21,5,151,111495,113022,113022,114028,114028,114630,114663,122163,122163,122789,122822,122855,125935,1527,1006,602,7500,626,281,0,600,2158,3113,3080,1558,101.150916,14.44285619,1,14,-7,160,-1,-1,49,7,14,1.0
21,5,152,125938,127459,127459,128463,128463,129068,129100,136100,136100,136734,136766,136799,139873,1521,1004,605,7000,634,494,0,600,1942,3107,3074,1342,115.0882279,13.93731192,1,28,-14,200,-1,-1,49,14,28,1.0
21,5,153,139876,141401,141401,142410,142410,143015,143048,149548,149548,150150,150182,150216,153328,1525,1009,605,6500,602,437,0,600,2022,3146,3112,1422,128.5436683,13.45544033,1,20,-13,170,-1,-1,49,7,20,1.0
21,5,154,153331,154855,154855,155863,155863,156468,156500,164500,164500,165105,165137,165172,168278,1524,1008,605,8000,605,492,0,600,1966,3141,3106,1366,143.4934218,14.94975352,1,40,-20,210,-1,-1,49,20,40,1.0
21,5,155,168280,169806,169806,170813,170813,171416,171450,178950,178950,179553,179585,179618,182721,1526,1007,603,7500,603,692,0,600,1769,3136,3103,1169,157.9366025,14.44318074,1,10,-3,150,-1,-1,49,7,10,1.0
21,5,156,182724,184247,184247,185253,185253,185856,185888,191888,191888,192520,192553,192587,195667,1523,1006,603,6000,632,469,0,600,1967,3114,3080,1367,170.8829454,12.94634283,1,28,-14,180,-1,-1,49,14,28,1.0
21,5,157,195670,197200,197200,198210,198211,198826,198859,207859,207859,208490,208523,208557,211610,1530,1010,615,9000,631,347,0,600,2067,3087,3053,1467,186.8245868,15.94164144,1,9,1,160,1,1,51,10,9,2.0
21,5,158,211612,213131,213131,214135,214135,214741,214773,223273,223273,223907,223940,223973,227071,1519,1004,606,8500,634,417,0,600,2020,3131,3098,1420,202.286772,15.46218519,1,20,8,190,1,1,51,28,20,2.0
21,5,159,227074,228602,228602,229610,229610,230213,230245,238245,238245,238876,238909,238942,242010,1528,1008,603,8000,631,332,0,600,2098,3101,3068,1498,217.2259541,14.93918211,1,20,-10,160,-1,-1,49,10,20,1.0
21,5,160,242014,243540,243540,244545,244545,245151,245184,252184,252184,252816,252849,252884,255962,1526,1005,606,7000,632,1568,0,600,863,3113,3078,263,231.1771647,13.95121056,1,6,1,170,1,1,51,7,6,2.0
21,5,161,255964,257488,257488,258495,258495,259099,259130,266630,266630,267256,267288,267321,270408,1524,1007,604,7500,626,348,0,600,2091,3120,3087,1491,245.6231163,14.44595167,1,4,6,150,1,1,51,10,4,2.0
21,5,162,270411,271934,271934,272943,272943,273544,273577,282577,282577,283206,283239,283272,286369,1523,1009,601,9000,629,326,0,600,2112,3130,3097,1512,261.5845385,15.96142216,1,10,10,160,1,1,51,20,10,2.0
21,5,163,286372,287894,287894,288904,288904,289508,289541,296041,296041,296672,296704,296738,299836,1522,1010,604,6500,631,519,0,600,1914,3132,3098,1314,275.0509161,13.46637759,1,10,-3,210,-1,-1,49,7,10,1.0
21,5,164,299839,301363,301363,302367,302367,302985,303018,309018,309018,309651,309684,309717,312778,1524,1004,618,6000,633,454,0,600,1967,3094,3061,1367,287.9929906,12.94207448,1,7,7,150,1,1,51,14,7,2.0
21,5,165,312781,314305,314305,315310,315310,315911,315944,324444,324444,325070,325103,325136,328220,1524,1005,601,8500,626,340,0,600,2104,3117,3084,1504,303.4350174,15.44202687,1,4,1,150,1,1,51,5,4,2.0
21,5,166,328223,329746,329746,330750,330750,331354,331386,340386,340386,340989,341023,341056,344161,1523,1004,604,9000,603,429,0,600,2037,3138,3105,1437,319.3756614,15.94064396,1,40,-26,210,-1,-1,49,14,40,1.0
21,5,167,344163,345688,345688,346696,346696,347301,347333,355833,355833,356450,356483,356518,359626,1525,1008,605,8500,617,307,0,600,2138,3143,3108,1538,334.8411868,15.46552537,1,57,-37,150,-1,-1,49,20,57,1.0
21,5,168,359629,361153,361153,362158,362158,362790,362822,369322,369322,369954,369987,370020,373064,1524,1005,632,6500,632,761,0,600,1646,3077,3044,1046,348.2788404,13.43765365,1,7,-2,190,-1,-1,49,5,7,1.0
21,5,169,373067,374588,374588,375590,375590,376195,376227,383227,383227,383851,383883,383917,387026,1521,1002,605,7000,624,309,0,600,2139,3143,3109,1539,362.2404618,13.96162136,1,7,13,200,1,1,51,20,7,2.0
21,5,170,387028,388549,388549,389557,389557,390161,390193,396193,396193,396821,396854,396887,399961,1521,1008,604,6000,628,270,0,600,2169,3107,3074,1569,375.1754412,12.93497946,1,4,6,150,1,1,51,10,4,2.0
21,5,171,399963,401489,401489,402494,402494,403099,403131,410631,410631,411258,411291,411324,414396,1526,1005,605,7500,627,433,0,600,2004,3105,3072,1404,389.6104755,14.4350343,1,4,6,160,1,1,51,10,4,2.0
21,5,172,414398,415919,415919,416924,416924,417526,417559,425559,425559,426190,426223,426256,429351,1521,1005,602,8000,631,719,0,600,1722,3128,3095,1122,404.5664577,14.95598216,1,20,8,170,1,1,51,28,20,2.0
21,5,173,429354,430877,430877,431884,431884,432487,432520,439020,439020,439623,439655,439688,442806,1523,1007,603,6500,603,377,0,600,2087,3151,3118,1487,418.0211516,13.45469388,1,14,14,170,1,1,51,28,14,2.0
21,5,174,442809,444333,444333,445340,445340,445941,445973,454973,454973,455575,455609,455643,458757,1524,1007,601,9000,602,280,0,600,2186,3148,3114,1586,433.9716039,15.95045236,1,14,-7,160,-1,-1,49,7,14,1.0
21,5,175,458759,460289,460289,461296,461296,461900,461933,468933,468933,469534,469567,469600,472718,1530,1007,604,7000,601,1063,0,600,1395,3151,3118,795,447.9328368,13.96123291,0,9,1,200,1,-1,49,10,9,1.0
21,5,176,472720,474247,474247,475257,475257,475860,475893,483893,483893,484496,484528,484561,487651,1527,1010,603,8000,603,253,0,600,2204,3123,3090,1604,462.8663954,14.93355858,1,7,7,200,1,1,51,14,7,2.0
21,5,177,487654,489180,489180,490185,490185,490791,490825,499325,499325,499957,499990,500024,503075,1526,1005,606,8500,632,-1,2501,0,530,3085,3051,-70,478.2896469,15.42325145,-1,20,8,210,1,-2,-1,28,20,
21,5,178,503078,504601,504601,505601,505601,506201,506233,513734,513734,514350,514381,514414,517513,1523,1000,600,7501,616,620,0,600,1840,3132,3099,1240,492.7275681,14.43792125,1,2,3,150,1,1,51,5,2,2.0
21,5,179,517515,519037,519037,520038,520038,520655,520687,526687,526687,527318,527350,527384,530469,1522,1001,617,6000,631,383,0,600,2046,3119,3085,1446,505.6831845,12.95561632,1,10,-5,190,-1,-1,49,5,10,1.0
21,5,180,530471,531993,531993,532995,532995,533626,533658,542158,542158,542790,542824,542857,545924,1522,1002,631,8500,632,362,0,600,2051,3100,3067,1451,521.1393577,15.45617322,1,28,-8,180,-1,-1,49,20,28,1.0
21,6,181,23780,25303,25303,26322,26322,26931,26964,34464,34464,35083,35115,35150,38226,1523,1019,609,7500,619,265,0,600,2165,3111,3076,1565,14.45853823,14.45853823,1,3,2,200,1,1,51,5,3,2.0
21,6,182,38230,39751,39751,40755,40755,41360,41392,49392,49392,49993,50026,50060,53181,1521,1004,605,8000,601,997,0,600,1472,3155,3121,872,29.41127604,14.95273781,1,28,-8,180,-1,-1,49,20,28,1.0
21,6,183,53184,54704,54704,55712,55712,56317,56350,65351,65351,65978,66010,66044,69139,1520,1008,605,9001,627,712,0,600,1727,3129,3095,1127,45.36893251,15.95765647,0,15,-1,160,-1,1,51,14,15,2.0
21,6,184,69142,70662,70662,71667,71667,72267,72299,80799,80799,81401,81435,81469,84603,1520,1005,600,8500,602,494,0,600,1979,3168,3134,1379,60.83260487,15.46367236,1,7,-2,170,-1,-1,49,5,7,1.0
21,6,185,84606,86127,86127,87129,87129,87737,87769,94269,94269,94885,94919,94952,98058,1521,1002,608,6500,616,433,0,600,2020,3139,3106,1420,74.28792797,13.45532311,1,56,-28,200,-1,-1,49,28,56,1.0
21,6,186,98060,99581,99581,100587,100587,101192,101224,108224,108224,108827,108859,108892,111993,1521,1006,605,7000,603,328,0,600,2137,3134,3101,1537,88.22286464,13.93493666,1,14,14,170,1,1,51,28,14,2.0
21,6,187,111995,113521,113521,114527,114527,115128,115160,121160,121160,121791,121824,121858,124958,1526,1006,601,6000,631,1463,0,600,973,3134,3100,373,101.1876888,12.96482412,0,8,-1,180,-1,1,51,7,8,2.0
21,6,188,124960,126488,126488,127493,127493,128097,128128,134628,134628,135229,135263,135296,138395,1528,1005,604,6500,601,335,0,600,2127,3132,3099,1527,114.6251046,13.43741589,1,20,-10,180,-1,-1,49,10,20,1.0
21,6,189,138397,139919,139919,140920,140920,141527,141560,150560,150560,151161,151194,151228,154331,1522,1001,607,9000,601,494,0,600,1975,3137,3103,1375,130.560481,15.93537634,1,20,8,170,1,1,51,28,20,2.0
21,6,190,154333,155856,155856,156866,156866,157472,157504,165004,165004,165637,165669,165702,168795,1523,1010,606,7500,633,320,0,600,2108,3126,3093,1508,145.0246144,14.46413342,1,5,9,180,1,1,51,14,5,2.0
21,6,191,168798,170324,170324,171331,171331,171962,171994,179994,179994,180595,180627,180661,183753,1526,1007,631,8000,601,706,0,600,1729,3126,3092,1129,159.982534,14.95791955,1,14,-9,150,-1,-1,49,5,14,1.0
21,6,192,183756,185277,185277,186285,186285,186886,186919,195419,195419,196037,196069,196102,199213,1521,1008,601,8500,618,373,0,600,2079,3144,3111,1479,175.442779,15.46024508,1,3,2,160,1,1,51,5,3,2.0
21,6,193,199216,200742,200742,201749,201749,202369,202401,209401,209401,210002,210035,210068,213174,1526,1007,620,7000,601,625,0,600,1821,3139,3106,1221,189.404219,13.96143994,1,8,-1,160,-1,-1,49,7,8,1.0
21,6,194,213176,214702,214702,215705,215705,216308,216340,222340,222340,222940,222973,223007,226109,1526,1003,603,6000,600,913,0,600,1555,3136,3102,955,202.3384059,12.9341869,1,7,7,170,1,1,51,14,7,2.0
21,6,195,226111,227639,227639,228647,228647,229250,229282,238282,238282,238882,238915,238948,242068,1528,1008,603,9000,600,1452,0,600,1009,3153,3120,409,218.2983373,15.95993138,1,14,14,150,1,1,51,28,14,2.0
21,6,196,242071,243587,243587,244591,244591,245198,245230,251230,251230,251863,251895,251928,255013,1516,1004,607,6000,633,283,0,600,2157,3118,3085,1557,231.2437323,12.94539508,1,7,7,180,1,1,51,14,7,2.0
21,6,197,255016,256538,256538,257543,257543,258147,258180,265180,265180,265811,265844,265878,268966,1522,1005,604,7000,631,91,0,600,2347,3122,3088,1747,245.1956737,13.95194134,1,20,-10,180,-1,-1,49,10,20,1.0
21,6,198,268969,270489,270489,271492,271492,272095,272129,278629,278629,279231,279263,279297,282410,1520,1003,603,6500,602,824,0,600,1648,3147,3113,1048,258.6392513,13.44357762,1,40,-12,150,-1,-1,49,28,40,1.0
21,6,199,282413,283935,283935,284943,284943,285546,285580,293080,293080,293710,293742,293776,296873,1522,1008,603,7500,630,1623,0,600,814,3131,3097,214,273.1030632,14.46381188,0,21,-1,170,-1,1,51,20,21,2.0
21,6,200,296876,298399,298399,299401,299401,300032,300065,308565,308565,309197,309230,309264,312326,1523,1002,631,8500,632,1357,0,600,1055,3096,3062,455,288.5563455,15.45328235,1,10,-5,170,-1,-1,49,5,10,1.0
21,6,201,312329,313853,313853,314861,314861,315462,315494,323494,323494,324120,324152,324186,327262,1524,1008,601,8000,626,1473,0,600,968,3110,3076,368,303.4919693,14.93562375,1,5,2,160,1,1,51,7,5,2.0
21,6,202,327265,328791,328791,329799,329799,330403,330436,338936,338936,339536,339569,339602,342711,1526,1008,604,8500,600,472,0,600,1990,3142,3109,1390,318.9402082,15.44823893,1,11,-1,150,-1,-1,49,10,11,1.0
21,6,203,342713,344237,344237,345243,345243,345847,345879,351879,351879,352494,352526,352559,355666,1524,1006,604,6000,615,659,0,600,1792,3140,3107,1192,331.8952926,12.95508444,1,2,5,190,1,1,51,7,2,2.0
21,6,204,355669,357192,357192,358198,358198,358802,358835,365335,365335,365938,365971,366004,369123,1523,1006,604,6500,603,1124,0,600,1340,3152,3119,740,345.3522681,13.45697542,1,8,-1,180,-1,-1,49,7,8,1.0
21,6,205,369125,370646,370646,371651,371651,372258,372291,379291,379291,379907,379940,379974,383072,1521,1005,607,7000,616,424,0,600,2027,3132,3098,1427,359.3012757,13.94900768,1,56,-28,170,-1,-1,49,28,56,1.0
21,6,206,383075,384600,384600,385607,385607,386210,386243,393743,393743,394364,394397,394430,397519,1525,1007,603,7500,621,294,0,600,2150,3122,3089,1550,373.7492088,14.44793306,1,3,2,170,1,1,51,5,3,2.0
21,6,207,397522,399045,399045,400049,400049,400651,400683,409683,409683,410284,410317,410351,413469,1523,1004,602,9000,601,417,0,600,2053,3152,3118,1453,389.698105,15.94889618,1,5,2,150,1,1,51,7,5,2.0
21,6,208,413471,414994,414994,415995,415995,416597,416630,424630,424630,425230,425263,425297,428422,1523,1001,602,8000,600,293,0,600,2181,3159,3125,1581,404.6514627,14.95335769,1,20,-6,180,-1,-1,49,14,20,1.0
21,6,209,428424,429948,429948,430952,430952,431580,431613,437613,437613,438245,438277,438310,441363,1524,1004,628,6000,632,278,0,600,2134,3086,3053,1534,417.593388,12.94192531,1,5,9,180,1,1,51,14,5,2.0
21,6,210,441366,442890,442890,443896,443896,444501,444534,453034,453034,453636,453669,453703,456809,1524,1006,605,8500,602,275,0,600,2188,3140,3106,1588,433.0380942,15.44470619,1,28,-18,160,-1,-1,49,10,28,1.0
21,6,211,456812,458331,458331,459335,459335,459939,459972,466972,466972,467604,467637,467671,470747,1519,1004,604,7000,632,337,0,600,2104,3110,3076,1504,446.9763861,13.93829191,1,4,6,150,1,1,51,10,4,2.0
21,6,212,470750,472272,472272,473280,473280,473885,473917,482917,482917,483547,483580,483614,486682,1522,1008,605,9000,630,588,0,600,1847,3102,3068,1247,462.9123284,15.93594228,1,4,6,150,1,1,51,10,4,2.0
21,6,213,486686,488209,488209,489215,489215,489821,489853,497853,497853,498453,498485,498519,501630,1523,1006,606,8000,600,439,0,600,2026,3145,3111,1426,477.8595334,14.94720499,1,14,6,180,1,1,51,20,14,2.0
21,6,214,501633,503152,503152,504155,504155,504757,504789,511289,511289,511891,511923,511957,515087,1519,1003,602,6500,602,943,0,600,1531,3164,3130,931,491.3159154,13.45638206,1,28,-8,200,-1,-1,49,20,28,1.0
21,6,215,515089,516609,516609,517613,517613,518217,518251,525751,525751,526353,526386,526420,529552,1520,1004,604,7500,602,359,0,600,2111,3166,3132,1511,505.781712,14.46579658,1,14,6,190,1,1,51,20,14,2.0
21,6,216,529554,531081,531081,532089,532089,532691,532723,540223,540223,540828,540861,540895,543998,1527,1008,602,7500,605,426,0,600,2032,3137,3103,1432,520.2265215,14.44480955,1,28,-8,150,-1,-1,49,20,28,1.0
22,1,1,78415,79943,79943,80962,80962,81575,81609,89109,89109,89714,89746,89784,92868,1528,1019,613,7500,605,368,0,600,2067,3122,3084,1467,14.48977576,14.48977576,1,10,18,160,1,1,51,28,10,2.0
22,1,2,92918,94441,94441,95457,95457,96061,96094,104594,104594,105194,105226,105260,108362,1523,1016,604,8500,600,204,0,600,2253,3136,3102,1653,29.93578091,15.44600514,1,14,-4,200,-1,-1,49,10,14,1.0
22,1,3,108365,109887,109887,110893,110893,111493,111525,120525,120525,121149,121182,121215,124322,1522,1006,600,9000,624,559,0,600,1889,3140,3107,1289,45.89556863,15.95978773,1,3,2,180,1,1,51,5,3,2.0
22,1,4,124325,125848,125848,126856,126856,127461,127495,135495,135495,136127,136160,136194,139273,1523,1008,605,8000,632,406,0,600,2026,3113,3079,1426,60.84721687,14.95164824,1,10,-3,160,-1,-1,49,7,10,1.0
22,1,5,139276,140802,140802,141808,141808,142410,142443,148943,148943,149575,149608,149641,152723,1526,1006,602,6500,632,376,0,600,2058,3115,3082,1458,74.29729296,13.45007609,1,20,-13,160,-1,-1,49,7,20,1.0
22,1,6,152727,154249,154249,155252,155252,155855,155889,161889,161889,162490,162523,162557,165673,1522,1003,603,6000,601,542,0,600,1929,3150,3116,1329,87.2471111,12.94981813,1,28,-18,190,-1,-1,49,10,28,1.0
22,1,7,165676,167199,167199,168205,168205,168807,168840,175840,175840,176473,176506,176540,179631,1523,1006,602,7000,633,383,0,600,2053,3125,3091,1453,101.2047827,13.95767164,1,10,4,150,1,1,51,14,10,2.0
22,1,8,179633,181160,181160,182168,182168,182770,182803,190803,190803,191406,191438,191474,194585,1527,1008,602,8000,603,466,0,600,1994,3147,3111,1394,116.1586528,14.9538701,1,79,-51,160,-1,-1,49,28,79,1.0
22,1,9,194588,196108,196108,197115,197115,197722,197755,204255,204255,204871,204904,204938,208043,1520,1007,607,6500,616,594,0,600,1856,3139,3105,1256,129.6168078,13.45815501,1,40,-12,150,-1,-1,49,28,40,1.0
22,1,10,208046,209571,209571,210577,210577,211177,211210,220210,220210,220810,220843,220877,223988,1525,1006,600,9000,600,862,0,600,1607,3145,3111,1007,145.5614961,15.94468824,1,7,-2,150,-1,-1,49,5,7,1.0
22,1,11,223991,225516,225516,226521,226521,227127,227159,233159,233159,233760,233793,233826,236926,1525,1005,606,6000,601,491,0,600,1972,3133,3100,1372,158.4997891,12.93829297,1,28,-18,210,-1,-1,49,10,28,1.0
22,1,12,236929,238452,238452,239456,239456,240059,240091,247091,247091,247694,247727,247760,250876,1523,1004,603,7000,603,633,0,600,1834,3149,3116,1234,172.4498311,13.95004204,0,20,-6,200,-1,1,51,14,20,2.0
22,1,13,250879,252403,252403,253416,253416,254022,254055,261555,261555,262187,262221,262254,265331,1524,1013,606,7500,632,471,0,600,1954,3110,3077,1354,186.9042445,14.45441344,1,14,14,210,1,1,51,28,14,2.0
22,1,14,265334,266859,266859,267865,267865,268472,268505,277005,277005,277622,277654,277688,280791,1525,1006,607,8500,617,393,0,600,2052,3137,3103,1452,202.3646277,15.4603832,1,40,-20,210,-1,-1,49,20,40,1.0
22,1,15,280794,282318,282318,283321,283321,283925,283958,290458,290458,291092,291124,291157,294251,1524,1003,604,6500,634,394,0,600,2041,3127,3094,1441,215.8249317,13.46030394,1,14,6,150,1,1,51,20,14,2.0
22,1,16,294255,295777,295777,296780,296780,297381,297414,304914,304914,305514,305547,305580,308712,1522,1003,601,7500,600,589,0,600,1885,3165,3132,1285,230.2853384,14.4604067,0,10,-3,180,-1,1,51,7,10,2.0
22,1,17,308715,310239,310239,311246,311246,311849,311882,320882,320882,321514,321547,321580,324647,1524,1007,603,9000,632,882,0,600,1552,3100,3067,952,246.2200902,15.93475179,0,8,-1,150,-1,1,51,7,8,2.0
22,1,18,324649,326174,326174,327180,327180,327798,327831,336331,336331,336931,336964,336998,340100,1525,1006,618,8500,600,499,0,600,1952,3136,3102,1352,261.6728998,15.45280965,1,20,-13,210,-1,-1,49,7,20,1.0
22,1,19,340102,341623,341623,342625,342625,343231,343264,349264,349264,349864,349898,349932,353059,1521,1002,606,6000,600,487,0,600,1984,3161,3127,1384,274.6324868,12.95958703,1,14,14,190,1,1,51,28,14,2.0
22,1,20,353062,354584,354584,355586,355586,356191,356224,363224,363224,363825,363858,363893,367006,1522,1002,605,7000,601,466,0,600,2004,3148,3113,1404,288.5791938,13.94670699,1,7,7,160,1,1,51,14,7,2.0
22,1,21,367008,368531,368531,369536,369536,370160,370192,378192,378192,378793,378825,378858,381963,1523,1005,624,8000,601,563,0,600,1884,3138,3105,1284,303.5366169,14.95742303,1,15,-1,180,-1,-1,49,14,15,1.0
22,1,22,381966,383489,383489,384495,384495,385095,385127,392127,392127,392728,392761,392794,395906,1523,1006,600,7000,601,990,0,600,1480,3145,3112,880,317.4792005,13.9425836,1,28,-8,190,-1,-1,49,20,28,1.0
22,1,23,395909,397426,397426,398432,398432,399037,399071,405071,405071,405690,405722,405756,408847,1517,1006,605,6000,619,678,0,600,1775,3125,3091,1175,330.4201619,12.94096143,1,40,-20,190,-1,-1,49,20,40,1.0
22,1,24,408850,410373,410373,411381,411381,412012,412044,419544,419544,420174,420207,420240,423304,1523,1008,631,7500,630,683,0,600,1725,3097,3064,1125,344.8773318,14.45716989,1,28,-14,210,-1,-1,49,14,28,1.0
22,1,25,423307,424833,424833,425838,425838,426443,426475,435475,435475,436104,436138,436172,439250,1526,1005,605,9000,629,505,0,600,1930,3112,3078,1330,360.8228352,15.94550339,1,14,6,160,1,1,51,20,14,2.0
22,1,26,439253,440768,440768,441772,441772,442403,442436,450936,450936,451565,451597,451630,454714,1515,1004,631,8500,629,347,0,600,2074,3117,3084,1474,376.2867101,15.46387495,1,7,-2,160,-1,-1,49,5,7,1.0
22,1,27,454717,456237,456237,457241,457241,457847,457881,465881,465881,466483,466515,466548,469669,1520,1004,606,8000,602,581,0,600,1887,3154,3121,1287,391.2421668,14.95545671,1,28,-14,170,-1,-1,49,14,28,1.0
22,1,28,469672,471196,471196,472200,472200,472805,472837,479337,479337,479961,479993,480027,483109,1524,1004,605,6500,624,410,0,600,2033,3116,3082,1433,404.6820732,13.4399064,1,4,3,170,1,1,51,7,4,2.0
22,1,29,483112,484631,484631,485636,485636,486253,486286,493286,493286,493918,493952,493986,497049,1519,1005,617,7000,632,456,0,600,1971,3097,3063,1371,418.6212534,13.93918014,1,28,-18,180,-1,-1,49,10,28,1.0
22,1,30,497051,498573,498573,499581,499581,500211,500244,509244,509244,509876,509909,509944,512996,1522,1008,630,9000,632,412,0,600,1996,3087,3052,1396,434.569801,15.94854764,1,14,-9,200,-1,-1,49,5,14,1.0
22,1,31,513000,514522,514522,515525,515525,516133,516164,524164,524164,524765,524797,524831,527938,1522,1003,608,8000,601,369,0,600,2097,3141,3107,1497,449.5113459,14.94154485,1,28,-8,160,-1,-1,49,20,28,1.0
22,1,32,527941,529461,529461,530466,530466,531071,531104,537104,537104,537736,537769,537802,540893,1520,1005,605,6000,632,353,0,600,2085,3124,3091,1485,462.4663578,12.95501192,1,5,5,210,1,1,51,10,5,2.0
22,1,33,540896,542417,542417,543424,543424,544046,544078,552578,552578,553178,553211,553244,556345,1521,1007,622,8500,600,1109,0,600,1341,3134,3101,741,477.917896,15.45153825,0,6,-1,150,-1,1,51,5,6,2.0
22,1,34,556348,557869,557869,558876,558876,559481,559514,567014,567014,567615,567648,567683,570786,1521,1007,605,7500,601,558,0,600,1908,3138,3103,1308,492.3589132,14.44101718,1,7,3,170,1,1,51,10,7,2.0
22,1,35,570789,572311,572311,573319,573319,573945,573978,580478,580478,581095,581127,581160,584243,1522,1008,626,6500,617,378,0,600,2049,3116,3083,1449,505.8162377,13.45732449,1,2,3,170,1,1,51,5,2,2.0
22,1,36,584246,585768,585768,586774,586774,587379,587413,593913,593913,594513,594545,594578,597682,1522,1006,605,6500,600,461,0,600,2006,3137,3104,1406,519.2550885,13.43885077,1,10,18,160,1,1,51,28,10,2.0
22,2,37,49615,51140,51140,52158,52158,52773,52805,61305,61305,61937,61970,62006,65068,1525,1018,615,8500,632,447,0,600,1963,3098,3062,1363,15.46574755,15.46574755,1,14,6,210,1,1,51,20,14,2.0
22,2,38,65072,66592,66592,67597,67597,68203,68235,76235,76235,76867,76900,76934,80030,1520,1005,606,8000,632,545,0,600,1892,3130,3096,1292,30.42566486,14.95991731,1,10,-3,160,-1,-1,49,7,10,1.0
22,2,39,80033,81552,81552,82559,82559,83166,83200,90700,90700,91300,91332,91365,94493,1519,1007,607,7500,600,518,0,600,1949,3161,3128,1349,44.88867764,14.46301279,1,14,14,160,1,1,51,28,14,2.0
22,2,40,94496,96018,96018,97023,97023,97628,97661,104161,104161,104793,104826,104859,107949,1522,1005,605,6500,632,359,0,600,2077,3123,3090,1477,58.34372813,13.45505049,1,7,13,160,1,1,51,20,7,2.0
22,2,41,107951,109471,109471,110475,110475,111097,111130,120130,120130,120730,120762,120797,123904,1520,1004,622,9000,600,404,0,600,2050,3142,3107,1450,74.29990839,15.95618026,1,5,5,180,1,1,51,10,5,2.0
22,2,42,123907,125433,125433,126438,126438,127041,127075,134075,134075,134701,134733,134767,137871,1526,1005,603,7000,626,364,0,600,2076,3138,3104,1476,88.26666185,13.96675346,1,79,-51,170,-1,-1,49,28,79,1.0
22,2,43,137874,139391,139391,140392,140392,140997,141031,147031,147031,147652,147684,147719,150832,1517,1001,605,6000,621,417,0,600,2039,3148,3113,1439,101.2278521,12.96119022,1,79,-51,190,-1,-1,49,28,79,1.0
22,2,44,150835,152355,152355,153357,153357,153985,154017,160517,160517,161150,161182,161216,164283,1520,1002,628,6500,633,912,0,600,1505,3101,3067,905,114.6782388,13.45038678,1,6,-1,180,-1,-1,49,5,6,1.0
22,2,45,164286,165807,165807,166812,166812,167420,167453,175453,175453,176054,176087,176121,179219,1521,1005,608,8000,601,327,0,600,2138,3132,3098,1538,129.6137681,14.93552928,1,7,7,210,1,1,51,14,7,2.0
22,2,46,179222,180747,180747,181756,181756,182361,182395,189895,189895,190519,190551,190584,193662,1525,1009,605,7500,624,268,0,600,2169,3111,3078,1569,144.0570855,14.44331739,1,4,6,190,1,1,51,10,4,2.0
22,2,47,193665,195186,195186,196190,196190,196798,196831,205331,205331,205963,205995,206028,209121,1521,1004,608,8500,632,287,0,600,2148,3126,3093,1548,159.5157245,15.45863898,1,7,7,150,1,1,51,14,7,2.0
22,2,48,209123,210648,210648,211656,211656,212258,212290,219290,219290,219892,219926,219959,223076,1525,1008,602,7000,602,637,0,600,1826,3150,3117,1226,173.4709211,13.95519665,1,7,3,210,1,1,51,10,7,2.0
22,2,49,223079,224598,224598,225602,225602,226233,226265,235265,235265,235892,235925,235958,239022,1519,1004,631,9000,627,362,0,600,2057,3097,3064,1457,189.4175242,15.94660302,1,4,1,210,1,1,51,5,4,2.0
22,2,50,239025,240547,240547,241552,241552,242185,242218,248218,248218,248850,248883,248917,251958,1522,1005,633,6000,632,178,0,600,2230,3075,3041,1630,202.3533777,12.93585353,1,14,-9,150,-1,-1,49,5,14,1.0
22,2,51,251961,253485,253485,254490,254490,255090,255122,261122,261122,261723,261755,261788,264898,1524,1005,600,6000,601,369,0,600,2101,3143,3110,1501,215.293159,12.93978134,1,14,-9,180,-1,-1,49,5,14,1.0
22,2,52,264901,266421,266421,267425,267425,268032,268064,276564,276564,277168,277201,277236,280364,1520,1004,607,8500,604,580,0,600,1885,3163,3128,1285,230.759474,15.46631499,1,10,18,150,1,1,51,28,10,2.0
22,2,53,280367,281892,281892,282892,282892,283496,283528,291528,291528,292145,292177,292210,295303,1525,1000,604,8000,617,323,0,600,2131,3126,3093,1531,245.6983965,14.93892249,1,2,5,180,1,1,51,7,2,2.0
22,2,54,295306,296829,296829,297834,297834,298461,298494,305494,305494,306108,306140,306174,309247,1523,1005,627,7000,614,336,0,600,2095,3107,3073,1495,259.6421653,13.94376882,1,2,3,190,1,1,51,5,2,2.0
22,2,55,309250,310767,310767,311771,311771,312382,312415,321415,321415,322044,322076,322109,325209,1517,1004,611,9000,629,361,0,600,2078,3133,3100,1478,275.6041312,15.96196589,1,5,2,150,1,1,51,7,5,2.0
22,2,56,325212,326735,326735,327735,327735,328337,328370,334870,334870,335500,335533,335566,338649,1523,1000,602,6500,630,345,0,600,2100,3116,3083,1500,289.0438659,13.43973463,1,5,2,190,1,1,51,7,5,2.0
22,2,57,338652,340176,340176,341183,341183,341788,341821,349321,349321,349935,349968,350001,353104,1524,1007,605,7500,614,332,0,600,2118,3136,3103,1518,303.4992493,14.45538348,1,57,-37,170,-1,-1,49,20,57,1.0
22,2,58,353107,354629,354629,355634,355634,356266,356298,362298,362298,362923,362956,362989,366044,1522,1005,632,6000,625,353,0,600,2063,3088,3055,1463,316.4393305,12.94008118,1,4,1,200,1,1,51,5,4,2.0
22,2,59,366047,367567,367567,368572,368572,369179,369211,377211,377211,377835,377867,377901,381007,1520,1005,607,8000,624,298,0,600,2146,3140,3106,1546,331.4019428,14.96261229,1,40,-20,160,-1,-1,49,20,40,1.0
22,2,60,381010,382533,382533,383537,383537,384140,384173,392673,392673,393304,393336,393370,396450,1523,1004,603,8500,631,408,0,600,2031,3114,3080,1431,346.8443459,15.44240309,1,14,14,170,1,1,51,28,14,2.0
22,2,61,396452,397974,397974,398977,398977,399582,399616,407116,407116,407716,407748,407781,410909,1522,1003,605,7500,600,391,0,600,2079,3161,3128,1479,361.3034773,14.45913139,1,14,-4,210,-1,-1,49,10,14,1.0
22,2,62,410912,412433,412433,413437,413437,414044,414077,421077,421077,421711,421743,421777,424860,1521,1004,607,7000,634,339,0,600,2095,3117,3083,1495,375.2552018,13.95172448,1,7,7,210,1,1,51,14,7,2.0
22,2,63,424863,426390,426390,427397,427397,428005,428039,437039,437039,437657,437690,437723,440824,1527,1007,608,9000,618,361,0,600,2079,3134,3101,1479,391.2191991,15.9639973,1,10,4,150,1,1,51,14,10,2.0
22,2,64,440827,442350,442350,443353,443353,443957,443990,450490,450490,451091,451124,451157,454270,1523,1003,604,6500,601,832,0,600,1637,3146,3113,1037,404.6645961,13.44539701,0,14,6,180,1,-1,49,20,14,1.0
22,2,65,454273,455796,455796,456798,456798,457403,457435,463935,463935,464547,464581,464615,467719,1523,1002,605,6500,612,397,0,600,2061,3138,3104,1461,418.1134749,13.44887882,1,40,-26,200,-1,-1,49,14,40,1.0
22,2,66,467722,469244,469244,470250,470250,470857,470891,478391,478391,479024,479058,479091,482167,1522,1006,607,7500,633,434,0,600,1998,3109,3076,1398,432.5616742,14.44819928,1,28,-18,150,-1,-1,49,10,28,1.0
22,2,67,482170,483693,483693,484695,484695,485302,485334,491334,491334,491948,491982,492015,495134,1523,1002,607,6000,614,352,0,600,2102,3152,3119,1502,445.5282095,12.96653528,1,40,-20,190,-1,-1,49,20,40,1.0
22,2,68,495137,496657,496657,497662,497662,498267,498300,505300,505300,505926,505958,505991,509068,1520,1005,605,7000,626,761,0,600,1683,3110,3077,1083,459.4624468,13.93423739,1,4,6,150,1,1,51,10,4,2.0
22,2,69,509071,510595,510595,511601,511601,512207,512240,521240,521240,521840,521873,521905,525000,1524,1006,606,9000,600,387,0,600,2077,3127,3095,1477,475.3945166,15.93206977,1,7,7,180,1,1,51,14,7,2.0
22,2,70,525003,526528,526528,527535,527535,528140,528172,536672,536672,537290,537322,537355,540456,1525,1007,605,8500,618,460,0,600,1985,3134,3101,1385,490.850944,15.45642736,1,2,5,190,1,1,51,7,2,2.0
22,2,71,540459,541980,541980,542981,542981,543584,543617,551617,551617,552232,552266,552299,555412,1521,1001,603,8000,615,634,0,600,1826,3146,3113,1226,505.8067563,14.95581231,0,40,-12,180,-1,1,51,28,40,2.0
22,2,72,555415,556936,556936,557942,557942,558547,558579,567079,567079,567709,567741,567774,570860,1521,1006,605,8500,630,373,0,600,2065,3119,3086,1465,521.2548329,15.44807663,1,5,2,160,1,1,51,7,5,2.0
22,3,73,23461,24984,24984,26001,26001,26601,26633,33633,33633,34265,34299,34335,37426,1523,1017,600,7000,632,443,0,600,1985,3127,3091,1385,13.97825301,13.97825301,1,6,-1,160,-1,-1,49,5,6,1.0
22,3,74,37430,38955,38955,39961,39961,40591,40623,49623,49623,50234,50267,50300,53393,1525,1006,630,9000,611,389,0,600,2039,3126,3093,1439,29.94371909,15.96546608,1,40,-26,180,-1,-1,49,14,40,1.0
22,3,75,53396,54922,54922,55928,55928,56535,56568,64068,64068,64669,64700,64735,67848,1526,1006,607,7500,601,313,0,600,2147,3148,3113,1547,44.39812499,14.4544059,1,14,6,150,1,1,51,20,14,2.0
22,3,76,67850,69370,69370,70376,70376,70977,71009,77009,77009,77609,77643,77676,80814,1520,1006,601,6000,600,233,0,600,2240,3171,3138,1640,57.3642212,12.96609621,1,7,13,160,1,1,51,20,7,2.0
22,3,77,80816,82341,82341,83348,83348,83948,83981,91981,91981,92583,92615,92649,95773,1525,1007,600,8000,602,485,0,600,1981,3158,3124,1381,72.3231772,14.958956,1,14,-4,170,-1,-1,49,10,14,1.0
22,3,78,95776,97296,97296,98300,98300,98905,98937,107437,107437,108040,108073,108106,111212,1520,1004,605,8500,603,595,0,600,1873,3139,3106,1273,87.76176941,15.43859221,0,15,-1,160,-1,1,51,14,15,2.0
22,3,79,111215,112738,112738,113744,113744,114349,114381,120881,120881,121497,121529,121563,124646,1523,1006,605,6500,616,408,0,600,2042,3117,3083,1442,101.1965082,13.43473883,1,4,6,210,1,1,51,10,4,2.0
22,3,80,124649,126170,126170,127174,127174,127782,127814,133814,133814,134416,134448,134482,137583,1521,1004,608,6000,602,395,0,600,2070,3135,3101,1470,114.132938,12.93642971,1,10,18,200,1,1,51,28,10,2.0
22,3,81,137586,139106,139106,140110,140110,140710,140744,149244,149244,149874,149907,149940,153027,1520,1004,600,8500,630,382,0,600,2064,3120,3087,1464,129.5768222,15.44388423,1,4,1,200,1,1,51,5,4,2.0
22,3,82,153030,154548,154548,155554,155554,156161,156193,165193,165193,165825,165858,165892,168966,1518,1006,607,9000,632,790,0,600,1647,3108,3074,1047,145.5163817,15.93955955,1,10,10,150,1,1,51,20,10,2.0
22,3,83,168969,170493,170493,171498,171498,172102,172134,178634,178634,179234,179266,179299,182425,1524,1005,604,6500,600,417,0,600,2050,3159,3126,1450,158.9752443,13.45886258,1,7,13,190,1,1,51,20,7,2.0
22,3,84,182428,183953,183953,184958,184958,185562,185595,193595,193595,194228,194262,194297,197386,1525,1005,604,8000,633,282,0,600,2151,3124,3089,1551,173.9363294,14.96108504,1,14,-7,210,-1,-1,49,7,14,1.0
22,3,85,197389,198913,198913,199916,199916,200537,200569,207569,207569,208169,208201,208234,211347,1524,1003,621,7000,600,469,0,600,1983,3146,3113,1383,187.8972041,13.9608747,1,14,-7,170,-1,-1,49,7,14,1.0
22,3,86,211350,212878,212878,213882,213882,214488,214520,222020,222020,222620,222653,222686,225804,1528,1004,606,7500,600,477,0,600,1985,3151,3118,1385,202.3541329,14.45692881,1,28,-8,180,-1,-1,49,20,28,1.0
22,3,87,225807,227333,227333,228340,228340,228945,228978,234978,234978,235605,235638,235672,238758,1526,1007,605,6000,627,312,0,600,2123,3120,3086,1523,215.3077465,12.95361365,1,4,6,150,1,1,51,10,4,2.0
22,3,88,238761,240283,240283,241290,241290,241891,241923,250923,250923,251524,251556,251589,254703,1522,1007,601,9000,601,470,0,600,1999,3147,3114,1399,231.2530287,15.9452822,1,20,-10,190,-1,-1,49,10,20,1.0
22,3,89,254706,256230,256230,257233,257233,257845,257877,265377,265377,266007,266040,266074,269163,1524,1003,612,7500,630,316,0,600,2115,3123,3089,1515,245.7131055,14.46007672,1,10,18,160,1,1,51,28,10,2.0
22,3,90,269166,270691,270691,271694,271694,272298,272331,278831,278831,279457,279489,279523,282613,1525,1003,604,6500,626,223,0,600,2219,3124,3090,1619,259.1629528,13.44984737,1,4,3,150,1,1,51,7,4,2.0
22,3,91,282616,284143,284143,285149,285149,285751,285783,292783,292783,293410,293443,293476,296548,1527,1006,602,7000,627,337,0,600,2101,3105,3072,1501,273.0971444,13.93419158,1,4,1,180,1,1,51,5,4,2.0
22,3,92,296551,298072,298072,299074,299074,299699,299731,308231,308231,308863,308897,308930,311993,1521,1002,625,8500,632,260,0,600,2160,3096,3063,1560,288.5425568,15.44541238,1,7,7,210,1,1,51,14,7,2.0
22,3,93,311996,313522,313522,314526,314526,315132,315166,323166,323166,323768,323801,323836,326949,1526,1004,606,8000,602,216,0,600,2246,3148,3113,1646,303.4991261,14.9565693,1,14,-7,160,-1,-1,49,7,14,1.0
22,3,94,326952,328478,328478,329483,329483,330083,330115,336115,336115,336739,336771,336804,339900,1526,1005,600,6000,624,297,0,600,2148,3129,3096,1548,316.4493535,12.95022737,1,4,1,210,1,1,51,5,4,2.0
22,3,95,339903,341423,341423,342428,342428,343031,343065,350065,350065,350677,350709,350742,353855,1520,1005,603,7000,612,403,0,600,2057,3146,3113,1457,330.404934,13.95558057,1,40,-12,160,-1,-1,49,28,40,1.0
22,3,96,353858,355382,355382,356389,356389,356993,357025,365025,365025,365628,365660,365693,368817,1524,1007,604,8000,603,420,0,600,2042,3157,3124,1442,345.3663885,14.9614545,1,20,-13,150,-1,-1,49,7,20,1.0
22,3,97,368820,370341,370341,371346,371346,371972,372004,380504,380504,381135,381168,381202,384282,1521,1005,626,8500,631,308,0,600,2109,3114,3080,1509,360.8316355,15.465247,1,5,2,200,1,1,51,7,5,2.0
22,3,98,384285,385806,385806,386811,386811,387418,387452,393952,393952,394582,394614,394648,397732,1521,1005,607,6500,630,442,0,600,1995,3118,3084,1395,374.2810782,13.44944265,1,20,8,160,1,1,51,28,20,2.0
22,3,99,397735,399258,399258,400263,400263,400895,400927,409927,409927,410560,410593,410626,413667,1523,1005,632,9000,633,531,0,600,1876,3074,3041,1276,390.21648,15.93540181,1,10,-5,210,-1,-1,49,5,10,1.0
22,3,100,413670,415190,415190,416194,416194,416803,416835,424335,424335,424936,424968,425002,428123,1520,1004,609,7500,601,349,0,600,2117,3155,3121,1517,404.6726485,14.4561685,1,15,-1,180,-1,-1,49,14,15,1.0
22,3,101,428126,429651,429651,430655,430655,431261,431293,439793,439793,440426,440458,440492,443571,1525,1004,606,8500,633,471,0,600,1961,3113,3079,1361,420.1201869,15.44753841,0,15,-1,160,-1,1,51,14,15,2.0
22,3,102,443574,445098,445098,446104,446104,446708,446740,453240,453240,453862,453895,453929,457014,1524,1006,604,6500,622,283,0,600,2161,3119,3085,1561,433.5633,13.44311308,1,79,-51,210,-1,-1,49,28,79,1.0
22,3,103,457016,458543,458543,459543,459543,460160,460193,466193,466193,466793,466825,466859,469977,1527,1000,617,6000,600,315,0,600,2141,3152,3118,1541,446.5259156,12.96261561,1,14,-9,200,-1,-1,49,5,14,1.0
22,3,104,469980,471504,471504,472509,472509,473117,473151,481151,481151,481784,481817,481851,484922,1524,1005,608,8000,633,461,0,600,1969,3105,3071,1369,461.4711026,14.94518697,1,29,-1,200,-1,-1,49,28,29,1.0
22,3,105,484925,486449,486449,487458,487458,488064,488097,495097,495097,495700,495733,495766,498858,1524,1009,606,7000,603,322,0,600,2136,3125,3092,1536,475.4067925,13.9356899,1,20,-10,180,-1,-1,49,10,20,1.0
22,3,106,498860,500381,500381,501387,501387,501989,502022,509522,509522,510128,510161,510196,513311,1521,1006,602,7500,606,409,0,600,2056,3150,3115,1456,489.8600734,14.45328096,1,40,-20,170,-1,-1,49,20,40,1.0
22,3,107,513313,514839,514839,515844,515844,516467,516501,525501,525501,526101,526133,526167,529271,1526,1005,623,9000,600,464,0,600,1982,3138,3104,1382,505.8200685,15.95999506,0,20,-6,190,-1,1,51,14,20,2.0
22,3,108,529274,530797,530797,531802,531802,532405,532437,541437,541437,542068,542100,542133,545229,1523,1005,603,9000,631,258,0,600,2180,3129,3096,1580,521.7786806,15.95861216,1,7,3,200,1,1,51,10,7,2.0
22,4,109,49939,51461,51461,52479,52479,53093,53126,62126,62126,62730,62762,62798,65899,1522,1018,614,9000,604,676,0,600,1766,3137,3101,1166,15.97252583,15.97252583,0,29,-1,150,-1,1,51,28,29,2.0
22,4,110,65904,67429,67429,68434,68434,69039,69071,75071,75071,75688,75721,75755,78839,1525,1005,605,6000,617,371,0,600,2077,3118,3084,1477,28.91069796,12.93817213,1,57,-37,160,-1,-1,49,20,57,1.0
22,4,111,78842,80363,80363,81366,81366,81974,82008,90008,90008,90641,90673,90707,93800,1521,1003,608,8000,633,389,0,600,2046,3127,3093,1446,43.87163112,14.96093316,1,10,10,170,1,1,51,20,10,2.0
22,4,112,93802,95326,95326,96331,96331,96952,96984,103984,103984,104606,104639,104672,107734,1524,1005,621,7000,622,293,0,600,2135,3095,3062,1535,57.8053083,13.93367717,1,3,2,210,1,1,51,5,3,2.0
22,4,113,107736,109260,109260,110266,110266,110867,110900,118400,118400,119000,119033,119066,122171,1524,1006,601,7500,600,396,0,600,2073,3138,3105,1473,72.24257667,14.43726837,1,14,-9,180,-1,-1,49,5,14,1.0
22,4,114,122174,123698,123698,124702,124702,125323,125355,133855,133855,134481,134513,134546,137631,1524,1004,621,8500,626,251,0,600,2174,3118,3085,1574,87.70310602,15.46052935,1,4,6,180,1,1,51,10,4,2.0
22,4,115,137634,139157,139157,140163,140163,140769,140801,147301,147301,147904,147937,147970,151095,1523,1006,606,6500,603,486,0,600,1976,3158,3125,1376,101.1660528,13.46294679,1,10,4,170,1,1,51,14,10,2.0
22,4,116,151097,152626,152626,153629,153629,154249,154281,160281,160281,160911,160943,160976,164054,1529,1003,620,6000,630,272,0,600,2146,3111,3078,1546,114.1259798,12.95992695,1,5,5,210,1,1,51,10,5,2.0
22,4,117,164057,165583,165583,166589,166589,167196,167229,176229,176229,176831,176863,176896,180013,1526,1006,607,9000,602,345,0,600,2114,3150,3117,1514,130.0843123,15.9583325,1,5,5,180,1,1,51,10,5,2.0
22,4,118,180016,181539,181539,182544,182544,183149,183181,191681,191681,192296,192329,192363,195450,1523,1005,605,8500,615,248,0,600,2204,3121,3087,1604,145.5210503,15.436738,1,57,-37,190,-1,-1,49,20,57,1.0
22,4,119,195453,196980,196980,197988,197988,198593,198625,206625,206625,207225,207258,207292,210405,1527,1008,605,8000,600,601,0,600,1859,3147,3113,1259,160.4760941,14.95504386,1,14,-7,160,-1,-1,49,7,14,1.0
22,4,120,210408,211932,211932,212939,212939,213540,213572,221072,221072,221689,221721,221754,224844,1524,1007,601,7500,617,673,0,600,1778,3123,3090,1178,174.9152369,14.43914278,1,7,-2,160,-1,-1,49,5,7,1.0
22,4,121,224847,226369,226369,227374,227374,227983,228015,235015,235015,235618,235650,235683,238781,1522,1005,609,7000,603,425,0,600,2036,3131,3098,1436,188.8524095,13.93717254,1,15,-1,150,-1,-1,49,14,15,1.0
22,4,122,238783,240309,240309,241316,241316,241921,241953,248453,248453,249054,249087,249121,252239,1526,1007,605,6500,601,610,0,600,1851,3152,3118,1251,202.3104747,13.45806521,1,40,-12,200,-1,-1,49,28,40,1.0
22,4,123,252242,253768,253768,254774,254774,255381,255414,261914,261914,262515,262547,262580,265701,1526,1006,607,6500,601,251,0,600,2209,3154,3121,1609,215.7727054,13.46223078,1,10,4,160,1,1,51,14,10,2.0
22,4,124,265704,267230,267230,268237,268237,268844,268876,276376,276376,276992,277024,277058,280136,1526,1007,607,7500,616,340,0,600,2104,3112,3078,1504,230.20767,14.43496455,1,40,-12,210,-1,-1,49,28,40,1.0
22,4,125,280139,281663,281663,282667,282667,283275,283307,292307,292307,292911,292945,292978,296078,1524,1004,608,9000,604,427,0,600,2033,3133,3100,1433,246.1488276,15.94115761,1,56,-28,210,-1,-1,49,28,56,1.0
22,4,126,296080,297602,297602,298603,298603,299220,299252,307252,307252,307853,307885,307918,311039,1522,1001,617,8000,601,411,0,600,2048,3154,3121,1448,261.1101688,14.96134119,1,20,-10,200,-1,-1,49,10,20,1.0
22,4,127,311042,312566,312566,313573,313573,314179,314212,322712,322712,323326,323359,323393,326477,1524,1007,606,8500,614,83,0,600,2366,3118,3084,1766,276.5477756,15.43760679,1,57,-37,160,-1,-1,49,20,57,1.0
22,4,128,326479,328002,328002,329006,329006,329624,329656,336656,336656,337288,337321,337354,340416,1523,1004,618,7000,632,584,0,600,1839,3095,3062,1239,290.4872507,13.93947517,1,10,-3,190,-1,-1,49,7,10,1.0
22,4,129,340419,341944,341944,342948,342948,343578,343610,349610,349610,350212,350244,350279,353378,1525,1004,630,6000,602,424,0,600,2015,3134,3099,1415,303.4487495,12.9614988,1,10,-5,210,-1,-1,49,5,10,1.0
22,4,130,353381,354903,354903,355906,355906,356506,356539,363539,363539,364140,364172,364205,367330,1522,1003,600,7000,601,322,0,600,2152,3158,3125,1552,317.4012844,13.95253481,1,14,-9,200,-1,-1,49,5,14,1.0
22,4,131,367333,368856,368856,369859,369859,370466,370500,378000,378000,378600,378633,378667,381770,1523,1003,607,7500,600,276,0,600,2191,3137,3103,1591,331.8414385,14.44015411,1,10,10,160,1,1,51,20,10,2.0
22,4,132,381773,383294,383294,384298,384298,384925,384957,392957,392957,393588,393620,393654,396719,1521,1004,627,8000,631,200,0,600,2217,3099,3065,1617,346.790606,14.94916752,1,5,9,210,1,1,51,14,5,2.0
22,4,133,396722,398247,398247,399252,399252,399858,399891,408891,408891,409523,409555,409590,412682,1525,1005,606,9000,632,446,0,600,1986,3127,3092,1386,362.7530495,15.96244353,1,20,-13,150,-1,-1,49,7,20,1.0
22,4,134,412685,414214,414214,415218,415218,415825,415858,421858,421858,422475,422508,422541,425622,1529,1004,607,6000,617,278,0,600,2165,3114,3081,1565,375.6929716,12.93992207,1,5,9,170,1,1,51,14,5,2.0
22,4,135,425625,427146,427146,428152,428152,428756,428789,435289,435289,435919,435953,435986,439067,1521,1006,604,6500,630,565,0,600,1874,3114,3081,1274,389.1383581,13.44538647,1,10,-3,160,-1,-1,49,7,10,1.0
22,4,136,439070,440593,440593,441599,441599,442204,442238,450738,450738,451338,451370,451403,454508,1523,1006,605,8500,600,397,0,600,2069,3138,3105,1469,404.5789772,15.4406191,1,21,-1,150,-1,-1,49,20,21,1.0
22,4,137,454511,456032,456032,457041,457041,457646,457679,464679,464679,465281,465314,465347,468447,1521,1009,605,7000,602,260,0,600,2203,3133,3100,1603,418.5178761,13.93889898,0,15,-1,160,-1,1,51,14,15,2.0
22,4,138,468450,469973,469973,470981,470981,471588,471621,480121,480121,480736,480768,480802,483884,1523,1008,607,8500,615,220,0,600,2227,3116,3082,1627,433.9550336,15.43715748,1,56,-28,150,-1,-1,49,28,56,1.0
22,4,139,483887,485413,485413,486420,486420,487029,487061,493561,493561,494193,494227,494260,497322,1526,1007,609,6500,632,454,0,600,1972,3095,3062,1372,447.3933163,13.43828272,1,40,-12,160,-1,-1,49,28,40,1.0
22,4,140,497325,498845,498845,499849,499849,500453,500485,506485,506485,507117,507149,507183,510281,1520,1004,604,6000,632,356,0,600,2084,3132,3098,1484,460.3520517,12.95873541,1,20,-13,180,-1,-1,49,7,20,1.0
22,4,141,510283,511812,511812,512818,512818,513441,513474,522474,522474,523107,523140,523174,526224,1529,1006,623,9000,633,449,0,600,1960,3084,3050,1360,476.2952489,15.94319715,0,14,-4,160,-1,1,51,10,14,2.0
22,4,142,526227,527749,527749,528756,528756,529384,529416,537416,537416,538034,538067,538100,541168,1522,1007,628,8000,618,235,0,600,2190,3101,3068,1590,491.2391413,14.94389237,1,2,3,150,1,1,51,5,2,2.0
22,4,143,541171,542694,542694,543698,543698,544304,544338,551838,551838,552470,552503,552538,555616,1523,1004,606,7500,632,567,0,600,1868,3113,3078,1268,505.6870844,14.44794313,0,10,-3,180,-1,1,51,7,10,2.0
22,4,144,555619,557146,557146,558154,558154,558757,558790,567290,567290,567914,567946,567980,571071,1527,1008,603,8500,624,222,0,600,2216,3125,3091,1616,521.1416211,15.45453669,1,4,6,190,1,1,51,10,4,2.0
22,5,145,22948,24472,24472,25491,25491,26106,26139,33139,33139,33743,33775,33813,36893,1524,1019,615,7000,604,494,0,600,1944,3118,3080,1344,13.95764693,13.95764693,1,28,-14,170,-1,-1,49,14,28,1.0
22,5,146,36896,38416,38416,39422,39422,40041,40073,49073,49073,49673,49706,49740,52851,1520,1006,619,9000,600,240,0,600,2215,3145,3111,1615,29.91365271,15.95600577,1,7,3,200,1,1,51,10,7,2.0
22,5,147,52853,54379,54379,55387,55387,55992,56025,63525,63525,64156,64188,64221,67289,1526,1008,605,7500,631,586,0,600,1844,3101,3068,1244,44.35204602,14.43839332,1,10,-3,210,-1,-1,49,7,10,1.0
22,5,148,67292,68818,68818,69826,69826,70432,70467,78967,78967,79599,79632,79666,82743,1526,1008,606,8500,632,245,0,600,2183,3111,3077,1583,59.80658663,15.45454061,1,10,4,210,1,1,51,14,10,2.0
22,5,149,82746,84263,84263,85269,85269,85875,85907,93907,93907,94517,94549,94582,97699,1517,1006,606,8000,610,211,0,600,2250,3150,3117,1650,74.7625927,14.95600608,1,5,9,190,1,1,51,14,5,2.0
22,5,150,97702,99228,99228,100232,100232,100837,100871,107371,107371,108002,108034,108068,111150,1526,1004,605,6500,631,270,0,600,2164,3116,3082,1564,88.2126691,13.45007639,0,8,-1,160,-1,1,51,7,8,2.0
22,5,151,111153,112675,112675,113683,113683,114286,114319,120319,120319,120920,120953,120987,124111,1522,1008,603,6000,601,384,0,600,2082,3158,3124,1482,101.1743957,12.96172662,1,20,-6,190,-1,-1,49,14,20,1.0
22,5,152,124114,125639,125639,126644,126644,127251,127284,135284,135284,135916,135949,135982,139061,1525,1005,607,8000,632,244,0,600,2187,3112,3079,1587,116.1242407,14.94984495,1,10,18,210,1,1,51,28,10,2.0
22,5,153,139063,140586,140586,141594,141594,142199,142231,148231,148231,148863,148896,148930,152013,1523,1008,605,6000,632,246,0,600,2186,3117,3083,1586,129.0762505,12.95200986,1,20,-13,190,-1,-1,49,7,20,1.0
22,5,154,152016,153534,153534,154540,154540,155147,155181,162181,162181,162783,162815,162849,165964,1518,1006,607,7000,602,145,0,600,2322,3149,3115,1722,143.0267425,13.95049196,1,28,-14,150,-1,-1,49,14,28,1.0
22,5,155,165967,167489,167489,168497,168497,169100,169133,178133,178133,178736,178768,178801,181911,1522,1008,603,9000,603,340,0,600,2124,3143,3110,1524,158.9743131,15.94757066,1,8,-1,150,-1,-1,49,7,8,1.0
22,5,156,181914,183438,183438,184442,184442,185046,185079,192579,192579,193181,193213,193246,196363,1524,1004,604,7500,602,312,0,600,2154,3150,3117,1554,173.4261392,14.45182604,1,28,-18,170,-1,-1,49,10,28,1.0
22,5,157,196366,197890,197890,198896,198896,199500,199533,206033,206033,206634,206666,206700,209829,1524,1006,604,6500,601,198,0,600,2267,3163,3129,1667,186.8911324,13.46499326,1,7,3,170,1,1,51,10,7,2.0
22,5,158,209831,211351,211351,212356,212356,212964,212996,221496,221496,222113,222145,222178,225291,1520,1005,608,8500,617,106,0,600,2344,3146,3113,1744,202.3541582,15.46302574,1,56,-28,210,-1,-1,49,28,56,1.0
22,5,159,225294,226821,226821,227824,227824,228430,228463,236963,236963,237593,237626,237660,240742,1527,1003,606,8500,630,121,0,600,2313,3116,3082,1713,217.8044145,15.4502563,1,7,13,190,1,1,51,20,7,2.0
22,5,160,240745,242270,242270,243277,243277,243879,243912,251912,251912,252513,252545,252579,255682,1525,1007,602,8000,601,139,0,600,2326,3137,3103,1726,232.7445415,14.94012699,1,10,-5,190,-1,-1,49,5,10,1.0
22,5,161,255685,257204,257204,258209,258209,258810,258845,266345,266345,266949,266982,267015,270147,1519,1005,601,7500,604,554,0,600,1917,3165,3132,1317,247.2098855,14.46534404,1,14,-9,170,-1,-1,49,5,14,1.0
22,5,162,270150,271676,271676,272686,272686,273293,273326,279826,279826,280430,280462,280496,283592,1526,1010,607,6500,604,329,0,600,2124,3130,3096,1524,260.6545017,13.44461621,1,40,-12,170,-1,-1,49,28,40,1.0
22,5,163,283594,285116,285116,286122,286122,286726,286759,292759,292759,293359,293392,293425,296529,1522,1006,604,6000,600,560,0,600,1908,3137,3104,1308,273.5920721,12.93757033,1,21,-1,160,-1,-1,49,20,21,1.0
22,5,164,296532,298056,298056,299062,299062,299692,299725,306725,306725,307342,307374,307408,310492,1524,1006,630,7000,617,213,0,600,2210,3118,3084,1610,287.5546,13.96252791,1,2,3,200,1,1,51,5,2,2.0
22,5,165,310495,312022,312022,313024,313024,313629,313662,322662,322662,323284,323316,323350,326436,1527,1002,605,9000,622,249,0,600,2195,3120,3086,1595,303.4991312,15.94453123,1,4,6,180,1,1,51,10,4,2.0
22,5,166,326439,327962,327962,328964,328964,329567,329600,335600,335600,336200,336233,336266,339382,1523,1002,603,6000,600,315,0,600,2157,3149,3116,1557,316.4447551,12.94562393,1,7,7,200,1,1,51,14,7,2.0
22,5,167,339385,340903,340903,341911,341911,342516,342549,351049,351049,351649,351682,351716,354821,1518,1008,605,8500,600,332,0,600,2137,3139,3105,1537,331.883919,15.43916387,0,6,-1,180,-1,1,51,5,6,2.0
22,5,168,354824,356349,356349,357352,357352,357957,357990,364490,364490,365107,365140,365174,368283,1525,1003,605,6500,617,303,0,600,2147,3143,3109,1547,345.3458939,13.46197493,1,56,-28,150,-1,-1,49,28,56,1.0
22,5,169,368286,369807,369807,370809,370809,371413,371445,378445,378445,379049,379081,379115,382243,1521,1002,604,7000,604,223,0,600,2246,3162,3128,1646,359.3059586,13.96006467,0,11,-1,190,-1,1,51,10,11,2.0
22,5,170,382246,383767,383767,384770,384770,385380,385412,393412,393412,394014,394047,394080,397199,1521,1003,610,8000,602,407,0,600,2057,3152,3119,1457,374.2614614,14.95550282,1,21,-1,160,-1,-1,49,20,21,1.0
22,5,171,397202,398727,398727,399731,399731,400332,400364,407864,407864,408467,408501,408534,411653,1525,1004,601,7500,603,572,0,600,1895,3152,3119,1295,388.7155575,14.45409611,1,10,-5,170,-1,-1,49,5,10,1.0
22,5,172,411655,413179,413179,414186,414186,414789,414822,423822,423822,424424,424457,424490,427598,1524,1007,603,9000,602,274,0,600,2190,3141,3108,1590,404.6600589,15.9445014,1,29,-1,180,-1,-1,49,28,29,1.0
22,5,173,427601,429122,429122,430122,430122,430727,430759,437759,437759,438388,438421,438454,441539,1521,1000,605,7000,629,249,0,600,2196,3118,3085,1596,418.6009562,13.94089724,1,4,3,210,1,1,51,7,4,2.0
22,5,174,441541,443060,443060,444061,444061,444666,444699,452699,452699,453326,453358,453393,456481,1519,1001,605,8000,627,289,0,600,2159,3123,3088,1559,433.5438999,14.94294372,1,79,-51,150,-1,-1,49,28,79,1.0
22,5,175,456484,458006,458006,459012,459012,459619,459651,468151,468151,468753,468786,468819,471916,1522,1006,607,8500,602,718,0,600,1745,3130,3097,1145,448.9787927,15.43489282,1,10,-3,170,-1,-1,49,7,10,1.0
22,5,176,471919,473441,473441,474446,474446,475050,475084,484084,484084,484685,484717,484751,487873,1522,1005,604,9000,601,254,0,600,2214,3156,3122,1614,464.9356983,15.95690561,1,5,5,170,1,1,51,10,5,2.0
22,5,177,487876,489402,489402,490409,490409,491041,491073,498573,498573,499205,499237,499271,502333,1526,1007,632,7500,632,290,0,600,2113,3096,3062,1513,479.3958118,14.46011349,1,6,-1,170,-1,-1,49,5,6,1.0
22,5,178,502336,503860,503860,504866,504866,505470,505503,512003,512003,512621,512654,512688,515769,1524,1006,604,6500,618,276,0,600,2172,3115,3081,1572,492.8310648,13.43525294,1,40,-20,170,-1,-1,49,20,40,1.0
22,5,179,515770,517292,517292,518293,518293,518895,518929,524929,524929,525534,525566,525600,528722,1522,1001,602,6000,605,355,0,600,2115,3156,3122,1515,505.7841405,12.95307574,1,28,-8,160,-1,-1,49,20,28,1.0
22,5,180,528725,530249,530249,531255,531255,531863,531897,539397,539397,539997,540030,540063,543169,1524,1006,608,7500,600,394,0,600,2068,3139,3106,1468,520.231119,14.4469785,1,40,-20,200,-1,-1,49,20,40,1.0
22,6,181,23895,25417,25417,26429,26429,27049,27081,35081,35081,35699,35732,35767,38838,1522,1012,620,8000,618,230,0,600,2198,3106,3071,1598,14.95591446,14.95591446,1,2,5,210,1,1,51,7,2,2.0
22,6,182,38843,40366,40366,41374,41374,41978,42010,49010,49010,49611,49644,49678,52789,1523,1008,604,7000,601,305,0,600,2159,3145,3111,1559,28.90564099,13.94972652,1,6,1,160,1,1,51,7,6,2.0
22,6,183,52793,54321,54321,55327,55327,55932,55965,64965,64965,65565,65598,65631,68729,1528,1006,605,9000,600,458,0,600,2003,3131,3098,1403,44.84499863,15.93935764,1,5,5,180,1,1,51,10,5,2.0
22,6,184,68732,70254,70254,71257,71257,71863,71896,80396,80396,80996,81029,81062,84167,1522,1003,606,8500,600,206,0,600,2263,3138,3105,1663,60.2827564,15.43775777,1,5,9,180,1,1,51,14,5,2.0
22,6,185,84169,85693,85693,86700,86700,87326,87358,93358,93358,93974,94008,94041,97101,1524,1007,626,6000,616,318,0,600,2109,3093,3060,1509,73.21712788,12.93437149,1,56,-28,200,-1,-1,49,28,56,1.0
22,6,186,97103,98629,98629,99635,99635,100239,100272,106772,106772,107386,107419,107452,110545,1526,1006,604,6500,614,260,0,600,2190,3126,3093,1590,86.66065893,13.44353105,1,40,-20,170,-1,-1,49,20,40,1.0
22,6,187,110548,112069,112069,113076,113076,113680,113713,121213,121213,121814,121847,121880,124981,1521,1007,604,7500,601,331,0,600,2136,3134,3101,1536,101.0973758,14.4367169,1,10,4,210,1,1,51,14,10,2.0
22,6,188,124984,126506,126506,127511,127511,128115,128149,136149,136149,136765,136797,136831,139928,1522,1005,604,8000,616,357,0,600,2096,3131,3097,1496,116.0438213,14.94644541,1,5,5,150,1,1,51,10,5,2.0
22,6,189,139931,141457,141457,142465,142465,143082,143114,150114,150114,150738,150770,150803,153888,1526,1008,617,7000,624,440,0,600,1985,3118,3085,1385,130.0042834,13.96046215,1,4,6,190,1,1,51,10,4,2.0
22,6,190,153891,155416,155416,156418,156418,157018,157050,163550,163550,164181,164213,164247,167353,1525,1002,600,6500,631,338,0,600,2104,3140,3106,1504,143.4691986,13.46491521,1,4,1,170,1,1,51,5,4,2.0
22,6,191,167356,168881,168881,169886,169886,170491,170524,179024,179024,179641,179674,179708,182804,1525,1005,605,8500,617,294,0,600,2154,3130,3096,1554,158.9196095,15.45041089,1,56,-28,160,-1,-1,49,28,56,1.0
22,6,192,182807,184331,184331,185339,185339,185944,185976,191976,191976,192587,192621,192654,195756,1524,1008,605,6000,611,295,0,600,2157,3135,3102,1557,171.8723839,12.95277439,1,40,-26,180,-1,-1,49,14,40,1.0
22,6,193,195760,197286,197286,198289,198289,198893,198925,207925,207925,208543,208577,208610,211711,1526,1003,604,9000,618,329,0,600,2120,3134,3101,1520,187.8268434,15.95445954,1,56,-28,210,-1,-1,49,28,56,1.0
22,6,194,211714,213231,213231,214238,214238,214866,214898,222398,222398,223013,223045,223078,226174,1517,1007,628,7500,615,357,0,600,2076,3129,3096,1476,202.2900973,14.46325387,1,4,1,180,1,1,51,5,4,2.0
22,6,195,226177,227702,227702,228707,228707,229309,229341,236841,236841,237470,237502,237536,240637,1525,1005,602,7500,629,200,0,600,2239,3135,3101,1639,216.7525656,14.46246825,1,4,1,180,1,1,51,5,4,2.0
22,6,196,240640,242159,242159,243164,243164,243769,243802,252302,252302,252918,252950,252983,256089,1519,1005,605,8500,616,207,0,600,2248,3139,3106,1648,232.2056536,15.45308809,1,2,5,210,1,1,51,7,2,2.0
22,6,197,256093,257612,257612,258620,258620,259224,259257,267257,267257,267857,267889,267922,271034,1519,1008,604,8000,600,306,0,600,2163,3145,3112,1563,247.1501361,14.94448241,1,20,-13,150,-1,-1,49,7,20,1.0
22,6,198,271037,272560,272560,273567,273567,274173,274207,283207,283207,283840,283873,283906,286984,1523,1007,606,9000,633,341,0,600,2090,3111,3078,1490,263.0988124,15.94867632,1,28,-8,210,-1,-1,49,20,28,1.0
22,6,199,286985,288510,288510,289515,289515,290120,290152,296652,296652,297252,297286,297320,300441,1525,1005,605,6500,600,153,0,600,2312,3155,3121,1712,276.5567712,13.45795883,1,10,18,150,1,1,51,28,10,2.0
22,6,200,300444,301966,301966,302970,302970,303579,303612,309612,309612,310226,310259,310292,313390,1522,1004,609,6000,614,100,0,600,2351,3131,3098,1751,289.5053439,12.94857265,1,5,5,170,1,1,51,10,5,2.0
22,6,201,313393,314914,314914,315916,315916,316522,316554,323554,323554,324186,324219,324252,327345,1521,1002,606,7000,632,449,0,600,1990,3126,3093,1390,303.4605932,13.95524938,1,10,10,190,1,1,51,20,10,2.0
22,6,202,327348,328871,328871,329879,329879,330484,330517,337017,337017,337617,337649,337682,340791,1523,1008,605,6500,600,208,0,600,2256,3142,3109,1656,316.9059978,13.44540455,1,40,-26,160,-1,-1,49,14,40,1.0
22,6,203,340793,342316,342316,343324,343324,343953,343986,351986,351986,352586,352619,352652,355739,1523,1008,629,8000,600,248,0,600,2192,3120,3087,1592,331.8544692,14.9484714,1,5,9,150,1,1,51,14,5,2.0
22,6,204,355742,357260,357260,358264,358264,358896,358929,364929,364929,365553,365585,365618,368696,1518,1004,632,6000,624,343,0,600,2079,3111,3078,1479,344.8120992,12.95763006,1,3,2,150,1,1,51,5,3,2.0
22,6,205,368699,370222,370222,371226,371226,371833,371866,378866,378866,379468,379501,379535,382662,1523,1004,607,7000,602,288,0,600,2176,3161,3127,1576,358.7772595,13.96516021,1,20,8,150,1,1,51,28,20,2.0
22,6,206,382665,384190,384190,385193,385193,385798,385832,393332,393332,393932,393965,393998,397103,1525,1003,605,7500,600,263,0,600,2204,3138,3105,1604,373.2185394,14.44127996,1,13,1,200,1,1,51,14,13,2.0
22,6,207,397106,398631,398631,399639,399639,400267,400300,409300,409300,409925,409957,409991,413044,1525,1008,628,9000,625,286,0,600,2128,3087,3053,1528,389.1589711,15.94043166,1,4,1,210,1,1,51,5,4,2.0
22,6,208,413046,414570,414570,415571,415571,416172,416205,424705,424705,425324,425356,425390,428481,1524,1001,601,8500,619,124,0,600,2331,3125,3091,1731,404.5968548,15.43788373,1,57,-37,160,-1,-1,49,20,57,1.0
22,6,209,428484,430009,430009,431016,431016,431621,431654,438154,438154,438785,438817,438850,441924,1525,1007,605,6500,631,329,0,600,2103,3107,3074,1503,418.0394676,13.44261283,1,7,3,170,1,1,51,10,7,2.0
22,6,210,441927,443451,443451,444454,444454,445054,445086,453086,453086,453686,453720,453753,456882,1524,1003,600,8000,600,452,0,600,2021,3162,3129,1421,432.997132,14.95766441,0,7,-2,160,-1,1,51,5,7,2.0
22,6,211,456885,458406,458406,459408,459408,460013,460045,467045,467045,467646,467679,467712,470821,1521,1002,605,7000,601,172,0,600,2299,3142,3109,1699,446.9363532,13.93922113,0,14,6,160,1,-1,49,20,14,1.0
22,6,212,470824,472348,472348,473355,473355,473960,473993,479993,479993,480607,480640,480674,483765,1524,1007,605,6000,614,117,0,600,2333,3125,3091,1733,459.8799707,12.94361754,1,40,-12,150,-1,-1,49,28,40,1.0
22,6,213,483768,485297,485297,486303,486303,486907,486939,495439,495439,496039,496071,496105,499231,1529,1006,604,8500,600,317,0,600,2144,3160,3126,1544,475.3459795,15.46600882,1,10,10,210,1,1,51,20,10,2.0
22,6,214,499234,500760,500760,501766,501766,502372,502406,509906,509906,510540,510572,510605,513676,1526,1006,606,7500,634,268,0,600,2160,3104,3071,1560,489.7909284,14.44494891,1,28,-18,180,-1,-1,49,10,28,1.0
22,6,215,513679,515208,515208,516216,516216,516818,516852,525852,525852,526484,526518,526551,529639,1529,1008,602,9000,632,316,0,600,2113,3121,3088,1513,505.7538596,15.96293112,1,14,-7,170,-1,-1,49,7,14,1.0
22,6,216,529642,531166,531166,532175,532175,532780,532813,539813,539813,540444,540476,540510,543594,1524,1009,605,7000,631,277,0,600,2154,3118,3084,1554,519.7094898,13.95563029,1,6,1,150,1,1,51,7,6,2.0
23,1,1,73404,74933,74933,75958,75958,76586,76618,82618,82618,83226,83258,83296,86369,1529,1025,628,6000,608,388,0,600,2022,3111,3073,1422,13.00345891,13.00345891,1,28,-14,190,-1,-1,49,14,28,1.0
23,1,2,86421,87944,87944,88958,88958,89563,89596,96596,96596,97197,97229,97264,100368,1523,1014,605,7000,601,294,0,600,2163,3139,3104,1563,26.95296394,13.94950503,1,7,3,200,1,1,51,10,7,2.0
23,1,3,100371,101894,101894,102901,102901,103504,103537,111537,111537,112138,112170,112203,115306,1523,1007,603,8000,601,681,0,600,1785,3136,3103,1185,41.89069639,14.93773245,0,13,1,180,1,-1,49,14,13,1.0
23,1,4,115309,116836,116836,117843,117843,118476,118509,127509,127509,128127,128160,128193,131252,1527,1007,633,9000,618,486,0,600,1929,3092,3059,1329,57.83681153,15.94611513,1,2,3,190,1,1,51,5,2,2.0
23,1,5,131255,132779,132779,133786,133786,134391,134424,141924,141924,142524,142556,142589,145694,1524,1007,605,7500,600,366,0,600,2098,3138,3105,1498,72.27885089,14.44203936,1,56,-28,170,-1,-1,49,28,56,1.0
23,1,6,145697,147222,147222,148227,148227,148834,148867,157367,157367,158001,158034,158067,161156,1525,1005,607,8500,634,249,0,600,2180,3122,3089,1580,87.74068238,15.46183149,1,28,-18,210,-1,-1,49,10,28,1.0
23,1,7,161159,162681,162681,163689,163689,164297,164329,170829,170829,171460,171492,171526,174619,1522,1008,608,6500,631,352,0,600,2079,3127,3093,1479,101.2041487,13.46346632,1,20,8,200,1,1,51,28,20,2.0
23,1,8,174622,176148,176148,177159,177159,177764,177796,185296,185296,185896,185929,185962,189078,1526,1011,605,7500,600,476,0,600,1982,3149,3116,1382,115.6627238,14.45857509,1,14,-7,190,-1,-1,49,7,14,1.0
23,1,9,189080,190601,190601,191603,191603,192230,192264,198264,198264,198897,198929,198963,202019,1521,1002,627,6000,633,283,0,600,2134,3090,3056,1534,128.6032368,12.94051302,1,7,7,200,1,1,51,14,7,2.0
23,1,10,202021,203546,203546,204550,204550,205155,205188,213688,213688,214306,214339,214373,217484,1525,1004,605,8500,618,210,0,600,2238,3145,3111,1638,144.0688292,15.46559235,1,79,-51,170,-1,-1,49,28,79,1.0
23,1,11,217486,219010,219010,220016,220016,220618,220650,227650,227650,228279,228312,228346,231436,1524,1006,602,7000,629,376,0,600,2063,3124,3090,1463,158.0203614,13.95153222,1,5,5,170,1,1,51,10,5,2.0
23,1,12,231438,232962,232962,233968,233968,234576,234608,241108,241108,241708,241742,241777,244882,1524,1006,608,6500,600,368,0,600,2094,3140,3105,1494,171.4671133,13.44675189,1,20,8,190,1,1,51,28,20,2.0
23,1,13,244885,246411,246411,247417,247417,248020,248054,256055,256055,256672,256704,256737,259820,1526,1006,603,8001,617,371,0,600,2076,3116,3083,1476,186.4050054,14.93789217,1,4,6,210,1,1,51,10,4,2.0
23,1,14,259822,261346,261346,262353,262353,262958,262990,271990,271990,272615,272647,272680,275779,1524,1007,605,9000,625,389,0,600,2050,3132,3099,1450,202.3639635,15.95895811,1,4,3,160,1,1,51,7,4,2.0
23,1,15,275782,277307,277307,278315,278315,278944,278976,287476,287476,288076,288109,288142,291226,1525,1008,629,8500,600,641,0,600,1797,3117,3084,1197,217.8110062,15.44704269,1,14,-9,170,-1,-1,49,5,14,1.0
23,1,16,291229,292753,292753,293764,293764,294369,294402,301902,301902,302521,302553,302586,305663,1524,1011,605,7500,619,464,0,600,1977,3110,3077,1377,232.2475713,14.43656502,1,2,5,190,1,1,51,7,2,2.0
23,1,17,305666,307192,307192,308199,308199,308805,308838,315338,315338,315957,315989,316022,319119,1526,1007,606,6500,619,355,0,600,2087,3130,3097,1487,245.70375,13.45617875,1,7,7,170,1,1,51,14,7,2.0
23,1,18,319122,320648,320648,321656,321656,322264,322297,329297,329297,329900,329933,329968,333078,1526,1008,608,7000,603,665,0,600,1790,3145,3110,1190,259.6627877,13.95903767,1,14,6,180,1,1,51,20,14,2.0
23,1,19,333081,334605,334605,335607,335607,336210,336242,342242,342242,342873,342905,342939,346036,1524,1002,603,6000,631,321,0,600,2119,3131,3097,1519,272.6205573,12.95776958,1,28,-8,210,-1,-1,49,20,28,1.0
23,1,20,346039,347561,347561,348567,348567,349200,349232,357232,357232,357860,357892,357925,360994,1522,1006,633,8000,628,494,0,600,1917,3102,3069,1317,287.5787737,14.95821648,1,4,1,190,1,1,51,5,4,2.0
23,1,21,360997,362520,362520,363524,363524,364129,364162,373162,373162,373768,373800,373834,376949,1523,1004,605,9000,606,372,0,600,2090,3149,3115,1490,303.533016,15.95424227,1,14,6,210,1,1,51,20,14,2.0
23,1,22,376951,378474,378474,379483,379483,380086,380118,386118,386118,386719,386753,386787,389908,1523,1009,603,6000,601,970,0,600,1494,3155,3121,894,316.4919021,12.95888609,1,14,-4,190,-1,-1,49,10,14,1.0
23,1,23,389911,391433,391433,392436,392436,393045,393077,400077,400077,400679,400711,400744,403852,1522,1003,609,7000,602,399,0,600,2065,3141,3108,1465,330.4360395,13.94413737,1,40,-26,210,-1,-1,49,14,40,1.0
23,1,24,403855,405379,405379,406386,406386,406991,407024,415524,415524,416151,416185,416219,419321,1524,1007,605,8500,627,295,0,600,2142,3136,3102,1542,345.9052845,15.46924503,1,4,6,190,1,1,51,10,4,2.0
23,1,25,419324,420848,420848,421859,421859,422466,422498,430498,430498,431113,431145,431179,434260,1524,1011,607,8000,615,530,0,600,1913,3115,3081,1313,360.8446527,14.93936819,1,56,-28,180,-1,-1,49,28,56,1.0
23,1,26,434263,435784,435784,436787,436787,437388,437420,446420,446420,447041,447074,447108,450208,1521,1003,601,9000,621,397,0,600,2057,3134,3100,1457,376.7924825,15.94782982,1,3,2,150,1,1,51,5,3,2.0
23,1,27,450211,451731,451731,452736,452736,453342,453374,460874,460874,461490,461524,461557,464649,1520,1005,606,7500,616,251,0,600,2202,3125,3092,1602,391.2333924,14.4409099,1,57,-37,180,-1,-1,49,20,57,1.0
23,1,28,464652,466181,466181,467188,467188,467792,467826,474326,474326,474943,474976,475009,478115,1529,1007,604,6500,617,398,0,600,2045,3139,3106,1445,404.6990381,13.46564569,1,2,5,180,1,1,51,7,2,2.0
23,1,29,478118,479644,479644,480651,480651,481251,481283,488783,488783,489400,489432,489466,492566,1526,1007,600,7500,617,850,0,600,1600,3134,3100,1000,419.1504079,14.45136979,1,4,1,200,1,1,51,5,4,2.0
23,1,30,492569,494092,494092,495099,495099,495704,495738,502238,502238,502838,502870,502904,506025,1523,1007,605,6500,600,411,0,600,2054,3155,3121,1454,432.6088772,13.45846932,1,10,18,190,1,1,51,28,10,2.0
23,1,31,506028,507549,507549,508556,508556,509167,509201,517201,517201,517832,517866,517899,520961,1521,1007,611,8000,631,873,0,600,1557,3095,3062,957,447.544929,14.93605182,1,40,-20,200,-1,-1,49,20,40,1.0
23,1,32,520964,522488,522488,523495,523495,524100,524134,531134,531134,531766,531798,531832,534924,1524,1007,605,7000,632,452,0,600,1980,3126,3092,1380,461.5080057,13.96307667,0,28,-8,150,-1,1,51,20,28,2.0
23,1,33,534927,536450,536450,537453,537453,538056,538089,544089,544089,544720,544754,544787,547866,1523,1003,603,6000,631,566,0,600,1874,3112,3079,1274,474.4499953,12.94198964,1,28,-14,160,-1,-1,49,14,28,1.0
23,1,34,547869,549394,549394,550403,550403,551008,551041,559541,559541,560159,560191,560225,563302,1525,1009,605,8500,618,271,0,600,2172,3111,3077,1572,489.8865338,15.4365385,1,2,5,160,1,1,51,7,2,2.0
23,1,35,563305,564831,564831,565837,565837,566439,566471,575471,575471,576092,576125,576158,579257,1526,1006,602,9000,621,334,0,600,2111,3132,3099,1511,505.8415081,15.95497425,1,2,5,190,1,1,51,7,2,2.0
23,1,36,579260,580784,580784,581790,581790,582421,582454,588954,588954,589571,589604,589637,592710,1524,1006,631,6500,617,374,0,600,2048,3106,3073,1448,519.2941113,13.45260322,1,2,3,180,1,1,51,5,2,2.0
23,2,37,15184,16707,16707,17724,17724,18349,18382,27382,27382,27986,28019,28056,31156,1523,1017,625,9000,604,388,0,600,2043,3137,3100,1443,15.98498308,15.98498308,1,7,-2,180,-1,-1,49,5,7,1.0
23,2,38,31161,32685,32685,33692,33692,34294,34326,42326,42326,42929,42961,42995,46104,1524,1007,602,8000,603,238,0,600,2226,3143,3109,1626,30.9310512,14.94606812,1,14,-9,210,-1,-1,49,5,14,1.0
23,2,39,46107,47628,47628,48636,48636,49242,49275,56775,56775,57382,57414,57447,60567,1521,1008,606,7500,607,410,0,600,2048,3153,3120,1448,45.39440843,14.46335723,1,57,-37,160,-1,-1,49,20,57,1.0
23,2,40,60570,62098,62098,63105,63105,63709,63741,69741,69741,70342,70375,70408,73518,1528,1007,604,6000,601,437,0,600,2023,3143,3110,1423,58.34509235,12.95068392,1,5,2,150,1,1,51,7,5,2.0
23,2,41,73521,75042,75042,76046,76046,76648,76682,83182,83182,83809,83841,83874,86972,1521,1004,602,6500,627,261,0,600,2185,3131,3098,1585,71.79876416,13.45367181,1,4,6,190,1,1,51,10,4,2.0
23,2,42,86975,88501,88501,89504,89504,90110,90143,98643,98643,99276,99308,99341,102419,1526,1003,606,8500,633,271,0,600,2161,3111,3078,1561,87.2463077,15.44754354,1,14,6,150,1,1,51,20,14,2.0
23,2,43,102423,103950,103950,104958,104958,105562,105595,112595,112595,113209,113241,113275,116380,1527,1008,604,7000,614,363,0,600,2084,3139,3105,1484,101.2064842,13.96017647,1,2,5,190,1,1,51,7,2,2.0
23,2,44,116382,117908,117908,118915,118915,119519,119552,127552,127552,128169,128203,128235,131322,1526,1007,604,8000,617,185,0,600,2261,3119,3087,1661,116.1489731,14.94248898,1,57,-37,200,-1,-1,49,20,57,1.0
23,2,45,131325,132854,132854,133860,133860,134467,134500,140500,140500,141131,141164,141197,144258,1529,1006,607,6000,631,322,0,600,2105,3094,3061,1505,129.0842457,12.93527253,1,20,-10,160,-1,-1,49,10,20,1.0
23,2,46,144261,145787,145787,146791,146791,147395,147428,154928,154928,155528,155560,155594,158704,1526,1004,604,7500,600,303,0,600,2163,3144,3110,1563,143.5310099,14.44676424,1,20,-13,180,-1,-1,49,7,20,1.0
23,2,47,158707,160234,160234,161237,161237,161839,161872,170872,170872,171490,171522,171556,174650,1527,1003,602,9000,618,391,0,600,2059,3128,3094,1459,159.477022,15.94601207,1,2,3,200,1,1,51,5,2,2.0
23,2,48,174653,176178,176178,177185,177185,177788,177820,186320,186320,186926,186958,186992,190099,1525,1007,603,8500,606,270,0,600,2189,3141,3107,1589,174.9245468,15.44752485,1,40,-26,150,-1,-1,49,14,40,1.0
23,2,49,190101,191628,191628,192632,192632,193238,193271,199771,199771,200382,200415,200450,203553,1527,1004,606,6500,611,360,0,600,2092,3138,3103,1492,188.3794482,13.45490132,1,56,-28,160,-1,-1,49,28,56,1.0
23,2,50,203556,205077,205077,206083,206083,206692,206725,213725,213725,214327,214360,214393,217508,1521,1006,609,7000,602,344,0,600,2118,3148,3115,1518,202.3344149,13.95496672,1,13,1,180,1,1,51,14,13,2.0
23,2,51,217511,219033,219033,220038,220038,220644,220677,229677,229677,230309,230341,230375,233451,1522,1005,606,9000,632,206,0,600,2229,3110,3076,1629,218.2770371,15.94262218,1,14,-9,150,-1,-1,49,5,14,1.0
23,2,52,233454,234975,234975,235979,235979,236586,236618,243118,243118,243739,243772,243806,246906,1521,1004,607,6500,621,258,0,600,2189,3134,3100,1589,231.7328741,13.45583702,1,56,-28,200,-1,-1,49,28,56,1.0
23,2,53,246909,248432,248432,249440,249440,250045,250077,257577,257577,258180,258212,258245,261356,1523,1008,605,7500,603,830,0,600,1631,3144,3111,1031,246.1830478,14.45017373,1,20,-6,180,-1,-1,49,14,20,1.0
23,2,54,261358,262888,262888,263895,263895,264499,264532,273032,273032,273664,273696,273731,276816,1530,1007,604,8500,632,312,0,600,2115,3120,3085,1515,261.6426222,15.45957437,1,7,3,170,1,1,51,10,7,2.0
23,2,55,276819,278339,278339,279349,279349,279953,279987,285987,285987,286608,286640,286673,289764,1520,1010,604,6000,621,933,0,600,1512,3124,3091,912,274.5907033,12.94808115,1,6,1,180,1,1,51,7,6,2.0
23,2,56,289767,291295,291295,292300,292300,292905,292938,300938,300938,301570,301603,301636,304730,1528,1005,605,8000,632,196,0,600,2234,3127,3094,1634,289.5558461,14.96514273,1,14,-7,150,-1,-1,49,7,14,1.0
23,2,57,304733,306257,306257,307265,307265,307869,307901,314901,314901,315502,315534,315568,318669,1524,1008,604,7000,601,399,0,600,2064,3135,3101,1464,303.4953673,13.93952127,1,28,-14,160,-1,-1,49,14,28,1.0
23,2,58,318672,320194,320194,321197,321197,321803,321835,330335,330335,330935,330967,331001,334117,1522,1003,606,8500,600,278,0,600,2191,3150,3116,1591,318.9436627,15.44829541,1,5,9,190,1,1,51,14,5,2.0
23,2,59,334120,335648,335648,336657,336657,337263,337297,344297,344297,344898,344932,344965,348060,1528,1009,606,7000,601,1881,0,600,575,3128,3095,-25,332.8863578,13.9426951,1,9,1,170,1,1,51,10,9,2.0
23,2,60,348063,349589,349589,350599,350599,351206,351239,358739,358739,359344,359377,359411,362517,1526,1010,607,7500,605,332,0,600,2120,3140,3106,1520,347.3428536,14.45649577,1,40,-20,200,-1,-1,49,20,40,1.0
23,2,61,362520,364046,364046,365054,365054,365661,365693,373693,373693,374325,374358,374391,377463,1526,1008,607,8000,632,138,0,600,2289,3105,3072,1689,362.2893593,14.94650568,1,40,-12,190,-1,-1,49,28,40,1.0
23,2,62,377466,378995,378995,379998,379998,380601,380633,386633,386633,387267,387300,387333,390404,1529,1003,603,6000,634,393,0,600,2038,3104,3071,1438,375.2298847,12.94052538,1,7,13,200,1,1,51,20,7,2.0
23,2,63,390407,391935,391935,392944,392944,393546,393578,400078,400078,400708,400741,400775,403869,1528,1009,602,6500,630,420,0,600,2011,3128,3094,1411,388.6952857,13.46540099,1,4,1,200,1,1,51,5,4,2.0
23,2,64,403872,405397,405397,406403,406403,407012,407045,416045,416045,416652,416684,416718,419815,1525,1006,609,9000,607,423,0,600,2030,3131,3097,1430,404.6408406,15.94555492,1,40,-12,170,-1,-1,49,28,40,1.0
23,2,65,419818,421345,421345,422353,422353,422959,422991,430991,430991,431609,431642,431675,434777,1527,1008,606,8000,618,363,0,600,2078,3135,3102,1478,419.6030623,14.96222174,1,56,-28,190,-1,-1,49,28,56,1.0
23,2,66,434780,436306,436306,437309,437309,437911,437943,446443,446443,447073,447105,447138,450229,1526,1003,602,8500,630,509,0,600,1930,3124,3091,1330,435.055143,15.45208068,1,4,1,200,1,1,51,5,4,2.0
23,2,67,450231,451757,451757,452762,452762,453379,453412,460912,460912,461527,461559,461593,464663,1526,1005,617,7500,615,401,0,600,2036,3104,3070,1436,449.4892734,14.43413041,1,2,5,190,1,1,51,7,2,2.0
23,2,68,464666,466189,466189,467195,467195,467798,467830,474330,474330,474932,474964,474998,478112,1523,1006,603,6500,602,343,0,600,2123,3148,3114,1523,462.9384488,13.44917535,1,40,-26,180,-1,-1,49,14,40,1.0
23,2,69,478116,479636,479636,480638,480638,481239,481271,487271,487271,487886,487919,487952,491069,1520,1002,601,6000,615,348,0,600,2114,3150,3117,1514,475.8944313,12.95598257,1,10,10,160,1,1,51,20,10,2.0
23,2,70,491072,492599,492599,493608,493608,494213,494247,503247,503247,503879,503913,503947,507018,1527,1009,605,9000,632,331,0,600,2096,3105,3071,1496,491.8434883,15.94905692,1,10,18,190,1,1,51,28,10,2.0
23,2,71,507021,508546,508546,509552,509552,510157,510191,517191,517191,517816,517847,517881,520976,1525,1006,605,7000,625,1653,0,600,786,3129,3095,186,505.8019871,13.95849885,1,9,1,150,1,1,51,10,9,2.0
23,2,72,520977,522501,522501,523510,523510,524119,524152,532652,532652,533255,533287,533321,536431,1524,1009,609,8500,603,597,0,600,1858,3144,3110,1258,521.2564364,15.4544493,1,28,-18,210,-1,-1,49,10,28,1.0
23,3,73,15080,16604,16604,17621,17621,18233,18266,25266,25266,25900,25932,25969,29050,1524,1017,612,7000,634,464,0,600,1949,3118,3081,1349,13.98216002,13.98216002,1,6,1,170,1,1,51,7,6,2.0
23,3,74,29055,30582,30582,31588,31588,32189,32223,40723,40723,41324,41356,41390,44519,1527,1006,601,8500,601,287,0,600,2178,3163,3129,1578,29.44953818,15.46737816,1,20,-13,150,-1,-1,49,7,20,1.0
23,3,75,44522,46049,46049,47058,47058,47686,47719,55719,55719,56335,56368,56402,59475,1527,1009,628,8000,616,365,0,600,2055,3107,3073,1455,44.40576334,14.95622516,1,5,5,190,1,1,51,10,5,2.0
23,3,76,59478,61004,61004,62012,62012,62645,62677,69177,69177,69777,69810,69843,72941,1526,1008,633,6500,600,388,0,600,2045,3131,3098,1445,57.871337,13.46557367,1,14,-9,210,-1,-1,49,5,14,1.0
23,3,77,72944,74472,74472,75479,75479,76085,76118,85118,85118,85736,85768,85801,88882,1528,1007,606,9000,618,531,0,600,1910,3114,3081,1310,73.81238763,15.94105063,1,14,-7,170,-1,-1,49,7,14,1.0
23,3,78,88885,90416,90416,91423,91423,92031,92064,99564,99564,100166,100198,100232,103344,1531,1007,608,7500,602,697,0,600,1755,3146,3112,1155,88.27408774,14.4617001,1,20,8,200,1,1,51,28,20,2.0
23,3,79,103347,104874,104874,105879,105879,106487,106520,112520,112520,113126,113158,113192,116294,1527,1005,608,6000,606,298,0,600,2156,3136,3102,1556,101.2247575,12.95066975,1,14,6,210,1,1,51,20,14,2.0
23,3,80,116297,117823,117823,118831,118831,119439,119472,125472,125472,126072,126105,126139,129257,1526,1008,608,6000,600,440,0,600,2018,3152,3118,1418,114.1872571,12.96249959,1,20,-10,160,-1,-1,49,10,20,1.0
23,3,81,129259,130787,130787,131795,131795,132403,132435,139935,139935,140537,140570,140605,143711,1528,1008,608,7500,602,332,0,600,2122,3141,3106,1522,128.6416627,14.4544056,1,28,-8,170,-1,-1,49,20,28,1.0
23,3,82,143714,145241,145241,146250,146250,146855,146888,154888,154888,155521,155554,155588,158667,1527,1009,605,8000,633,796,0,600,1630,3113,3079,1030,143.5970691,14.95540639,0,13,1,180,1,-1,49,14,13,1.0
23,3,83,158670,160195,160195,161200,161200,161804,161839,170339,170339,170971,171004,171037,174123,1525,1005,604,8500,632,1835,0,600,599,3119,3086,-1,159.0526409,15.45557183,1,5,9,180,1,1,51,14,5,2.0
23,3,84,174126,175649,175649,176653,176653,177261,177294,184294,184294,184895,184928,184961,188084,1523,1004,608,7000,601,507,0,600,1957,3156,3123,1357,173.0139902,13.96134933,1,5,5,170,1,1,51,10,5,2.0
23,3,85,188087,189616,189616,190623,190623,191231,191263,197763,197763,198365,198397,198431,201545,1529,1007,608,6500,602,342,0,600,2112,3148,3114,1512,186.474943,13.46095275,1,20,-13,170,-1,-1,49,7,20,1.0
23,3,86,201548,203074,203074,204079,204079,204680,204714,213714,213714,214315,214347,214381,217504,1526,1005,601,9000,601,351,0,600,2116,3157,3123,1516,202.4338502,15.95890718,1,20,-13,150,-1,-1,49,7,20,1.0
23,3,87,217507,219028,219028,220036,220036,220643,220676,227176,227176,227794,227826,227860,230951,1521,1008,607,6500,618,383,0,600,2063,3125,3091,1463,215.8808751,13.44702491,1,57,-37,150,-1,-1,49,20,57,1.0
23,3,88,230954,232477,232477,233485,233485,234096,234129,242129,242129,242761,242794,242827,245902,1523,1008,611,8000,632,265,0,600,2161,3108,3075,1561,230.8316494,14.95077432,1,40,-20,210,-1,-1,49,20,40,1.0
23,3,89,245904,247425,247425,248428,248428,249028,249060,255060,255060,255685,255717,255750,258863,1521,1003,600,6000,625,277,0,600,2174,3146,3113,1574,243.7934345,12.96178508,1,3,2,180,1,1,51,5,3,2.0
23,3,90,258867,260394,260394,261404,261404,262004,262036,269036,269036,269667,269699,269732,272825,1527,1010,600,7000,631,1131,0,600,1301,3126,3093,701,257.7548685,13.96143401,0,7,-2,170,-1,1,51,5,7,2.0
23,3,91,272828,274349,274349,275356,275356,275963,275996,284996,284996,285628,285661,285695,288771,1521,1007,607,9000,632,299,0,600,2134,3110,3076,1534,273.7012132,15.94634476,1,5,9,180,1,1,51,14,5,2.0
23,3,92,288774,290294,290294,291301,291301,291903,291936,300436,300436,301068,301100,301133,304207,1520,1007,602,8500,632,363,0,600,2076,3107,3074,1476,289.1365427,15.43532948,1,40,-26,160,-1,-1,49,14,40,1.0
23,3,93,304210,305737,305737,306740,306740,307347,307380,314880,314880,315482,315514,315547,318651,1527,1003,607,7500,602,303,0,600,2158,3137,3104,1558,303.5808302,14.44428744,1,14,14,170,1,1,51,28,14,2.0
23,3,94,318654,320178,320178,321186,321186,321794,321827,330327,330327,330945,330977,331010,334093,1524,1008,608,8500,618,436,0,600,2006,3116,3083,1406,319.0223768,15.44154665,1,79,-51,160,-1,-1,49,28,79,1.0
23,3,95,334096,335624,335624,336630,336630,337235,337267,343767,343767,344391,344424,344457,347548,1528,1006,605,6500,624,710,0,600,1727,3124,3091,1127,332.4781135,13.45573667,0,27,1,170,1,-1,49,28,27,1.0
23,3,96,347551,349077,349077,350084,350084,350691,350724,357724,357724,358325,358357,358390,361491,1526,1007,607,7000,601,330,0,600,2129,3134,3101,1529,346.4203599,13.94224639,1,20,-10,180,-1,-1,49,10,20,1.0
23,3,97,361494,363022,363022,364027,364027,364633,364666,372666,372666,373268,373301,373335,376429,1528,1005,606,8000,602,511,0,600,1948,3128,3094,1348,361.3586311,14.93827127,1,14,-4,200,-1,-1,49,10,14,1.0
23,3,98,376432,377960,377960,378967,378967,379598,379630,385630,385630,386235,386267,386300,389372,1528,1007,631,6000,605,460,0,600,1969,3105,3072,1369,374.3010382,12.94240701,1,20,-10,170,-1,-1,49,10,20,1.0
23,3,99,389374,390902,390902,391906,391906,392507,392539,400039,400039,400655,400689,400722,403811,1528,1004,601,7500,616,282,0,600,2169,3122,3089,1569,388.74079,14.43975181,1,40,-26,160,-1,-1,49,14,40,1.0
23,3,100,403814,405339,405339,406346,406346,406950,406982,415982,415982,416598,416630,416664,419755,1525,1007,604,9000,616,447,0,600,2001,3125,3091,1401,404.6846483,15.94385832,1,4,1,210,1,1,51,5,4,2.0
23,3,101,419758,421284,421284,422291,422291,422897,422930,429430,429430,430052,430084,430118,433190,1526,1007,606,6500,622,297,0,600,2142,3106,3072,1542,418.1199847,13.43533641,1,56,-28,160,-1,-1,49,28,56,1.0
23,3,102,433193,434720,434720,435726,435726,436334,436366,444866,444866,445466,445499,445532,448650,1527,1006,608,8500,600,732,0,600,1727,3151,3118,1127,433.5795157,15.45953098,0,28,-8,200,-1,1,51,20,28,2.0
23,3,103,448653,450178,450178,451186,451186,451793,451826,460826,460826,461454,461486,461520,464609,1525,1008,607,9000,628,573,0,600,1859,3123,3089,1259,449.5388559,15.95934022,1,20,8,180,1,1,51,28,20,2.0
23,3,104,464612,466143,466143,467152,467152,467752,467785,475785,475785,476408,476440,476474,479553,1531,1009,600,8000,623,558,0,600,1879,3113,3079,1279,464.48216,14.94330413,1,2,3,190,1,1,51,5,2,2.0
23,3,105,479556,481085,481085,482092,482092,482698,482730,489730,489730,490330,490364,490397,493506,1529,1007,606,7000,600,953,0,600,1505,3142,3109,905,478.4353659,13.95320592,0,5,2,150,1,-1,49,7,5,1.0
23,3,106,493509,495034,495034,496041,496041,496648,496680,502680,502680,503297,503331,503364,506453,1525,1007,607,6000,617,414,0,600,2030,3122,3089,1430,491.3822137,12.94684772,1,57,-37,150,-1,-1,49,20,57,1.0
23,3,107,506456,507982,507982,508989,508989,509592,509626,517126,517126,517746,517779,517813,520905,1526,1007,603,7500,620,610,0,600,1834,3126,3092,1234,505.8338306,14.4516169,1,3,2,160,1,1,51,5,3,2.0
23,3,108,520907,522427,522428,523431,523431,524035,524068,531068,531068,531668,531701,531734,534854,1520,1003,604,7000,600,671,0,600,1802,3153,3120,1202,519.7833184,13.94948785,1,7,7,210,1,1,51,14,7,2.0
23,4,109,26891,28419,28419,29435,29435,30051,30084,37084,37084,37688,37720,37756,40834,1528,1016,616,7000,604,299,0,600,2137,3114,3078,1537,13.95582768,13.95582768,1,10,18,150,1,1,51,28,10,2.0
23,4,110,40839,42362,42362,43371,43371,43977,44009,52509,52509,53142,53175,53208,56295,1523,1009,606,8500,633,284,0,600,2145,3120,3087,1545,29.41479302,15.45896534,1,10,18,210,1,1,51,28,10,2.0
23,4,111,56297,57815,57815,58827,58827,59431,59465,66965,66965,67566,67598,67632,70733,1518,1012,604,7500,601,301,0,600,2164,3135,3101,1564,43.85330055,14.43850753,1,40,-26,210,-1,-1,49,14,40,1.0
23,4,112,70736,72257,72257,73261,73261,73861,73894,79894,79894,80512,80545,80578,83681,1521,1004,600,6000,618,362,0,600,2095,3136,3103,1495,56.80051712,12.94721657,1,2,3,190,1,1,51,5,2,2.0
23,4,113,83684,85205,85205,86210,86210,86816,86849,94849,94849,95483,95516,95551,98642,1521,1005,606,8000,634,746,0,600,1688,3126,3091,1088,71.7621238,14.96160668,1,14,6,200,1,1,51,20,14,2.0
23,4,114,98645,100168,100168,101178,101178,101785,101818,110818,110818,111448,111480,111513,114577,1523,1010,607,9000,630,583,0,600,1847,3097,3064,1247,87.69704134,15.93491754,1,7,3,160,1,1,51,10,7,2.0
23,4,115,114580,116103,116103,117109,117109,117716,117749,124249,124249,124866,124899,124932,128021,1523,1006,607,6500,617,283,0,600,2164,3122,3089,1564,101.1412311,13.4441898,1,40,-12,180,-1,-1,49,28,40,1.0
23,4,116,128025,129549,129549,130550,130550,131159,131192,139692,139692,140295,140327,140360,143485,1524,1001,609,8500,603,583,0,600,1880,3158,3125,1280,116.6048744,15.46364321,0,15,-1,180,-1,1,51,14,15,2.0
23,4,117,143488,145007,145007,146013,146013,146632,146665,154665,154665,155292,155325,155358,158444,1519,1006,619,8000,627,448,0,600,1981,3119,3086,1381,131.5632189,14.95834456,1,4,3,190,1,1,51,7,4,2.0
23,4,118,158447,159966,159966,160972,160972,161599,161632,169132,169132,169756,169788,169821,172880,1519,1006,627,7500,624,416,0,600,2008,3092,3059,1408,145.9998469,14.436628,1,3,2,190,1,1,51,5,3,2.0
23,4,119,172883,174411,174411,175414,175414,176038,176070,182070,182070,182671,182704,182738,185824,1528,1003,624,6000,601,1090,0,600,1354,3120,3086,754,158.9435268,12.94367992,1,11,-1,150,-1,-1,49,10,11,1.0
23,4,120,185826,187348,187348,188352,188352,188954,188987,197987,197987,198602,198635,198668,201784,1522,1004,602,9000,615,281,0,600,2176,3149,3116,1576,174.9035804,15.96005352,1,57,-37,210,-1,-1,49,20,57,1.0
23,4,121,201787,203310,203310,204317,204317,204945,204977,211477,211477,212078,212111,212144,215227,1523,1007,628,6500,601,374,0,600,2067,3116,3083,1467,188.3466401,13.44305974,1,20,-13,200,-1,-1,49,7,20,1.0
23,4,122,215229,216755,216755,217761,217761,218383,218415,225415,225415,226040,226072,226106,229163,1526,1006,622,7000,625,801,0,600,1620,3091,3057,1020,202.2823948,13.93575469,1,4,1,150,1,1,51,5,4,2.0
23,4,123,229166,230690,230690,231698,231698,232305,232338,240338,240338,240939,240971,241005,244126,1524,1008,607,8000,601,2230,0,600,230,3155,3121,-370,217.2456547,14.96325989,1,7,3,190,1,1,51,10,7,2.0
23,4,124,244129,245654,245654,246661,246661,247294,247327,254827,254827,255460,255492,255526,258574,1525,1007,633,7500,633,242,0,600,2160,3082,3048,1560,231.6938768,14.44822218,1,28,-14,160,-1,-1,49,14,28,1.0
23,4,125,258577,260096,260096,261101,261101,261708,261740,267740,267740,268372,268405,268440,271526,1519,1005,607,6000,632,472,0,600,1965,3121,3086,1365,244.6456049,12.9517281,1,14,6,210,1,1,51,20,14,2.0
23,4,126,271529,273056,273056,274062,274062,274664,274697,283197,283197,283813,283845,283879,286972,1527,1006,602,8500,616,289,0,600,2160,3127,3093,1560,260.0917656,15.44616064,1,2,3,190,1,1,51,5,2,2.0
23,4,127,286975,288495,288495,289501,289501,290109,290142,299142,299142,299761,299794,299828,302936,1520,1006,608,9000,619,462,0,600,1985,3142,3108,1385,276.0555489,15.96378334,1,40,-12,210,-1,-1,49,28,40,1.0
23,4,128,302939,304460,304460,305466,305466,306071,306103,312603,312603,313221,313253,313288,316385,1521,1006,605,6500,618,330,0,600,2120,3132,3097,1520,289.5045606,13.44901172,1,57,-37,170,-1,-1,49,20,57,1.0
23,4,129,316388,317912,317912,318921,318921,319521,319554,326554,326554,327155,327187,327222,330344,1524,1009,600,7000,601,383,0,600,2083,3157,3122,1483,303.4635917,13.95903104,1,20,-10,190,-1,-1,49,10,20,1.0
23,4,130,330347,331874,331874,332881,332881,333486,333518,342018,342018,342649,342682,342716,345780,1527,1007,605,8500,631,1138,0,600,1292,3098,3064,692,318.8990203,15.43542863,1,15,-1,170,-1,-1,49,14,15,1.0
23,4,131,345783,347302,347302,348310,348310,348915,348948,356448,356448,357049,357081,357114,360214,1519,1008,605,7500,601,235,0,600,2232,3133,3100,1632,333.3335533,14.43453301,1,20,8,170,1,1,51,28,20,2.0
23,4,132,360217,361739,361739,362744,362744,363348,363380,369380,369380,370012,370044,370078,373163,1522,1005,604,6000,632,227,0,600,2210,3119,3085,1610,346.2820434,12.94849008,1,10,-5,160,-1,-1,49,5,10,1.0
23,4,133,373165,374693,374693,375700,375700,376302,376334,382834,382834,383466,383499,383532,386611,1528,1007,602,6500,632,697,0,600,1734,3112,3079,1134,359.7298533,13.44780993,1,5,5,170,1,1,51,10,5,2.0
23,4,134,386614,388137,388137,389139,389139,389745,389778,397778,397778,398409,398442,398475,401546,1523,1002,606,8000,631,557,0,600,1881,3104,3071,1281,374.6650975,14.9352442,1,8,-1,150,-1,-1,49,7,8,1.0
23,4,135,401549,403072,403072,404080,404080,404682,404715,413715,413715,414337,414369,414403,417497,1523,1008,602,9000,622,456,0,600,1989,3128,3094,1389,390.6165086,15.95141108,1,3,2,170,1,1,51,5,3,2.0
23,4,136,417500,419025,419025,420033,420033,420635,420668,427668,427668,428269,428301,428334,431438,1525,1008,602,7000,601,394,0,600,2070,3137,3104,1470,404.556739,13.94023035,1,5,5,190,1,1,51,10,5,2.0
23,4,137,431441,432967,432967,433975,433975,434583,434616,441116,441116,441748,441781,441814,444899,1526,1008,608,6500,632,249,0,600,2177,3118,3085,1577,418.0185623,13.46182335,1,40,-12,150,-1,-1,49,28,40,1.0
23,4,138,444902,446425,446425,447431,447431,448039,448072,457072,457072,457674,457708,457742,460859,1523,1006,608,9000,602,377,0,600,2084,3151,3117,1484,433.9785275,15.95996522,0,21,-1,150,-1,1,51,20,21,2.0
23,4,139,460862,462389,462389,463391,463391,463991,464024,470024,470024,470649,470681,470715,473814,1527,1002,600,6000,625,229,0,600,2217,3133,3099,1617,446.9332776,12.95475004,1,40,-26,170,-1,-1,49,14,40,1.0
23,4,140,473817,475341,475341,476350,476350,476969,477001,485501,485501,486102,486135,486169,489269,1524,1009,619,8500,601,491,0,600,1956,3134,3100,1356,462.3882202,15.45494261,1,20,-13,170,-1,-1,49,7,20,1.0
23,4,141,489272,490797,490797,491804,491804,492407,492441,499941,499941,500543,500575,500609,503732,1525,1007,603,7500,602,284,0,600,2179,3157,3123,1579,476.8506695,14.46244926,1,14,-7,150,-1,-1,49,7,14,1.0
23,4,142,503735,505260,505260,506267,506267,506875,506907,514907,514907,515539,515573,515607,518696,1525,1007,608,8000,632,446,0,600,1982,3123,3089,1382,491.8145001,14.96383065,0,15,-1,200,-1,1,51,14,15,2.0
23,4,143,518698,520222,520222,521229,521229,521835,521869,528869,528869,529469,529504,529537,532656,1524,1007,606,7000,600,866,0,600,1597,3152,3119,997,505.7752928,13.96079273,1,14,6,210,1,1,51,20,14,2.0
23,4,144,532659,534182,534182,535190,535190,535798,535831,543831,543831,544432,544466,544500,547610,1523,1008,608,8000,601,628,0,600,1832,3144,3110,1232,520.7284102,14.95311732,1,10,-3,150,-1,-1,49,7,10,1.0
23,5,145,20729,22258,22258,23278,23278,23904,23937,29937,29937,30559,30591,30627,33684,1529,1020,626,6000,622,440,0,600,1963,3093,3057,1363,12.96753667,12.96753667,1,2,3,180,1,1,51,5,2,2.0
23,5,146,33689,35207,35207,36212,36212,36820,36854,44354,44354,44957,44989,45025,48140,1518,1005,608,7500,603,600,0,600,1866,3151,3115,1266,27.42087729,14.45334063,1,14,14,190,1,1,51,28,14,2.0
23,5,147,48142,49670,49670,50676,50676,51303,51335,59335,59335,59952,59985,60018,63088,1528,1006,627,8000,617,266,0,600,2156,3103,3070,1556,42.36919711,14.94831982,1,2,5,150,1,1,51,7,2,2.0
23,5,148,63091,64619,64619,65623,65623,66256,66288,74788,74788,75411,75443,75477,78549,1528,1004,633,8500,623,364,0,600,2048,3106,3072,1448,57.83070224,15.46150513,1,3,2,160,1,1,51,5,3,2.0
23,5,149,78552,80078,80078,81086,81086,81692,81724,88224,88224,88848,88880,88914,92004,1526,1008,606,6500,624,250,0,600,2186,3124,3090,1586,71.28540045,13.45469821,1,4,6,200,1,1,51,10,4,2.0
23,5,150,92007,93532,93532,94540,94540,95147,95179,104179,104179,104781,104814,104847,107957,1525,1008,607,9000,602,304,0,600,2154,3143,3110,1554,87.23832943,15.95292898,0,27,1,200,1,-1,49,28,27,1.0
23,5,151,107960,109481,109481,110488,110488,111093,111128,118128,118128,118752,118784,118817,121909,1521,1007,605,7000,624,482,0,600,1961,3125,3092,1361,101.1907175,13.95238806,1,4,3,170,1,1,51,7,4,2.0
23,5,152,121912,123438,123438,124443,124443,125053,125087,132087,132087,132719,132752,132785,135856,1526,1005,610,7000,632,491,0,600,1936,3104,3071,1336,115.13693,13.94621247,1,14,-4,210,-1,-1,49,10,14,1.0
23,5,153,135859,137382,137382,138392,138392,138996,139028,147028,147028,147646,147679,147712,150795,1523,1010,604,8000,618,239,0,600,2206,3116,3083,1606,130.0766938,14.93976386,1,57,-37,200,-1,-1,49,20,57,1.0
23,5,154,150799,152320,152320,153324,153324,153931,153964,161464,161464,162065,162098,162132,165238,1521,1004,607,7500,601,686,0,600,1781,3140,3106,1181,144.5192723,14.44257848,1,28,-8,170,-1,-1,49,20,28,1.0
23,5,155,165241,166770,166770,167781,167781,168387,168419,174419,174419,175046,175078,175112,178195,1529,1011,606,6000,627,246,0,600,2181,3117,3083,1581,157.4766284,12.95735613,1,7,13,190,1,1,51,20,7,2.0
23,5,156,178198,179722,179722,180728,180728,181334,181367,189867,189867,190499,190531,190565,193658,1524,1006,606,8500,632,263,0,600,2169,3127,3093,1569,172.9395267,15.46289827,1,20,-6,150,-1,-1,49,14,20,1.0
23,5,157,193661,195185,195185,196193,196193,196799,196831,205831,205831,206460,206492,206525,209615,1524,1008,606,9000,629,512,0,600,1921,3123,3090,1321,188.8957684,15.95624173,1,5,9,180,1,1,51,14,5,2.0
23,5,158,209618,211134,211134,212143,212143,212746,212779,219279,219279,219898,219930,219963,223057,1516,1009,603,6500,619,478,0,600,1975,3127,3094,1375,202.3380504,13.44228195,1,2,5,150,1,1,51,7,2,2.0
23,5,159,223060,224583,224583,225590,225590,226193,226226,232726,232726,233327,233360,233394,236518,1523,1007,603,6500,601,347,0,600,2119,3158,3124,1519,215.7994214,13.46137103,1,20,-13,160,-1,-1,49,7,20,1.0
23,5,160,236521,238043,238043,239048,239048,239653,239687,247687,247687,248315,248348,248381,251484,1522,1005,605,8000,628,1629,0,600,811,3136,3103,211,230.7648628,14.96544137,1,5,2,200,1,1,51,7,5,2.0
23,5,161,251487,253010,253010,254011,254011,254642,254674,263674,263674,264303,264335,264369,267419,1523,1001,631,9000,629,575,0,600,1841,3084,3050,1241,246.6995838,15.93472105,1,5,9,190,1,1,51,14,5,2.0
23,5,162,267422,268945,268945,269951,269951,270555,270587,279087,279087,279714,279746,279780,282882,1523,1006,604,8500,627,360,0,600,2080,3136,3102,1480,262.1626897,15.4631059,1,4,1,160,1,1,51,5,4,2.0
23,5,163,282885,284409,284409,285411,285411,286016,286048,293048,293048,293649,293681,293715,296818,1524,1002,605,7000,601,945,0,600,1523,3137,3103,923,276.0993614,13.9366717,1,5,9,190,1,1,51,14,5,2.0
23,5,164,296821,298344,298344,299348,299348,299953,299985,305985,305985,306600,306632,306665,309774,1523,1004,605,6000,615,370,0,600,2083,3142,3109,1483,289.0547594,12.95539795,1,40,-20,180,-1,-1,49,20,40,1.0
23,5,165,309777,311300,311300,312306,312306,312930,312962,320462,320462,321065,321097,321131,324213,1523,1006,624,7500,603,1187,0,600,1257,3116,3082,657,303.4941523,14.4393929,1,9,1,170,1,1,51,10,9,2.0
23,5,166,324216,325739,325739,326745,326745,327351,327383,334383,334383,334983,335016,335049,338164,1523,1006,606,7000,600,794,0,600,1671,3148,3115,1071,317.4444484,13.95029608,1,10,4,210,1,1,51,14,10,2.0
23,5,167,338167,339694,339694,340701,340701,341307,341340,350340,350340,350940,350974,351008,354106,1527,1007,606,9000,600,293,0,600,2167,3132,3098,1567,333.3864281,15.94197969,1,28,-18,160,-1,-1,49,10,28,1.0
23,5,168,354109,355631,355631,356636,356636,357266,357299,363299,363299,363908,363941,363975,367066,1522,1005,630,6000,609,250,0,600,2184,3125,3091,1584,346.3462866,12.95985855,1,3,2,200,1,1,51,5,3,2.0
23,5,169,367068,368593,368593,369597,369597,370202,370234,376734,376734,377349,377381,377414,380510,1525,1004,605,6500,615,291,0,600,2160,3129,3096,1560,359.7911385,13.44485187,1,57,-37,180,-1,-1,49,20,57,1.0
23,5,170,380513,382032,382032,383038,383038,383667,383699,391199,391199,391799,391832,391865,394947,1519,1006,629,7500,600,498,0,600,1948,3115,3082,1348,374.227542,14.4364035,1,7,3,180,1,1,51,10,7,2.0
23,5,171,394950,396473,396473,397477,397477,398081,398114,406114,406114,406714,406747,406780,409906,1523,1004,604,8000,600,872,0,600,1597,3159,3126,997,389.1861939,14.95865194,1,10,-3,150,-1,-1,49,7,10,1.0
23,5,172,409909,411436,411436,412441,412441,413044,413077,421577,421577,422195,422228,422261,425363,1527,1005,603,8500,618,522,0,600,1925,3135,3102,1325,404.6431501,15.45695623,1,2,3,170,1,1,51,5,2,2.0
23,5,173,425366,426885,426885,427891,427891,428520,428552,437552,437552,438174,438207,438241,441308,1519,1006,629,9000,622,428,0,600,1996,3101,3067,1396,420.5889498,15.94579962,1,3,2,170,1,1,51,5,3,2.0
23,5,174,441311,442834,442834,443839,443839,444444,444477,452977,452977,453578,453612,453645,456760,1523,1005,605,8500,601,217,0,600,2249,3148,3115,1649,436.0410365,15.4520867,1,14,14,180,1,1,51,28,14,2.0
23,5,175,456763,458288,458288,459296,459296,459903,459937,467937,467937,468538,468570,468604,471706,1525,1008,607,8000,601,265,0,600,2194,3136,3102,1594,450.9864033,14.94536688,1,14,14,200,1,1,51,28,14,2.0
23,5,176,471709,473236,473236,474244,474244,474847,474879,481879,481879,482509,482541,482575,485661,1527,1008,603,7000,630,410,0,600,2022,3120,3086,1422,464.9412438,13.95484045,1,40,-12,160,-1,-1,49,28,40,1.0
23,5,177,485664,487188,487188,488193,488193,488796,488828,495328,495328,495952,495984,496017,499096,1524,1005,603,6500,624,305,0,600,2139,3112,3079,1539,478.37629,13.43504621,1,4,6,210,1,1,51,10,4,2.0
23,5,178,499099,500622,500622,501629,501629,502232,502266,508266,508266,508899,508933,508967,512065,1523,1007,603,6000,633,326,0,600,2108,3132,3098,1508,491.3444954,12.96820536,1,5,9,170,1,1,51,14,5,2.0
23,5,179,512067,513590,513590,514597,514597,515202,515234,522734,522734,523368,523400,523433,526524,1523,1007,605,7500,634,805,0,600,1626,3124,3091,1026,505.804435,14.45993961,1,14,6,190,1,1,51,20,14,2.0
23,5,180,526527,528046,528046,529054,529054,529659,529692,536692,536692,537296,537328,537362,540482,1519,1008,605,7000,604,511,0,600,1953,3154,3120,1353,519.7627762,13.95834124,1,27,1,180,1,1,51,28,27,2.0
23,6,181,15408,16931,16931,17950,17950,18560,18592,26592,26592,27222,27255,27290,30365,1523,1019,610,8000,630,488,0,600,1930,3110,3075,1330,14.97017499,14.97017499,1,4,1,210,1,1,51,5,4,2.0
23,6,182,30370,31894,31894,32899,32899,33506,33538,40538,40538,41138,41171,41204,44305,1524,1005,607,7000,600,782,0,600,1682,3134,3101,1082,28.90871115,13.93853616,1,7,3,200,1,1,51,10,7,2.0
23,6,183,44308,45834,45834,46837,46837,47439,47472,53472,53472,54073,54107,54140,57244,1526,1003,602,6000,601,233,0,600,2235,3137,3104,1635,41.84784007,12.93912891,1,28,-8,210,-1,-1,49,20,28,1.0
23,6,184,57247,58770,58770,59774,59774,60376,60408,67908,67908,68509,68541,68574,71702,1523,1004,602,7500,601,324,0,600,2146,3161,3128,1546,56.30567082,14.45783076,1,14,-9,180,-1,-1,49,5,14,1.0
23,6,185,71705,73229,73229,74235,74235,74840,74872,83872,83872,84475,84507,84541,87650,1524,1006,605,9000,603,240,0,600,2222,3143,3109,1622,72.25363143,15.94796061,1,14,-4,150,-1,-1,49,10,14,1.0
23,6,186,87653,89174,89174,90176,90176,90784,90819,97319,97319,97921,97953,97986,101116,1521,1002,608,6500,602,324,0,600,2143,3163,3130,1543,85.71892725,13.46529582,1,28,-8,170,-1,-1,49,20,28,1.0
23,6,187,101118,102646,102646,103651,103651,104252,104285,112785,112785,113402,113435,113469,116577,1528,1005,601,8500,617,269,0,600,2180,3142,3108,1580,101.1802398,15.46131256,1,40,-12,180,-1,-1,49,28,40,1.0
23,6,188,116580,118103,118103,119105,119105,119709,119742,127242,127242,127844,127876,127911,131014,1523,1002,604,7500,602,691,0,600,1778,3138,3103,1178,115.6177068,14.43746696,1,10,4,180,1,1,51,14,10,2.0
23,6,189,131018,132538,132538,133543,133543,134144,134178,143178,143178,143811,143843,143877,146973,1520,1005,601,9000,633,1131,0,600,1310,3130,3096,710,131.5760667,15.95835993,0,10,-3,180,-1,1,51,7,10,2.0
23,6,190,146976,148498,148498,149502,149502,150107,150140,156140,156140,156742,156776,156809,159931,1522,1004,605,6000,602,222,0,600,2245,3155,3122,1645,144.5339577,12.95789103,1,7,7,160,1,1,51,14,7,2.0
23,6,191,159934,161459,161459,162466,162466,163069,163102,170102,170102,170718,170751,170784,173874,1525,1007,603,7000,616,353,0,600,2096,3123,3090,1496,158.4768415,13.94288375,1,40,-20,200,-1,-1,49,20,40,1.0
23,6,192,173877,175403,175403,176409,176409,177010,177043,185543,185543,186163,186196,186230,189317,1526,1006,601,8500,620,248,0,600,2199,3121,3087,1599,173.9199651,15.44312362,1,2,3,160,1,1,51,5,2,2.0
23,6,193,189320,190847,190847,191856,191856,192458,192492,198992,198992,199594,199626,199659,202767,1527,1009,602,6500,602,277,0,600,2183,3141,3108,1583,187.3697142,13.44974913,1,28,-18,210,-1,-1,49,10,28,1.0
23,6,194,202770,204296,204296,205305,205305,205910,205943,213943,213943,214575,214608,214642,217718,1526,1009,605,8000,632,209,0,600,2219,3110,3076,1619,202.320864,14.9511498,1,20,8,200,1,1,51,28,20,2.0
23,6,195,217721,219243,219243,220248,220248,220852,220884,228884,228884,229486,229519,229552,232679,1522,1005,604,8000,602,583,0,600,1884,3160,3127,1284,217.2811764,14.96031238,1,5,2,210,1,1,51,7,5,2.0
23,6,196,232681,234203,234203,235207,235207,235811,235844,241844,241844,242447,242479,242513,245636,1522,1004,604,6000,603,383,0,600,2084,3157,3123,1484,230.2387754,12.95759902,1,20,-10,180,-1,-1,49,10,20,1.0
23,6,197,245638,247165,247165,248170,248170,248775,248808,255808,255808,256420,256452,256485,259576,1527,1005,605,7000,612,282,0,600,2169,3124,3091,1569,244.1784389,13.93966351,1,40,-20,170,-1,-1,49,20,40,1.0
23,6,198,259579,261101,261101,262108,262108,262713,262746,270246,270246,270850,270882,270915,274034,1522,1007,605,7500,604,538,0,600,1924,3152,3119,1324,258.6366039,14.45816495,1,14,-4,200,-1,-1,49,10,14,1.0
23,6,199,274036,275561,275561,276563,276563,277170,277203,286203,286203,286806,286840,286873,290000,1525,1002,607,9000,603,290,0,600,2173,3160,3127,1573,274.6030229,15.96641896,1,5,9,180,1,1,51,14,5,2.0
23,6,200,290003,291523,291523,292529,292529,293134,293166,299666,299666,300297,300329,300362,303461,1520,1006,605,6500,631,234,0,600,2204,3132,3099,1604,288.063714,13.46069118,1,20,-6,200,-1,-1,49,14,20,1.0
23,6,201,303464,304988,304988,305992,305992,306598,306631,315131,315131,315762,315796,315830,318919,1524,1004,606,8500,631,510,0,600,1925,3123,3089,1325,303.5214499,15.45773583,1,10,-3,210,-1,-1,49,7,10,1.0
23,6,202,318922,320442,320442,321447,321447,322052,322085,328585,328585,329200,329234,329267,332363,1520,1005,605,6500,615,366,0,600,2089,3129,3096,1489,316.9660739,13.44462405,1,40,-20,200,-1,-1,49,20,40,1.0
23,6,203,332366,333888,333888,334892,334892,335497,335529,343529,343529,344130,344163,344197,347313,1522,1004,605,8000,601,1414,0,600,1054,3150,3116,454,331.9155551,14.94948122,1,20,8,190,1,1,51,28,20,2.0
23,6,204,347316,348841,348841,349845,349845,350454,350486,356486,356486,357110,357143,357178,360261,1525,1004,609,6000,624,241,0,600,2197,3118,3083,1597,344.8638954,12.94834031,1,79,-51,170,-1,-1,49,28,79,1.0
23,6,205,360264,361781,361781,362786,362786,363409,363441,370941,370941,371572,371605,371639,374711,1517,1005,623,7500,631,269,0,600,2155,3106,3072,1555,359.3140158,14.45012039,1,5,2,200,1,1,51,7,5,2.0
23,6,206,374714,376237,376237,377243,377243,377848,377882,386882,386882,387515,387548,387583,390664,1523,1006,605,9000,633,275,0,600,2158,3116,3081,1558,375.2664367,15.9524209,1,20,-6,150,-1,-1,49,14,20,1.0
23,6,207,390667,392193,392193,393199,393199,393806,393839,402339,402339,402942,402974,403008,406124,1526,1006,607,8500,603,863,0,600,1595,3150,3116,995,390.7270191,15.46058239,1,28,-8,180,-1,-1,49,20,28,1.0
23,6,208,406127,407652,407652,408658,408658,409260,409292,416292,416292,416913,416946,416980,420086,1525,1006,602,7000,621,233,0,600,2213,3140,3106,1613,404.6883398,13.9613207,1,3,2,150,1,1,51,5,3,2.0
23,6,209,420089,421612,421612,422617,422617,423249,423282,431282,431282,431911,431946,431979,435034,1523,1005,632,8000,629,417,0,600,1994,3088,3055,1394,419.6364451,14.94810526,1,7,-2,200,-1,-1,49,5,7,1.0
23,6,210,435037,436563,436563,437570,437570,438177,438209,446709,446709,447312,447344,447377,450473,1526,1007,607,8500,603,291,0,600,2166,3129,3096,1566,435.075247,15.43880195,1,28,-18,170,-1,-1,49,10,28,1.0
23,6,211,450476,451997,451997,453003,453003,453620,453652,460652,460652,461255,461287,461322,464428,1521,1006,617,7000,603,330,0,600,2123,3141,3106,1523,449.0303768,13.95512975,1,20,-13,160,-1,-1,49,7,20,1.0
23,6,212,464431,465956,465956,466964,466964,467569,467601,476601,476601,477202,477234,477269,480388,1525,1008,605,9000,601,419,0,600,2042,3154,3119,1442,464.9909754,15.96059866,1,28,-14,210,-1,-1,49,14,28,1.0
23,6,213,480391,481918,481918,482924,482924,483531,483563,490063,490063,490691,490724,490759,493833,1527,1006,607,6500,628,429,0,600,2003,3109,3074,1403,478.4351752,13.44419975,1,79,-51,200,-1,-1,49,28,79,1.0
23,6,214,493836,495361,495361,496367,496367,496973,497006,503006,503006,503623,503656,503689,506796,1525,1006,606,6000,617,268,0,600,2178,3140,3107,1578,491.3986786,12.96350339,1,56,-28,200,-1,-1,49,28,56,1.0
23,6,215,506799,508321,508321,509328,509328,509945,509978,517479,517479,518113,518147,518179,521239,1522,1007,617,7501,634,413,0,600,2006,3092,3060,1406,505.8410539,14.44237537,1,5,2,180,1,1,51,7,5,2.0
23,6,216,521241,522765,522765,523770,523770,524402,524434,533434,533434,534053,534085,534119,537193,1524,1005,632,9000,619,466,0,600,1954,3108,3074,1354,521.7952579,15.954204,1,2,3,160,1,1,51,5,2,2.0
24,1,1,57631,59155,59155,60178,60178,60794,60826,68326,68326,68933,68965,69001,72103,1524,1023,616,7500,607,276,0,600,2154,3138,3102,1554,14.5114114,14.5114114,1,28,-8,160,-1,-1,49,20,28,1.0
24,1,2,72156,73681,73681,74698,74698,75320,75352,82352,82352,82969,83001,83035,86092,1525,1017,622,7000,617,319,0,600,2100,3091,3057,1500,28.44919872,13.93778732,1,57,-37,210,-1,-1,49,20,57,1.0
24,1,3,86095,87623,87623,88626,88626,89228,89261,98261,98261,98865,98897,98931,102037,1528,1003,602,9000,604,267,0,600,2196,3140,3106,1596,44.39441464,15.94521592,1,14,14,150,1,1,51,28,14,2.0
24,1,4,102040,103566,103566,104570,104570,105177,105210,113210,113210,113826,113859,113893,116998,1526,1004,607,8000,616,275,0,600,2172,3139,3105,1572,59.35549096,14.96107632,1,5,9,180,1,1,51,14,5,2.0
24,1,5,117001,118528,118528,119535,119535,120141,120173,126173,126173,126773,126806,126840,129920,1527,1007,606,6000,600,-1,2501,0,559,3114,3080,-41,72.27758965,12.92209869,-1,20,-13,170,-1,-2,-1,7,20,
24,1,6,129924,131447,131447,132451,132451,133056,133090,139590,139590,140214,140246,140280,143375,1523,1004,605,6500,624,452,0,600,1992,3129,3095,1392,85.73240103,13.45481138,1,4,6,180,1,1,51,10,4,2.0
24,1,7,143378,144904,144904,145908,145908,146515,146548,155048,155048,155678,155710,155743,158835,1526,1004,607,8500,630,386,0,600,2047,3125,3092,1447,101.1925575,15.46015644,1,14,14,180,1,1,51,28,14,2.0
24,1,8,158838,160360,160360,161365,161365,161995,162028,168528,168528,169129,169161,169194,172283,1522,1005,630,6500,601,413,0,600,2029,3122,3089,1429,114.640178,13.44762055,1,14,-7,160,-1,-1,49,7,14,1.0
24,1,9,172286,173813,173813,174820,174820,175424,175456,181456,181456,182057,182090,182123,185226,1527,1007,604,6000,601,396,0,600,2065,3136,3103,1465,127.5833677,12.94318964,1,14,14,150,1,1,51,28,14,2.0
24,1,10,185229,186754,186754,187755,187755,188380,188412,195412,195412,196012,196045,196078,199178,1525,1001,625,7000,600,464,0,600,1985,3133,3100,1385,141.5350864,13.95171877,1,28,-8,210,-1,-1,49,20,28,1.0
24,1,11,199181,200703,200703,201706,201706,202307,202339,210839,210839,211459,211491,211525,214630,1522,1003,601,8500,620,625,0,600,1829,3139,3105,1229,156.987226,15.45213961,1,4,3,170,1,1,51,7,4,2.0
24,1,12,214633,216161,216161,217171,217171,217776,217809,226809,226809,227441,227473,227506,230577,1528,1010,605,9000,632,1140,0,600,1285,3104,3071,685,172.9331863,15.94596026,0,19,1,150,1,-1,49,20,19,1.0
24,1,13,230580,232100,232100,233106,233106,233738,233770,241270,241270,241872,241905,241939,245014,1520,1006,632,7500,602,430,0,600,2010,3109,3075,1410,187.3710937,14.43790741,1,14,-7,210,-1,-1,49,7,14,1.0
24,1,14,245017,246538,246538,247542,247542,248147,248179,256180,256180,256795,256827,256861,259980,1521,1004,605,8001,615,317,0,600,2137,3153,3119,1537,202.336316,14.9652223,1,56,-28,210,-1,-1,49,28,56,1.0
24,1,15,259983,261514,261514,262524,262524,263132,263165,272165,272165,272766,272798,272832,275928,1531,1010,608,9000,601,325,0,600,2125,3130,3096,1525,218.2841672,15.94785123,1,40,-20,190,-1,-1,49,20,40,1.0
24,1,16,275930,277455,277455,278460,278460,279066,279098,287098,287098,287731,287763,287796,290860,1525,1005,606,8000,633,388,0,600,2043,3097,3064,1443,233.216206,14.93203875,1,28,-14,180,-1,-1,49,14,28,1.0
24,1,17,290863,292389,292389,293398,293398,294005,294038,302538,302538,303153,303185,303219,306313,1526,1009,607,8500,615,552,0,600,1891,3128,3094,1291,248.6686545,15.45244849,1,7,7,190,1,1,51,14,7,2.0
24,1,18,306315,307839,307839,308845,308845,309463,309495,315495,315495,316128,316160,316193,319267,1524,1006,618,6000,633,467,0,600,1952,3107,3074,1352,261.6233964,12.95474192,1,7,-2,170,-1,-1,49,5,7,1.0
24,1,19,319269,320792,320792,321798,321798,322429,322462,329962,329962,330581,330613,330647,333703,1523,1006,631,7500,619,801,0,600,1620,3090,3056,1020,276.0600264,14.43662998,0,4,1,210,1,-1,49,5,4,1.0
24,1,20,333706,335233,335233,336243,336243,336859,336891,343391,343391,343993,344025,344059,347139,1527,1010,616,6500,602,381,0,600,2064,3114,3080,1464,289.4957448,13.43571839,1,40,-26,190,-1,-1,49,14,40,1.0
24,1,21,347142,348664,348664,349666,349666,350282,350314,357314,357314,357932,357965,357998,361079,1522,1002,616,7000,618,795,0,600,1647,3114,3081,1047,303.4350416,13.93929679,1,2,3,160,1,1,51,5,2,2.0
24,1,22,361082,362607,362607,363613,363613,364216,364249,372749,372749,373372,373404,373437,376515,1525,1006,603,8500,623,887,0,600,1556,3111,3078,956,318.8720461,15.43700456,1,4,1,160,1,1,51,5,4,2.0
24,1,23,376519,378037,378037,379044,379044,379647,379680,386180,386180,386780,386812,386845,389965,1518,1007,603,6500,600,378,0,600,2094,3153,3120,1494,332.3218855,13.4498394,1,14,-4,180,-1,-1,49,10,14,1.0
24,1,24,389968,391491,391491,392495,392495,393117,393150,400650,400650,401281,401313,401346,404421,1523,1004,622,7500,631,787,0,600,1633,3108,3075,1033,346.7779918,14.45610629,0,9,1,150,1,-1,49,10,9,1.0
24,1,25,404425,405944,405944,406949,406949,407568,407600,414600,414600,415232,415265,415298,418378,1519,1005,619,7000,632,502,0,600,1923,3113,3080,1323,360.7344038,13.95641201,1,14,-4,210,-1,-1,49,10,14,1.0
24,1,26,418380,419902,419902,420905,420905,421536,421569,430569,430569,431190,431222,431255,434340,1522,1003,631,9000,621,343,0,600,2080,3118,3085,1480,376.6955157,15.96111188,1,4,1,180,1,1,51,5,4,2.0
24,1,27,434342,435866,435866,436870,436870,437489,437522,443522,443522,444140,444173,444207,447295,1524,1004,619,6000,618,382,0,600,2053,3122,3088,1453,389.6505855,12.95506979,1,14,-9,150,-1,-1,49,5,14,1.0
24,1,28,447297,448823,448823,449828,449828,450431,450464,458464,458464,459092,459124,459158,462246,1526,1005,603,8000,628,737,0,600,1701,3122,3088,1101,404.602206,14.95162053,1,6,1,160,1,1,51,7,6,2.0
24,1,29,462248,463774,463774,464780,464780,465381,465414,472914,472914,473534,473566,473601,476693,1526,1006,601,7500,620,411,0,600,2036,3127,3092,1436,419.049125,14.446919,1,79,-51,200,-1,-1,49,28,79,1.0
24,1,30,476697,478225,478225,479228,479228,479837,479870,486870,486870,487473,487505,487539,490637,1528,1003,609,7000,603,428,0,600,2029,3132,3098,1429,432.9933697,13.94424467,1,40,-12,150,-1,-1,49,28,40,1.0
24,1,31,490639,492161,492161,493166,493166,493782,493814,502314,502314,502946,502978,503012,506086,1522,1005,616,8500,632,395,0,600,2030,3108,3074,1430,448.4429448,15.44957511,1,20,-13,170,-1,-1,49,7,20,1.0
24,1,32,506090,507616,507616,508623,508623,509227,509259,517259,517259,517880,517913,517946,521025,1526,1007,604,8000,621,275,0,600,2167,3112,3079,1567,463.3816307,14.93868595,1,5,5,180,1,1,51,10,5,2.0
24,1,33,521029,522549,522549,523556,523556,524162,524193,530193,530193,530823,530856,530889,533988,1520,1007,606,6000,630,390,0,600,2047,3132,3099,1447,476.343684,12.9620533,1,7,7,160,1,1,51,14,7,2.0
24,1,34,533991,535510,535510,536516,536516,537122,537154,546154,546154,546754,546786,546820,549941,1519,1006,606,9000,600,483,0,600,1986,3155,3121,1386,492.2962451,15.95256105,1,14,6,150,1,1,51,20,14,2.0
24,1,35,549943,551471,551471,552474,552474,553079,553113,559613,559613,560214,560247,560280,563380,1528,1003,605,6500,601,426,0,600,2037,3133,3100,1437,505.7360784,13.43983334,0,13,1,150,1,-1,49,14,13,1.0
24,1,36,563383,564906,564906,565914,565914,566516,566548,574048,574048,574678,574711,574744,577813,1523,1008,602,7500,630,357,0,600,2080,3102,3069,1480,520.1686429,14.43256446,1,5,5,200,1,1,51,10,5,2.0
24,2,37,21127,22652,22652,23672,23672,24287,24320,31820,31820,32421,32456,32491,35575,1525,1020,615,7500,601,404,0,600,2035,3119,3084,1435,14.46065247,14.46065247,1,28,-14,210,-1,-1,49,14,28,1.0
24,2,38,35579,37103,37103,38111,38111,38736,38769,47269,47269,47883,47916,47949,51022,1524,1008,625,8500,614,556,0,600,1873,3106,3073,1273,29.90539391,15.44474144,1,7,-2,180,-1,-1,49,5,7,1.0
24,2,39,51025,52547,52547,53555,53555,54162,54195,61195,61195,61828,61860,61893,64961,1522,1008,607,7000,633,460,0,600,1970,3101,3068,1370,43.8447139,13.93931999,1,40,-20,210,-1,-1,49,20,40,1.0
24,2,40,64964,66488,66488,67491,67491,68092,68125,77125,77125,77726,77758,77791,80898,1524,1003,601,9000,601,500,0,600,1971,3140,3107,1371,59.78104569,15.93633179,1,28,-18,200,-1,-1,49,10,28,1.0
24,2,41,80901,82427,82427,83434,83434,84040,84074,92074,92074,92702,92734,92767,95843,1526,1007,606,8000,628,278,0,600,2155,3109,3076,1555,74.72619351,14.94514781,1,10,4,160,1,1,51,14,10,2.0
24,2,42,95846,97369,97369,98374,98374,98982,99014,105014,105014,105646,105679,105712,108794,1523,1005,608,6000,632,404,0,600,2028,3115,3082,1428,87.67779535,12.95160185,0,20,8,150,1,-1,49,28,20,1.0
24,2,43,108797,110327,110327,111337,111337,111940,111973,118473,118473,119097,119130,119163,122259,1530,1010,603,6500,624,517,0,600,1916,3129,3096,1316,101.1423033,13.46450795,1,7,13,170,1,1,51,20,7,2.0
24,2,44,122262,123784,123784,124788,124788,125391,125423,132423,132423,133023,133055,133089,136199,1522,1004,603,7000,600,568,0,600,1903,3144,3110,1303,115.0827,13.94039672,0,13,1,170,1,-1,49,14,13,1.0
24,2,45,136202,137724,137724,138728,138728,139330,139363,145363,145363,145977,146009,146043,149137,1522,1004,602,6000,614,809,0,600,1649,3128,3094,1049,128.0200305,12.93733047,0,9,1,160,1,-1,49,10,9,1.0
24,2,46,149140,150658,150658,151664,151664,152268,152301,158801,158801,159407,159439,159472,162599,1518,1006,604,6500,606,423,0,600,2043,3160,3127,1443,141.4822189,13.46218845,1,40,-26,170,-1,-1,49,14,40,1.0
24,2,47,162602,164122,164122,165126,165126,165731,165765,173265,173265,173865,173898,173931,177054,1520,1004,605,7500,600,512,0,600,1959,3156,3123,1359,155.9369478,14.45472881,1,40,-12,200,-1,-1,49,28,40,1.0
24,2,48,177056,178583,178583,179588,179588,180219,180251,188251,188251,188852,188884,188918,192009,1527,1005,631,8000,601,840,0,600,1596,3125,3091,996,170.8914405,14.9544927,0,13,1,210,1,-1,49,14,13,1.0
24,2,49,192011,193532,193532,194538,194538,195143,195175,204175,204175,204778,204810,204843,207959,1521,1006,605,9000,603,503,0,600,1962,3149,3116,1362,186.8425722,15.95113174,1,40,-12,200,-1,-1,49,28,40,1.0
24,2,50,207962,209486,209486,210490,210490,211098,211130,219630,219630,220231,220263,220296,223392,1524,1004,608,8500,601,551,0,600,1912,3129,3096,1312,202.2748585,15.43228631,1,14,-4,190,-1,-1,49,10,14,1.0
24,2,51,223395,224919,224919,225923,225923,226551,226583,233083,233083,233705,233737,233771,236858,1524,1004,628,6500,622,997,0,600,1425,3121,3087,825,215.7415142,13.46665568,1,4,1,210,1,1,51,5,4,2.0
24,2,52,236861,238384,238384,239391,239391,240013,240045,247045,247045,247670,247702,247735,250809,1523,1007,622,7000,625,492,0,600,1931,3107,3074,1331,229.6927327,13.95121853,1,3,2,160,1,1,51,5,3,2.0
24,2,53,250812,252329,252329,253339,253339,253948,253980,262480,262480,263108,263141,263174,266266,1517,1010,609,8500,628,322,0,600,2114,3125,3092,1514,245.1492003,15.45646761,1,10,10,170,1,1,51,20,10,2.0
24,2,54,266269,267790,267790,268793,268793,269397,269430,277430,277430,278044,278078,278111,281227,1521,1003,604,8000,614,311,0,600,2147,3149,3116,1547,260.1103077,14.96110736,1,4,6,150,1,1,51,10,4,2.0
24,2,55,281230,282753,282753,283760,283760,284388,284420,291920,291920,292545,292577,292610,295678,1523,1007,628,7500,625,783,0,600,1634,3101,3068,1034,274.5607323,14.45042462,1,6,1,160,1,1,51,7,6,2.0
24,2,56,295681,297204,297204,298210,298210,298817,298849,307849,307849,308481,308513,308546,311615,1523,1006,607,9000,632,689,0,600,1743,3102,3069,1143,290.497919,15.93718673,0,19,1,160,1,-1,49,20,19,1.0
24,2,57,311618,313139,313139,314143,314143,314770,314802,320802,320802,321417,321449,321483,324570,1521,1004,627,6000,615,413,0,600,2020,3121,3087,1420,303.4528984,12.95497939,1,2,5,150,1,1,51,7,2,2.0
24,2,58,324573,326100,326100,327104,327104,327711,327743,333743,333743,334345,334377,334411,337512,1527,1004,607,6000,602,494,0,600,1966,3135,3101,1366,316.395438,12.94253962,1,28,-18,180,-1,-1,49,10,28,1.0
24,2,59,337515,339033,339033,340037,340037,340641,340673,348173,348173,348774,348807,348840,351961,1518,1004,604,7500,601,1255,0,600,1218,3154,3121,618,330.8445581,14.44912007,1,14,6,170,1,1,51,20,14,2.0
24,2,60,351964,353490,353490,354496,354496,355099,355132,361632,361632,362234,362266,362299,365401,1526,1006,603,6500,602,625,0,600,1838,3135,3102,1238,344.2839786,13.43942049,1,56,-28,170,-1,-1,49,28,56,1.0
24,2,61,365404,366923,366923,367931,367931,368535,368568,375568,375568,376168,376202,376235,379342,1519,1008,604,7000,600,413,0,600,2056,3140,3107,1456,358.2252887,13.94131011,1,20,8,200,1,1,51,28,20,2.0
24,2,62,379345,380867,380867,381873,381873,382502,382534,390534,390534,391155,391188,391221,394293,1522,1006,629,8000,621,268,0,600,2154,3105,3072,1554,373.1764684,14.95117965,1,4,3,150,1,1,51,7,4,2.0
24,2,63,394296,395820,395820,396826,396826,397427,397459,405959,405959,406582,406614,406648,409744,1524,1006,601,8500,623,747,0,600,1699,3130,3096,1099,388.627006,15.45053763,1,6,1,190,1,1,51,7,6,2.0
24,2,64,409747,411267,411267,412271,412271,412879,412911,421911,421911,422511,422543,422576,425682,1520,1004,608,9000,600,403,0,600,2065,3139,3106,1465,404.5653842,15.93837827,1,20,-6,150,-1,-1,49,14,20,1.0
24,2,65,425685,427208,427208,428216,428216,428849,428882,435882,435882,436497,436529,436563,439642,1523,1008,633,7000,615,402,0,600,2019,3113,3079,1419,418.5245337,13.95914948,1,4,1,200,1,1,51,5,4,2.0
24,2,66,439645,441169,441169,442176,442176,442802,442834,450834,450834,451435,451467,451500,454601,1524,1007,626,8000,601,396,0,600,2046,3134,3101,1446,433.4841132,14.95957951,1,14,-9,180,-1,-1,49,5,14,1.0
24,2,67,454604,456124,456124,457131,457131,457735,457768,466268,466268,466900,466932,466965,470045,1520,1007,604,8500,632,629,0,600,1808,3113,3080,1208,448.9274353,15.44332208,1,20,-10,150,-1,-1,49,10,20,1.0
24,2,68,470048,471573,471573,472581,472581,473210,473242,479242,479242,479872,479905,479938,482994,1525,1008,629,6000,630,1451,0,600,957,3089,3056,357,461.8772381,12.94980278,1,10,-3,190,-1,-1,49,7,10,1.0
24,2,69,482997,484519,484519,485526,485526,486127,486159,493659,493659,494279,494313,494346,497437,1522,1007,601,7500,620,316,0,600,2134,3124,3091,1534,476.3201205,14.44288241,1,4,3,200,1,1,51,7,4,2.0
24,2,70,497440,498967,498967,499973,499973,500578,500610,509610,509610,510210,510242,510275,513399,1527,1006,605,9000,600,580,0,600,1882,3157,3124,1282,492.2815352,15.96141473,1,27,1,160,1,1,51,28,27,2.0
24,2,71,513402,514922,514922,515927,515927,516533,516565,523065,523065,523668,523702,523736,526841,1520,1005,606,6500,603,657,0,600,1809,3139,3105,1209,505.723246,13.44171076,0,19,1,150,1,-1,49,20,19,1.0
24,2,72,526844,528363,528363,529369,529369,529996,530029,536029,536029,536642,536674,536707,539792,1519,1006,627,6000,613,700,0,600,1735,3118,3085,1135,518.6747189,12.95147287,1,4,1,200,1,1,51,5,4,2.0
24,3,73,23904,25433,25433,26449,26449,27077,27110,36110,36110,36737,36770,36806,39857,1529,1016,628,9000,627,533,0,600,1867,3087,3051,1267,15.96610345,15.96610345,1,4,1,180,1,1,51,5,4,2.0
24,3,74,39862,41384,41384,42390,42390,42995,43027,51527,51527,52152,52185,52219,55295,1522,1006,605,8500,625,729,0,600,1713,3110,3076,1113,31.40247849,15.43637504,1,7,7,150,1,1,51,14,7,2.0
24,3,75,55298,56821,56821,57829,57829,58432,58465,65965,65965,66599,66631,66666,69736,1523,1008,603,7500,634,652,0,600,1780,3105,3070,1180,45.8424381,14.43995961,1,7,7,190,1,1,51,14,7,2.0
24,3,76,69739,71267,71267,72274,72274,72882,72915,78915,78915,79530,79562,79596,82699,1528,1007,608,6000,615,528,0,600,1914,3137,3103,1314,58.80510977,12.96267167,1,5,9,160,1,1,51,14,5,2.0
24,3,77,82701,84223,84223,85225,85225,85843,85875,92375,92375,92979,93012,93046,96148,1522,1002,618,6500,604,525,0,600,1929,3136,3102,1329,72.25518,13.45007023,1,14,-9,200,-1,-1,49,5,14,1.0
24,3,78,96151,97672,97672,98675,98675,99280,99312,107312,107312,107944,107976,108010,111092,1521,1003,605,8000,632,466,0,600,1973,3116,3082,1373,87.19930623,14.94412623,1,7,-2,150,-1,-1,49,5,7,1.0
24,3,79,111095,112620,112620,113627,113627,114230,114263,121263,121263,121864,121896,121930,125036,1525,1007,603,7000,601,529,0,600,1935,3140,3106,1335,101.1431787,13.9438725,0,9,1,180,1,-1,49,10,9,1.0
24,3,80,125039,126564,126564,127570,127570,128174,128205,135205,135205,135820,135852,135887,138990,1525,1006,604,7000,615,558,0,600,1892,3138,3103,1292,115.0968716,13.95369292,1,40,-26,210,-1,-1,49,14,40,1.0
24,3,81,138993,140517,140517,141524,141524,142133,142166,149666,149666,150266,150299,150332,153428,1524,1007,609,7500,600,1299,0,600,1161,3129,3096,561,129.5345723,14.43770068,0,20,8,160,1,-1,49,28,20,1.0
24,3,82,153431,154956,154956,155959,155959,156566,156599,165099,165099,165702,165735,165769,168893,1525,1003,607,8500,603,837,0,600,1625,3158,3124,1025,144.9992358,15.46466345,1,10,10,180,1,1,51,20,10,2.0
24,3,83,168896,170423,170423,171426,171426,172030,172063,180063,180063,180664,180696,180730,183851,1527,1003,604,8000,601,482,0,600,1983,3155,3121,1383,159.9580824,14.95884662,1,10,-5,160,-1,-1,49,5,10,1.0
24,3,84,183854,185376,185376,186384,186384,186987,187020,193520,193520,194123,194155,194188,197306,1522,1008,603,6500,603,312,0,600,2152,3151,3118,1552,173.4130119,13.45492951,1,5,9,210,1,1,51,14,5,2.0
24,3,85,197309,198833,198833,199835,199835,200453,200485,206485,206485,207116,207149,207184,210270,1524,1002,618,6000,631,606,0,600,1819,3121,3086,1219,186.3763128,12.96330089,1,14,-7,150,-1,-1,49,7,14,1.0
24,3,86,210273,211797,211797,212804,212804,213412,213445,222445,222445,223046,223078,223111,226211,1524,1007,608,9000,601,394,0,600,2066,3133,3100,1466,202.3175596,15.94124683,0,19,1,180,1,-1,49,20,19,1.0
24,3,87,226214,227733,227733,228737,228737,229340,229373,238373,238373,238977,239010,239043,242150,1519,1004,603,9000,604,398,0,600,2072,3140,3107,1472,218.2564116,15.93885199,1,28,-8,190,-1,-1,49,20,28,1.0
24,3,88,242153,243669,243669,244675,244675,245281,245313,252313,252313,252945,252979,253012,256103,1516,1006,606,7000,632,382,0,600,2058,3124,3091,1458,232.2091315,13.95271986,1,4,3,210,1,1,51,7,4,2.0
24,3,89,256106,257629,257629,258632,258632,259238,259272,265772,265772,266395,266427,266462,269549,1523,1003,606,6500,623,384,0,600,2061,3122,3087,1461,245.6551386,13.44600712,1,79,-51,170,-1,-1,49,28,79,1.0
24,3,90,269552,271073,271073,272075,272075,272680,272713,280713,280713,281329,281361,281396,284500,1521,1002,605,8000,616,459,0,600,1997,3139,3104,1397,260.6060018,14.95086323,1,57,-37,170,-1,-1,49,20,57,1.0
24,3,91,284503,286026,286026,287035,287035,287643,287676,295176,295176,295809,295841,295875,298944,1523,1009,608,7500,633,524,0,600,1903,3103,3069,1303,275.0504733,14.44447143,1,5,5,190,1,1,51,10,5,2.0
24,3,92,298947,300470,300470,301476,301476,302081,302114,310614,310614,311228,311260,311293,314391,1523,1006,605,8500,614,491,0,600,1961,3131,3098,1361,290.4977967,15.44732342,1,40,-12,200,-1,-1,49,28,40,1.0
24,3,93,314394,315921,315921,316923,316923,317546,317579,323579,323579,324180,324213,324247,327357,1527,1002,623,6000,601,205,0,600,2242,3144,3110,1642,303.4638781,12.96608145,1,7,7,180,1,1,51,14,7,2.0
24,3,94,327360,328882,328882,329885,329885,330490,330523,337523,337523,338123,338157,338191,341300,1522,1003,605,7000,600,306,0,600,2164,3143,3109,1564,317.406431,13.94255288,1,10,10,170,1,1,51,20,10,2.0
24,3,95,341303,342825,342825,343831,343831,344436,344469,353469,353469,354100,354132,354166,357241,1522,1006,605,9000,631,468,0,600,1968,3109,3075,1368,333.3470474,15.9406164,1,4,3,190,1,1,51,7,4,2.0
24,3,96,357244,358771,358771,359775,359775,360393,360425,366425,366425,367025,367057,367091,370178,1527,1004,618,6000,600,514,0,600,1937,3121,3087,1337,346.2844324,12.93738502,1,14,-9,150,-1,-1,49,5,14,1.0
24,3,97,370181,371704,371704,372709,372709,373320,373353,381853,381853,382453,382486,382520,385620,1523,1005,611,8500,600,528,0,600,1933,3134,3100,1333,361.7266507,15.44221823,1,10,18,190,1,1,51,28,10,2.0
24,3,98,385623,387142,387142,388144,388144,388749,388782,396282,396282,396912,396945,396979,400081,1519,1002,605,7500,630,234,0,600,2210,3136,3102,1610,376.1869641,14.46031345,1,5,5,190,1,1,51,10,5,2.0
24,3,99,400084,401605,401605,402611,402611,403211,403243,411243,411243,411875,411909,411943,415049,1521,1006,600,8000,632,854,0,600,1587,3140,3106,987,391.1549751,14.968011,1,9,1,170,1,1,51,10,9,2.0
24,3,100,415051,416571,416571,417573,417573,418203,418235,424735,424735,425367,425400,425434,428501,1520,1002,630,6500,632,426,0,600,1990,3101,3067,1390,404.6068525,13.45187743,1,20,-13,200,-1,-1,49,7,20,1.0
24,3,101,428504,430027,430027,431036,431036,431641,431674,439674,439674,440299,440331,440365,443451,1523,1009,605,8000,625,346,0,600,2092,3120,3086,1492,419.5570633,14.95021081,1,79,-51,170,-1,-1,49,28,79,1.0
24,3,102,443454,444979,444979,445986,445986,446593,446625,453625,453625,454226,454259,454294,457386,1525,1007,607,7000,601,865,0,600,1595,3127,3092,995,433.4925926,13.9355293,1,7,3,160,1,1,51,10,7,2.0
24,3,103,457389,458911,458911,459918,459918,460525,460557,467057,467057,467658,467690,467724,470820,1522,1007,607,6500,601,328,0,600,2135,3130,3096,1535,446.9266759,13.43408327,0,20,8,190,1,-1,49,28,20,1.0
24,3,104,470823,472349,472349,473352,473352,473960,473992,481492,481492,482093,482126,482161,485285,1526,1003,608,7500,601,450,0,600,2012,3159,3124,1412,461.3914301,14.46475415,0,19,1,150,1,-1,49,20,19,1.0
24,3,105,485288,486812,486812,487818,487818,488419,488451,497451,497451,498075,498107,498141,501229,1524,1006,601,9000,624,381,0,600,2064,3122,3088,1464,477.3343756,15.94294554,1,4,1,200,1,1,51,5,4,2.0
24,3,106,501231,502756,502756,503762,503762,504368,504400,512900,512900,513534,513566,513601,516667,1525,1006,606,8500,634,525,0,600,1904,3101,3066,1304,492.7729773,15.43860172,1,20,-13,190,-1,-1,49,7,20,1.0
24,3,107,516669,518195,518195,519198,519198,519804,519836,525836,525836,526437,526470,526505,529605,1526,1003,606,6000,601,262,0,600,2202,3135,3100,1602,505.7114936,12.93851629,1,14,-4,170,-1,-1,49,10,14,1.0
24,3,108,529608,531132,531132,532141,532141,532751,532783,541283,541283,541914,541947,541981,545060,1524,1009,610,8500,631,410,0,600,2016,3113,3079,1416,521.165793,15.45429939,1,20,-13,210,-1,-1,49,7,20,1.0
24,4,109,51466,52994,52994,54025,54025,54630,54664,62664,62664,63283,63316,63352,66441,1528,1031,605,8000,619,238,0,600,2179,3125,3089,1579,15.00586399,15.00586399,1,56,-28,170,-1,-1,49,28,56,1.0
24,4,110,66491,68018,68018,69032,69032,69637,69670,78170,78170,78771,78804,78837,81940,1527,1014,605,8500,601,332,0,600,2121,3136,3103,1521,30.4564935,15.45062951,1,10,18,180,1,1,51,28,10,2.0
24,4,111,81942,83465,83465,84472,84472,85102,85134,91134,91134,91756,91789,91822,94887,1523,1007,630,6000,622,840,0,600,1578,3098,3065,978,43.40353738,12.94704388,1,6,-1,210,-1,-1,49,5,6,1.0
24,4,112,94890,96411,96411,97422,97422,98027,98061,107061,107061,107691,107723,107757,110834,1521,1011,605,9000,630,306,0,600,2127,3111,3077,1527,59.34997705,15.94643967,1,7,13,180,1,1,51,20,7,2.0
24,4,113,110837,112361,112361,113368,113368,113986,114019,121019,121019,121619,121652,121685,124801,1524,1007,618,7000,600,346,0,600,2105,3149,3116,1505,73.31682241,13.96684536,1,10,-5,190,-1,-1,49,5,10,1.0
24,4,114,124804,126327,126327,127334,127334,127941,127973,134473,134473,135074,135107,135141,138254,1523,1007,607,6500,601,373,0,600,2089,3147,3113,1489,86.76985037,13.45302796,1,40,-26,200,-1,-1,49,14,40,1.0
24,4,115,138257,139779,139779,140787,140787,141394,141427,148927,148927,149529,149561,149595,152694,1522,1008,607,7500,602,752,0,600,1709,3133,3099,1109,101.2102071,14.44035675,1,15,-1,200,-1,-1,49,14,15,1.0
24,4,116,152697,154218,154218,155221,155221,155853,155885,163385,163385,164017,164050,164084,167136,1521,1003,632,7500,632,440,0,600,1972,3086,3052,1372,115.6525353,14.44232819,1,20,-6,170,-1,-1,49,14,20,1.0
24,4,117,167139,168669,168669,169676,169676,170281,170313,177313,177313,177915,177947,177981,181085,1530,1007,605,7000,602,104,0,600,2352,3138,3104,1752,129.6015889,13.94905359,1,40,-20,200,-1,-1,49,20,40,1.0
24,4,118,181088,182609,182609,183615,183615,184243,184275,190775,190775,191405,191438,191471,194547,1521,1006,628,6500,630,559,0,600,1856,3109,3076,1256,143.0634886,13.46189974,0,10,10,160,1,-1,49,20,10,1.0
24,4,119,194550,196075,196075,197082,197082,197713,197745,205745,205745,206378,206411,206446,209492,1525,1007,631,8000,633,437,0,600,1967,3081,3046,1367,158.0083956,14.944907,1,15,-1,200,-1,-1,49,14,15,1.0
24,4,120,209495,211019,211019,212025,212025,212626,212658,218658,218658,219277,219309,219343,222438,1524,1006,601,6000,619,349,0,600,2101,3129,3095,1501,170.9540271,12.94563145,1,4,3,200,1,1,51,7,4,2.0
24,4,121,222441,223963,223963,224970,224970,225589,225622,234622,234622,235240,235273,235306,238372,1522,1007,619,9000,618,589,0,600,1845,3099,3066,1245,186.8884528,15.93442571,1,2,3,190,1,1,51,5,2,2.0
24,4,122,238375,239903,239903,240907,240907,241535,241567,250067,250067,250699,250731,250764,253812,1528,1004,628,8500,632,730,0,600,1678,3081,3048,1078,202.3283132,15.43986043,1,10,-5,170,-1,-1,49,5,10,1.0
24,4,123,253815,255335,255335,256341,256341,256945,256976,262976,262976,263603,263635,263669,266774,1520,1006,604,6000,627,333,0,600,2110,3139,3105,1510,215.2903767,12.96206352,1,7,3,200,1,1,51,10,7,2.0
24,4,124,266777,268304,268304,269311,269311,269911,269943,276443,276443,277060,277092,277125,280224,1527,1007,600,6500,617,360,0,600,2089,3132,3099,1489,228.740227,13.44985021,1,5,2,200,1,1,51,7,5,2.0
24,4,125,280227,281753,281753,282759,282759,283361,283394,290394,290394,290997,291030,291064,294179,1526,1006,602,7000,603,567,0,600,1896,3149,3115,1296,242.6952582,13.95503119,0,14,6,160,1,-1,49,20,14,1.0
24,4,126,294182,295704,295704,296709,296709,297313,297345,305845,305845,306448,306481,306514,309634,1522,1005,604,8500,603,348,0,600,2118,3153,3120,1518,258.1501394,15.45488127,1,28,-14,200,-1,-1,49,14,28,1.0
24,4,127,309637,311159,311159,312161,312161,312771,312803,320803,320803,321410,321442,321476,324591,1522,1002,610,8000,607,332,0,600,2127,3149,3115,1527,273.1070028,14.95686341,1,40,-12,180,-1,-1,49,28,40,1.0
24,4,128,324594,326119,326119,327124,327124,327730,327762,335262,335262,335878,335910,335943,339054,1525,1005,606,7500,616,243,0,600,2205,3144,3111,1605,287.5702128,14.46321001,1,7,13,210,1,1,51,20,7,2.0
24,4,129,339057,340582,340582,341588,341588,342193,342226,351226,351226,351848,351880,351913,355006,1525,1006,605,9000,622,354,0,600,2088,3126,3093,1488,303.5224475,15.95223465,1,14,14,200,1,1,51,28,14,2.0
24,4,130,355009,356531,356531,357535,357535,358135,358167,365167,365167,365791,365825,365859,368946,1522,1004,600,7000,624,579,0,600,1871,3121,3087,1271,317.4622529,13.93980543,1,7,-2,190,-1,-1,49,5,7,1.0
24,4,131,368949,370472,370472,371479,371479,372080,372113,381113,381113,381727,381759,381792,384891,1523,1007,601,9000,614,201,0,600,2254,3132,3099,1654,333.4069966,15.94474367,1,4,6,160,1,1,51,10,4,2.0
24,4,132,384894,386418,386418,387422,387422,388027,388059,394059,394059,394690,394723,394756,397830,1524,1004,605,6000,631,302,0,600,2134,3107,3074,1534,346.345643,12.93864643,1,40,-26,210,-1,-1,49,14,40,1.0
24,4,133,397833,399355,399355,400360,400360,400966,400998,408498,408498,409113,409145,409178,412263,1522,1005,606,7500,615,343,0,600,2109,3118,3085,1509,360.779226,14.43358298,1,4,3,210,1,1,51,7,4,2.0
24,4,134,412266,413792,413792,414798,414798,415401,415433,423433,423433,424034,424066,424100,427207,1526,1006,603,8000,601,334,0,600,2130,3141,3107,1530,375.7225178,14.94329176,1,40,-12,210,-1,-1,49,28,40,1.0
24,4,135,427210,428737,428737,429742,429742,430343,430375,436875,436875,437503,437535,437569,440652,1527,1005,601,6500,628,1022,0,600,1417,3117,3083,817,389.1680255,13.44550774,0,8,-1,190,-1,1,51,7,8,2.0
24,4,136,440655,442180,442180,443185,443185,443790,443822,452322,452322,452950,452982,453015,456091,1525,1005,605,8500,628,821,0,600,1616,3109,3076,1016,404.6060989,15.43807341,1,7,3,150,1,1,51,10,7,2.0
24,4,137,456093,457617,457617,458623,458623,459227,459259,466259,466259,466891,466923,466956,470029,1524,1006,604,7000,632,170,0,600,2264,3106,3073,1664,418.5447674,13.93866843,0,20,8,160,1,-1,49,28,20,1.0
24,4,138,470032,471558,471558,472567,472567,473170,473202,479202,479202,479821,479853,479887,482972,1526,1009,603,6000,619,315,0,600,2128,3119,3085,1528,431.487573,12.94280568,1,2,5,190,1,1,51,7,2,2.0
24,4,139,482975,484498,484498,485502,485502,486115,486148,494148,494148,494749,494782,494816,497938,1523,1004,613,8000,601,320,0,600,2139,3156,3122,1539,446.453602,14.966029,1,28,-8,200,-1,-1,49,20,28,1.0
24,4,140,497941,499462,499462,500466,500466,501067,501100,507600,507600,508223,508255,508288,511391,1521,1004,601,6500,623,335,0,600,2116,3136,3103,1516,459.9068889,13.45328682,1,7,3,170,1,1,51,10,7,2.0
24,4,141,511394,512921,512921,513927,513927,514530,514563,523563,523563,524193,524227,524260,527332,1527,1006,603,9000,630,330,0,600,2104,3105,3072,1504,475.8472226,15.9403337,1,14,-4,210,-1,-1,49,10,14,1.0
24,4,142,527335,528857,528857,529861,529861,530465,530497,537997,537997,538630,538662,538695,541791,1522,1004,604,7500,633,452,0,600,1985,3129,3096,1385,490.3063827,14.45916015,1,10,-5,200,-1,-1,49,5,10,1.0
24,4,143,541793,543316,543316,544318,544318,544940,544972,553472,553472,554073,554107,554140,557239,1523,1002,622,8500,601,295,0,600,2157,3132,3099,1557,505.7550543,15.44867163,1,20,-13,210,-1,-1,49,7,20,1.0
24,4,144,557242,558764,558764,559771,559771,560376,560409,566909,566909,567534,567566,567600,570705,1522,1007,605,6500,625,269,0,600,2172,3139,3105,1572,519.2204624,13.46540806,1,7,3,210,1,1,51,10,7,2.0
24,5,145,32088,33609,33609,34622,34622,35232,35264,43764,43764,44370,44402,44437,47553,1521,1013,610,8500,606,268,0,600,2182,3151,3116,1582,15.47727015,15.47727015,1,28,-8,150,-1,-1,49,20,28,1.0
24,5,146,47558,49084,49084,50093,50093,50698,50730,57230,57230,57834,57866,57899,60994,1526,1009,605,6500,604,190,0,600,2266,3128,3095,1666,28.91649653,13.43922638,1,56,-28,190,-1,-1,49,28,56,1.0
24,5,147,60997,62522,62522,63529,63529,64157,64188,73188,73188,73788,73820,73853,76939,1525,1007,628,9000,600,252,0,600,2188,3119,3086,1588,44.86143035,15.94493382,1,14,-9,180,-1,-1,49,5,14,1.0
24,5,148,76942,78465,78465,79467,79467,80067,80099,86099,86099,86729,86762,86796,89905,1523,1002,600,6000,630,312,0,600,2133,3143,3109,1533,57.82749069,12.96606034,1,6,1,170,1,1,51,7,6,2.0
24,5,149,89908,91430,91430,92436,92436,93037,93070,100070,100070,100672,100706,100739,103871,1522,1006,601,7000,602,590,0,600,1879,3165,3132,1279,71.79294833,13.96545764,1,20,-13,210,-1,-1,49,7,20,1.0
24,5,150,103874,105392,105392,106398,106398,107003,107036,114536,114536,115168,115200,115233,118322,1518,1006,605,7500,632,487,0,600,1952,3122,3089,1352,86.24410851,14.45116019,1,27,1,190,1,1,51,28,27,2.0
24,5,151,118325,119848,119848,120852,120852,121457,121489,129489,129489,130109,130140,130174,133259,1523,1004,605,8000,620,422,0,600,2026,3119,3085,1426,101.1815013,14.93739281,1,7,3,170,1,1,51,10,7,2.0
24,5,152,133262,134782,134782,135786,135786,136394,136427,144427,144427,145028,145060,145094,148224,1520,1004,608,8000,601,479,0,600,1988,3164,3130,1388,116.1462188,14.96471752,0,10,10,210,1,-1,49,20,10,1.0
24,5,153,148227,149748,149748,150756,150756,151362,151394,157894,157894,158496,158528,158562,161686,1521,1008,606,6500,602,808,0,600,1655,3158,3124,1055,129.608727,13.46250816,0,19,1,200,1,-1,49,20,19,1.0
24,5,154,161689,163215,163215,164222,164222,164826,164858,173358,173358,173960,173993,174028,177147,1526,1007,604,8500,602,316,0,600,2145,3154,3119,1545,145.0691088,15.46038183,1,28,-8,200,-1,-1,49,20,28,1.0
24,5,155,177150,178666,178666,179668,179668,180270,180303,187303,187303,187904,187936,187969,191090,1516,1002,602,7000,601,1486,0,600,993,3154,3121,393,159.0122599,13.94315103,0,13,1,180,1,-1,49,14,13,1.0
24,5,156,191093,192617,192617,193625,193625,194230,194262,200262,200262,200881,200913,200946,204045,1524,1008,605,6000,619,193,0,600,2251,3132,3099,1651,171.9667688,12.95450895,1,4,6,190,1,1,51,10,4,2.0
24,5,157,204048,205574,205574,206580,206580,207199,207231,214731,214731,215331,215364,215398,218496,1526,1006,619,7500,600,322,0,600,2127,3132,3098,1527,186.4181559,14.4513871,1,14,-9,200,-1,-1,49,5,14,1.0
24,5,158,218499,220027,220027,221037,221037,221643,221675,230675,230675,231307,231341,231375,234456,1528,1010,606,9000,632,539,0,600,1885,3115,3081,1285,202.3781263,15.95997034,0,13,1,190,1,-1,49,14,13,1.0
24,5,159,234459,235980,235980,236981,236981,237583,237616,245116,245116,245732,245764,245798,248894,1521,1001,602,7500,616,1850,0,600,610,3130,3096,10,216.8160529,14.43792666,0,2,5,210,1,-1,49,7,2,1.0
24,5,160,248897,250425,250425,251428,251428,252033,252067,261067,261067,261697,261730,261762,264845,1528,1003,605,9000,630,895,0,600,1539,3115,3083,939,232.7671259,15.95107295,0,13,1,200,1,-1,49,14,13,1.0
24,5,161,264848,266377,266377,267384,267384,268014,268046,274546,274546,275160,275192,275226,278308,1529,1007,630,6500,614,253,0,600,2167,3116,3082,1567,246.2303359,13.46321001,1,2,3,160,1,1,51,5,2,2.0
24,5,162,278311,279834,279834,280839,280839,281439,281472,289472,289472,290074,290106,290139,293252,1523,1005,600,8000,602,438,0,600,2032,3146,3113,1432,261.1739694,14.94363349,1,20,-13,210,-1,-1,49,7,20,1.0
24,5,163,293254,294775,294775,295780,295780,296386,296419,303419,303419,304020,304054,304087,307212,1521,1005,606,7000,601,230,0,600,2237,3158,3125,1637,275.1342778,13.96030845,1,28,-14,170,-1,-1,49,14,28,1.0
24,5,164,307215,308741,308741,309747,309747,310353,310386,316386,316386,317016,317049,317082,320151,1526,1006,606,6000,630,783,0,600,1649,3102,3069,1049,288.0730864,12.93880856,0,7,3,200,1,-1,49,10,7,1.0
24,5,165,320154,321674,321674,322680,322680,323286,323318,331818,331818,332436,332469,332503,335614,1520,1006,606,8500,618,470,0,600,1980,3145,3111,1380,303.5364003,15.46331398,1,79,-51,170,-1,-1,49,28,79,1.0
24,5,166,335617,337140,337140,338145,338145,338749,338781,344781,344781,345409,345441,345475,348574,1523,1005,604,6000,628,294,0,600,2146,3133,3099,1546,316.496195,12.95979465,1,5,2,190,1,1,51,7,5,2.0
24,5,167,348577,350100,350100,351104,351104,351707,351739,358739,358739,359371,359403,359437,362517,1523,1004,603,7000,632,412,0,600,2026,3114,3080,1426,330.438366,13.94217104,1,28,-14,210,-1,-1,49,14,28,1.0
24,5,168,362519,364041,364041,365045,365045,365647,365679,373179,373179,373779,373812,373846,376958,1522,1004,602,7500,600,407,0,600,2065,3146,3112,1465,344.8793415,14.44097543,1,40,-26,200,-1,-1,49,14,40,1.0
24,5,169,376961,378480,378480,379485,379485,380086,380119,388119,388119,388720,388753,388787,391922,1519,1005,601,8000,601,1011,0,600,1463,3169,3135,863,359.8433303,14.96398885,0,14,-4,180,-1,1,51,10,14,2.0
24,5,170,391924,393447,393447,394448,394448,395068,395101,403601,403601,404219,404252,404285,407361,1523,1001,620,8500,618,1925,0,600,513,3109,3076,-87,375.2832016,15.43987127,1,4,1,180,1,1,51,5,4,2.0
24,5,171,407364,408889,408889,409896,409896,410528,410561,419561,419561,420179,420211,420244,423295,1525,1007,632,9000,618,574,0,600,1844,3084,3051,1244,391.2165069,15.93330529,1,4,1,210,1,1,51,5,4,2.0
24,5,172,423298,424820,424820,425823,425823,426439,426472,432972,432972,433586,433619,433653,436733,1522,1003,616,6500,614,184,0,600,2261,3114,3080,1661,404.654796,13.43828918,1,4,1,210,1,1,51,5,4,2.0
24,5,173,436736,438257,438257,439259,439259,439864,439896,448396,448396,448997,449030,449065,452190,1521,1002,605,8500,601,386,0,600,2085,3160,3125,1485,420.1113052,15.45650917,0,19,1,210,1,-1,49,20,19,1.0
24,5,174,452192,453714,453714,454719,454719,455326,455358,462858,462858,463460,463493,463527,466650,1522,1005,607,7500,602,388,0,600,2076,3157,3123,1476,434.5719254,14.4606202,0,14,14,190,1,-1,49,28,14,1.0
24,5,175,466652,468172,468172,469176,469176,469804,469836,478836,478836,479452,479485,479518,482610,1520,1004,628,9000,616,294,0,600,2138,3125,3092,1538,450.5319488,15.96002337,1,4,6,190,1,1,51,10,4,2.0
24,5,176,482613,484134,484134,485143,485143,485750,485783,492283,492283,492885,492917,492950,496052,1521,1009,607,6500,602,205,0,600,2256,3135,3102,1656,463.9731126,13.44116377,1,57,-37,160,-1,-1,49,20,57,1.0
24,5,177,496054,497573,497573,498577,498577,499179,499212,506212,506212,506833,506865,506898,510006,1519,1004,602,7000,621,305,0,600,2149,3141,3108,1549,477.927705,13.95459242,1,5,5,210,1,1,51,10,5,2.0
24,5,178,510009,511529,511529,512534,512534,513140,513173,519173,519173,519775,519808,519842,522940,1520,1005,606,6000,602,724,0,600,1743,3132,3098,1143,490.861189,12.93348399,0,20,8,210,1,-1,49,28,20,1.0
24,5,179,522943,524467,524467,525468,525468,526075,526108,534108,534108,534716,534748,534781,537890,1524,1001,607,8000,608,272,0,600,2188,3142,3109,1588,505.8114983,14.95030932,1,40,-12,150,-1,-1,49,28,40,1.0
24,5,180,537893,539414,539414,540417,540417,541022,541055,550055,550055,550655,550688,550721,553844,1521,1003,605,9000,600,292,0,600,2179,3156,3123,1579,521.7660298,15.95453155,1,20,-13,200,-1,-1,49,7,20,1.0
24,6,181,34120,35648,35648,36667,36667,37280,37312,43812,43812,44415,44448,44484,47589,1528,1019,613,6500,603,265,0,600,2172,3141,3105,1572,13.48142578,13.48142578,1,20,-6,160,-1,-1,49,14,20,1.0
24,6,182,47594,49115,49115,50123,50123,50729,50762,59262,59262,59890,59923,59957,63043,1521,1008,606,8500,628,216,0,600,2221,3120,3086,1621,28.93365365,15.45222787,1,7,13,200,1,1,51,20,7,2.0
24,6,183,63046,64571,64571,65576,65576,66185,66217,73217,73217,73850,73882,73916,76993,1525,1005,609,7000,633,468,0,600,1960,3111,3077,1360,42.88402113,13.95036748,1,29,-1,170,-1,-1,49,28,29,1.0
24,6,184,76996,78518,78518,79522,79522,80128,80161,86161,86161,86773,86806,86839,89935,1522,1004,606,6000,612,778,0,600,1678,3129,3096,1078,55.82567264,12.94165151,1,7,3,160,1,1,51,10,7,2.0
24,6,185,89938,91459,91459,92461,92461,93065,93097,102097,102097,102711,102743,102777,105876,1521,1002,604,9000,614,291,0,600,2168,3133,3099,1568,71.76655841,15.94088577,1,4,6,190,1,1,51,10,4,2.0
24,6,186,105879,107399,107399,108409,108409,109010,109042,117042,117042,117675,117707,117740,120838,1520,1010,601,8000,633,134,0,600,2302,3131,3098,1702,86.7282127,14.96165428,1,14,-9,160,-1,-1,49,5,14,1.0
24,6,187,120841,122361,122361,123362,123362,123965,123998,131498,131498,132099,132132,132165,135285,1520,1001,603,7500,601,996,0,600,1479,3153,3120,879,101.1756259,14.44741319,0,10,10,190,1,-1,49,20,10,1.0
24,6,188,135288,136810,136810,137816,137816,138421,138453,145953,145953,146571,146603,146636,149733,1522,1006,605,7500,618,1169,0,600,1280,3130,3097,680,115.6236873,14.44806139,1,56,-28,180,-1,-1,49,28,56,1.0
24,6,189,149736,151260,151260,152264,152264,152868,152900,158900,158900,159519,159552,159585,162678,1524,1004,604,6000,619,259,0,600,2190,3126,3093,1590,128.5686087,12.94492147,1,4,3,210,1,1,51,7,4,2.0
24,6,190,162681,164205,164205,165209,165209,165834,165867,174867,174867,175488,175520,175553,178615,1524,1004,625,9000,621,1264,0,600,1162,3095,3062,562,144.5054766,15.93686786,0,6,-1,210,-1,1,51,5,6,2.0
24,6,191,178618,180142,180142,181147,181147,181766,181798,189798,189798,190430,190462,190496,193572,1524,1005,619,8000,632,211,0,600,2209,3110,3076,1609,159.4627134,14.95723678,1,28,-18,160,-1,-1,49,10,28,1.0
24,6,192,193575,195097,195097,196101,196101,196704,196737,205237,205237,205860,205893,205926,209009,1522,1004,603,8500,623,991,0,600,1457,3116,3083,857,174.8996703,15.43695691,0,5,5,210,1,-1,49,10,5,1.0
24,6,193,209012,210536,210536,211540,211540,212168,212201,219201,219201,219816,219848,219882,222943,1524,1004,628,7000,615,583,0,600,1846,3095,3061,1246,188.8327896,13.93311935,1,4,1,200,1,1,51,5,4,2.0
24,6,194,222946,224470,224470,225475,225475,226079,226111,232611,232611,233212,233245,233279,236384,1524,1005,604,6500,601,307,0,600,2159,3139,3105,1559,202.2743259,13.44153624,1,20,-6,150,-1,-1,49,14,20,1.0
24,6,195,236387,237908,237908,238914,238914,239518,239550,246050,246050,246666,246698,246731,249846,1521,1006,604,6500,616,444,0,600,2009,3148,3115,1409,215.7364769,13.46215106,1,5,2,160,1,1,51,7,5,2.0
24,6,196,249849,251373,251373,252383,252383,252991,253025,261526,261526,262127,262159,262192,265301,1524,1010,608,8501,601,661,0,600,1795,3142,3109,1195,231.1909125,15.45443557,1,29,-1,160,-1,-1,49,28,29,1.0
24,6,197,265304,266826,266826,267832,267832,268436,268468,276468,276468,277069,277101,277134,280238,1522,1006,604,8000,601,232,0,600,2235,3137,3104,1635,246.1282698,14.93735725,1,40,-26,160,-1,-1,49,14,40,1.0
24,6,198,280241,281763,281763,282767,282767,283375,283408,290408,290408,291040,291074,291107,294182,1522,1004,608,7000,632,373,0,600,2061,3108,3075,1461,260.0724858,13.944216,1,28,-8,160,-1,-1,49,20,28,1.0
24,6,199,294185,295703,295703,296709,296709,297311,297343,304843,304843,305444,305478,305511,308642,1518,1006,602,7500,601,236,0,600,2237,3164,3131,1637,274.5325476,14.4600618,1,28,-14,200,-1,-1,49,14,28,1.0
24,6,200,308645,310167,310167,311172,311172,311777,311809,320809,320809,321441,321473,321507,324589,1522,1005,605,9000,632,53,0,600,2383,3116,3082,1783,290.479436,15.94688838,1,40,-12,150,-1,-1,49,28,40,1.0
24,6,201,324592,326117,326117,327121,327121,327726,327758,333758,333758,334380,334412,334446,337523,1525,1004,605,6000,622,50,0,600,2394,3111,3077,1794,303.4130763,12.93364039,1,7,7,200,1,1,51,14,7,2.0
24,6,202,337526,339047,339047,340052,340052,340657,340690,348190,348190,348820,348852,348885,351981,1521,1005,605,7500,630,285,0,600,2154,3129,3096,1554,317.8712704,14.45819402,1,11,-1,180,-1,-1,49,10,11,1.0
24,6,203,351984,353511,353511,354520,354520,355140,355172,364172,364172,364772,364805,364839,367919,1527,1009,620,9000,600,276,0,600,2168,3114,3080,1568,333.80935,15.93807959,1,14,-9,210,-1,-1,49,5,14,1.0
24,6,204,367922,369447,369447,370454,370454,371060,371092,379592,379592,380223,380255,380289,383369,1525,1007,606,8500,631,338,0,600,2093,3114,3080,1493,349.2594768,15.45012685,1,10,10,180,1,1,51,20,10,2.0
24,6,205,383372,384889,384889,385893,385893,386500,386532,393532,393532,394164,394196,394229,397326,1517,1004,607,7000,632,199,0,600,2241,3130,3097,1641,363.2146894,13.9552126,1,15,-1,180,-1,-1,49,14,15,1.0
24,6,206,397327,398852,398852,399858,399858,400463,400496,406996,406996,407629,407662,407695,410780,1525,1006,605,6500,633,221,0,600,2210,3118,3085,1610,376.6700694,13.45538001,1,40,-12,200,-1,-1,49,28,40,1.0
24,6,207,410782,412305,412305,413307,413307,413923,413955,421955,421955,422570,422602,422635,425738,1523,1002,616,8000,615,364,0,600,2080,3136,3103,1480,391.6281533,14.95808388,1,4,1,170,1,1,51,5,4,2.0
24,6,208,425741,427262,427262,428268,428268,428899,428931,434931,434931,435549,435581,435614,438695,1521,1006,631,6000,618,1090,0,600,1334,3114,3081,734,404.585127,12.9569737,1,4,1,200,1,1,51,5,4,2.0
24,6,209,438698,440218,440218,441222,441222,441852,441885,448885,448885,449486,449518,449551,452659,1520,1004,630,7000,601,360,0,600,2085,3141,3108,1485,418.5488932,13.96376615,1,14,-7,210,-1,-1,49,7,14,1.0
24,6,210,452662,454188,454188,455193,455193,455798,455830,462330,462330,462944,462977,463010,466109,1526,1005,605,6500,614,100,0,600,2350,3132,3099,1750,431.9991427,13.4502495,1,57,-37,160,-1,-1,49,20,57,1.0
24,6,211,466112,467637,467637,468640,468640,469243,469276,475276,475276,475890,475922,475955,479041,1525,1003,603,6000,614,-1,2501,0,554,3119,3086,-46,444.9308788,12.93173615,-1,2,5,210,1,-2,-1,7,2,
24,6,212,479044,480564,480564,481567,481567,482170,482203,490703,490703,491320,491352,491386,494483,1520,1003,603,8500,617,231,0,600,2226,3131,3097,1626,460.37315,15.44227123,1,5,2,190,1,1,51,7,5,2.0
24,6,213,494486,496008,496008,497018,497018,497625,497659,505659,505659,506276,506309,506342,509439,1522,1010,607,8000,617,263,0,600,2181,3130,3097,1581,475.3290729,14.95592289,1,57,-37,180,-1,-1,49,20,57,1.0
24,6,214,509441,510968,510968,511973,511973,512577,512610,520110,520110,520712,520745,520778,523886,1527,1005,604,7500,602,204,0,600,2258,3141,3108,1658,489.7768679,14.447795,1,10,18,160,1,1,51,28,10,2.0
24,6,215,523890,525417,525417,526422,526422,527024,527057,536057,536057,536671,536703,536737,539842,1527,1005,602,9000,614,752,0,600,1700,3139,3105,1100,505.7315942,15.95472622,1,8,-1,150,-1,-1,49,7,8,1.0
24,6,216,539845,541367,541367,542373,542373,542977,543009,549509,549509,550128,550161,550194,553276,1522,1006,604,6500,619,243,0,600,2206,3115,3082,1606,519.165612,13.43401783,1,4,6,210,1,1,51,10,4,2.0
25,1,1,61567,63070,63070,64102,64102,64733,64766,70766,70766,71371,71405,71440,74529,1503,1032,631,6000,605,464,0,600,1965,3124,3089,1365,12.99626897,12.99626897,1,28,-18,190,-1,-1,49,10,28,1.0
25,1,2,74578,76103,76103,77119,77119,77745,77777,84777,84777,85408,85441,85475,88524,1525,1016,626,7000,631,500,0,600,1902,3083,3049,1302,26.9433456,13.94707663,0,19,1,170,1,-1,49,20,19,1.0
25,1,3,88527,90052,90052,91059,91059,91679,91712,98212,98212,98845,98877,98911,101962,1525,1007,620,6500,633,474,0,600,1941,3085,3051,1341,40.38176968,13.43842408,1,14,-4,150,-1,-1,49,10,14,1.0
25,1,4,101965,103493,103493,104498,104498,105103,105135,113635,113635,114235,114267,114300,117409,1528,1005,605,8500,600,464,0,600,1998,3142,3109,1398,55.82777033,15.44600066,1,10,18,160,1,1,51,28,10,2.0
25,1,5,117411,118935,118935,119941,119941,120560,120592,128092,128092,128692,128725,128758,131850,1524,1006,619,7500,600,552,0,600,1899,3125,3092,1299,70.26954664,14.44177631,1,28,-14,190,-1,-1,49,14,28,1.0
25,1,6,131853,133372,133372,134376,134376,135005,135038,143038,143038,143658,143690,143724,146800,1519,1004,629,8000,620,404,0,600,2024,3110,3076,1424,85.21885087,14.94930422,1,2,3,180,1,1,51,5,2,2.0
25,1,7,146803,148328,148328,149333,149333,149936,149970,158970,158970,159602,159635,159669,162758,1525,1005,603,9000,632,797,0,600,1638,3123,3089,1038,101.1765761,15.95772519,1,57,-37,170,-1,-1,49,20,57,1.0
25,1,8,162760,164287,164287,165295,165295,165898,165932,174432,174432,175066,175098,175131,178222,1527,1008,603,8500,634,413,0,600,2015,3124,3091,1415,116.6408835,15.46430747,1,14,-4,190,-1,-1,49,10,14,1.0
25,1,9,178225,179753,179753,180761,180761,181386,181418,187418,187418,188040,188073,188107,191163,1528,1008,625,6000,622,1157,0,600,1260,3090,3056,660,129.5820603,12.94117677,0,9,1,170,1,-1,49,10,9,1.0
25,1,10,191166,192695,192695,193700,193700,194320,194352,202352,202352,202954,202987,203020,206119,1529,1005,620,8000,602,285,0,600,2159,3132,3099,1559,144.5373714,14.95531107,1,14,-9,180,-1,-1,49,5,14,1.0
25,1,11,206122,207644,207644,208649,208649,209253,209285,216785,216785,217405,217438,217471,220557,1522,1005,604,7500,620,343,0,600,2106,3119,3086,1506,158.9760076,14.43863623,1,2,5,170,1,1,51,7,2,2.0
25,1,12,220560,222089,222089,223095,223095,223698,223730,230730,230730,231358,231390,231423,234507,1529,1006,603,7000,628,317,0,600,2117,3117,3084,1517,172.9261228,13.95011516,1,14,-7,150,-1,-1,49,7,14,1.0
25,1,13,234510,236036,236036,237043,237043,237663,237697,244197,244197,244813,244845,244878,247944,1526,1007,620,6500,616,329,0,600,2102,3099,3066,1502,186.3635192,13.43739647,1,2,5,210,1,1,51,7,2,2.0
25,1,14,247947,249475,249475,250482,250482,251088,251121,260122,260122,260755,260788,260822,263894,1528,1007,606,9001,633,624,0,600,1801,3106,3072,1201,202.313063,15.9495438,1,19,1,180,1,1,51,20,19,2.0
25,1,15,263897,265423,265423,266432,266432,267039,267072,273572,273572,274175,274208,274241,277332,1526,1009,607,6500,603,769,0,600,1686,3124,3091,1086,215.7513488,13.43828576,1,28,-8,160,-1,-1,49,20,28,1.0
25,1,16,277335,278863,278863,279870,279870,280491,280523,289523,289523,290156,290189,290222,293268,1528,1007,621,9000,633,469,0,600,1942,3079,3046,1342,231.6865597,15.93521091,1,13,1,150,1,1,51,14,13,2.0
25,1,17,293271,294799,294799,295802,295802,296419,296451,302451,302451,303056,303088,303121,306217,1528,1003,617,6000,605,450,0,600,1997,3129,3096,1397,244.6358522,12.94929247,1,14,-9,160,-1,-1,49,5,14,1.0
25,1,18,306220,307747,307747,308755,308755,309359,309391,316891,316891,317492,317525,317560,320684,1527,1008,604,7500,601,450,0,600,2010,3159,3124,1410,259.1024529,14.46660075,1,40,-12,160,-1,-1,49,28,40,1.0
25,1,19,320687,322213,322213,323218,323218,323825,323857,332357,332357,332983,333016,333049,336143,1526,1005,607,8500,626,711,0,600,1725,3127,3094,1125,274.5617242,15.45927128,1,10,10,150,1,1,51,20,10,2.0
25,1,20,336146,337668,337668,338678,338678,339283,339316,346316,346316,346948,346981,347014,350097,1522,1010,605,7000,632,765,0,600,1666,3116,3083,1066,288.5161074,13.9543832,1,28,-14,200,-1,-1,49,14,28,1.0
25,1,21,350100,351624,351624,352630,352630,353238,353271,361271,361271,361897,361930,361963,365058,1524,1006,608,8000,626,327,0,600,2109,3128,3095,1509,303.4767385,14.96063113,1,7,7,150,1,1,51,14,7,2.0
25,1,22,365061,366587,366587,367618,367618,368224,368257,376257,376257,376861,376894,376927,380015,1526,1031,606,8000,604,474,0,600,1959,3121,3088,1359,318.4339794,14.95724092,1,28,-14,200,-1,-1,49,14,28,1.0
25,1,23,380018,381541,381541,382545,382545,383154,383187,390687,390687,391290,391323,391356,394458,1523,1004,609,7500,603,649,0,600,1812,3135,3102,1212,332.8767457,14.44276625,1,20,-6,180,-1,-1,49,14,20,1.0
25,1,24,394461,395988,395988,396996,396996,397623,397657,403657,403657,404289,404321,404354,407407,1527,1008,627,6000,632,471,0,600,1935,3086,3053,1335,345.8252284,12.94848274,1,7,-2,170,-1,-1,49,5,7,1.0
25,1,25,407410,408937,408937,409943,409943,410550,410582,417582,417582,418184,418216,418249,421365,1527,1006,607,7000,602,671,0,600,1787,3149,3116,1187,359.7841241,13.95889564,1,10,18,150,1,1,51,28,10,2.0
25,1,26,421368,422891,422891,423895,423895,424500,424533,433533,433533,434133,434166,434199,437329,1523,1004,605,9000,600,683,0,600,1785,3163,3130,1185,375.7476708,15.9635467,1,20,8,200,1,1,51,28,20,2.0
25,1,27,437332,438860,438860,439866,439866,440470,440504,449004,449004,449635,449667,449701,452769,1528,1006,604,8500,631,525,0,600,1906,3102,3068,1306,391.1881073,15.4404365,1,9,1,150,1,1,51,10,9,2.0
25,1,28,452772,454297,454297,455306,455306,455936,455969,462469,462469,463084,463117,463150,466226,1525,1009,630,6500,615,499,0,600,1922,3109,3076,1322,404.6442593,13.45615199,1,2,5,200,1,1,51,7,2,2.0
25,1,29,466229,467750,467750,468755,468755,469359,469391,475891,475891,476491,476524,476559,479673,1521,1005,604,6500,600,1569,0,600,901,3149,3114,301,418.0915238,13.44726453,0,7,-2,190,-1,1,51,5,7,2.0
25,1,30,479676,481205,481205,482209,482209,482813,482846,491846,491846,492447,492480,492513,495631,1529,1004,604,9000,601,540,0,600,1922,3151,3118,1322,434.0490169,15.95749315,0,14,6,180,1,-1,49,20,14,1.0
25,1,31,495634,497157,497157,498170,498170,498776,498808,505808,505808,506435,506467,506501,509570,1523,1013,606,7000,627,422,0,600,2009,3103,3069,1409,447.9882018,13.93918484,1,5,5,160,1,1,51,10,5,2.0
25,1,32,509572,511096,511096,512102,512102,512711,512743,520743,520743,521346,521379,521412,524511,1524,1006,609,8000,603,906,0,600,1552,3132,3099,952,462.9295021,14.94130033,1,56,-28,190,-1,-1,49,28,56,1.0
25,1,33,524514,526040,526040,527046,527046,527648,527680,535180,535180,535812,535845,535880,538960,1526,1006,602,7500,632,470,0,600,1964,3115,3080,1364,477.3785404,14.44903828,1,4,1,150,1,1,51,5,4,2.0
25,1,34,538963,540492,540492,541499,541499,542104,542137,550637,550637,551241,551273,551306,554394,1529,1007,605,8500,604,607,0,600,1848,3121,3088,1248,492.8120976,15.43355725,1,79,-51,170,-1,-1,49,28,79,1.0
25,1,35,554397,555923,555923,556928,556928,557537,557569,563569,563569,564196,564229,564262,567342,1526,1005,609,6000,627,1345,0,600,1088,3113,3080,488,505.7604752,12.94837757,1,10,-3,190,-1,-1,49,7,10,1.0
25,1,36,567345,568873,568873,569881,569881,570484,570517,579517,579517,580120,580152,580186,583308,1528,1008,603,9000,603,316,0,600,2142,3156,3122,1542,521.7261166,15.9656414,1,20,-13,200,-1,-1,49,7,20,1.0
25,2,37,21477,23004,23004,24021,24021,24641,24673,30673,30673,31301,31334,31369,34422,1527,1017,620,6000,628,364,0,600,2044,3088,3053,1444,12.95628413,12.95628413,1,10,-3,150,-1,-1,49,7,10,1.0
25,2,38,34427,35951,35951,36955,36955,37561,37593,46093,46093,46715,46747,46780,49866,1524,1004,606,8500,622,441,0,600,2003,3119,3086,1403,28.39851156,15.44222743,1,5,9,170,1,1,51,14,5,2.0
25,2,39,49868,51396,51396,52404,52404,53011,53044,61044,61044,61657,61689,61724,64804,1528,1008,607,8000,613,301,0,600,2143,3115,3080,1543,43.33686226,14.9383507,1,40,-20,190,-1,-1,49,20,40,1.0
25,2,40,64807,66332,66332,67339,67339,67943,67975,74975,74975,75576,75609,75642,78739,1525,1007,604,7000,601,356,0,600,2107,3130,3097,1507,57.272436,13.93557374,1,28,-18,190,-1,-1,49,10,28,1.0
25,2,41,78742,80270,80270,81282,81282,81887,81919,89419,89419,90041,90074,90107,93187,1528,1012,605,7500,622,435,0,600,1998,3113,3080,1398,71.7197174,14.4472814,1,20,-6,190,-1,-1,49,14,20,1.0
25,2,42,93190,94718,94718,95724,95724,96332,96364,102864,102864,103494,103526,103559,106642,1528,1006,608,6500,630,637,0,600,1791,3116,3083,1191,85.17464892,13.45493151,1,5,2,160,1,1,51,7,5,2.0
25,2,43,106644,108165,108165,109174,109174,109780,109812,118812,118812,119415,119447,119480,122579,1521,1009,606,9000,603,681,0,600,1780,3132,3099,1180,101.1119533,15.9373044,0,14,6,190,1,-1,49,20,14,1.0
25,2,44,122582,124106,124106,125111,125111,125717,125749,133249,133249,133851,133884,133918,137016,1524,1005,606,7500,602,326,0,600,2137,3132,3098,1537,115.5488637,14.43691039,1,14,-9,150,-1,-1,49,5,14,1.0
25,2,45,137019,138543,138543,139550,139550,140155,140188,146688,146688,147320,147353,147387,150478,1524,1007,605,6500,632,516,0,600,1916,3125,3091,1316,129.0105711,13.4617074,1,40,-12,210,-1,-1,49,28,40,1.0
25,2,46,150481,152000,152000,153007,153007,153635,153667,162667,162667,163268,163301,163334,166438,1519,1007,628,9000,601,1658,0,600,787,3137,3104,187,144.9703663,15.95979518,1,28,-18,160,-1,-1,49,10,28,1.0
25,2,47,166440,167963,167963,168967,168967,169575,169607,175607,175607,176208,176241,176274,179390,1523,1004,608,6000,601,440,0,600,2024,3149,3116,1424,157.9227518,12.95238554,1,40,-26,170,-1,-1,49,14,40,1.0
25,2,48,179392,180917,180917,181927,181927,182552,182584,190584,190584,191187,191220,191254,194341,1525,1010,625,8000,603,376,0,600,2061,3121,3087,1461,172.8734221,14.95067025,1,20,-13,150,-1,-1,49,7,20,1.0
25,2,49,194344,195868,195868,196875,196875,197482,197515,204515,204515,205148,205180,205215,208304,1524,1007,607,7000,633,673,0,600,1756,3124,3089,1156,186.8368627,13.96344063,1,5,2,180,1,1,51,7,5,2.0
25,2,50,208307,209833,209833,210842,210842,211449,211481,219981,219981,220581,220613,220647,223752,1526,1009,607,8500,600,625,0,600,1833,3139,3105,1233,202.2851455,15.44828279,1,7,7,170,1,1,51,14,7,2.0
25,2,51,223755,225283,225283,226289,226289,226919,226951,233451,233451,234068,234100,234133,237212,1528,1006,630,6500,617,334,0,600,2085,3112,3079,1485,215.7445774,13.4594319,1,2,3,190,1,1,51,5,2,2.0
25,2,52,237215,238743,238743,239750,239750,240382,240414,248414,248414,249042,249075,249110,252173,1528,1007,632,8000,628,582,0,600,1823,3098,3063,1223,230.7055656,14.96098823,1,14,-9,180,-1,-1,49,5,14,1.0
25,2,53,252175,253698,253698,254702,254702,255306,255338,261338,261338,261954,261988,262021,265130,1523,1004,604,6000,616,305,0,600,2148,3142,3109,1548,243.6624187,12.95685308,1,79,-51,210,-1,-1,49,28,79,1.0
25,2,54,265133,266661,266661,267664,267664,268269,268301,275301,275301,275930,275962,275996,279074,1528,1003,605,7000,629,823,0,600,1612,3112,3078,1012,257.6067057,13.94428702,1,10,4,150,1,1,51,14,10,2.0
25,2,55,279077,280603,280603,281611,281611,282217,282249,291249,291249,291851,291883,291917,295025,1526,1008,606,9000,602,920,0,600,1538,3142,3108,938,273.557998,15.95129224,1,28,-18,160,-1,-1,49,10,28,1.0
25,2,56,295028,296552,296552,297559,297559,298165,298197,305697,305697,306298,306331,306364,309489,1524,1007,606,7500,601,676,0,600,1786,3158,3125,1186,288.0213818,14.46338382,1,9,1,180,1,1,51,10,9,2.0
25,2,57,309492,311018,311018,312024,312024,312629,312662,321162,321162,321788,321821,321854,324952,1526,1006,605,8500,626,359,0,600,2078,3131,3098,1478,303.4840303,15.46264852,1,7,13,210,1,1,51,20,7,2.0
25,2,58,324955,326477,326477,327482,327482,328086,328118,336618,336618,337234,337266,337300,340409,1522,1005,604,8500,616,370,0,600,2083,3143,3109,1483,318.9413594,15.45732907,1,57,-37,210,-1,-1,49,20,57,1.0
25,2,59,340412,341939,341939,342945,342945,343549,343581,350081,350081,350681,350715,350749,353856,1527,1006,604,6500,600,432,0,600,2031,3141,3107,1431,332.3881421,13.44678266,1,20,8,200,1,1,51,28,20,2.0
25,2,60,353859,355387,355387,356393,356393,356999,357033,365033,365033,365635,365669,365703,368815,1528,1006,606,8000,602,469,0,600,1989,3146,3112,1389,347.3472803,14.95913823,1,28,-8,160,-1,-1,49,20,28,1.0
25,2,61,368818,370345,370345,371350,371350,371953,371985,379485,379485,380086,380119,380154,383259,1527,1005,603,7500,601,718,0,600,1746,3140,3105,1146,361.7913363,14.44405604,1,20,-10,210,-1,-1,49,10,20,1.0
25,2,62,383261,384788,384788,385792,385792,386422,386456,392456,392456,393082,393114,393147,396206,1527,1004,630,6000,626,512,0,600,1901,3092,3059,1301,374.7383747,12.94703836,1,10,4,160,1,1,51,14,10,2.0
25,2,63,396209,397735,397735,398742,398742,399347,399380,408380,408380,408981,409013,409046,412167,1526,1007,605,9000,601,411,0,600,2050,3154,3121,1450,390.6998553,15.96148064,1,6,1,200,1,1,51,7,6,2.0
25,2,64,412170,413697,413697,414699,414699,415307,415340,422340,422340,422940,422972,423007,426113,1527,1002,608,7000,600,849,0,600,1614,3141,3106,1014,404.6453691,13.94551382,1,20,8,210,1,1,51,28,20,2.0
25,2,65,426116,427641,427641,428650,428650,429250,429283,438283,438283,438916,438949,438983,442075,1525,1009,600,9000,633,384,0,600,2049,3126,3092,1449,420.6071249,15.96175577,1,4,1,160,1,1,51,5,4,2.0
25,2,66,442078,443601,443601,444607,444607,445212,445244,453244,453244,453848,453880,453914,457013,1523,1006,605,8000,604,397,0,600,2065,3133,3099,1465,435.5449805,14.93785558,0,19,1,170,1,-1,49,20,19,1.0
25,2,67,457016,458543,458543,459548,459548,460159,460191,467191,467191,467809,467842,467876,470948,1527,1005,611,7000,618,391,0,600,2048,3106,3072,1448,449.4804011,13.93542066,1,79,-51,160,-1,-1,49,28,79,1.0
25,2,68,470951,472478,472478,473487,473487,474091,474124,480124,480124,480725,480757,480791,483894,1527,1009,604,6000,601,948,0,600,1511,3137,3103,911,462.4262462,12.94584501,1,7,-2,170,-1,-1,49,5,7,1.0
25,2,69,483896,485413,485413,486421,486421,487049,487081,494581,494581,495198,495231,495264,498345,1517,1008,628,7500,617,471,0,600,1959,3114,3081,1359,476.8772405,14.45099435,1,3,2,210,1,1,51,5,3,2.0
25,2,70,498348,499868,499868,500871,500871,501476,501508,508008,508008,508625,508657,508690,511781,1520,1003,605,6500,617,585,0,600,1870,3124,3091,1270,490.3127565,13.43551603,1,2,5,190,1,1,51,7,2,2.0
25,2,71,511784,513308,513308,514316,514316,514922,514955,523455,523455,524073,524105,524140,527220,1524,1008,606,8500,618,468,0,600,1976,3115,3080,1376,505.7523755,15.43961893,1,56,-28,160,-1,-1,49,28,56,1.0
25,2,72,527223,528753,528753,529758,529758,530363,530396,537896,537896,538498,538530,538565,541685,1530,1005,605,7500,602,384,0,600,2074,3155,3120,1474,520.2166799,14.46430445,1,20,-10,180,-1,-1,49,10,20,1.0
25,3,73,19182,20711,20711,21726,21726,22335,22367,29867,29867,30484,30516,30552,33654,1529,1015,609,7500,617,553,0,600,1877,3138,3102,1277,14.48445824,14.48445824,1,10,18,210,1,1,51,28,10,2.0
25,3,74,33659,35189,35189,36190,36190,36811,36843,43843,43843,44465,44498,44532,47601,1530,1001,621,7000,622,293,0,600,2133,3103,3069,1533,28.43025202,13.94579378,1,40,-26,210,-1,-1,49,14,40,1.0
25,3,75,47604,49124,49124,50131,50131,50758,50790,59790,59790,60421,60454,60489,63538,1520,1007,627,9000,631,598,0,600,1817,3084,3049,1217,44.36604907,15.93579704,1,6,1,180,1,1,51,7,6,2.0
25,3,76,63541,65062,65062,66069,66069,66679,66712,75212,75212,75831,75864,75899,78990,1521,1007,610,8500,619,318,0,600,2125,3126,3091,1525,59.81866288,15.45261382,1,56,-28,210,-1,-1,49,28,56,1.0
25,3,77,78993,80521,80521,81526,81526,82132,82164,90164,90164,90768,90801,90835,93953,1528,1005,606,8000,604,309,0,600,2148,3152,3118,1548,74.78189528,14.96323239,1,20,-10,150,-1,-1,49,10,20,1.0
25,3,78,93956,95483,95483,96491,96491,97096,97129,103129,103129,103729,103761,103795,106889,1527,1008,605,6000,600,290,0,600,2170,3128,3094,1570,87.71753773,12.93564245,1,20,-13,170,-1,-1,49,7,20,1.0
25,3,79,106892,108418,108418,109427,109427,110032,110064,116564,116564,117195,117228,117262,120326,1526,1009,605,6500,631,1101,0,600,1328,3098,3064,728,101.1548185,13.43728075,1,13,1,180,1,1,51,14,13,2.0
25,3,80,120329,121858,121858,122864,122864,123469,123503,131503,131503,132118,132152,132186,135269,1529,1006,605,8000,615,341,0,600,2104,3117,3083,1504,116.0975002,14.94268172,1,40,-20,170,-1,-1,49,20,40,1.0
25,3,81,135272,136795,136795,137801,137801,138406,138439,145939,145939,146568,146601,146635,149733,1523,1006,605,7500,629,389,0,600,2048,3132,3098,1448,130.5616214,14.46412123,1,14,-4,160,-1,-1,49,10,14,1.0
25,3,82,149736,151264,151264,152273,152273,152879,152912,159912,159912,160544,160578,160613,163679,1528,1009,606,7000,632,747,0,600,1678,3101,3066,1078,144.5076439,13.94602251,1,6,1,180,1,1,51,7,6,2.0
25,3,83,163682,165213,165213,166218,166218,166822,166855,175355,175355,175958,175991,176025,179140,1531,1005,604,8500,603,408,0,600,2049,3149,3115,1449,159.9682146,15.46057071,1,7,-2,180,-1,-1,49,5,7,1.0
25,3,84,179143,180669,180669,181676,181676,182282,182315,191315,191315,191948,191980,192014,195085,1526,1007,606,9000,633,457,0,600,1971,3105,3071,1371,175.9135826,15.94536797,1,4,6,210,1,1,51,10,4,2.0
25,3,85,195088,196617,196617,197627,197627,198230,198263,204763,204763,205382,205415,205449,208523,1529,1010,603,6500,619,333,0,600,2106,3108,3074,1506,189.3509984,13.43741575,1,2,3,160,1,1,51,5,2,2.0
25,3,86,208526,210052,210052,211056,211056,211665,211698,217698,217698,218318,218351,218384,221475,1526,1004,609,6000,620,544,0,600,1897,3124,3091,1297,202.3029726,12.9519742,1,10,18,160,1,1,51,28,10,2.0
25,3,87,221478,223002,223002,224008,224008,224613,224647,232147,232147,232748,232781,232815,235926,1524,1006,605,7500,601,1018,0,600,1446,3145,3111,846,216.7542936,14.45132102,1,20,-6,210,-1,-1,49,14,20,1.0
25,3,88,235929,237447,237447,238448,238448,239052,239084,246084,246084,246686,246719,246753,249892,1518,1001,604,7000,602,1012,0,600,1463,3173,3139,863,230.7203162,13.96602261,1,28,-8,190,-1,-1,49,20,28,1.0
25,3,89,249895,251421,251421,252432,252432,253035,253068,261569,261569,262195,262227,262261,265354,1526,1011,603,8501,626,517,0,600,1916,3127,3093,1316,246.182488,15.46217179,1,3,2,210,1,1,51,5,3,2.0
25,3,90,265357,266883,266883,267889,267889,268494,268526,274526,274526,275127,275161,275195,278300,1526,1006,605,6000,601,851,0,600,1611,3139,3105,1011,259.1278698,12.94538183,0,20,8,160,1,-1,49,28,20,1.0
25,3,91,278303,279829,279829,280832,280832,281438,281470,289470,289470,290091,290124,290157,293238,1526,1003,606,8000,621,337,0,600,2107,3114,3081,1507,274.0660301,14.93816024,1,2,3,160,1,1,51,5,2,2.0
25,3,92,293241,294764,294764,295769,295769,296376,296409,302909,302909,303509,303541,303575,306676,1523,1005,607,6500,600,1009,0,600,1456,3135,3101,856,287.503676,13.43764599,1,28,-8,150,-1,-1,49,20,28,1.0
25,3,93,306679,308203,308203,309209,309209,309819,309851,318851,318851,319455,319488,319522,322621,1524,1006,610,9000,604,360,0,600,2096,3133,3099,1496,303.4492336,15.94555752,1,10,18,200,1,1,51,28,10,2.0
25,3,94,322624,324152,324152,325160,325160,325765,325797,332297,332297,332898,332930,332964,336086,1528,1008,605,6500,601,833,0,600,1625,3156,3122,1025,316.9145066,13.465273,1,6,1,160,1,1,51,7,6,2.0
25,3,95,336089,337614,337614,338619,338619,339228,339260,345260,345260,345894,345926,345960,349022,1525,1005,609,6000,634,354,0,600,2073,3096,3062,1473,329.8500035,12.9354969,1,7,7,190,1,1,51,14,7,2.0
25,3,96,349025,350550,350550,351558,351558,352164,352198,361198,361198,361799,361831,361867,364987,1525,1008,606,9000,601,350,0,600,2110,3156,3120,1510,345.8150069,15.96500344,1,28,-18,200,-1,-1,49,10,28,1.0
25,3,97,364990,366511,366511,367521,367521,368145,368177,376677,376677,377299,377331,377364,380422,1521,1010,624,8500,622,451,0,600,1972,3091,3058,1372,361.2504831,15.43547625,1,4,1,180,1,1,51,5,4,2.0
25,3,98,380426,381951,381951,382961,382961,383568,383600,390600,390600,391201,391233,391268,394380,1525,1010,607,7000,601,535,0,600,1922,3147,3112,1322,375.2077554,13.95727226,1,9,1,190,1,1,51,10,9,2.0
25,3,99,394382,395909,395909,396915,396915,397519,397552,405052,405052,405653,405685,405720,408818,1527,1006,604,7500,601,872,0,600,1590,3133,3098,990,389.6459263,14.43817094,0,13,1,190,1,-1,49,14,13,1.0
25,3,100,408821,410345,410345,411350,411350,411957,411989,419989,419989,420621,420653,420687,423760,1524,1005,607,8000,632,560,0,600,1872,3107,3073,1272,404.588094,14.94216762,1,28,-8,160,-1,-1,49,20,28,1.0
25,3,101,423763,425290,425290,426297,426297,426905,426937,434437,434437,435053,435085,435119,438198,1527,1007,608,7500,616,339,0,600,2103,3113,3079,1503,419.0258415,14.43774754,1,20,-6,160,-1,-1,49,14,20,1.0
25,3,102,438201,439723,439723,440727,440727,441331,441364,449864,449864,450465,450498,450533,453649,1522,1004,604,8500,601,342,0,600,2127,3151,3116,1527,434.4764369,15.45059537,1,10,-3,180,-1,-1,49,7,10,1.0
25,3,103,453651,455176,455176,456183,456183,456789,456822,462822,462822,463424,463456,463490,466592,1525,1007,606,6000,602,682,0,600,1778,3136,3102,1178,447.4195348,12.94309789,0,14,6,200,1,-1,49,20,14,1.0
25,3,104,466595,468121,468121,469129,469129,469737,469769,476769,476769,477400,477432,477465,480542,1526,1008,608,7000,631,560,0,600,1867,3110,3077,1267,461.3702318,13.95069707,1,7,13,180,1,1,51,20,7,2.0
25,3,105,480545,482073,482073,483079,483079,483684,483717,490217,490217,490818,490850,490883,493978,1528,1006,605,6500,601,1459,0,600,1001,3128,3095,401,474.8055441,13.43531232,1,14,-4,150,-1,-1,49,10,14,1.0
25,3,106,493981,495507,495507,496513,496513,497138,497170,506170,506170,506771,506803,506836,509917,1526,1006,625,9000,601,405,0,600,2037,3114,3081,1437,490.7448137,15.93926952,1,10,-3,200,-1,-1,49,7,10,1.0
25,3,107,509920,511444,511444,512453,512453,513054,513089,521089,521089,521703,521736,521772,524875,1524,1009,601,8000,614,462,0,600,1990,3139,3103,1390,505.7024237,14.95761008,1,3,2,200,1,1,51,5,3,2.0
25,3,108,524878,526406,526406,527414,527414,528019,528051,537051,537051,537652,537684,537718,540821,1528,1008,605,9000,601,653,0,600,1805,3137,3103,1205,521.648612,15.94618825,1,27,1,160,1,1,51,28,27,2.0
25,4,109,49770,51295,51295,52311,52311,52921,52953,60953,60953,61553,61586,61621,64712,1525,1016,610,8000,600,472,0,600,1977,3126,3091,1377,14.95288308,14.95288308,1,7,-2,190,-1,-1,49,5,7,1.0
25,4,110,64715,66239,66239,67247,67247,67854,67887,76387,76387,77020,77052,77086,80159,1524,1008,607,8500,633,689,0,600,1739,3107,3073,1139,30.39977724,15.44689417,1,20,8,190,1,1,51,28,20,2.0
25,4,111,80162,81682,81682,82685,82685,83289,83323,89323,89323,89944,89976,90009,93123,1520,1003,604,6000,621,342,0,600,2110,3147,3114,1510,43.36297257,12.96319533,1,4,6,170,1,1,51,10,4,2.0
25,4,112,93126,94651,94651,95656,95656,96260,96293,103793,103793,104421,104453,104486,107564,1525,1005,604,7500,628,274,0,600,2164,3111,3078,1564,57.80463889,14.44166632,1,4,6,170,1,1,51,10,4,2.0
25,4,113,107567,109087,109087,110095,110095,110703,110735,117735,117735,118348,118382,118416,121530,1520,1008,608,7000,613,241,0,600,2210,3148,3114,1610,71.77002715,13.96538826,1,40,-26,180,-1,-1,49,14,40,1.0
25,4,114,121533,123057,123057,124065,124065,124670,124703,133703,133703,134322,134354,134388,137490,1524,1008,605,9000,619,329,0,600,2115,3136,3102,1515,87.7303078,15.96028065,1,57,-37,200,-1,-1,49,20,57,1.0
25,4,115,137613,139135,139135,140139,140139,140761,140794,147294,147294,147927,147960,147995,151070,1522,1004,622,6500,633,662,0,600,1757,3110,3075,1157,101.3104672,13.58015937,1,10,-5,160,-1,-1,49,5,10,1.0
25,4,116,151072,152596,152596,153598,153598,154219,154251,162251,162251,162879,162913,162946,166027,1524,1002,621,8000,628,568,0,600,1857,3114,3081,1257,116.2668947,14.95642757,1,4,1,150,1,1,51,5,4,2.0
25,4,117,166030,167552,167552,168557,168557,169163,169196,176696,176696,177314,177348,177381,180487,1522,1005,606,7500,618,301,0,600,2148,3139,3106,1548,130.7274522,14.46055745,1,57,-37,180,-1,-1,49,20,57,1.0
25,4,118,180490,182015,182015,183022,183022,183627,183659,192659,192659,193275,193307,193340,196450,1525,1007,605,9000,616,275,0,600,2172,3143,3110,1572,146.6897019,15.96224969,1,40,-26,200,-1,-1,49,14,40,1.0
25,4,119,196453,197975,197975,198979,198979,199586,199618,206618,206618,207220,207254,207289,210395,1522,1004,607,7000,602,625,0,600,1840,3141,3106,1240,160.6351591,13.94545717,1,10,18,150,1,1,51,28,10,2.0
25,4,120,210398,211924,211924,212929,212929,213535,213567,219567,219567,220167,220199,220233,223331,1526,1005,606,6000,600,1071,0,600,1392,3132,3098,792,173.5709169,12.93575787,1,13,1,190,1,1,51,14,13,2.0
25,4,121,223334,224856,224856,225862,225862,226466,226498,234998,234998,235600,235632,235666,238792,1522,1006,604,8500,602,292,0,600,2174,3160,3126,1574,189.0318773,15.46096035,1,14,-7,160,-1,-1,49,7,14,1.0
25,4,122,238794,240319,240319,241328,241328,241933,241965,248465,248465,249096,249128,249163,252243,1525,1009,605,6500,631,759,0,600,1671,3115,3080,1071,202.4836075,13.45173026,1,14,14,190,1,1,51,28,14,2.0
25,4,123,252246,253775,253775,254782,254782,255385,255417,263417,263417,264049,264083,264118,267211,1529,1007,603,8000,632,809,0,600,1620,3128,3093,1020,217.4508048,14.96719728,1,10,-3,150,-1,-1,49,7,10,1.0
25,4,124,267214,268742,268742,269749,269749,270358,270390,276390,276390,276994,277027,277061,280159,1528,1007,609,6000,604,457,0,600,1995,3132,3098,1395,230.3992336,12.9484288,0,27,1,210,1,-1,49,28,27,1.0
25,4,125,280162,281692,281692,282698,282698,283304,283336,289836,289836,290452,290484,290519,293616,1530,1006,606,6500,616,356,0,600,2086,3132,3097,1486,243.8558126,13.456579,1,40,-20,170,-1,-1,49,20,40,1.0
25,4,126,293619,295142,295142,296147,296147,296754,296787,305787,305787,306388,306422,306456,309554,1523,1005,607,9000,601,1166,0,600,1298,3132,3098,698,259.79372,15.93790741,1,7,3,200,1,1,51,10,7,2.0
25,4,127,309557,311079,311079,312087,312087,312693,312725,320225,320225,320840,320872,320905,323998,1522,1008,606,7500,615,613,0,600,1836,3126,3093,1236,274.2381298,14.44440982,1,10,-3,160,-1,-1,49,7,10,1.0
25,4,128,324001,325523,325523,326528,326528,327156,327188,335688,335688,336320,336353,336387,339439,1522,1005,628,8500,632,1060,0,600,1353,3086,3052,753,289.6784533,15.44032349,1,28,-8,170,-1,-1,49,20,28,1.0
25,4,129,339442,340964,340964,341968,341968,342574,342607,349607,349607,350239,350273,350306,353375,1522,1004,606,7000,632,358,0,600,2078,3102,3069,1478,303.6151855,13.93673214,1,7,3,190,1,1,51,10,7,2.0
25,4,130,353378,354901,354901,355906,355906,356513,356545,362545,362545,363177,363209,363244,366331,1523,1005,607,6000,632,643,0,600,1790,3122,3087,1190,316.5700541,12.95486868,1,28,-14,210,-1,-1,49,14,28,1.0
25,4,131,366333,367862,367862,368866,368866,369484,369516,377516,377516,378116,378148,378183,381265,1529,1004,618,8000,600,375,0,600,2074,3117,3082,1474,331.5045554,14.93450123,1,14,-7,170,-1,-1,49,7,14,1.0
25,4,132,381268,382792,382792,383797,383797,384400,384433,393433,393433,394046,394078,394110,397197,1524,1005,603,9000,613,668,0,600,1787,3119,3087,1187,347.436437,15.93188158,1,27,1,190,1,1,51,28,27,2.0
25,4,133,397200,398727,398727,399734,399734,400336,400369,407869,407869,408499,408531,408565,411642,1527,1007,602,7500,630,372,0,600,2062,3111,3077,1462,361.8816086,14.44517164,1,4,1,190,1,1,51,5,4,2.0
25,4,134,411644,413172,413172,414179,414179,414803,414835,423335,423335,423936,423969,424005,427082,1528,1007,624,8500,601,365,0,600,2075,3113,3077,1475,377.3211968,15.4395882,1,14,-7,150,-1,-1,49,7,14,1.0
25,4,135,427084,428607,428607,429612,429612,430230,430262,436762,436762,437380,437413,437446,440540,1523,1005,618,6500,618,548,0,600,1888,3127,3094,1288,390.7794335,13.45823674,1,2,5,200,1,1,51,7,2,2.0
25,4,136,440543,442071,442071,443075,443075,443707,443739,450739,450739,451339,451372,451405,454489,1528,1004,632,7000,600,1160,0,600,1276,3117,3084,676,404.7285548,13.9491213,1,19,1,180,1,1,51,20,19,2.0
25,4,137,454492,456016,456016,457023,457023,457625,457658,466658,466658,467272,467306,467339,470447,1524,1007,602,9000,614,337,0,600,2116,3141,3108,1516,420.687034,15.95847917,1,2,3,170,1,1,51,5,2,2.0
25,4,138,470450,471972,471972,472979,472979,473583,473617,480117,480117,480717,480750,480783,483900,1522,1007,604,6500,600,443,0,600,2024,3150,3117,1424,434.1392003,13.45216631,1,28,-18,170,-1,-1,49,10,28,1.0
25,4,139,483902,485423,485423,486427,486427,487029,487061,495061,495061,495662,495695,495728,498834,1521,1004,602,8000,601,853,0,600,1619,3139,3106,1019,449.0739872,14.93478691,1,28,-8,210,-1,-1,49,20,28,1.0
25,4,140,498837,500364,500364,501372,501372,501976,502008,509008,509008,509636,509668,509702,512789,1527,1008,604,7000,628,991,0,600,1442,3121,3087,842,463.029223,13.95523573,1,4,1,200,1,1,51,5,4,2.0
25,4,141,512793,514317,514317,515325,515325,515929,515962,524462,524462,525066,525099,525132,528233,1524,1008,604,8500,604,428,0,600,2032,3134,3101,1432,478.4723665,15.44314354,0,13,1,200,1,-1,49,14,13,1.0
25,4,142,528235,529759,529759,530765,530765,531372,531405,537405,537405,538006,538038,538072,541189,1524,1006,607,6000,601,444,0,600,2018,3151,3117,1418,491.4286654,12.9562989,1,10,18,200,1,1,51,28,10,2.0
25,4,143,541192,542717,542717,543725,543725,544331,544363,551863,551863,552464,552497,552530,555646,1525,1008,606,7500,601,896,0,600,1564,3149,3116,964,505.8852236,14.45655821,1,28,-14,160,-1,-1,49,14,28,1.0
25,4,144,555648,557175,557175,558177,558177,558799,558832,566832,566832,567432,567464,567497,570598,1527,1002,622,8000,600,359,0,600,2090,3134,3101,1490,520.8376185,14.95239489,1,20,-10,150,-1,-1,49,10,20,1.0
25,5,145,15786,17286,17286,18306,18306,18916,18948,26948,26948,27550,27584,27621,30749,1500,1020,610,8000,602,474,0,600,1994,3165,3128,1394,14.97526717,14.97526717,1,10,18,190,1,1,51,28,10,2.0
25,5,146,30754,32277,32277,33283,33283,33890,33922,39922,39922,40522,40555,40588,43705,1523,1006,607,6000,600,1119,0,600,1345,3150,3117,745,27.9287195,12.95345233,1,20,-6,170,-1,-1,49,14,20,1.0
25,5,147,43707,45232,45232,46236,46236,46839,46871,53371,53371,53987,54019,54053,57168,1525,1004,603,6500,616,242,0,600,2210,3149,3115,1610,41.39280306,13.46408356,1,79,-51,180,-1,-1,49,28,79,1.0
25,5,148,57171,58695,58695,59699,59699,60306,60339,69339,69339,69966,69999,70032,73107,1524,1004,607,9000,627,332,0,600,2106,3108,3075,1506,57.3302488,15.93744574,1,5,2,190,1,1,51,7,5,2.0
25,5,149,73110,74635,74635,75643,75643,76272,76304,83304,83304,83907,83939,83972,87052,1525,1008,629,7000,603,887,0,600,1548,3113,3080,948,71.2762701,13.9460213,1,7,-2,190,-1,-1,49,5,7,1.0
25,5,150,87055,88581,88581,89594,89594,90201,90234,97734,97734,98335,98368,98403,101498,1526,1013,607,7500,601,483,0,600,1970,3130,3095,1370,85.72234368,14.44607358,1,7,7,180,1,1,51,14,7,2.0
25,5,151,101501,103029,103029,104039,104039,104647,104679,113179,113179,113793,113825,113859,116938,1528,1010,608,8500,614,333,0,600,2107,3113,3079,1507,101.1620934,15.43974972,1,57,-37,180,-1,-1,49,20,57,1.0
25,5,152,116941,118465,118465,119472,119472,120076,120109,126609,126609,127227,127259,127293,130378,1524,1007,604,6500,618,1093,0,600,1354,3119,3085,754,114.6033493,13.44125588,1,4,6,210,1,1,51,10,4,2.0
25,5,153,130382,131909,131909,132920,132920,133525,133558,139558,139558,140158,140190,140223,143323,1527,1011,605,6000,600,1104,0,600,1353,3133,3100,753,127.546932,12.94358276,1,28,-8,160,-1,-1,49,20,28,1.0
25,5,154,143326,144853,144853,145861,145861,146467,146500,154000,154000,154632,154665,154699,157773,1527,1008,606,7500,632,1149,0,600,1278,3108,3074,678,141.9965866,14.44965455,0,15,-1,210,-1,1,51,14,15,2.0
25,5,155,157775,159299,159299,160305,160305,160909,160941,168941,168941,169574,169607,169642,172731,1524,1006,604,8000,633,450,0,600,1983,3124,3089,1383,156.9554762,14.95888962,1,21,-1,190,-1,-1,49,20,21,1.0
25,5,156,172733,174259,174259,175267,175267,175896,175929,184429,184429,185040,185072,185105,188164,1526,1008,629,8500,611,281,0,600,2145,3092,3059,1545,172.3878799,15.43240367,1,40,-26,190,-1,-1,49,14,40,1.0
25,5,157,188167,189696,189696,190705,190705,191309,191341,200341,200341,200956,200989,201024,204106,1529,1009,604,9000,615,341,0,600,2102,3117,3082,1502,188.3302223,15.9423424,1,40,-20,150,-1,-1,49,20,40,1.0
25,5,158,204109,205634,205634,206639,206639,207244,207276,214276,214276,214881,214915,214948,218064,1525,1005,605,7000,605,336,0,600,2124,3149,3116,1524,202.2876097,13.95738738,1,28,-14,160,-1,-1,49,14,28,1.0
25,5,159,218067,219591,219591,220597,220597,221202,221236,229236,229236,229852,229885,229919,233007,1524,1006,605,8000,616,603,0,600,1846,3122,3088,1246,217.2306244,14.94301472,1,4,3,190,1,1,51,7,4,2.0
25,5,160,233010,234538,234538,235549,235549,236158,236190,244690,244690,245307,245339,245372,248447,1528,1011,609,8500,617,263,0,600,2172,3108,3075,1572,232.6708647,15.44024032,1,40,-12,180,-1,-1,49,28,40,1.0
25,5,161,248450,249978,249978,250983,250983,251588,251622,259122,259122,259726,259759,259791,262895,1528,1005,605,7500,604,332,0,600,2126,3136,3104,1526,247.1186132,14.4477485,1,20,8,190,1,1,51,28,20,2.0
25,5,162,262898,264423,264423,265426,265426,266058,266090,273090,273090,273704,273736,273769,276852,1525,1003,632,7000,614,307,0,600,2119,3116,3083,1519,261.0756902,13.95707699,1,3,2,160,1,1,51,5,3,2.0
25,5,163,276855,278383,278383,279393,279393,280001,280033,289033,289033,289651,289683,289717,292797,1528,1010,608,9000,618,120,0,600,2316,3114,3080,1716,277.0204196,15.94472941,1,56,-28,200,-1,-1,49,28,56,1.0
25,5,164,292800,294324,294324,295333,295333,295939,295971,302471,302471,303072,303105,303139,306247,1524,1009,606,6500,601,361,0,600,2099,3142,3108,1499,290.4707254,13.45030577,1,20,-13,150,-1,-1,49,7,20,1.0
25,5,165,306250,307777,307777,308782,308782,309386,309419,315419,315419,316034,316066,316099,319183,1527,1005,604,6000,615,274,0,600,2175,3117,3084,1575,303.4067764,12.93605108,1,57,-37,190,-1,-1,49,20,57,1.0
25,5,166,319186,320714,320714,321722,321722,322330,322362,331362,331362,331982,332014,332048,335118,1528,1008,608,9000,620,329,0,600,2107,3104,3070,1507,319.3416046,15.9348282,1,5,5,210,1,1,51,10,5,2.0
25,5,167,335121,336641,336641,337645,337645,338249,338282,344782,344782,345412,345445,345479,348584,1520,1004,604,6500,630,751,0,600,1691,3139,3105,1091,332.8079971,13.46639252,1,4,3,160,1,1,51,7,4,2.0
25,5,168,348587,350111,350111,351117,351117,351745,351777,358777,358777,359401,359433,359467,362521,1524,1006,628,7000,624,278,0,600,2140,3088,3054,1540,346.7445075,13.93651034,1,7,13,160,1,1,51,20,7,2.0
25,5,169,362524,364049,364049,365054,365054,365675,365708,373208,373208,373808,373840,373874,376981,1525,1005,621,7500,600,592,0,600,1857,3141,3107,1257,361.2047199,14.4602124,1,20,-6,160,-1,-1,49,14,20,1.0
25,5,170,376984,378507,378507,379513,379513,380134,380167,388167,388167,388769,388801,388834,391922,1523,1006,621,8000,602,871,0,600,1577,3121,3088,977,376.1457192,14.94099928,1,7,-2,170,-1,-1,49,5,7,1.0
25,5,171,391924,393448,393448,394454,394454,395086,395118,403618,403618,404234,404266,404300,407356,1524,1006,632,8500,616,1935,0,600,487,3090,3056,-113,391.5794388,15.43371968,1,7,-2,200,-1,-1,49,5,7,1.0
25,5,172,407359,408885,408885,409891,409891,410498,410531,416531,416531,417134,417167,417200,420313,1526,1006,607,6000,603,627,0,600,1831,3146,3113,1231,404.5368199,12.95738105,1,10,18,170,1,1,51,28,10,2.0
25,5,173,420316,421844,421844,422850,422850,423453,423486,430986,430986,431619,431651,431685,434776,1528,1006,603,7500,633,126,0,600,2304,3125,3091,1704,418.999058,14.46223808,1,28,-18,150,-1,-1,49,10,28,1.0
25,5,174,434778,436306,436306,437311,437311,437912,437945,445945,445945,446550,446584,446618,449726,1528,1005,601,8000,605,268,0,600,2193,3142,3108,1593,433.9489251,14.94986715,1,14,-9,210,-1,-1,49,5,14,1.0
25,5,175,449728,451250,451250,452254,452254,452873,452905,459905,459905,460505,460537,460571,463675,1522,1004,619,7000,600,166,0,600,2289,3138,3104,1689,447.8988604,13.94993525,1,14,-9,210,-1,-1,49,5,14,1.0
25,5,176,463678,465207,465207,466216,466216,466823,466856,475856,475856,476458,476492,476526,479616,1529,1009,607,9000,602,349,0,600,2104,3124,3090,1504,463.8386558,15.93979538,1,5,5,160,1,1,51,10,5,2.0
25,5,177,479618,481140,481140,482147,482147,482768,482800,491300,491300,491926,491959,491992,495059,1522,1007,621,8500,626,292,0,600,2132,3100,3067,1532,479.2824707,15.44381495,1,4,6,210,1,1,51,10,4,2.0
25,5,178,495062,496591,496591,497600,497600,498205,498239,504739,504739,505370,505403,505437,508509,1529,1009,605,6500,631,357,0,600,2069,3106,3072,1469,492.7319478,13.44947705,1,4,3,180,1,1,51,7,4,2.0
25,5,179,508511,510037,510037,511042,511042,511648,511680,517681,517681,518284,518316,518350,521441,1526,1005,606,6001,603,256,0,600,2203,3125,3091,1603,505.6647319,12.93278413,1,28,-18,160,-1,-1,49,10,28,1.0
25,5,180,521443,522967,522967,523977,523977,524583,524616,530616,530616,531233,531265,531299,534404,1524,1010,606,6000,617,327,0,600,2116,3139,3105,1516,518.627596,12.96286414,1,2,5,150,1,1,51,7,2,2.0
25,6,181,23180,24707,24707,25722,25722,26323,26355,35355,35355,35969,36002,36038,39154,1527,1015,601,9000,614,393,0,600,2050,3152,3116,1450,15.98553603,15.98553603,1,4,3,210,1,1,51,7,4,2.0
25,6,182,39159,40684,40684,41689,41689,42290,42323,48323,48323,48940,48973,49006,52123,1525,1005,601,6000,617,280,0,600,2172,3150,3117,1572,28.95305244,12.96751641,1,2,3,150,1,1,51,5,2,2.0
25,6,183,52125,53651,53651,54657,54657,55275,55307,63807,63807,64440,64471,64506,67579,1526,1006,618,8500,633,693,0,600,1724,3108,3073,1124,44.40850107,15.45544863,1,5,2,210,1,1,51,7,5,2.0
25,6,184,67581,69105,69105,70108,70108,70727,70760,78760,78760,79391,79423,79457,82537,1524,1003,619,8000,631,405,0,600,2018,3114,3080,1418,59.36678346,14.95828239,1,4,6,180,1,1,51,10,4,2.0
25,6,185,82540,84064,84064,85073,85073,85682,85715,93215,93215,93820,93852,93886,96995,1524,1009,609,7500,605,623,0,600,1830,3143,3109,1230,73.8245736,14.45779013,1,40,-12,150,-1,-1,49,28,40,1.0
25,6,186,96998,98521,98521,99524,99524,100130,100162,107162,107162,107763,107795,107828,110945,1523,1003,606,7000,601,696,0,600,1771,3150,3117,1171,87.77452603,13.94995243,0,28,-8,210,-1,1,51,20,28,2.0
25,6,187,110948,112475,112475,113478,113478,114080,114113,120613,120613,121215,121247,121280,124409,1527,1003,602,6500,602,134,0,600,2332,3162,3129,1732,101.2387509,13.4642249,1,57,-37,190,-1,-1,49,20,57,1.0
25,6,188,124412,125940,125940,126946,126946,127554,127587,133587,133587,134219,134252,134285,137373,1528,1006,608,6000,632,185,0,600,2241,3121,3088,1641,114.2029389,12.96418798,1,10,18,170,1,1,51,28,10,2.0
25,6,189,137375,138900,138900,139903,139903,140522,140554,148554,148554,149184,149216,149250,152310,1525,1003,619,8000,630,222,0,600,2201,3094,3060,1601,129.1388884,14.93594953,1,7,3,190,1,1,51,10,7,2.0
25,6,190,152312,153839,153839,154843,154843,155448,155480,164480,164480,165081,165115,165148,168247,1527,1004,605,9000,601,554,0,600,1909,3132,3099,1309,145.0763724,15.93748401,1,27,1,170,1,1,51,28,27,2.0
25,6,191,168249,169772,169772,170781,170781,171404,171437,177937,177937,178538,178570,178603,181694,1523,1009,623,6500,601,481,0,600,1963,3124,3091,1363,158.5235384,13.44716598,1,10,-3,160,-1,-1,49,7,10,1.0
25,6,192,181696,183221,183221,184225,184225,184849,184881,192381,192381,192981,193014,193047,196128,1525,1004,624,7500,600,373,0,600,2074,3114,3081,1474,172.9575854,14.43404694,1,28,-8,190,-1,-1,49,20,28,1.0
25,6,193,196130,197654,197654,198661,198661,199280,199312,206312,206312,206912,206945,206979,210081,1524,1007,619,7000,600,328,0,600,2122,3136,3102,1522,186.9105724,13.95298704,1,10,-5,190,-1,-1,49,5,10,1.0
25,6,194,210083,211605,211605,212610,212610,213227,213259,221759,221759,222391,222424,222457,225540,1522,1005,617,8500,632,733,0,600,1691,3116,3083,1091,202.369323,15.45875054,1,13,1,180,1,1,51,14,13,2.0
25,6,195,225542,227067,227067,228098,228098,228717,228750,237750,237750,238350,238383,238417,241494,1525,1031,619,9000,600,118,0,600,2307,3111,3077,1707,218.3233882,15.95406528,1,40,-26,150,-1,-1,49,14,40,1.0
25,6,196,241497,243022,243022,244031,244031,244657,244690,251690,251690,252290,252323,252356,255434,1525,1009,626,7000,600,759,0,600,1681,3111,3078,1081,232.2639554,13.94056714,1,10,10,150,1,1,51,20,10,2.0
25,6,197,255437,256964,256964,257971,257971,258599,258630,264630,264630,265231,265263,265296,268392,1527,1007,628,6000,601,451,0,600,1986,3129,3096,1386,245.2219858,12.95803046,1,28,-14,190,-1,-1,49,14,28,1.0
25,6,198,268395,269921,269921,270928,270928,271549,271581,279081,279081,279714,279747,279780,282852,1526,1007,621,7500,633,268,0,600,2145,3105,3072,1545,259.6815133,14.45952743,1,5,5,200,1,1,51,10,5,2.0
25,6,199,282855,284381,284381,285387,285387,286017,286049,294049,294049,294679,294712,294745,297814,1526,1006,630,8000,630,684,0,600,1724,3102,3069,1124,274.6440275,14.96251427,1,10,-5,210,-1,-1,49,5,10,1.0
25,6,200,297817,299339,299339,300345,300345,300948,300981,309481,309481,310102,310134,310168,313252,1522,1006,603,8500,621,242,0,600,2206,3118,3084,1606,290.082055,15.4380275,1,3,2,150,1,1,51,5,3,2.0
25,6,201,313255,314781,314781,315785,315785,316391,316424,322924,322924,323524,323557,323590,326698,1526,1004,606,6500,600,552,0,600,1912,3141,3108,1312,303.5271203,13.44506526,1,13,1,150,1,1,51,14,13,2.0
25,6,202,326701,328229,328229,329236,329236,329840,329872,338872,338872,339475,339509,339544,342647,1528,1007,604,9000,603,464,0,600,1994,3138,3103,1394,319.476721,15.94960075,1,14,6,150,1,1,51,20,14,2.0
25,6,203,342650,344175,344175,345182,345182,345785,345817,352817,352817,353442,353474,353507,356602,1525,1007,603,7000,625,417,0,600,2023,3128,3095,1423,333.4317118,13.95499073,1,14,-4,180,-1,-1,49,10,14,1.0
25,6,204,356605,358130,358130,359132,359132,359735,359767,367267,367267,367871,367903,367937,371051,1525,1002,603,7500,604,827,0,600,1639,3148,3114,1039,347.8805858,14.44887404,0,27,1,200,1,-1,49,28,27,1.0
25,6,205,371054,372582,372582,373589,373589,374195,374227,382727,382727,383358,383390,383423,386500,1528,1007,606,8500,631,434,0,600,1994,3110,3077,1394,363.3289198,15.44833402,1,10,4,190,1,1,51,14,10,2.0
25,6,206,386502,388022,388022,389028,389028,389652,389685,397685,397685,398287,398320,398353,401440,1520,1006,624,8000,602,376,0,600,2072,3120,3087,1472,378.2693441,14.9404243,1,7,3,210,1,1,51,10,7,2.0
25,6,207,401443,402972,402972,403980,403980,404587,404620,410620,410620,411223,411255,411289,414401,1529,1008,607,6000,603,692,0,600,1761,3146,3112,1161,391.2306126,12.96126849,1,14,14,190,1,1,51,28,14,2.0
25,6,208,414404,415904,415904,416914,416914,417543,417576,424076,424076,424697,424730,424763,427847,1500,1010,629,6500,621,275,0,600,2165,3117,3084,1565,404.6760895,13.44547691,1,2,3,160,1,1,51,5,2,2.0
25,6,209,427850,429381,429381,430386,430386,430990,431023,439523,439523,440137,440170,440203,443303,1531,1005,604,8500,614,296,0,600,2150,3133,3100,1550,420.1320737,15.45598413,1,57,-37,210,-1,-1,49,20,57,1.0
25,6,210,443305,444826,444826,445830,445830,446448,446480,454480,454480,455096,455129,455162,458241,1521,1004,618,8000,616,173,0,600,2268,3112,3079,1668,435.0703117,14.93823799,1,2,3,170,1,1,51,5,2,2.0
25,6,211,458244,459770,459770,460777,460777,461407,461440,470440,470440,471062,471095,471128,474197,1526,1007,630,9000,622,362,0,600,2053,3102,3069,1453,451.0259138,15.95560217,1,4,3,210,1,1,51,7,4,2.0
25,6,212,474199,475721,475721,476725,476725,477345,477377,484377,484377,485000,485032,485066,488130,1522,1004,620,7000,623,384,0,600,2047,3098,3064,1447,464.9595761,13.93366227,1,5,2,170,1,1,51,7,5,2.0
25,6,213,488133,489658,489658,490661,490661,491282,491314,497314,497314,497940,497973,498006,501078,1525,1003,621,6000,626,297,0,600,2128,3105,3072,1528,477.9069426,12.94736653,1,4,3,190,1,1,51,7,4,2.0
25,6,214,501081,502608,502608,503614,503614,504218,504250,510750,510750,511382,511416,511450,514534,1527,1006,604,6500,632,665,0,600,1766,3118,3084,1166,491.3632369,13.45629423,1,10,18,150,1,1,51,28,10,2.0
25,6,215,514537,516057,516057,517062,517062,517669,517702,525202,525202,525834,525867,525901,528985,1520,1005,607,7500,632,344,0,600,2092,3118,3084,1492,505.814356,14.45111911,1,5,9,150,1,1,51,14,5,2.0
25,6,216,528988,530512,530512,531517,531517,532123,532157,541157,541157,541788,541821,541854,544924,1524,1005,606,9000,631,295,0,600,2139,3103,3070,1539,521.7531629,15.93880694,1,5,5,160,1,1,51,10,5,2.0
26,1,1,75284,76809,76809,77833,77833,78439,78472,86472,86472,87076,87109,87146,90247,1525,1024,606,8000,604,803,0,600,1638,3138,3101,1038,15.00103243,15.00103243,1,10,-3,200,-1,-1,49,7,10,1.0
26,1,2,90300,91824,91824,92844,92844,93450,93483,102483,102483,103083,103116,103150,106257,1524,1020,606,9000,600,174,0,600,2276,3141,3107,1676,30.95811454,15.95708211,1,28,-18,170,-1,-1,49,10,28,1.0
26,1,3,106260,107780,107780,108785,108785,109387,109420,115920,115920,116521,116554,116588,119715,1520,1005,602,6500,601,747,0,600,1725,3161,3127,1125,44.41650738,13.45839284,1,14,-9,150,-1,-1,49,5,14,1.0
26,1,4,119717,121239,121239,122245,122245,122852,122885,128886,128886,129487,129519,129551,132657,1522,1006,607,6001,601,823,0,600,1640,3138,3106,1040,57.3586991,12.94219172,1,14,-7,180,-1,-1,49,7,14,1.0
26,1,5,132660,134185,134185,135189,135189,135794,135827,142827,142827,143459,143491,143527,146607,1525,1004,605,7000,632,635,0,600,1799,3116,3080,1199,71.30873591,13.95003681,1,79,-51,200,-1,-1,49,28,79,1.0
26,1,6,146609,148129,148129,149129,149129,149734,149766,158266,158266,158882,158915,158950,162053,1520,1000,605,8500,616,658,0,600,1801,3138,3103,1201,86.75441834,15.44568243,1,56,-28,200,-1,-1,49,28,56,1.0
26,1,7,162056,163578,163578,164585,164585,165193,165225,172725,172725,173358,173391,173424,176516,1522,1007,608,7500,633,419,0,600,2011,3125,3092,1411,101.2173565,14.46293812,0,4,3,160,1,-1,49,7,4,1.0
26,1,8,176519,178044,178044,179052,179052,179656,179689,187689,187689,188289,188322,188356,191453,1525,1008,604,8000,600,1400,0,600,1063,3131,3097,463,116.1552033,14.93784684,0,9,1,190,1,-1,49,10,9,1.0
26,1,9,191456,192984,192984,193989,193989,194594,194626,202126,202126,202727,202760,202793,205893,1528,1005,605,7500,601,621,0,600,1840,3133,3100,1240,130.594671,14.43946766,1,10,10,190,1,1,51,20,10,2.0
26,1,10,205896,207412,207412,208419,208419,209023,209056,215556,215556,216158,216190,216224,219339,1516,1007,604,6500,602,475,0,600,1996,3149,3115,1396,144.0401825,13.44551156,1,20,-6,180,-1,-1,49,14,20,1.0
26,1,11,219342,220869,220869,221875,221875,222478,222512,231012,231012,231646,231678,231712,234783,1527,1006,603,8500,634,821,0,600,1609,3105,3071,1009,159.4843817,15.44419918,1,10,-3,180,-1,-1,49,7,10,1.0
26,1,12,234786,236313,236313,237317,237317,237923,237956,243956,243956,244558,244590,244623,247718,1527,1004,606,6000,602,812,0,600,1649,3128,3095,1049,172.419495,12.93511328,1,6,1,200,1,1,51,7,6,2.0
26,1,13,247721,249243,249243,250249,250249,250854,250886,257886,257886,258507,258539,258572,261672,1522,1006,605,7000,621,493,0,600,1953,3133,3100,1353,186.3737456,13.95425061,1,2,3,180,1,1,51,5,2,2.0
26,1,14,261675,263198,263198,264205,264205,264837,264869,273869,273869,274502,274535,274569,277637,1523,1007,632,9000,633,560,0,600,1845,3102,3068,1245,202.3386613,15.96491574,1,14,-9,190,-1,-1,49,5,14,1.0
26,1,15,277639,279160,279160,280168,280168,280770,280803,289303,289303,289930,289962,289996,293102,1521,1008,602,8500,627,562,0,600,1880,3140,3106,1280,217.804182,15.46552071,1,5,9,200,1,1,51,14,5,2.0
26,1,16,293105,294631,294631,295636,295636,296242,296274,303274,303274,303905,303938,303972,307039,1526,1005,606,7000,631,684,0,600,1748,3101,3067,1148,231.7399848,13.93580277,1,20,8,170,1,1,51,28,20,2.0
26,1,17,307042,308566,308566,309575,309575,310179,310212,319212,319212,319844,319876,319910,323005,1524,1009,604,9000,632,388,0,600,2043,3129,3095,1443,247.7061454,15.96616063,1,20,-13,200,-1,-1,49,7,20,1.0
26,1,18,323007,324535,324535,325540,325540,326144,326176,332176,332176,332810,332842,332877,335949,1528,1005,604,6000,634,525,0,600,1904,3107,3072,1304,260.6505292,12.94438376,1,4,1,210,1,1,51,5,4,2.0
26,1,19,335952,337477,337477,338481,338481,339087,339121,346621,346621,347252,347285,347319,350410,1525,1004,606,7500,631,610,0,600,1824,3125,3091,1224,275.1106458,14.46011657,1,28,-8,190,-1,-1,49,20,28,1.0
26,1,20,350412,351940,351940,352946,352946,353549,353581,360081,360081,360697,360730,360765,363872,1528,1006,603,6500,616,336,0,600,2111,3142,3107,1511,288.5732346,13.46258886,1,40,-12,210,-1,-1,49,28,40,1.0
26,1,21,363875,365401,365401,366408,366408,367015,367047,375047,375047,375648,375682,375716,378817,1526,1007,607,8000,601,621,0,600,1838,3135,3101,1238,303.518234,14.94499942,1,14,14,200,1,1,51,28,14,2.0
26,1,22,378820,380342,380342,381347,381347,381967,381999,389499,389499,390100,390132,390167,393268,1522,1005,620,7500,601,524,0,600,1928,3136,3101,1328,317.9684391,14.45020511,1,10,-5,160,-1,-1,49,5,10,1.0
26,1,23,393270,394796,394796,395800,395800,396406,396438,402438,402438,403051,403084,403118,406201,1526,1004,606,6000,613,505,0,600,1946,3117,3083,1346,330.902262,12.93382289,1,40,-20,180,-1,-1,49,20,40,1.0
26,1,24,406204,407727,407727,408732,408732,409339,409373,418373,418373,418975,419008,419042,422150,1523,1005,607,9000,602,690,0,600,1773,3142,3108,1173,346.8510296,15.94876752,1,9,1,160,1,1,51,10,9,2.0
26,1,25,422153,423680,423680,424687,424687,425294,425327,433327,433327,433931,433963,433997,437107,1527,1007,607,8000,604,795,0,600,1660,3144,3110,1060,361.8074782,14.95644867,1,14,14,190,1,1,51,28,14,2.0
26,1,26,437109,438630,438630,439632,439632,440262,440294,448794,448794,449427,449460,449494,452550,1521,1002,630,8500,633,511,0,600,1903,3090,3056,1303,377.251631,15.44415277,1,7,3,160,1,1,51,10,7,2.0
26,1,27,452553,454073,454073,455080,455080,455699,455732,462732,462732,463334,463367,463402,466499,1520,1007,619,7000,602,383,0,600,2069,3132,3097,1469,391.1996852,13.94805422,1,28,-18,190,-1,-1,49,10,28,1.0
26,1,28,466502,468030,468030,469033,469033,469637,469669,476169,476169,476770,476803,476837,479958,1528,1003,604,6500,601,1032,0,600,1432,3155,3121,832,404.6587579,13.45907269,1,7,-2,170,-1,-1,49,5,7,1.0
26,1,29,479960,481484,481484,482485,482485,483093,483125,491625,491625,492239,492272,492305,495419,1524,1001,608,8500,614,309,0,600,2144,3147,3114,1544,420.1195359,15.46077804,1,40,-20,190,-1,-1,49,20,40,1.0
26,1,30,495422,496948,496948,497951,497951,498553,498585,506585,506585,507186,507220,507254,510363,1526,1003,602,8000,601,465,0,600,2003,3143,3109,1403,435.0648928,14.94535682,1,13,1,180,1,1,51,14,13,2.0
26,1,31,510366,511891,511891,512894,512894,513500,513533,520033,520033,520635,520667,520700,523798,1525,1003,606,6500,602,1007,0,600,1457,3131,3098,857,448.498786,13.43389325,0,20,-6,200,-1,1,51,14,20,2.0
26,1,32,523801,525322,525322,526327,526327,526932,526964,535964,535964,536595,536629,536664,539752,1521,1005,605,9000,631,548,0,600,1890,3123,3088,1290,464.4534989,15.95471288,1,28,-18,150,-1,-1,49,10,28,1.0
26,1,33,539755,541281,541281,542284,542284,542889,542921,550421,550421,551045,551078,551111,554205,1526,1003,605,7500,624,512,0,600,1930,3127,3094,1330,478.9058599,14.45236098,1,10,10,190,1,1,51,20,10,2.0
26,1,34,554208,555729,555729,556736,556736,557343,557375,564375,564375,565004,565037,565071,568148,1521,1007,607,7000,629,728,0,600,1708,3111,3077,1108,492.8478693,13.94200941,1,10,4,210,1,1,51,14,10,2.0
26,1,35,568150,569665,569665,570695,570695,571302,571334,577334,577334,577936,577969,578003,581103,1515,1030,607,6000,602,654,0,600,1792,3134,3100,1192,505.8040525,12.95618318,1,14,6,200,1,1,51,20,14,2.0
26,1,36,581106,582627,582627,583635,583635,584240,584272,591272,591272,591905,591937,591971,595057,1521,1008,605,7000,633,347,0,600,2086,3120,3086,1486,519.7571175,13.95306509,1,10,4,160,1,1,51,14,10,2.0
26,2,37,24294,25818,25818,26837,26837,27451,27484,33984,33984,34616,34648,34685,37740,1524,1019,614,6500,632,374,0,600,2037,3092,3055,1437,13.45863332,13.45863332,1,5,9,210,1,1,51,14,5,2.0
26,2,38,37745,39266,39266,40274,40274,40875,40907,47907,47907,48529,48562,48594,51692,1521,1008,601,7000,622,392,0,600,2056,3130,3098,1456,27.40920683,13.95057352,1,3,2,180,1,1,51,5,3,2.0
26,2,39,51695,53217,53217,54218,54218,54825,54858,63858,63858,64491,64522,64557,67638,1522,1001,607,9000,633,376,0,600,2061,3116,3081,1461,43.35498976,15.94578293,1,20,8,180,1,1,51,28,20,2.0
26,2,40,67641,69163,69163,70166,70166,70772,70805,78305,78305,78934,78968,79002,82101,1522,1003,606,7500,629,523,0,600,1917,3133,3099,1317,57.81819338,14.46320361,1,4,3,200,1,1,51,7,4,2.0
26,2,41,82105,83631,83631,84637,84637,85241,85274,93774,93774,94377,94410,94444,97565,1526,1006,604,8500,603,963,0,600,1498,3155,3121,898,73.28208046,15.46388708,0,21,-1,170,-1,1,51,20,21,2.0
26,2,42,97568,99096,99096,100104,100104,100707,100740,106740,106740,107372,107405,107439,110520,1528,1008,603,6000,632,1025,0,600,1404,3115,3081,804,86.23714261,12.95506215,0,6,-1,150,-1,1,51,5,6,2.0
26,2,43,110523,112046,112046,113052,113052,113659,113691,121691,121691,122292,122325,122358,125476,1523,1006,607,8000,601,319,0,600,2144,3151,3118,1544,101.1934728,14.95633024,1,20,-13,180,-1,-1,49,7,20,1.0
26,2,44,125479,127004,127004,128009,128009,128610,128644,136144,136144,136773,136805,136838,139929,1525,1005,601,7500,629,380,0,600,2060,3124,3091,1460,115.6460354,14.45256259,1,5,2,180,1,1,51,7,5,2.0
26,2,45,139932,141456,141456,142466,142466,143072,143104,151604,151604,152231,152264,152297,155386,1524,1010,606,8500,627,350,0,600,2083,3122,3089,1483,131.1032955,15.45726006,1,14,-7,160,-1,-1,49,7,14,1.0
26,2,46,155389,156914,156914,157921,157921,158524,158557,167557,167557,168186,168218,168251,171329,1525,1007,603,9000,629,697,0,600,1739,3111,3078,1139,147.0465739,15.9432784,1,3,2,200,1,1,51,5,3,2.0
26,2,47,171332,172857,172857,173862,173862,174470,174502,182502,182502,183131,183163,183198,186267,1525,1005,608,8000,629,556,0,600,1877,3104,3069,1277,161.9836456,14.93707176,1,79,-51,160,-1,-1,49,28,79,1.0
26,2,48,186270,187796,187796,188801,188801,189408,189440,196440,196440,197073,197105,197140,200217,1526,1005,607,7000,633,403,0,600,2026,3112,3077,1426,175.9338563,13.95021069,1,7,7,200,1,1,51,14,7,2.0
26,2,49,200220,201746,201746,202751,202751,203356,203389,209389,209389,209993,210025,210059,213179,1526,1005,605,6000,604,319,0,600,2141,3154,3120,1541,188.896603,12.96274661,1,20,-13,170,-1,-1,49,7,20,1.0
26,2,50,213182,214707,214707,215712,215712,216312,216344,222844,222844,223445,223477,223512,226619,1525,1005,600,6500,601,365,0,600,2104,3142,3107,1504,202.3362906,13.43968764,1,10,-5,160,-1,-1,49,5,10,1.0
26,2,51,226622,228143,228143,229147,229147,229754,229786,237286,237286,237901,237933,237967,241074,1521,1004,607,7500,615,791,0,600,1662,3141,3107,1062,216.7905179,14.45422725,1,6,-1,150,-1,-1,49,5,6,1.0
26,2,52,241077,242601,242601,243606,243606,244211,244244,252244,252244,252859,252892,252926,256024,1524,1005,605,8000,615,327,0,600,2124,3132,3098,1524,231.7409398,14.95042194,1,57,-37,200,-1,-1,49,20,57,1.0
26,2,53,256027,257552,257552,258557,258557,259163,259195,265195,265195,265796,265828,265862,268984,1525,1005,606,6000,601,448,0,600,2015,3156,3122,1415,244.7007546,12.95981477,1,40,-12,170,-1,-1,49,28,40,1.0
26,2,54,268987,270508,270508,271515,271515,272118,272150,279150,279150,279752,279784,279818,282937,1521,1007,603,7000,602,405,0,600,2062,3153,3119,1462,258.6538715,13.95311692,1,11,-1,210,-1,-1,49,10,11,1.0
26,2,55,282940,284465,284465,285472,285472,286079,286112,295112,295112,295713,295746,295780,298879,1525,1007,607,9000,601,1852,0,600,608,3133,3099,8,274.5958821,15.94201061,1,14,6,190,1,1,51,20,14,2.0
26,2,56,298883,300404,300404,301406,301406,302013,302045,310545,310545,311145,311177,311210,314342,1521,1002,607,8500,600,231,0,600,2239,3165,3132,1639,290.0583808,15.46249875,1,40,-26,180,-1,-1,49,14,40,1.0
26,2,57,314345,315864,315864,316869,316869,317475,317507,324007,324007,324608,324640,324673,327794,1519,1005,606,6500,601,540,0,600,1929,3154,3121,1329,303.510684,13.45230312,1,10,10,200,1,1,51,20,10,2.0
26,2,58,327797,329322,329322,330327,330327,330937,330970,336970,336970,337584,337617,337651,340750,1525,1005,610,6000,614,1007,0,600,1439,3133,3099,839,316.4662584,12.95557445,0,40,-12,180,-1,1,51,28,40,2.0
26,2,59,340753,342275,342275,343279,343279,343881,343913,350413,350413,351014,351046,351079,354202,1522,1004,602,6500,601,580,0,600,1891,3156,3123,1291,329.9181595,13.45190112,0,21,-1,160,-1,1,51,20,21,2.0
26,2,60,354205,355730,355730,356734,356734,357340,357373,364873,364873,365475,365507,365540,368648,1525,1004,606,7500,602,338,0,600,2125,3141,3108,1525,344.3632914,14.44513186,1,28,-18,190,-1,-1,49,10,28,1.0
26,2,61,368649,370174,370174,371176,371176,371782,371814,378814,378814,379445,379478,379511,382580,1525,1002,606,7000,631,424,0,600,2012,3102,3069,1412,358.2965667,13.93327533,1,5,9,170,1,1,51,14,5,2.0
26,2,62,382582,384107,384107,385117,385117,385725,385758,393758,393758,394359,394391,394425,397545,1525,1010,608,8000,601,477,0,600,1979,3154,3120,1379,373.2610148,14.96444805,1,20,8,190,1,1,51,28,20,2.0
26,2,63,397547,399072,399072,400076,400076,400700,400732,409732,409732,410358,410391,410425,413510,1525,1004,624,9000,626,317,0,600,2104,3119,3085,1504,389.2257256,15.96471082,1,4,6,190,1,1,51,10,4,2.0
26,2,64,413513,415036,415036,416041,416041,416662,416695,425195,425195,425795,425829,425863,428978,1523,1005,621,8500,600,339,0,600,2112,3149,3115,1512,404.6939886,15.46826301,1,7,7,180,1,1,51,14,7,2.0
26,2,65,428980,430503,430503,431507,431507,432126,432158,440158,440158,440791,440823,440856,443920,1523,1004,619,8000,633,814,0,600,1607,3097,3064,1007,419.6362825,14.94229388,0,11,-1,210,-1,1,51,10,11,2.0
26,2,66,443923,445442,445442,446446,446446,447051,447083,456083,456083,456716,456748,456782,459878,1519,1004,605,9000,633,427,0,600,2012,3130,3096,1412,435.5945344,15.95825196,1,7,3,210,1,1,51,10,7,2.0
26,2,67,459881,461400,461400,462408,462408,463011,463045,469545,469545,470162,470195,470228,473317,1519,1008,603,6500,617,318,0,600,2135,3122,3089,1535,449.0337348,13.43920036,0,6,-1,190,-1,1,51,5,6,2.0
26,2,68,473320,474847,474847,475854,475854,476458,476491,484991,484991,485623,485656,485690,488780,1527,1007,604,8500,632,389,0,600,2041,3124,3090,1441,464.4966362,15.46290136,1,10,18,180,1,1,51,28,10,2.0
26,2,69,488783,490307,490307,491311,491311,491917,491950,497950,497950,498568,498602,498636,501747,1524,1004,606,6000,618,384,0,600,2064,3145,3111,1464,477.4627874,12.96615129,1,57,-37,190,-1,-1,49,20,57,1.0
26,2,70,501748,503273,503273,504281,504281,504888,504920,511920,511920,512547,512578,512613,515703,1525,1008,607,7000,627,450,0,600,1983,3125,3090,1383,491.4202713,13.95748381,1,5,9,190,1,1,51,14,5,2.0
26,2,71,515706,517232,517232,518239,518239,518856,518888,526388,526388,526989,527022,527056,530167,1526,1007,617,7500,601,275,0,600,2174,3145,3111,1574,505.8835924,14.46332114,1,28,-18,150,-1,-1,49,10,28,1.0
26,2,72,530170,531694,531694,532702,532702,533305,533337,541837,541837,542468,542501,542535,545612,1524,1008,603,8500,631,375,0,600,2059,3111,3077,1459,521.328469,15.44487662,1,4,3,170,1,1,51,7,4,2.0
26,3,73,15589,17118,17118,18136,18136,18758,18791,24791,24791,25415,25448,25484,28537,1529,1018,622,6000,624,238,0,600,2169,3089,3053,1569,12.96095448,12.96095448,1,3,2,200,1,1,51,5,3,2.0
26,3,74,28542,30066,30066,31072,31072,31682,31714,38714,38714,39345,39378,39412,42487,1524,1006,610,7000,631,272,0,600,2157,3109,3075,1557,26.90835687,13.94740239,1,40,-12,180,-1,-1,49,28,40,1.0
26,3,75,42489,44012,44012,45020,45020,45645,45677,53677,53677,54310,54342,54377,57431,1523,1008,625,8000,633,545,0,600,1866,3089,3054,1266,41.85277679,14.94441992,1,7,-2,190,-1,-1,49,5,7,1.0
26,3,76,57434,58956,58956,59960,59960,60566,60598,68098,68098,68730,68763,68797,71873,1522,1004,606,7500,632,501,0,600,1935,3110,3076,1335,56.29491774,14.44214095,1,14,14,180,1,1,51,28,14,2.0
26,3,77,71876,73399,73399,74404,74404,75011,75045,84045,84045,84645,84678,84713,87823,1523,1005,607,9000,600,369,0,600,2096,3145,3110,1496,72.24488102,15.94996328,1,7,7,150,1,1,51,14,7,2.0
26,3,78,87826,89350,89350,90361,90361,90967,90999,99499,99499,100100,100133,100167,103262,1524,1011,606,8500,601,389,0,600,2069,3129,3095,1469,87.68391171,15.4390307,1,10,18,160,1,1,51,28,10,2.0
26,3,79,103265,104785,104785,105790,105790,106398,106430,112930,112930,113531,113565,113598,116726,1520,1005,608,6500,601,714,0,600,1752,3161,3128,1152,101.1477548,13.46384308,1,20,8,180,1,1,51,28,20,2.0
26,3,80,116729,118252,118252,119261,119261,119866,119898,128398,128398,129029,129062,129097,132195,1523,1009,605,8500,631,322,0,600,2110,3133,3098,1510,116.6167133,15.46895853,1,10,10,210,1,1,51,20,10,2.0
26,3,81,132198,133717,133717,134721,134721,135352,135386,142386,142386,142987,143019,143053,146133,1519,1004,631,7000,601,763,0,600,1682,3114,3080,1082,130.554097,13.93738366,0,6,-1,200,-1,1,51,5,6,2.0
26,3,82,146136,147662,147662,148665,148665,149273,149305,157305,157305,157906,157938,157973,161067,1526,1003,608,8000,601,416,0,600,2046,3129,3094,1446,145.4887968,14.93469982,1,10,18,170,1,1,51,28,10,2.0
26,3,83,161070,162596,162596,163599,163599,164203,164237,170737,170737,171340,171372,171405,174505,1526,1003,604,6500,603,690,0,600,1774,3133,3100,1174,158.9263313,13.43753449,1,28,-18,180,-1,-1,49,10,28,1.0
26,3,84,174508,176032,176032,177035,177035,177639,177672,185172,185172,185773,185805,185840,188940,1524,1003,604,7500,601,1042,0,600,1426,3135,3100,826,173.3621894,14.43585807,1,7,3,210,1,1,51,10,7,2.0
26,3,85,188943,190470,190470,191474,191474,192080,192112,198112,198112,198712,198746,198780,201889,1527,1004,606,6000,600,1113,0,600,1350,3143,3109,750,186.3107975,12.9486081,0,29,-1,180,-1,1,51,28,29,2.0
26,3,86,201892,203411,203411,204415,204415,205021,205053,214053,214053,214654,214686,214719,217852,1519,1004,606,9000,601,526,0,600,1944,3166,3133,1344,202.2738258,15.96302838,1,5,5,210,1,1,51,10,5,2.0
26,3,87,217855,219377,219377,220378,220378,220984,221016,229016,229016,229643,229676,229710,232805,1522,1001,606,8000,627,486,0,600,1958,3129,3095,1358,217.2263416,14.95251573,0,8,-1,160,-1,1,51,7,8,2.0
26,3,88,232808,234332,234332,235341,235341,235947,235979,243479,243479,244095,244128,244161,247257,1524,1009,606,7500,616,297,0,600,2148,3129,3096,1548,231.6787384,14.45239685,1,57,-37,210,-1,-1,49,20,57,1.0
26,3,89,247260,248784,248784,249792,249792,250398,250430,256430,256430,257064,257096,257130,260209,1524,1008,606,6000,634,336,0,600,2092,3113,3079,1492,244.6310543,12.95231593,1,28,-14,160,-1,-1,49,14,28,1.0
26,3,90,260212,261741,261741,262748,262748,263349,263381,270381,270381,270985,271018,271051,274150,1529,1007,601,7000,604,524,0,600,1935,3132,3099,1335,258.5722004,13.94114603,1,5,2,210,1,1,51,7,5,2.0
26,3,91,274153,275681,275681,276685,276685,277293,277326,286326,286326,286929,286962,286997,290101,1528,1004,608,9000,603,527,0,600,1930,3139,3104,1330,274.5228293,15.95062897,1,10,4,160,1,1,51,14,10,2.0
26,3,92,290104,291630,291630,292636,292636,293240,293272,299772,299772,300374,300407,300440,303550,1526,1006,604,6500,602,695,0,600,1767,3143,3110,1167,287.9719755,13.44914617,1,28,-8,170,-1,-1,49,20,28,1.0
26,3,93,303554,305081,305081,306092,306092,306696,306729,315229,315229,315843,315876,315909,319000,1527,1011,604,8500,614,584,0,600,1860,3124,3091,1260,303.4212079,15.44923235,1,14,6,210,1,1,51,20,14,2.0
26,3,94,319002,320523,320523,321527,321527,322129,322162,328662,328662,329263,329296,329330,332437,1521,1004,602,6500,601,1279,0,600,1193,3141,3107,593,316.8581833,13.43697548,1,6,-1,160,-1,-1,49,5,6,1.0
26,3,95,332440,333963,333963,334969,334969,335576,335609,344109,344109,344730,344762,344796,347872,1523,1006,607,8500,621,210,0,600,2233,3110,3076,1633,332.2932853,15.43510198,1,2,5,180,1,1,51,7,2,2.0
26,3,96,347875,349403,349403,350412,350412,351018,351050,360050,360050,360682,360716,360751,363833,1528,1009,606,9000,632,924,0,600,1501,3117,3082,901,348.2543787,15.9610934,1,4,1,190,1,1,51,5,4,2.0
26,3,97,363836,365357,365357,366361,366361,366966,366998,373998,373998,374601,374634,374667,377785,1521,1004,605,7000,603,407,0,600,2060,3151,3118,1460,362.2068215,13.9524428,1,4,6,150,1,1,51,10,4,2.0
26,3,98,377788,379309,379309,380315,380315,380923,380955,388455,388455,389088,389120,389155,392244,1521,1006,608,7500,633,543,0,600,1889,3124,3089,1289,376.6648533,14.45803182,1,7,13,180,1,1,51,20,7,2.0
26,3,99,392247,393770,393770,394778,394778,395403,395436,403436,403436,404049,404082,404115,407190,1523,1008,625,8000,613,491,0,600,1940,3108,3075,1340,391.6118182,14.94696483,1,2,5,190,1,1,51,7,2,2.0
26,3,100,407193,408720,408720,409725,409725,410331,410363,416363,416363,416997,417029,417062,420123,1527,1005,606,6000,634,261,0,600,2167,3094,3061,1567,404.5438712,12.93205305,1,7,7,170,1,1,51,14,7,2.0
26,3,101,420125,421646,421646,422647,422647,423265,423299,432299,432299,432899,432932,432966,436072,1521,1001,618,9000,600,328,0,600,2132,3140,3106,1532,420.4927309,15.94885973,1,14,-7,200,-1,-1,49,7,14,1.0
26,3,102,436075,437597,437597,438603,438603,439206,439239,447239,447239,447841,447874,447907,451019,1522,1006,603,8000,602,693,0,600,1774,3145,3112,1174,435.4408207,14.94808978,0,28,-8,190,-1,1,51,20,28,2.0
26,3,103,451022,452551,452551,453558,453558,454182,454215,460215,460215,460815,460848,460883,463957,1529,1007,624,6000,600,471,0,600,1969,3109,3074,1369,448.3777936,12.93697292,0,15,-1,150,-1,1,51,14,15,2.0
26,3,104,463960,465481,465481,466484,466484,467110,467142,473642,473642,474269,474303,474338,477418,1521,1003,626,6500,627,665,0,600,1758,3115,3080,1158,461.839583,13.46178937,1,5,2,210,1,1,51,7,5,2.0
26,3,105,477421,478945,478945,479948,479948,480552,480585,489085,489085,489715,489747,489781,492874,1524,1003,604,8500,630,580,0,600,1859,3127,3093,1259,477.2951914,15.45560835,1,4,1,160,1,1,51,5,4,2.0
26,3,106,492877,494402,494402,495410,495410,496015,496048,503048,503048,503650,503684,503720,506821,1525,1008,605,7000,602,461,0,600,1999,3137,3101,1399,491.2425501,13.9473587,1,7,7,190,1,1,51,14,7,2.0
26,3,107,506824,508351,508351,509356,509356,509960,509992,517493,517493,518094,518126,518160,521278,1527,1005,604,7501,601,932,0,600,1530,3152,3118,930,505.6996432,14.45709311,1,20,-10,170,-1,-1,49,10,20,1.0
26,3,108,521280,522804,522804,523808,523808,524415,524447,532447,532447,533079,533111,533145,536225,1524,1004,607,8000,632,306,0,600,2127,3114,3080,1527,520.6454852,14.945842,1,4,6,200,1,1,51,10,4,2.0
26,4,109,49920,51443,51443,52460,52460,53068,53100,61100,61100,61723,61755,61791,64882,1523,1017,608,8000,623,284,0,600,2145,3127,3091,1545,14.97541152,14.97541152,1,3,2,210,1,1,51,5,3,2.0
26,4,110,64887,66407,66407,67411,67411,68017,68049,74549,74549,75154,75187,75220,78330,1520,1004,606,6500,605,332,0,600,2133,3143,3110,1533,28.4207269,13.44531538,1,40,-26,210,-1,-1,49,14,40,1.0
26,4,111,78333,79857,79857,80862,80862,81494,81527,90027,90027,90629,90662,90696,93765,1524,1005,632,8500,602,556,0,600,1881,3103,3069,1281,43.85537625,15.43464935,1,7,-2,190,-1,-1,49,5,7,1.0
26,4,112,93768,95295,95295,96300,96300,96904,96938,105938,105938,106538,106570,106605,109721,1527,1005,604,9000,600,312,0,600,2152,3151,3116,1552,59.81174265,15.9563664,1,7,3,210,1,1,51,10,7,2.0
26,4,113,109724,111248,111248,112251,112251,112856,112888,119888,119888,120488,120521,120555,123688,1524,1003,605,7000,600,362,0,600,2106,3167,3133,1506,73.77867323,13.96693058,1,10,-3,190,-1,-1,49,7,10,1.0
26,4,114,123690,125216,125216,126223,126223,126827,126860,132860,132860,133492,133524,133558,136632,1526,1007,604,6000,632,988,0,600,1443,3108,3074,843,86.7231718,12.94449857,1,14,-4,210,-1,-1,49,10,14,1.0
26,4,115,136635,138159,138159,139162,139162,139766,139799,147299,147299,147903,147935,147970,151078,1524,1003,604,7500,604,337,0,600,2128,3143,3108,1528,101.1682777,14.44510594,1,14,-4,200,-1,-1,49,10,14,1.0
26,4,116,151081,152609,152609,153615,153615,154233,154265,161765,161765,162366,162399,162435,165520,1528,1006,618,7500,601,606,0,600,1841,3121,3085,1241,115.6112827,14.44300492,1,14,-7,210,-1,-1,49,7,14,1.0
26,4,117,165523,167045,167045,168051,168051,168659,168691,175191,175191,175792,175824,175858,178968,1522,1006,608,6500,601,694,0,600,1769,3144,3110,1169,129.0584935,13.44721089,1,14,6,200,1,1,51,20,14,2.0
26,4,118,178971,180496,180496,181504,181504,182111,182144,191144,191144,191768,191800,191834,194917,1525,1008,607,9000,624,379,0,600,2057,3117,3083,1457,145.0071297,15.94863613,1,3,2,180,1,1,51,5,3,2.0
26,4,119,194920,196445,196445,197449,197449,198054,198087,204087,204087,204688,204720,204755,207861,1525,1004,605,6000,601,953,0,600,1512,3141,3106,912,157.951021,12.94389135,1,10,4,160,1,1,51,14,10,2.0
26,4,120,207864,209384,209384,210389,210389,210996,211028,219528,219528,220128,220161,220194,223306,1520,1005,607,8500,600,599,0,600,1869,3145,3112,1269,173.3967065,15.44568544,1,40,-12,150,-1,-1,49,28,40,1.0
26,4,121,223309,224835,224835,225840,225840,226445,226477,233477,233477,234078,234110,234144,237244,1526,1005,605,7000,601,685,0,600,1778,3134,3100,1178,187.3342709,13.93756447,1,19,1,190,1,1,51,20,19,2.0
26,4,122,237247,238770,238770,239777,239777,240382,240414,248414,248414,249035,249068,249101,252189,1523,1007,605,8000,621,258,0,600,2186,3121,3088,1586,202.279594,14.94532307,1,56,-28,150,-1,-1,49,28,56,1.0
26,4,123,252192,253712,253712,254717,254717,255324,255356,263856,263856,264488,264522,264555,267640,1520,1005,607,8500,632,393,0,600,2043,3118,3085,1443,217.7306134,15.45101937,1,14,14,200,1,1,51,28,14,2.0
26,4,124,267642,269165,269165,270170,270170,270770,270803,277303,277303,277903,277936,277969,281087,1523,1005,600,6500,600,379,0,600,2093,3151,3118,1493,231.1773496,13.44673626,1,10,-5,200,-1,-1,49,5,10,1.0
26,4,125,281090,282606,282606,283608,283608,284212,284245,291745,291745,292377,292410,292444,295528,1516,1002,604,7500,632,346,0,600,2100,3118,3084,1500,245.6180821,14.44073243,1,4,3,160,1,1,51,7,4,2.0
26,4,126,295531,297052,297052,298055,298055,298671,298704,305704,305704,306304,306338,306372,309489,1521,1003,616,7000,600,1353,0,600,1107,3151,3117,507,259.5789564,13.96087432,1,6,1,190,1,1,51,7,6,2.0
26,4,127,309491,311013,311013,312015,312015,312648,312680,318680,318680,319312,319344,319378,322431,1522,1002,633,6000,632,348,0,600,2063,3087,3053,1463,272.5216441,12.94268775,1,5,5,200,1,1,51,10,5,2.0
26,4,128,322434,323960,323960,324965,324965,325573,325605,333605,333605,334215,334247,334281,337390,1526,1005,608,8000,610,308,0,600,2143,3143,3109,1543,287.4808056,14.95916143,1,40,-26,170,-1,-1,49,14,40,1.0
26,4,129,337393,338919,338919,339922,339922,340528,340560,349560,349560,350175,350207,350241,353351,1526,1003,606,9000,615,403,0,600,2047,3144,3110,1447,303.441201,15.96039547,1,2,5,160,1,1,51,7,2,2.0
26,4,130,353354,354880,354880,355885,355885,356491,356525,365025,365025,365627,365660,365695,368795,1526,1005,606,8500,602,1333,0,600,1128,3135,3100,528,318.885135,15.44393399,1,27,1,210,1,1,51,28,27,2.0
26,4,131,368798,370325,370325,371329,371329,371935,371967,378967,378967,379567,379600,379633,382740,1527,1004,606,7000,600,468,0,600,1995,3140,3107,1395,332.8301597,13.94502473,1,28,-14,170,-1,-1,49,14,28,1.0
26,4,132,382743,384266,384266,385273,385273,385880,385912,392412,392412,393012,393044,393079,396175,1523,1007,607,6500,600,524,0,600,1939,3131,3096,1339,346.2654564,13.43529665,1,10,4,200,1,1,51,14,10,2.0
26,4,133,396178,397698,397698,398700,398700,399300,399333,407333,407333,407934,407967,408001,411112,1520,1002,600,8000,601,411,0,600,2066,3145,3111,1466,361.2018797,14.93642325,1,14,6,200,1,1,51,20,14,2.0
26,4,134,411115,412637,412637,413643,413643,414249,414281,420281,420281,420883,420916,420951,424070,1522,1006,606,6000,602,313,0,600,2151,3154,3119,1551,374.1601907,12.95831102,1,14,14,200,1,1,51,28,14,2.0
26,4,135,424073,425599,425599,426605,426605,427214,427247,436247,436247,436849,436881,436914,440025,1526,1006,609,9000,602,696,0,600,1761,3144,3111,1161,390.1151052,15.95491449,0,40,-12,150,-1,1,51,28,40,2.0
26,4,136,440028,441548,441548,442555,442555,443162,443195,450695,450695,451297,451330,451364,454461,1520,1007,607,7500,602,844,0,600,1620,3131,3097,1020,404.5508831,14.43577791,1,28,-8,160,-1,-1,49,20,28,1.0
26,4,137,454463,455987,455987,456995,456995,457598,457630,465630,465630,466237,466269,466303,469413,1524,1008,603,8000,607,566,0,600,1892,3144,3110,1292,419.5026656,14.95178254,1,40,-20,180,-1,-1,49,20,40,1.0
26,4,138,469416,470942,470942,471949,471949,472570,472603,479103,479103,479733,479765,479799,482858,1526,1007,621,6500,630,389,0,600,2027,3093,3059,1427,432.9474244,13.44475879,1,4,1,180,1,1,51,5,4,2.0
26,4,139,482861,484381,484381,485381,485381,485990,486022,493522,493522,494124,494157,494192,497315,1520,1000,609,7500,602,545,0,600,1924,3158,3123,1324,447.4047119,14.45728748,1,7,3,210,1,1,51,10,7,2.0
26,4,140,497318,498842,498842,499845,499845,500452,500485,509485,509485,510118,510150,510185,513269,1524,1003,607,9000,633,897,0,600,1536,3119,3084,936,463.3586437,15.95393178,0,19,1,160,1,-1,49,20,19,1.0
26,4,141,513272,514798,514798,515804,515804,516409,516441,522441,522441,523073,523107,523140,526209,1526,1006,605,6000,632,714,0,600,1717,3102,3069,1117,476.2983444,12.93970075,1,28,-14,210,-1,-1,49,14,28,1.0
26,4,142,526212,527736,527736,528744,528744,529350,529383,537883,537883,538515,538549,538583,541666,1524,1008,606,8500,632,347,0,600,2083,3117,3083,1483,491.7554411,15.45709672,1,4,3,170,1,1,51,7,4,2.0
26,4,143,541669,543188,543188,544194,544194,544801,544833,551833,551833,552462,552495,552529,555619,1519,1006,607,7000,629,255,0,600,2184,3124,3090,1584,505.7088166,13.95337548,1,4,6,200,1,1,51,10,4,2.0
26,4,144,555622,557141,557141,558149,558149,558779,558811,564811,564811,565429,565462,565495,568564,1519,1008,630,6000,618,265,0,600,2160,3102,3069,1560,518.6537413,12.94492468,1,2,3,180,1,1,51,5,2,2.0
26,5,145,18655,20176,20176,21194,21194,21810,21842,28342,28342,28970,29002,29039,32109,1521,1018,616,6500,628,264,0,600,2153,3107,3070,1553,13.46719652,13.46719652,1,79,-51,150,-1,-1,49,28,79,1.0
26,5,146,32113,33642,33642,34650,34650,35259,35292,42792,42792,43395,43428,43462,46567,1529,1008,609,7500,603,1206,0,600,1245,3139,3105,645,27.92195747,14.45476095,1,27,1,210,1,1,51,28,27,2.0
26,5,147,46570,48093,48093,49096,49096,49700,49733,57733,57733,58333,58366,58400,61519,1523,1003,604,8000,600,409,0,600,2061,3153,3119,1461,42.87441655,14.95245907,1,5,2,180,1,1,51,7,5,2.0
26,5,148,61522,63046,63046,64051,64051,64657,64691,71691,71691,72323,72355,72388,75483,1524,1005,606,7000,632,289,0,600,2144,3128,3095,1544,56.83862411,13.96420757,1,40,-20,200,-1,-1,49,20,40,1.0
26,5,149,75485,77009,77009,78014,78014,78619,78653,84653,84653,85270,85303,85336,88436,1524,1005,605,6000,617,553,0,600,1896,3133,3100,1296,69.79161568,12.95299156,1,40,-20,210,-1,-1,49,20,40,1.0
26,5,150,88439,89964,89964,90966,90966,91572,91605,100605,100605,101223,101255,101289,104380,1525,1002,606,9000,618,386,0,600,2063,3125,3091,1463,85.73556157,15.94394589,1,2,3,210,1,1,51,5,2,2.0
26,5,151,104383,105907,105907,106914,106914,107524,107556,116056,116056,116660,116693,116727,119834,1524,1007,610,8500,604,495,0,600,1960,3141,3107,1360,101.1899054,15.45434388,1,20,8,210,1,1,51,28,20,2.0
26,5,152,119837,121363,121363,122367,122367,122973,123005,132005,132005,132606,132639,132674,135784,1526,1004,606,9000,601,564,0,600,1899,3145,3110,1299,117.1397843,15.9498789,1,14,14,150,1,1,51,28,14,2.0
26,5,153,135787,137314,137314,138321,138321,138929,138961,144961,144961,145562,145594,145628,148739,1527,1007,608,6000,601,1023,0,600,1434,3145,3111,834,130.0943764,12.95459204,1,14,-7,200,-1,-1,49,7,14,1.0
26,5,154,148742,150262,150262,151266,151266,151869,151902,158902,158902,159533,159566,159599,162703,1520,1004,603,7000,631,523,0,600,1919,3137,3104,1319,144.058191,13.9638146,1,4,1,150,1,1,51,5,4,2.0
26,5,155,162706,164234,164234,165241,165241,165845,165877,172377,172377,172993,173025,173060,176153,1528,1007,604,6500,616,353,0,600,2092,3128,3093,1492,157.5090039,13.45081294,1,40,-20,170,-1,-1,49,20,40,1.0
26,5,156,176156,177680,177680,178688,178688,179295,179327,187327,187327,187944,187976,188011,191091,1524,1008,607,8000,617,339,0,600,2105,3115,3080,1505,172.4469095,14.9379056,1,40,-20,200,-1,-1,49,20,40,1.0
26,5,157,191094,192617,192617,193623,193623,194230,194262,201762,201762,202394,202426,202460,205543,1523,1006,607,7500,632,345,0,600,2087,3117,3083,1487,186.8984216,14.45151208,1,4,6,160,1,1,51,10,4,2.0
26,5,158,205546,207069,207069,208075,208075,208697,208729,217229,217229,217829,217862,217897,221009,1523,1006,622,8500,600,407,0,600,2042,3147,3112,1442,202.3641587,15.46573708,1,4,6,210,1,1,51,10,4,2.0
26,5,159,221012,222536,222536,223544,223544,224151,224183,233183,233183,233787,233819,233854,236953,1524,1008,607,9000,604,198,0,600,2259,3134,3099,1659,218.3085825,15.94442384,1,20,-10,190,-1,-1,49,10,20,1.0
26,5,160,236956,238481,238481,239483,239483,240087,240120,248620,248620,249220,249253,249288,252404,1525,1002,604,8500,600,836,0,600,1633,3151,3116,1033,233.7594349,15.45085242,1,19,1,210,1,1,51,20,19,2.0
26,5,161,252407,253933,253933,254942,254942,255546,255579,263579,263579,264181,264213,264247,267364,1526,1009,604,8000,602,320,0,600,2139,3151,3117,1539,248.7200802,14.96064529,1,7,13,180,1,1,51,20,7,2.0
26,5,162,267367,268889,268889,269890,269890,270495,270527,276527,276527,277141,277173,277206,280306,1522,1001,605,6000,614,394,0,600,2064,3133,3100,1464,261.6616958,12.94161554,1,4,1,160,1,1,51,5,4,2.0
26,5,163,280309,281836,281836,282844,282844,283451,283484,290484,290484,291117,291149,291184,294249,1527,1008,607,7000,633,1101,0,600,1324,3100,3065,724,275.6050227,13.94332692,1,20,8,170,1,1,51,28,20,2.0
26,5,164,294252,295778,295778,296783,296783,297406,297439,303939,303939,304541,304573,304606,307713,1526,1005,623,6500,602,725,0,600,1719,3140,3107,1119,289.0684933,13.46347061,0,10,-3,180,-1,1,51,7,10,2.0
26,5,165,307716,309241,309241,310245,310245,310852,310885,318385,318385,318989,319022,319057,322158,1525,1004,607,7500,604,293,0,600,2167,3136,3101,1567,303.5132081,14.44471479,1,28,-14,210,-1,-1,49,14,28,1.0
26,5,166,322161,323684,323684,324689,324689,325316,325350,331850,331850,332473,332505,332538,335604,1523,1005,627,6500,623,841,0,600,1581,3099,3066,981,316.9592883,13.44608021,1,13,1,180,1,1,51,14,13,2.0
26,5,167,335607,337127,337127,338132,338132,338736,338769,344769,344769,345370,345402,345436,348557,1520,1005,604,6000,601,700,0,600,1770,3155,3121,1170,329.912398,12.95310969,1,20,-6,150,-1,-1,49,14,20,1.0
26,5,168,348560,350082,350082,351091,351091,351711,351743,360743,360743,361375,361409,361443,364516,1522,1009,620,9000,632,399,0,600,2018,3107,3073,1418,345.8710529,15.95865486,1,20,-13,180,-1,-1,49,7,20,1.0
26,5,169,364519,366039,366039,367043,367043,367649,367682,376182,376182,376795,376828,376861,379959,1520,1004,606,8500,613,164,0,600,2293,3131,3098,1693,361.3143281,15.44327523,1,40,-26,210,-1,-1,49,14,40,1.0
26,5,170,379962,381486,381486,382489,382489,383114,383146,390646,390646,391246,391279,391312,394418,1524,1003,625,7500,600,1080,0,600,1368,3139,3106,768,375.7738203,14.45949217,1,10,-3,210,-1,-1,49,7,10,1.0
26,5,171,394421,395948,395948,396955,396955,397560,397592,404592,404592,405192,405225,405258,408355,1527,1007,605,7000,600,519,0,600,1942,3130,3097,1342,389.7105874,13.93676709,0,14,-4,170,-1,1,51,10,14,2.0
26,5,172,408358,409881,409881,410883,410883,411488,411520,419520,419520,420137,420170,420204,423292,1523,1002,605,8000,617,155,0,600,2298,3122,3088,1698,404.647619,14.93703168,1,40,-26,200,-1,-1,49,14,40,1.0
26,5,173,423295,424817,424817,425824,425824,426427,426459,433959,433959,434590,434624,434658,437746,1522,1007,603,7500,631,388,0,600,2049,3122,3088,1449,419.1018635,14.45424443,1,14,14,150,1,1,51,28,14,2.0
26,5,174,437749,439269,439269,440273,440273,440876,440908,446908,446908,447540,447573,447608,450706,1520,1004,603,6000,632,430,0,600,2011,3133,3098,1411,432.0613531,12.95948961,1,7,-2,170,-1,-1,49,5,7,1.0
26,5,175,450709,452230,452230,453235,453235,453841,453873,460373,460373,460992,461024,461058,464147,1521,1005,606,6500,619,348,0,600,2101,3123,3089,1501,445.5015054,13.44015233,1,2,3,210,1,1,51,5,2,2.0
26,5,176,464150,465676,465676,466679,466679,467289,467322,476322,476322,476953,476985,477019,480103,1526,1003,610,9000,631,217,0,600,2213,3118,3084,1613,461.4581533,15.95664786,1,4,6,190,1,1,51,10,4,2.0
26,5,177,480106,481626,481626,482627,482627,483232,483264,491264,491264,491898,491930,491965,495054,1520,1001,605,8000,634,252,0,600,2188,3124,3089,1588,476.4085722,14.95041892,0,13,1,180,1,-1,49,14,13,1.0
26,5,178,495056,496581,496581,497585,497585,498215,498247,505247,505247,505850,505882,505917,508992,1525,1004,630,7000,603,400,0,600,2038,3110,3075,1438,490.3471579,13.93858575,1,14,-4,170,-1,-1,49,10,14,1.0
26,5,179,508995,510518,510518,511523,511523,512126,512159,520659,520659,521263,521296,521331,524445,1523,1005,603,8500,604,116,0,600,2349,3149,3114,1749,505.7996603,15.45250232,1,20,-13,150,-1,-1,49,7,20,1.0
26,5,180,524447,525971,525971,526979,526979,527584,527616,533616,533616,534247,534280,534315,537402,1524,1008,605,6000,631,287,0,600,2145,3122,3087,1545,518.7574771,12.9578168,1,7,-2,160,-1,-1,49,5,7,1.0
26,6,181,16155,17681,17681,18697,18697,19314,19346,25846,25846,26449,26483,26518,29623,1526,1016,617,6500,603,295,0,600,2143,3140,3105,1543,13.48028211,13.48028211,1,28,-8,180,-1,-1,49,20,28,1.0
26,6,182,29628,31151,31151,32151,32151,32755,32788,39788,39788,40419,40452,40487,43570,1523,1000,604,7000,631,500,0,600,1942,3118,3083,1342,27.42596439,13.94568228,1,4,1,210,1,1,51,5,4,2.0
26,6,183,43573,45095,45095,46097,46097,46701,46733,54233,54233,54836,54868,54902,58018,1522,1002,604,7500,603,19,0,600,2450,3150,3116,1850,41.87336453,14.44740013,1,20,-13,190,-1,-1,49,7,20,1.0
26,6,184,58022,59541,59541,60544,60544,61163,61195,70195,70195,70828,70862,70895,73966,1519,1003,619,9000,633,298,0,600,2128,3104,3071,1528,57.82050535,15.94714082,1,5,5,200,1,1,51,10,5,2.0
26,6,185,73969,75494,75494,76498,76498,77101,77134,83134,83134,83753,83785,83820,86914,1525,1004,603,6000,619,259,0,600,2190,3129,3094,1590,70.76877925,12.9482739,1,79,-51,190,-1,-1,49,28,79,1.0
26,6,186,86917,88441,88441,89448,89448,90077,90109,98609,98609,99211,99244,99277,102375,1524,1007,629,8500,602,1460,0,600,978,3131,3098,378,86.23046586,15.46168661,1,14,-9,200,-1,-1,49,5,14,1.0
26,6,187,102378,103904,103904,104905,104905,105526,105558,113558,113558,114159,114192,114227,117322,1526,1001,621,8000,601,996,0,600,1455,3130,3095,855,101.1766876,14.9462217,1,6,-1,200,-1,-1,49,5,6,1.0
26,6,188,117325,118846,118846,119849,119849,120466,120499,127999,127999,128616,128649,128681,131760,1521,1003,617,7500,617,540,0,600,1902,3111,3079,1302,115.615306,14.43861845,1,3,2,160,1,1,51,5,3,2.0
26,6,189,131762,133280,133280,134282,134282,134889,134921,142921,142921,143552,143586,143619,146721,1518,1002,607,8000,631,265,0,600,2177,3135,3102,1577,130.5764262,14.96112022,1,28,-18,210,-1,-1,49,10,28,1.0
26,6,190,146724,148252,148252,149257,149257,149861,149894,155894,155894,156498,156532,156565,159667,1528,1005,604,6000,604,882,0,600,1577,3135,3102,977,143.5221314,12.94570518,1,21,-1,180,-1,-1,49,20,21,1.0
26,6,191,159670,161195,161195,162195,162195,162815,162847,169847,169847,170463,170496,170529,173605,1525,1000,620,7000,616,596,0,600,1843,3109,3076,1243,157.4600934,13.93796195,1,10,4,170,1,1,51,14,10,2.0
26,6,192,173607,175132,175132,176132,176132,176742,176774,185274,185274,185891,185924,185958,189060,1525,1000,610,8500,617,367,0,600,2081,3136,3102,1481,172.9146235,15.45453011,1,56,-28,160,-1,-1,49,28,56,1.0
26,6,193,189062,190584,190584,191589,191589,192214,192247,201247,201247,201878,201912,201946,205014,1522,1005,625,9000,631,1107,0,600,1310,3102,3068,710,188.869447,15.95482348,1,8,-1,210,-1,-1,49,7,8,1.0
26,6,194,205017,206537,206537,207543,207543,208149,208182,214682,214682,215296,215328,215363,218480,1520,1006,606,6500,614,252,0,600,2202,3152,3117,1602,202.3355577,13.46611075,1,40,-20,150,-1,-1,49,20,40,1.0
26,6,195,218483,220010,220010,221016,221016,221619,221652,228152,228152,228776,228808,228841,231931,1527,1006,603,6500,624,1130,0,600,1310,3123,3090,710,215.7863631,13.45080541,1,10,-3,210,-1,-1,49,7,10,1.0
26,6,196,231934,233458,233458,234462,234462,235071,235104,241104,241104,241705,241737,241770,244872,1524,1004,609,6000,601,333,0,600,2129,3135,3102,1529,228.7277584,12.94139525,1,28,-18,190,-1,-1,49,10,28,1.0
26,6,197,244875,246401,246401,247404,247404,248007,248040,256040,256040,256673,256706,256741,259833,1526,1003,603,8000,633,484,0,600,1951,3127,3092,1351,243.687973,14.96021466,1,20,-10,150,-1,-1,49,10,20,1.0
26,6,198,259834,261358,261358,262367,262367,262990,263022,270522,270522,271122,271156,271191,274269,1524,1009,623,7500,600,505,0,600,1939,3113,3078,1339,258.1240812,14.43610819,1,10,4,180,1,1,51,14,10,2.0
26,6,199,274272,275793,275793,276800,276800,277403,277435,285935,285935,286556,286588,286622,289729,1521,1007,603,8500,621,501,0,600,1947,3141,3107,1347,273.5838738,15.45979262,1,3,2,200,1,1,51,5,3,2.0
26,6,200,289732,291252,291252,292258,292258,292864,292896,299896,299896,300499,300531,300564,303671,1520,1006,606,7000,603,207,0,600,2258,3140,3107,1658,287.5263527,13.94247891,1,40,-26,180,-1,-1,49,14,40,1.0
26,6,201,303674,305198,305198,306208,306208,306814,306847,315847,315847,316464,316497,316532,319637,1524,1010,606,9000,617,237,0,600,2206,3140,3105,1606,303.4919438,15.96559107,1,40,-26,180,-1,-1,49,14,40,1.0
26,6,202,319640,321162,321162,322166,322166,322772,322804,329804,329804,330404,330437,330471,333600,1522,1004,606,7000,600,554,0,600,1914,3163,3129,1314,317.4549508,13.96300698,1,10,10,180,1,1,51,20,10,2.0
26,6,203,333603,335127,335127,336134,336134,336740,336772,344272,344272,344873,344905,344939,348045,1524,1007,606,7500,601,181,0,600,2281,3140,3106,1681,331.8999666,14.44501584,1,28,-14,150,-1,-1,49,14,28,1.0
26,6,204,348047,349569,349569,350570,350570,351192,351224,359224,359224,359824,359857,359891,362989,1522,1001,622,8000,600,453,0,600,2002,3132,3098,1402,346.8438107,14.94384403,1,7,7,150,1,1,51,14,7,2.0
26,6,205,362992,364517,364517,365522,365522,366129,366161,375161,375161,375785,375818,375851,378946,1525,1005,607,9000,624,321,0,600,2118,3128,3095,1518,362.8011342,15.95732349,1,2,5,150,1,1,51,7,2,2.0
26,6,206,378949,380475,380475,381480,381480,382103,382135,390635,390635,391237,391270,391303,394401,1526,1005,623,8500,602,878,0,600,1566,3131,3098,966,378.2555106,15.45437642,1,14,6,150,1,1,51,20,14,2.0
26,6,207,394404,395927,395927,396928,396928,397533,397565,403565,403565,404165,404198,404231,407365,1523,1001,605,6000,600,528,0,600,1943,3167,3134,1343,391.2199475,12.9644369,1,40,-12,210,-1,-1,49,28,40,1.0
26,6,208,407368,408893,408893,409902,409902,410507,410539,417039,417039,417670,417704,417739,420806,1525,1009,605,6500,631,522,0,600,1908,3102,3067,1308,404.6603572,13.44040968,1,20,8,210,1,1,51,28,20,2.0
26,6,209,420809,422333,422333,423339,423339,423948,423981,430981,430981,431602,431634,431668,434768,1524,1006,609,7000,621,780,0,600,1660,3134,3100,1060,418.6227922,13.96243502,0,40,-12,180,-1,1,51,28,40,2.0
26,6,210,434771,436291,436291,437297,437297,437904,437936,444436,444436,445068,445100,445133,448203,1520,1006,607,6500,632,433,0,600,2002,3103,3070,1402,432.0574527,13.4346605,1,20,-13,150,-1,-1,49,7,20,1.0
26,6,211,448206,449726,449726,450733,450733,451341,451373,460373,460373,460975,461008,461043,464157,1520,1007,608,9000,602,243,0,600,2220,3149,3114,1620,448.011552,15.95409933,1,14,-4,210,-1,-1,49,10,14,1.0
26,6,212,464160,465684,465684,466689,466689,467294,467327,474827,474827,475458,475490,475525,478625,1524,1005,605,7500,631,356,0,600,2079,3135,3100,1479,462.4797786,14.46822654,1,5,5,170,1,1,51,10,5,2.0
26,6,213,478627,480149,480149,481152,481152,481773,481806,489806,489806,490425,490457,490491,493573,1522,1003,621,8000,619,341,0,600,2094,3116,3082,1494,477.427419,14.94764046,1,3,2,210,1,1,51,5,3,2.0
26,6,214,493576,495098,495098,496105,496105,496713,496745,505245,505245,505847,505879,505913,509037,1522,1007,608,8500,602,907,0,600,1554,3158,3124,954,492.8910807,15.46366167,1,10,-3,200,-1,-1,49,7,10,1.0
26,6,215,509039,510564,510564,511572,511572,512193,512226,518226,518226,518839,518871,518905,521972,1525,1008,621,6000,613,99,0,600,2334,3101,3067,1734,505.8269636,12.93588293,1,40,-20,210,-1,-1,49,20,40,1.0
26,6,216,521975,523503,523503,524513,524513,525120,525152,531152,531152,531754,531786,531819,534930,1528,1010,607,6000,602,468,0,600,1985,3144,3111,1385,518.7846539,12.95769024,1,14,14,150,1,1,51,28,14,2.0
27,1,1,73730,75255,75255,76281,76281,76891,76923,84923,84923,85526,85558,85594,88685,1525,1026,610,8000,603,848,0,600,1588,3127,3091,988,14.99397569,14.99397569,1,14,-4,190,-1,-1,49,10,14,1.0
27,1,2,88738,90263,90263,91278,91278,91903,91936,100436,100436,101036,101068,101102,104175,1525,1015,625,8500,600,559,0,600,1876,3107,3073,1276,30.43305631,15.43908063,1,20,-10,200,-1,-1,49,10,20,1.0
27,1,3,104178,105703,105703,106709,106709,107318,107351,114851,114851,115463,115496,115530,118618,1525,1006,609,7500,612,543,0,600,1905,3122,3088,1305,44.87628745,14.44323114,1,79,-51,160,-1,-1,49,28,79,1.0
27,1,4,118621,120148,120148,121153,121153,121756,121789,127789,127789,128389,128422,128455,131570,1527,1005,603,6000,600,534,0,600,1931,3148,3115,1331,57.82801488,12.95172744,1,10,18,200,1,1,51,28,10,2.0
27,1,5,131573,133099,133099,134104,134104,134710,134742,141242,141242,141843,141875,141909,145022,1526,1005,606,6500,601,765,0,600,1697,3147,3113,1097,71.27984207,13.45182718,1,40,-20,190,-1,-1,49,20,40,1.0
27,1,6,145025,146546,146546,147553,147553,148156,148189,157189,157189,157820,157853,157886,160975,1521,1007,603,9000,631,451,0,600,1987,3122,3089,1387,87.232906,15.95306393,1,10,4,180,1,1,51,14,10,2.0
27,1,7,160978,162505,162505,163512,163512,164116,164148,171148,171148,171766,171799,171832,174933,1527,1007,604,7000,618,1593,0,600,851,3134,3101,251,101.1904471,13.95754111,1,2,5,190,1,1,51,7,2,2.0
27,1,8,174936,176460,176460,177468,177468,178076,178108,185608,185608,186210,186242,186275,189369,1524,1008,608,7500,602,612,0,600,1846,3127,3094,1246,115.6256747,14.43522755,1,10,10,200,1,1,51,20,10,2.0
27,1,9,189371,190895,190895,191900,191900,192502,192534,199034,199034,199647,199680,199713,202806,1524,1005,602,6500,613,422,0,600,2034,3126,3093,1434,129.0630671,13.43739246,1,56,-28,210,-1,-1,49,28,56,1.0
27,1,10,202809,204337,204337,205347,205347,205979,206012,213012,213012,213632,213665,213699,216766,1528,1010,632,7000,620,815,0,600,1595,3101,3067,995,143.0229696,13.95990249,1,5,2,150,1,1,51,7,5,2.0
27,1,11,216769,218292,218292,219298,219298,219903,219936,225936,225936,226555,226587,226621,229733,1523,1006,605,6000,619,466,0,600,1981,3146,3112,1381,155.9898318,12.9668622,1,5,9,170,1,1,51,14,5,2.0
27,1,12,229736,231260,231260,232265,232265,232869,232902,241402,241402,242002,242035,242068,245177,1524,1005,604,8500,600,723,0,600,1744,3142,3109,1144,171.4333405,15.44350868,1,10,10,200,1,1,51,20,10,2.0
27,1,13,245180,246704,246704,247712,247712,248340,248373,257373,257373,257993,258026,258059,261119,1524,1008,628,9000,620,1292,0,600,1128,3093,3060,528,187.3769495,15.94360903,1,4,1,160,1,1,51,5,4,2.0
27,1,14,261122,262649,262649,263658,263658,264262,264295,272295,272295,272914,272946,272978,276077,1527,1009,604,8000,619,662,0,600,1779,3131,3099,1179,202.3332322,14.95628266,1,20,-6,200,-1,-1,49,14,20,1.0
27,1,15,276078,277599,277599,278605,278605,279212,279245,288245,288245,288872,288904,288937,292034,1521,1006,607,9000,627,717,0,600,1722,3130,3097,1122,218.2912208,15.95798861,1,7,13,150,1,1,51,20,7,2.0
27,1,16,292037,293562,293562,294568,294568,295194,295226,301226,301226,301841,301874,301907,304972,1525,1006,626,6000,615,1293,0,600,1135,3098,3065,535,231.2290077,12.93778692,1,2,3,170,1,1,51,5,2,2.0
27,1,17,304975,306500,306500,307502,307502,308105,308137,316637,316637,317239,317273,317306,320418,1525,1002,603,8500,602,794,0,600,1674,3145,3112,1074,246.6747211,15.44571337,1,28,-18,160,-1,-1,49,10,28,1.0
27,1,18,320421,321942,321942,322948,322948,323551,323583,330083,330083,330683,330715,330748,333869,1521,1006,603,6500,600,698,0,600,1772,3154,3121,1172,260.1254794,13.45075829,1,28,-18,200,-1,-1,49,10,28,1.0
27,1,19,333871,335398,335398,336404,336404,337005,337037,345037,345037,345653,345686,345719,348812,1527,1006,601,8000,616,1166,0,600,1284,3126,3093,684,275.0688916,14.94341225,1,4,3,160,1,1,51,7,4,2.0
27,1,20,348815,350338,350338,351343,351343,351976,352008,359008,359008,359632,359664,359697,362754,1523,1005,633,7000,624,1585,0,600,830,3090,3057,230,289.0108312,13.94193955,1,4,1,150,1,1,51,5,4,2.0
27,1,21,362757,364280,364280,365286,365286,365890,365922,373422,373422,374041,374074,374107,377194,1523,1006,604,7500,619,736,0,600,1712,3120,3087,1112,303.451625,14.44079381,0,13,1,210,1,-1,49,14,13,1.0
27,1,22,377197,378720,378720,379726,379726,380328,380360,387360,387360,387974,388006,388039,391153,1523,1006,602,7000,614,700,0,600,1755,3147,3114,1155,317.4097344,13.95810945,1,2,5,190,1,1,51,7,2,2.0
27,1,23,391156,392680,392680,393684,393684,394284,394316,402816,402816,403418,403450,403483,406586,1524,1004,600,8500,602,1050,0,600,1420,3136,3103,820,332.8434314,15.43369698,0,27,1,210,1,-1,49,28,27,1.0
27,1,24,406589,408114,408114,409119,409119,409741,409773,415773,415773,416397,416430,416464,419543,1525,1005,622,6000,624,301,0,600,2123,3113,3079,1523,345.8000118,12.9565804,1,7,7,180,1,1,51,14,7,2.0
27,1,25,419546,421073,421073,422083,422083,422691,422723,431723,431723,432339,432372,432405,435478,1527,1010,608,9000,616,724,0,600,1715,3106,3073,1115,361.7348292,15.93481741,1,57,-37,210,-1,-1,49,20,57,1.0
27,1,26,435481,437005,437005,438010,438010,438617,438649,446649,446649,447269,447302,447336,450422,1524,1005,607,8000,620,416,0,600,2028,3120,3086,1428,376.6794638,14.94463453,1,79,-51,150,-1,-1,49,28,79,1.0
27,1,27,450425,451950,451950,452956,452956,453586,453618,460118,460118,460738,460770,460804,463878,1525,1006,630,6500,620,954,0,600,1465,3108,3074,865,390.1350283,13.45556454,1,5,2,150,1,1,51,7,5,2.0
27,1,28,463881,465403,465403,466407,466407,467010,467042,474542,474542,475168,475201,475234,478333,1522,1004,603,7500,626,1331,0,600,1114,3132,3099,514,404.5893043,14.45427596,1,9,1,210,1,1,51,10,9,2.0
27,1,29,478336,479855,479855,480861,480861,481466,481500,489000,489000,489618,489650,489684,492775,1519,1006,605,7500,618,452,0,600,2000,3125,3091,1400,419.0324049,14.44310065,1,4,6,150,1,1,51,10,4,2.0
27,1,30,492778,494301,494301,495304,495304,495910,495943,503943,503943,504573,504606,504640,507725,1523,1003,606,8000,630,477,0,600,1961,3119,3085,1361,433.9818822,14.94947725,1,10,10,200,1,1,51,20,10,2.0
27,1,31,507728,509251,509251,510255,510255,510855,510887,519388,519388,520005,520038,520071,523190,1523,1004,600,8501,617,1418,0,600,1037,3152,3119,437,449.445789,15.46390685,1,4,1,190,1,1,51,5,4,2.0
27,1,32,523193,524713,524713,525720,525720,526346,526379,535379,535379,535996,536028,536062,539139,1520,1007,626,9000,617,665,0,600,1765,3111,3077,1165,465.3959494,15.95016041,1,2,3,210,1,1,51,5,2,2.0
27,1,33,539142,540666,540666,541672,541672,542277,542310,548810,548810,549443,549476,549509,552598,1524,1006,605,6500,633,1421,0,600,1011,3122,3089,411,478.8544564,13.45850694,0,10,4,190,1,-1,49,14,10,1.0
27,1,34,552601,554120,554120,555126,555126,555729,555763,561763,561763,562363,562396,562429,565536,1519,1006,603,6000,600,562,0,600,1910,3140,3107,1310,491.7920914,12.93763504,1,14,14,190,1,1,51,28,14,2.0
27,1,35,565539,567060,567060,568063,568063,568696,568729,575729,575729,576331,576363,576397,579478,1521,1003,633,7000,602,605,0,600,1836,3115,3081,1236,505.7351167,13.94302531,1,20,-13,160,-1,-1,49,7,20,1.0
27,1,36,579481,581006,581006,582010,582010,582638,582670,589170,589170,589787,589819,589852,592933,1525,1004,628,6500,617,670,0,600,1756,3114,3081,1156,519.189836,13.45471925,1,3,2,160,1,1,51,5,3,2.0
27,2,37,24331,25853,25853,26868,26868,27496,27529,35529,35529,36130,36162,36198,39302,1522,1015,628,8000,601,1428,0,600,1006,3140,3104,406,14.98388222,14.98388222,1,14,-9,190,-1,-1,49,5,14,1.0
27,2,38,39307,40833,40833,41839,41839,42464,42496,50996,50996,51610,51643,51676,54738,1526,1006,625,8500,614,417,0,600,2012,3095,3062,1412,30.41775279,15.43387056,1,2,3,150,1,1,51,5,2,2.0
27,2,39,54741,56268,56268,57273,57273,57878,57912,64412,64412,65043,65075,65108,68173,1527,1005,605,6500,631,1398,0,600,1034,3098,3065,434,43.85237733,13.43462454,0,29,-1,210,-1,1,51,28,29,2.0
27,2,40,68176,69699,69699,70703,70703,71308,71341,78341,78341,78942,78975,79008,82120,1523,1004,605,7000,601,1799,0,600,668,3145,3112,68,57.79978761,13.94741028,1,29,-1,150,-1,-1,49,28,29,1.0
27,2,41,82123,83647,83647,84650,84650,85254,85288,91288,91288,91904,91937,91971,95076,1524,1003,604,6000,616,369,0,600,2084,3139,3105,1484,70.75534763,12.95556002,1,57,-37,150,-1,-1,49,20,57,1.0
27,2,42,95078,96602,96602,97605,97605,98233,98265,105765,105765,106390,106423,106456,109525,1524,1003,628,7500,625,494,0,600,1926,3102,3069,1326,85.20432704,14.44897941,1,10,-5,160,-1,-1,49,5,10,1.0
27,2,43,109528,111049,111049,112053,112053,112671,112703,121703,121703,122327,122359,122392,125488,1521,1004,618,9000,624,876,0,600,1557,3129,3096,957,101.1677804,15.96345332,1,7,-2,190,-1,-1,49,5,7,1.0
27,2,44,125491,127013,127013,128018,128018,128622,128654,136654,136654,137254,137287,137320,140427,1522,1005,604,8000,600,986,0,600,1483,3140,3107,883,116.105325,14.93754464,1,20,-10,150,-1,-1,49,10,20,1.0
27,2,45,140430,141948,141948,142953,142953,143554,143586,151086,151086,151701,151734,151768,154869,1518,1005,601,7500,615,1143,0,600,1318,3135,3101,718,130.5472067,14.44188169,1,5,5,160,1,1,51,10,5,2.0
27,2,46,154871,156391,156391,157396,157396,158000,158033,167033,167033,167652,167684,167717,170823,1520,1005,604,9000,619,693,0,600,1759,3139,3106,1159,146.5025356,15.95532889,1,5,9,210,1,1,51,14,5,2.0
27,2,47,170825,172352,172352,173358,173358,173958,173991,180991,180991,181611,181644,181677,184785,1527,1006,600,7000,620,953,0,600,1494,3141,3108,894,160.4634012,13.96086561,1,7,7,180,1,1,51,14,7,2.0
27,2,48,184787,186301,186301,187305,187305,187906,187938,194438,194438,195041,195074,195107,198227,1514,1004,601,6500,603,1094,0,600,1384,3153,3120,784,173.9062342,13.44283305,1,40,-20,180,-1,-1,49,20,40,1.0
27,2,49,198230,199755,199755,200763,200763,201366,201399,207399,207399,208027,208060,208093,211166,1525,1008,603,6000,628,722,0,600,1714,3106,3073,1114,186.845141,12.93890675,1,14,-7,150,-1,-1,49,7,14,1.0
27,2,50,211169,212691,212691,213722,213722,214351,214383,222883,222883,223500,223532,223565,226621,1522,1031,629,8500,617,703,0,600,1698,3089,3056,1098,202.299925,15.45478404,1,4,3,150,1,1,51,7,4,2.0
27,2,51,226624,228151,228151,229158,229158,229787,229820,237820,237820,238442,238474,238508,241560,1527,1007,629,8000,622,638,0,600,1777,3086,3052,1177,217.2384328,14.93850776,1,20,-13,180,-1,-1,49,7,20,1.0
27,2,52,241563,243090,243090,244095,244095,244701,244734,250734,250734,251352,251385,251418,254503,1527,1005,606,6000,618,508,0,600,1936,3118,3085,1336,230.182508,12.94407522,1,5,5,210,1,1,51,10,5,2.0
27,2,53,254506,256029,256029,257035,257035,257640,257672,266172,266172,266774,266808,266841,269964,1523,1006,605,8500,602,964,0,600,1500,3156,3123,900,245.642644,15.46013604,1,20,8,190,1,1,51,28,20,2.0
27,2,54,269967,271492,271492,272498,272498,273109,273141,282141,282141,282744,282777,282810,285928,1525,1006,611,9000,603,545,0,600,1910,3151,3118,1310,261.6068122,15.96416812,1,40,-20,200,-1,-1,49,20,40,1.0
27,2,55,285931,287453,287453,288458,288458,289064,289097,295597,295597,296213,296246,296279,299381,1522,1005,606,6500,616,425,0,600,2026,3135,3102,1426,275.0604749,13.45366271,1,5,9,190,1,1,51,14,5,2.0
27,2,56,299384,300913,300913,301921,301921,302526,302559,310059,310059,310660,310692,310726,313821,1529,1008,605,7500,601,810,0,600,1647,3129,3095,1047,289.4998017,14.43932683,1,28,-18,180,-1,-1,49,10,28,1.0
27,2,57,313824,315348,315348,316354,316354,316976,317009,324009,324009,324630,324663,324696,327756,1524,1006,622,7000,621,1393,0,600,1034,3093,3060,434,303.4354463,13.93564462,1,7,-2,160,-1,-1,49,5,7,1.0
27,2,58,327759,329286,329286,330295,330295,330910,330943,339443,339443,340059,340092,340124,343205,1527,1009,615,8500,616,889,0,600,1544,3113,3081,944,318.8836257,15.44817933,1,5,2,160,1,1,51,7,5,2.0
27,2,59,343208,344730,344730,345738,345738,346344,346377,353877,353877,354478,354510,354544,357658,1522,1008,606,7500,601,604,0,600,1859,3148,3114,1259,333.3365657,14.45294007,1,28,-8,150,-1,-1,49,20,28,1.0
27,2,60,357661,359179,359179,360181,360181,360785,360818,368818,368818,369422,369455,369489,372620,1518,1002,604,8000,604,814,0,600,1658,3165,3131,1058,348.2989134,14.96234766,1,20,8,180,1,1,51,28,20,2.0
27,2,61,372623,374148,374148,375156,375156,375785,375818,382318,382318,382949,382982,383016,386073,1525,1008,629,6500,631,484,0,600,1923,3091,3057,1323,361.7523814,13.45346804,1,14,-9,180,-1,-1,49,5,14,1.0
27,2,62,386076,387601,387601,388607,388607,389212,389245,395245,395245,395845,395877,395911,399015,1525,1006,605,6000,600,559,0,600,1905,3138,3104,1305,374.6940829,12.94170148,1,28,-8,150,-1,-1,49,20,28,1.0
27,2,63,399017,400545,400545,401555,401555,402158,402190,409190,409190,409806,409838,409872,412963,1528,1010,603,7000,616,645,0,600,1798,3125,3091,1198,388.641693,13.94761007,1,57,-37,190,-1,-1,49,20,57,1.0
27,2,64,412966,414489,414489,415492,415492,416098,416130,425130,425130,425733,425765,425799,428921,1523,1003,606,9000,603,935,0,600,1530,3156,3122,930,404.6001351,15.95844215,1,14,-4,210,-1,-1,49,10,14,1.0
27,2,65,428924,430447,430447,431450,431450,432056,432088,440088,440088,440688,440721,440754,443886,1523,1003,606,8000,600,620,0,600,1848,3165,3132,1248,419.5639009,14.96376582,0,20,8,150,1,-1,49,28,20,1.0
27,2,66,443889,445416,445416,446421,446421,447025,447058,454558,454558,455177,455209,455242,458320,1527,1005,604,7500,619,633,0,600,1812,3111,3078,1212,433.99908,14.43517903,1,5,5,170,1,1,51,10,5,2.0
27,2,67,458323,459841,459841,460844,460844,461447,461480,470480,470480,471111,471143,471176,474269,1518,1003,603,9000,631,289,0,600,2156,3126,3093,1556,449.9481941,15.94911412,1,28,-14,210,-1,-1,49,14,28,1.0
27,2,68,474272,475800,475800,476806,476806,477411,477443,485943,485943,486557,486589,486622,489708,1528,1006,605,8500,614,254,0,600,2193,3119,3086,1593,465.3866304,15.43843634,1,79,-51,210,-1,-1,49,28,79,1.0
27,2,69,489710,491233,491233,492234,492234,492854,492886,499386,499386,499989,500022,500055,503169,1523,1001,620,6500,603,1182,0,600,1271,3147,3114,671,478.8479963,13.46136586,1,20,-13,200,-1,-1,49,7,20,1.0
27,2,70,503172,504698,504698,505707,505707,506312,506344,512344,512344,512946,512979,513011,516115,1526,1009,605,6000,602,657,0,600,1801,3136,3104,1201,491.7933194,12.94532312,1,28,-14,200,-1,-1,49,14,28,1.0
27,2,71,516118,517643,517643,518649,518649,519255,519288,526288,526288,526888,526921,526954,530079,1525,1006,606,7000,600,710,0,600,1753,3158,3125,1153,505.7572684,13.96394904,1,40,-26,200,-1,-1,49,14,40,1.0
27,2,72,530082,531603,531603,532609,532609,533212,533244,539244,539244,539866,539899,539932,543036,1521,1006,603,6000,622,749,0,600,1699,3137,3104,1099,518.7143328,12.95706437,0,8,-1,190,-1,1,51,7,8,2.0
27,3,73,20609,22134,22134,23149,23149,23765,23798,29798,29798,30414,30448,30485,33563,1525,1015,616,6000,616,620,0,600,1808,3115,3078,1208,12.96654639,12.96654639,1,57,-37,160,-1,-1,49,20,57,1.0
27,3,74,33568,35093,35093,36099,36099,36719,36751,44751,44751,45362,45395,45429,48503,1525,1006,620,8000,611,755,0,600,1683,3108,3074,1083,27.90442884,14.93788245,1,3,2,170,1,1,51,5,3,2.0
27,3,75,48506,50029,50029,51034,51034,51664,51696,60696,60696,61311,61343,61376,64447,1523,1005,630,9000,615,624,0,600,1803,3104,3071,1203,43.84934212,15.94491328,1,4,3,210,1,1,51,7,4,2.0
27,3,76,64450,65970,65970,66975,66975,67598,67631,76131,76131,76755,76787,76821,79902,1520,1005,623,8500,624,826,0,600,1602,3115,3081,1002,59.30396584,15.45462372,1,7,-2,180,-1,-1,49,5,7,1.0
27,3,77,79905,81431,81431,82439,82439,83046,83078,90078,90078,90710,90743,90776,93842,1526,1008,607,7000,632,975,0,600,1452,3099,3066,852,73.24396439,13.93999854,1,20,8,150,1,1,51,28,20,2.0
27,3,78,93844,95371,95371,96376,96376,96977,97009,104509,104509,105127,105159,105192,108292,1527,1005,601,7500,618,1593,0,600,856,3133,3100,256,87.69417422,14.45020983,1,5,5,160,1,1,51,10,5,2.0
27,3,79,108295,109815,109815,110819,110819,111424,111456,117956,117956,118583,118616,118649,121737,1520,1004,605,6500,627,438,0,600,2006,3121,3088,1406,101.1387801,13.4446059,1,40,-26,150,-1,-1,49,14,40,1.0
27,3,80,121740,123259,123259,124266,124266,124873,124906,131906,131906,132525,132558,132591,135674,1519,1007,607,7000,619,541,0,600,1907,3116,3083,1307,115.0762117,13.93743163,1,79,-51,150,-1,-1,49,28,79,1.0
27,3,81,135677,137200,137200,138205,138205,138809,138842,147342,147342,147942,147975,148009,151110,1523,1005,604,8500,600,427,0,600,2041,3135,3101,1441,130.5120736,15.43586189,1,10,10,210,1,1,51,20,10,2.0
27,3,82,151113,152632,152632,153635,153635,154242,154275,163275,163275,163876,163908,163941,167069,1519,1003,607,9000,601,1718,0,600,752,3161,3128,152,146.4712577,15.95918407,1,29,-1,200,-1,-1,49,28,29,1.0
27,3,83,167072,168592,168592,169596,169596,170196,170228,176728,176728,177328,177361,177395,180505,1520,1004,600,6500,600,1151,0,600,1325,3144,3110,725,159.9073664,13.4361087,1,14,-4,160,-1,-1,49,10,14,1.0
27,3,84,180508,182035,182035,183044,183044,183650,183683,191683,191683,192294,192326,192358,195468,1527,1009,606,8000,611,203,0,600,2244,3142,3110,1644,174.8695598,14.96219337,1,56,-28,150,-1,-1,49,28,56,1.0
27,3,85,195471,196985,196985,197988,197988,198593,198626,204626,204626,205230,205262,205295,208427,1514,1003,605,6000,604,654,0,600,1820,3165,3132,1220,187.8289048,12.95934499,1,14,6,180,1,1,51,20,14,2.0
27,3,86,208430,209950,209950,210958,210958,211581,211614,219114,219114,219737,219769,219803,222887,1520,1008,623,7500,623,833,0,600,1593,3118,3084,993,202.2886744,14.4597696,1,7,-2,150,-1,-1,49,5,7,1.0
27,3,87,222890,224417,224417,225423,225423,226055,226087,234587,234587,235219,235251,235285,238334,1527,1006,632,8500,632,535,0,600,1868,3083,3049,1268,217.7350995,15.44642516,1,20,-13,150,-1,-1,49,7,20,1.0
27,3,88,238336,239858,239858,240866,240866,241494,241527,248027,248027,248660,248692,248725,251776,1522,1008,628,6500,633,1256,0,600,1153,3084,3051,553,231.1780444,13.44294485,1,10,4,210,1,1,51,14,10,2.0
27,3,89,251779,253302,253302,254307,254307,254909,254942,260942,260942,261543,261576,261610,264725,1523,1005,602,6000,601,634,0,600,1835,3149,3115,1235,244.1266682,12.94862382,1,28,-14,180,-1,-1,49,14,28,1.0
27,3,90,264727,266252,266252,267258,267258,267863,267896,275896,275896,276525,276558,276591,279690,1525,1006,605,8000,629,616,0,600,1819,3132,3099,1219,259.0921496,14.96548141,1,40,-26,190,-1,-1,49,14,40,1.0
27,3,91,279693,281220,281220,282226,282226,282831,282863,291863,291863,292481,292513,292547,295649,1527,1006,605,9000,618,306,0,600,2138,3136,3102,1538,275.0512484,15.95909879,1,57,-37,160,-1,-1,49,20,57,1.0
27,3,92,295652,297174,297174,298182,298182,298783,298815,305815,305815,306447,306480,306513,309609,1522,1008,601,7000,632,553,0,600,1884,3129,3096,1284,289.0111789,13.95993052,1,14,-7,170,-1,-1,49,7,14,1.0
27,3,93,309612,311134,311134,312139,312139,312762,312794,320294,320294,320910,320942,320975,324057,1522,1005,623,7500,616,831,0,600,1603,3115,3082,1003,303.4587827,14.44760374,1,4,1,160,1,1,51,5,4,2.0
27,3,94,324060,325585,325585,326595,326595,327202,327234,333234,333234,333866,333899,333933,336993,1525,1010,607,6000,632,426,0,600,2000,3094,3060,1400,316.3945153,12.93573261,1,20,-6,180,-1,-1,49,14,20,1.0
27,3,95,336996,338516,338516,339518,339518,340139,340172,349172,349172,349788,349820,349854,352932,1520,1002,621,9000,616,567,0,600,1874,3112,3078,1274,332.3340922,15.93957695,1,4,3,180,1,1,51,7,4,2.0
27,3,96,352935,354462,354462,355466,355466,356067,356100,363600,363600,364230,364263,364296,367393,1527,1004,601,7500,630,848,0,600,1590,3130,3097,990,346.7943256,14.46023338,1,14,14,210,1,1,51,28,14,2.0
27,3,97,367395,368922,368922,369925,369925,370548,370580,379080,379080,379696,379728,379762,382850,1527,1003,623,8500,616,1483,0,600,948,3122,3088,348,362.251842,15.4575164,1,10,-5,180,-1,-1,49,5,10,1.0
27,3,98,382853,384375,384375,385385,385385,386007,386039,392539,392539,393171,393203,393236,396290,1522,1010,622,6500,632,1255,0,600,1159,3087,3054,559,375.6911074,13.43926535,1,11,-1,170,-1,-1,49,10,11,1.0
27,3,99,396292,397812,397812,398819,398819,399427,399460,406460,406460,407061,407094,407127,410227,1520,1007,608,7000,601,325,0,600,2139,3133,3100,1539,389.628099,13.93699166,1,28,-14,170,-1,-1,49,14,28,1.0
27,3,100,410230,411749,411749,412751,412751,413374,413407,421407,421407,422026,422058,422091,425192,1519,1002,623,8000,619,813,0,600,1624,3134,3101,1024,404.5930039,14.96490493,1,4,1,180,1,1,51,5,4,2.0
27,3,101,425195,426720,426720,427726,427726,428357,428390,435890,435890,436491,436523,436557,439642,1525,1006,631,7500,601,768,0,600,1669,3119,3085,1069,419.0437231,14.45071911,1,20,-13,200,-1,-1,49,7,20,1.0
27,3,102,439645,441170,441170,442174,442174,442780,442812,448812,448812,449414,449446,449479,452584,1525,1004,606,6000,602,620,0,600,1843,3138,3105,1243,431.9858657,12.94214266,1,14,-4,160,-1,-1,49,10,14,1.0
27,3,103,452587,454110,454110,455116,455116,455719,455752,462252,462252,462869,462902,462935,466032,1523,1006,603,6500,617,556,0,600,1895,3130,3097,1295,445.4339501,13.4480844,1,5,2,190,1,1,51,7,5,2.0
27,3,104,466035,467555,467555,468560,468560,469163,469195,478195,478195,478827,478860,478893,481986,1520,1005,603,9000,632,220,0,600,2220,3126,3093,1620,461.3877063,15.95375613,1,11,-1,210,-1,-1,49,10,11,1.0
27,3,105,481989,483515,483515,484520,484520,485127,485159,493159,493159,493790,493823,493857,496942,1526,1005,607,8000,631,897,0,600,1534,3119,3085,934,476.3437264,14.95602019,0,21,-1,200,-1,1,51,20,21,2.0
27,3,106,496945,498476,498476,499477,499477,500086,500118,507118,507118,507720,507752,507786,510889,1531,1001,609,7000,602,499,0,600,1958,3137,3103,1358,490.2907172,13.9469908,1,40,-20,170,-1,-1,49,20,40,1.0
27,3,107,510892,512414,512414,513417,513417,514022,514054,522554,522554,523186,523217,523251,526323,1522,1003,605,8500,632,364,0,600,2074,3106,3072,1474,505.7243169,15.43359965,1,20,8,210,1,1,51,28,20,2.0
27,3,108,526325,527855,527855,528863,528863,529486,529518,537018,537018,537635,537667,537700,540762,1530,1008,623,7500,617,390,0,600,2032,3095,3062,1432,520.1637956,14.43947871,1,4,6,150,1,1,51,10,4,2.0
27,4,109,52503,54029,54029,55048,55048,55656,55689,64690,64690,65293,65325,65361,68458,1526,1019,608,9001,603,871,0,600,1572,3133,3097,972,15.96724854,15.96724854,1,28,-18,180,-1,-1,49,10,28,1.0
27,4,110,68463,69991,69991,70998,70998,71603,71635,77635,77635,78266,78298,78331,81402,1528,1007,605,6000,631,1012,0,600,1417,3104,3071,817,28.90848895,12.94124041,1,10,18,160,1,1,51,28,10,2.0
27,4,111,81405,82928,82928,83932,83932,84532,84564,93064,93064,93667,93699,93733,96844,1523,1004,600,8500,603,1118,0,600,1352,3145,3111,752,44.35070302,15.44221408,1,14,-7,150,-1,-1,49,7,14,1.0
27,4,112,96847,98376,98376,99384,99384,100011,100043,107543,107543,108143,108176,108209,111302,1529,1008,627,7500,600,1071,0,600,1365,3126,3093,765,58.80909997,14.45839694,1,14,-9,200,-1,-1,49,5,14,1.0
27,4,113,111305,112827,112827,113834,113834,114437,114470,120970,120970,121572,121604,121637,124762,1522,1007,603,6500,602,871,0,600,1595,3158,3125,995,72.2687436,13.45964363,1,28,-18,190,-1,-1,49,10,28,1.0
27,4,114,124765,126290,126290,127297,127297,127904,127936,134936,134936,135561,135593,135626,138706,1525,1007,607,7000,625,761,0,600,1675,3113,3080,1075,86.21325247,13.94450887,1,7,13,170,1,1,51,20,7,2.0
27,4,115,138709,140229,140229,141235,141235,141840,141872,149872,149872,150504,150536,150570,153652,1520,1006,605,8000,632,1509,0,600,928,3116,3082,328,101.1591045,14.94585199,1,15,-1,180,-1,-1,49,14,15,1.0
27,4,116,153655,155182,155182,156186,156186,156792,156825,163825,163825,164427,164460,164493,167612,1527,1004,606,7000,602,799,0,600,1662,3152,3119,1062,115.1192471,13.96014267,1,56,-28,180,-1,-1,49,28,56,1.0
27,4,117,167615,169142,169142,170148,170148,170754,170786,179786,179786,180405,180439,180472,183573,1527,1006,606,9000,619,913,0,600,1529,3134,3101,929,131.0797529,15.9605058,1,5,2,160,1,1,51,7,5,2.0
27,4,118,183575,185101,185101,186104,186104,186707,186739,194239,194239,194869,194902,194935,198022,1526,1003,603,7500,630,1349,0,600,1089,3120,3087,489,145.5288909,14.44913792,1,7,13,150,1,1,51,20,7,2.0
27,4,119,198024,199542,199542,200546,200546,201168,201200,207700,207700,208301,208333,208367,211482,1518,1004,622,6500,601,375,0,600,2080,3149,3115,1480,158.9891746,13.4602837,1,14,-9,180,-1,-1,49,5,14,1.0
27,4,120,211485,213008,213008,214014,214014,214624,214656,223156,223156,223774,223807,223841,226945,1523,1006,610,8500,618,1080,0,600,1363,3138,3104,763,174.4518323,15.46265775,1,5,9,190,1,1,51,14,5,2.0
27,4,121,226949,228474,228474,229479,229479,230084,230117,236117,236117,236740,236773,236806,239902,1525,1005,605,6000,623,681,0,600,1761,3129,3096,1161,187.4090654,12.95723312,1,7,7,200,1,1,51,14,7,2.0
27,4,122,239905,241431,241431,242436,242436,243040,243073,251073,251073,251689,251721,251754,254854,1526,1005,604,8000,616,624,0,600,1825,3133,3100,1225,202.36114,14.95207459,1,2,5,150,1,1,51,7,2,2.0
27,4,123,254858,256387,256387,257389,257389,257994,258026,265526,265526,266157,266189,266223,269294,1529,1002,605,7500,631,2017,0,600,416,3105,3071,-184,216.8010045,14.43986444,1,10,4,170,1,1,51,14,10,2.0
27,4,124,269297,270820,270820,271828,271828,272436,272470,278970,278970,279601,279633,279667,282738,1523,1008,608,6500,631,983,0,600,1447,3105,3071,847,230.2443329,13.44332847,1,10,18,170,1,1,51,28,10,2.0
27,4,125,282741,284263,284263,285266,285266,285885,285917,292917,292917,293545,293577,293610,296697,1522,1003,619,7000,628,901,0,600,1527,3120,3087,927,244.2029806,13.95864767,1,14,-4,170,-1,-1,49,10,14,1.0
27,4,126,296699,298226,298226,299233,299233,299835,299868,308868,308868,309488,309520,309553,312659,1527,1007,602,9000,620,561,0,600,1883,3139,3106,1283,260.1652364,15.96225575,1,7,7,180,1,1,51,14,7,2.0
27,4,127,312662,314182,314182,315189,315189,315797,315829,324329,324329,324932,324964,324997,328112,1520,1007,608,8500,603,607,0,600,1855,3148,3115,1255,275.6187719,15.45353554,1,10,-3,180,-1,-1,49,7,10,1.0
27,4,128,328115,329634,329634,330638,330638,331243,331276,337276,337276,337907,337939,337972,341051,1519,1004,605,6000,631,1053,0,600,1388,3112,3079,788,288.5567303,12.93795839,0,14,6,160,1,-1,49,20,14,1.0
27,4,129,341053,342575,342575,343577,343577,344182,344215,352215,352215,352815,352847,352880,355997,1522,1002,605,8000,600,478,0,600,1993,3150,3117,1393,303.5030849,14.94635464,1,28,-8,170,-1,-1,49,20,28,1.0
27,4,130,356001,357524,357524,358529,358529,359133,359166,365666,365666,366296,366328,366362,369454,1523,1005,604,6500,630,642,0,600,1796,3126,3092,1196,316.9607797,13.45769479,1,10,10,160,1,1,51,20,10,2.0
27,4,131,369458,370981,370981,371987,371987,372613,372646,380646,380646,381262,381295,381328,384416,1523,1006,626,8000,616,934,0,600,1495,3121,3088,895,331.9219581,14.96117842,1,4,3,180,1,1,51,7,4,2.0
27,4,132,384419,385939,385939,386943,386943,387546,387579,395079,395079,395705,395737,395771,398881,1520,1004,603,7500,626,1088,0,600,1359,3144,3110,759,346.3868215,14.46486334,1,20,-10,180,-1,-1,49,10,20,1.0
27,4,133,398883,400405,400405,401412,401412,402040,402072,409072,409072,409700,409732,409766,412830,1522,1007,628,7000,628,874,0,600,1541,3098,3064,941,360.3367679,13.94994645,1,7,-2,170,-1,-1,49,5,7,1.0
27,4,134,412833,414360,414360,415363,415363,415990,416022,425022,425022,425637,425669,425702,428776,1527,1003,627,9000,615,1244,0,600,1184,3107,3074,584,376.2818557,15.94508776,1,3,2,150,1,1,51,5,3,2.0
27,4,135,428779,430302,430302,431306,431306,431908,431940,440440,440440,441056,441088,441121,444213,1523,1004,602,8500,616,1039,0,600,1416,3125,3092,816,391.7196432,15.43778753,1,4,3,210,1,1,51,7,4,2.0
27,4,136,444216,445745,445745,446755,446755,447357,447390,453390,453390,453992,454024,454057,457152,1529,1010,602,6000,602,813,0,600,1644,3128,3095,1044,404.6586524,12.93900921,1,20,-6,160,-1,-1,49,14,20,1.0
27,4,137,457155,458678,458678,459685,459685,460292,460324,468324,468324,468943,468975,469008,472102,1523,1007,607,8000,619,614,0,600,1830,3127,3094,1230,419.6084554,14.94980301,1,56,-28,170,-1,-1,49,28,56,1.0
27,4,138,472105,473627,473627,474630,474630,475233,475265,481765,481765,482391,482423,482457,485563,1522,1003,603,6500,626,628,0,600,1818,3140,3106,1218,433.0696429,13.46118746,1,7,13,150,1,1,51,20,7,2.0
27,4,139,485566,487083,487083,488090,488090,488694,488728,494728,494728,495361,495393,495426,498527,1517,1007,604,6000,633,652,0,600,1787,3134,3101,1187,446.032991,12.96334815,1,11,-1,160,-1,-1,49,10,11,1.0
27,4,140,498530,500052,500052,501058,501058,501688,501721,510221,510221,510837,510869,510902,513989,1522,1006,630,8500,616,641,0,600,1785,3120,3087,1185,461.4953574,15.46236634,1,2,3,150,1,1,51,5,2,2.0
27,4,141,513991,515519,515519,516524,516524,517131,517164,524664,524664,525285,525317,525350,528433,1528,1005,607,7500,621,834,0,600,1605,3116,3083,1005,475.939222,14.44386458,1,56,-28,160,-1,-1,49,28,56,1.0
27,4,142,528436,529960,529960,530968,530968,531571,531603,538603,538603,539234,539266,539300,542374,1524,1008,603,7000,631,70,0,600,2364,3108,3074,1764,489.880387,13.94116507,0,20,8,160,1,-1,49,28,20,1.0
27,4,143,542377,543902,543902,544909,544909,545511,545543,554543,554543,555166,555199,555232,558329,1525,1007,602,9000,623,1237,0,600,1206,3130,3097,606,505.8345919,15.95420485,1,7,-2,210,-1,-1,49,5,7,1.0
27,4,144,558332,559853,559853,560860,560860,561464,561497,568497,568497,569129,569161,569194,572286,1521,1007,604,7000,632,414,0,600,2022,3125,3092,1422,519.792268,13.95767611,1,14,-4,190,-1,-1,49,10,14,1.0
27,5,145,28304,29827,29827,30849,30849,31478,31511,38511,38511,39127,39159,39195,42248,1523,1022,629,7000,616,531,0,600,1879,3089,3053,1279,13.95657497,13.95657497,1,2,3,160,1,1,51,5,2,2.0
27,5,146,42253,43775,43775,44780,44780,45386,45418,51918,51918,52536,52569,52603,55695,1522,1005,606,6500,618,354,0,600,2095,3126,3092,1495,27.4018098,13.44523482,1,79,-51,190,-1,-1,49,28,79,1.0
27,5,147,55698,57219,57219,58222,58222,58825,58857,67357,67357,67971,68004,68038,71151,1521,1003,603,8500,614,568,0,600,1891,3147,3113,1291,42.85681111,15.45500132,1,4,3,170,1,1,51,7,4,2.0
27,5,148,71154,72678,72678,73686,73686,74318,74350,82350,82350,82976,83009,83042,86085,1524,1008,632,8000,626,469,0,600,1941,3076,3043,1341,57.7916695,14.93485839,1,14,-9,200,-1,-1,49,5,14,1.0
27,5,149,86088,87609,87609,88614,88614,89232,89264,95264,95264,95890,95922,95955,99032,1521,1005,618,6000,626,532,0,600,1898,3110,3077,1298,70.7379473,12.9462778,1,7,-2,170,-1,-1,49,5,7,1.0
27,5,150,99035,100558,100558,101564,101564,102167,102199,109699,109699,110318,110352,110385,113493,1523,1006,603,7500,619,597,0,600,1852,3141,3108,1252,85.19949487,14.46154757,1,5,2,180,1,1,51,7,5,2.0
27,5,151,113496,115018,115018,116022,116022,116626,116658,125658,125658,126276,126310,126343,129436,1522,1004,604,9000,618,421,0,600,2031,3126,3093,1431,101.1423873,15.94289242,1,57,-37,200,-1,-1,49,20,57,1.0
27,5,152,129439,130965,130965,131970,131970,132578,132610,138610,138610,139212,139244,139278,142383,1526,1005,608,6000,602,1180,0,600,1279,3139,3105,679,114.089445,12.9470577,0,10,4,150,1,-1,49,14,10,1.0
27,5,153,142386,143910,143910,144913,144913,145516,145549,154049,154049,154680,154712,154746,157821,1524,1003,603,8500,631,1047,0,600,1392,3109,3075,792,129.5269297,15.43748467,1,10,4,190,1,1,51,14,10,2.0
27,5,154,157824,159347,159347,160353,160353,160959,160991,169991,169991,170608,170640,170673,173774,1523,1006,606,9000,617,622,0,600,1826,3134,3101,1226,145.4795892,15.95265952,1,57,-37,210,-1,-1,49,20,57,1.0
27,5,155,173777,175301,175301,176308,176308,176917,176949,183449,183449,184049,184081,184115,187215,1524,1007,609,6500,600,364,0,600,2096,3134,3100,1496,158.9214573,13.44186813,1,28,-8,170,-1,-1,49,20,28,1.0
27,5,156,187219,188741,188741,189747,189747,190349,190381,198381,198381,199011,199045,199078,202171,1522,1006,602,8000,630,1843,0,600,597,3126,3093,-3,173.8769314,14.95547414,1,28,-18,160,-1,-1,49,10,28,1.0
27,5,157,202175,203702,203702,204709,204709,205314,205348,212348,212348,212966,212999,213032,216110,1527,1007,605,7000,618,273,0,600,2170,3111,3078,1570,187.8155489,13.93861745,1,5,5,160,1,1,51,10,5,2.0
27,5,158,216113,217635,217635,218642,218642,219248,219280,226780,226780,227380,227414,227447,230563,1522,1007,606,7500,600,930,0,600,1535,3149,3116,935,202.2693388,14.45378988,1,14,14,150,1,1,51,28,14,2.0
27,5,159,230566,232094,232094,233100,233100,233701,233734,241734,241734,242346,242378,242411,245522,1528,1006,601,8000,612,471,0,600,1982,3144,3111,1382,217.227642,14.95830322,1,2,5,210,1,1,51,7,2,2.0
27,5,160,245525,247048,247048,248057,248057,248664,248696,256196,256196,256800,256832,256865,259961,1523,1009,607,7500,604,524,0,600,1933,3129,3096,1333,231.6672699,14.43962788,1,40,-12,190,-1,-1,49,28,40,1.0
27,5,161,259964,261483,261483,262489,262489,263094,263128,271628,271628,272230,272262,272296,275425,1519,1006,605,8500,602,389,0,600,2079,3163,3129,1479,247.1312041,15.46393427,1,10,10,180,1,1,51,20,10,2.0
27,5,162,275428,276958,276958,277964,277964,278572,278605,287605,287605,288236,288269,288302,291368,1530,1006,608,9000,631,555,0,600,1870,3099,3066,1270,263.072977,15.9417729,1,20,-10,180,-1,-1,49,10,20,1.0
27,5,163,291371,292895,292895,293900,293900,294525,294558,301058,301058,301689,301721,301754,304806,1524,1005,625,6500,631,1059,0,600,1356,3085,3052,756,276.5113242,13.43834714,1,7,-2,180,-1,-1,49,5,7,1.0
27,5,164,304809,306332,306332,307337,307337,307964,307996,314996,314996,315613,315645,315678,318746,1523,1005,627,7000,617,489,0,600,1939,3101,3068,1339,290.4512043,13.93988011,1,2,3,210,1,1,51,5,2,2.0
27,5,165,318749,320272,320272,321275,321275,321882,321914,327914,327914,328514,328548,328582,331686,1523,1003,607,6000,600,1177,0,600,1290,3138,3104,690,303.3914074,12.94020316,0,10,18,170,1,-1,49,28,10,1.0
27,5,166,331689,333211,333211,334213,334213,334816,334849,341349,341349,341965,341997,342031,345150,1522,1002,603,6500,616,411,0,600,2046,3153,3119,1446,316.8553393,13.46393186,1,4,6,200,1,1,51,10,4,2.0
27,5,167,345153,346676,346676,347681,347681,348291,348324,355324,355324,355925,355957,355991,359101,1523,1005,610,7000,601,1147,0,600,1314,3144,3110,714,330.8069634,13.95162407,0,14,14,160,1,-1,49,28,14,1.0
27,5,168,359104,360627,360627,361633,361633,362236,362268,370268,370268,370888,370920,370954,374043,1523,1006,603,8000,620,548,0,600,1900,3123,3089,1300,345.7489105,14.94194708,1,4,3,200,1,1,51,7,4,2.0
27,5,169,374046,375568,375568,376573,376573,377176,377208,383208,383208,383824,383857,383890,387010,1522,1005,603,6000,616,611,0,600,1843,3153,3120,1243,358.7153767,12.96646623,1,2,5,210,1,1,51,7,2,2.0
27,5,170,387012,388539,388539,389544,389544,390148,390180,397680,397680,398309,398341,398374,401442,1527,1005,604,7500,629,1559,0,600,876,3101,3068,276,373.1478987,14.43252202,0,7,3,190,1,-1,49,10,7,1.0
27,5,171,401445,402972,402972,403979,403979,404588,404620,413120,413120,413721,413754,413789,416905,1527,1007,609,8500,601,1121,0,600,1335,3151,3116,735,388.6102421,15.46234344,1,40,-26,150,-1,-1,49,14,40,1.0
27,5,172,416908,418431,418431,419435,419435,420040,420072,429072,429072,429689,429721,429754,432861,1523,1004,605,9000,617,497,0,600,1954,3140,3107,1354,404.5668497,15.95660752,1,56,-28,170,-1,-1,49,28,56,1.0
27,5,173,432864,434387,434387,435390,435390,435995,436027,444027,444027,444649,444681,444714,447802,1523,1003,605,8000,622,707,0,600,1740,3121,3088,1140,419.5070073,14.94015765,1,5,9,180,1,1,51,14,5,2.0
27,5,174,447805,449328,449328,450339,450339,450964,450996,459496,459496,460116,460149,460182,463241,1523,1011,625,8500,620,643,0,600,1778,3092,3059,1178,434.9468006,15.43979332,1,4,1,190,1,1,51,5,4,2.0
27,5,175,463244,464772,464772,465779,465779,466386,466419,472419,472419,473037,473070,473103,476185,1528,1007,607,6000,618,1217,0,600,1223,3115,3082,623,447.8905067,12.94370607,1,10,4,150,1,1,51,14,10,2.0
27,5,176,476188,477711,477711,478718,478718,479322,479354,485854,485854,486456,486489,486522,489647,1523,1007,604,6500,602,220,0,600,2244,3158,3125,1644,461.3516758,13.46116907,1,40,-20,170,-1,-1,49,20,40,1.0
27,5,177,489649,491176,491176,492180,492180,492785,492817,499817,499817,500418,500450,500484,503587,1527,1004,605,7000,601,426,0,600,2037,3137,3103,1437,475.2926513,13.94097552,0,19,1,200,1,-1,49,20,19,1.0
27,5,178,503590,505113,505113,506121,506121,506728,506760,514260,514260,514860,514893,514926,518032,1523,1008,607,7500,600,527,0,600,1935,3139,3106,1335,489.7369022,14.44425091,1,14,-7,190,-1,-1,49,7,14,1.0
27,5,179,518034,519558,519558,520563,520563,521168,521200,530200,530200,530812,530844,530878,533975,1524,1005,605,9000,612,1752,0,600,702,3131,3097,102,505.6808361,15.94393389,1,9,1,190,1,1,51,10,9,2.0
27,5,180,533979,535499,535499,536504,536504,537109,537141,544641,544641,545261,545293,545327,548439,1520,1005,605,7500,620,506,0,600,1944,3146,3112,1344,520.1430855,14.46224942,1,5,9,150,1,1,51,14,5,2.0
27,6,181,24975,26499,26499,27516,27516,28131,28164,37164,37164,37790,37823,37859,40932,1524,1017,615,9000,626,290,0,600,2128,3109,3073,1528,15.9688243,15.9688243,1,7,13,150,1,1,51,20,7,2.0
27,6,182,40937,42462,42462,43470,43470,44075,44108,50608,50608,51240,51272,51307,54391,1525,1008,605,6500,632,343,0,600,2087,3119,3084,1487,29.42697625,13.45815194,1,14,14,190,1,1,51,28,14,2.0
27,6,183,54394,55923,55923,56932,56932,57540,57572,63572,63572,64172,64205,64238,67333,1529,1009,608,6000,600,1039,0,600,1415,3128,3095,815,42.36865362,12.94167737,1,11,-1,200,-1,-1,49,10,11,1.0
27,6,184,67336,68857,68857,69860,69860,70490,70523,78523,78523,79140,79173,79206,82273,1521,1003,630,8000,617,651,0,600,1778,3100,3067,1178,57.30876034,14.94010673,1,3,2,200,1,1,51,5,3,2.0
27,6,185,82277,83806,83806,84819,84819,85451,85483,93983,93983,94616,94648,94682,97728,1529,1013,632,8500,633,301,0,600,2092,3080,3046,1492,72.76353113,15.45477078,1,20,-13,180,-1,-1,49,7,20,1.0
27,6,186,97731,99258,99258,100266,100266,100873,100906,107906,107906,108507,108539,108573,111675,1527,1008,607,7000,601,554,0,600,1903,3136,3102,1303,86.7105162,13.94698507,1,40,-12,170,-1,-1,49,28,40,1.0
27,6,187,111678,113205,113205,114209,114209,114838,114871,122371,122371,122998,123031,123066,126128,1527,1004,629,7500,627,483,0,600,1930,3097,3062,1330,101.1636678,14.45315162,0,7,-2,210,-1,1,51,5,7,2.0
27,6,188,126131,127655,127655,128660,128660,129262,129294,138294,138294,138913,138945,138978,142090,1524,1005,602,9000,619,446,0,600,2004,3145,3112,1404,117.1252015,15.96153371,1,4,3,190,1,1,51,7,4,2.0
27,6,189,142093,143619,143619,144626,144626,145232,145265,153765,153765,154382,154415,154449,157541,1526,1007,606,8500,617,481,0,600,1963,3126,3092,1363,132.5766195,15.45141795,1,79,-51,190,-1,-1,49,28,79,1.0
27,6,190,157544,159071,159071,160077,160077,160685,160718,168218,168218,168834,168867,168900,171994,1527,1006,608,7500,616,454,0,600,1989,3127,3094,1389,147.0285157,14.45189619,1,7,7,180,1,1,51,14,7,2.0
27,6,191,171997,173522,173522,174527,174527,175132,175164,183164,183164,183785,183818,183851,186946,1525,1005,605,8000,621,973,0,600,1471,3128,3095,871,161.9808386,14.95232291,1,5,2,180,1,1,51,7,5,2.0
27,6,192,186949,188476,188476,189482,189482,190111,190144,197144,197144,197759,197792,197825,200890,1527,1006,629,7000,615,780,0,600,1643,3098,3065,1043,175.9254843,13.94464568,1,5,2,180,1,1,51,7,5,2.0
27,6,193,200893,202415,202415,203419,203419,204025,204057,210557,210557,211159,211192,211225,214349,1522,1004,606,6500,602,938,0,600,1528,3157,3124,928,189.3842018,13.45871758,0,10,18,150,1,-1,49,28,10,1.0
27,6,194,214352,215877,215877,216880,216880,217487,217520,223520,223520,224153,224186,224219,227294,1525,1003,607,6000,633,465,0,600,1967,3108,3075,1367,202.3289424,12.94474061,1,10,18,210,1,1,51,28,10,2.0
27,6,195,227297,228824,228824,229828,229828,230432,230465,237465,237465,238096,238129,238162,241258,1527,1004,604,7000,631,683,0,600,1751,3129,3096,1151,216.2932564,13.96431398,1,28,-18,170,-1,-1,49,10,28,1.0
27,6,196,241261,242785,242785,243788,243788,244410,244442,253442,253442,254057,254089,254122,257216,1524,1003,622,9000,615,1359,0,600,1077,3127,3094,477,232.25139,15.95813356,1,3,2,160,1,1,51,5,3,2.0
27,6,197,257220,258745,258745,259754,259754,260375,260408,268408,268408,269025,269057,269091,272165,1525,1009,621,8000,617,368,0,600,2060,3108,3074,1460,247.1995262,14.94813623,1,2,3,190,1,1,51,5,2,2.0
27,6,198,272168,273694,273694,274699,274699,275302,275335,281835,281835,282467,282500,282533,285623,1526,1005,603,6500,632,385,0,600,2049,3123,3090,1449,260.6581151,13.4585889,1,28,-8,190,-1,-1,49,20,28,1.0
27,6,199,285626,287146,287146,288149,288149,288754,288786,294786,294786,295403,295435,295469,298568,1520,1003,605,6000,617,294,0,600,2161,3133,3099,1561,273.6032077,12.94509258,1,4,6,180,1,1,51,10,4,2.0
27,6,200,298571,300096,300096,301101,301101,301727,301759,310259,310259,310874,310906,310940,314004,1525,1005,626,8500,615,1167,0,600,1262,3098,3064,662,289.0393227,15.43611503,1,2,3,210,1,1,51,5,2,2.0
27,6,201,314008,315531,315531,316542,316542,317145,317177,324677,324677,325279,325312,325345,328467,1523,1011,603,7500,602,383,0,600,2078,3155,3122,1478,303.5016719,14.46234917,1,21,-1,200,-1,-1,49,20,21,1.0
27,6,202,328470,329995,329995,330998,330998,331604,331637,339637,339637,340259,340291,340325,343422,1525,1003,606,8000,622,362,0,600,2082,3131,3097,1482,318.4570635,14.95539157,1,7,3,200,1,1,51,10,7,2.0
27,6,203,343425,344948,344948,345954,345954,346560,346592,355592,355592,356192,356224,356257,359368,1523,1006,606,9000,600,566,0,600,1899,3144,3111,1299,334.4030227,15.94595927,1,20,-10,170,-1,-1,49,10,20,1.0
27,6,204,359371,360891,360891,361898,361898,362504,362536,371036,371036,371651,371684,371717,374819,1520,1007,606,8500,615,172,0,600,2280,3135,3102,1680,349.8528981,15.44987533,1,7,7,190,1,1,51,14,7,2.0
27,6,205,374822,376348,376348,377356,377356,377962,377996,384496,384496,385119,385151,385185,388261,1526,1008,606,6500,623,309,0,600,2128,3110,3076,1528,363.2952089,13.44231081,1,7,13,160,1,1,51,20,7,2.0
27,6,206,388262,389785,389785,390788,390788,391412,391445,397445,397445,398047,398079,398112,401210,1523,1003,624,6000,602,458,0,600,1990,3131,3098,1390,376.2449215,12.9497126,1,14,-4,170,-1,-1,49,10,14,1.0
27,6,207,401213,402739,402739,403743,403743,404350,404382,411382,411382,411986,412018,412051,415161,1526,1004,607,7000,604,473,0,600,1986,3143,3110,1386,390.1959163,13.95099485,1,28,-14,190,-1,-1,49,14,28,1.0
27,6,208,415164,416685,416685,417688,417688,418295,418328,425828,425828,426430,426462,426497,429624,1521,1003,607,7500,602,296,0,600,2171,3162,3127,1571,404.6583562,14.46243987,1,20,8,150,1,1,51,28,20,2.0
27,6,209,429627,431150,431150,432153,432153,432760,432792,440792,440792,441409,441441,441476,444574,1523,1003,607,8000,617,362,0,600,2088,3133,3098,1488,419.6085184,14.95016222,1,57,-37,210,-1,-1,49,20,57,1.0
27,6,210,444577,446102,446102,447108,447108,447713,447746,455246,455246,455867,455899,455933,459028,1525,1006,605,7500,621,1099,0,600,1344,3129,3095,744,434.0628125,14.45429405,1,7,7,170,1,1,51,14,7,2.0
27,6,211,459031,460555,460555,461563,461563,462193,462226,470726,470726,471341,471374,471407,474474,1524,1008,630,8500,615,1362,0,600,1061,3100,3067,461,449.5078216,15.44500911,1,10,-5,170,-1,-1,49,5,10,1.0
27,6,212,474476,476001,476001,477009,477009,477611,477644,483644,483644,484262,484295,484328,487409,1525,1008,602,6000,618,1025,0,600,1422,3114,3081,822,462.4434309,12.93560936,1,57,-37,200,-1,-1,49,20,57,1.0
27,6,213,487412,488935,488935,489941,489941,490546,490578,499578,499578,500192,500224,500257,503364,1523,1006,605,9000,614,498,0,600,1954,3140,3107,1354,478.3984594,15.95502844,1,4,3,170,1,1,51,7,4,2.0
27,6,214,503367,504888,504888,505894,505894,506500,506532,513032,513032,513666,513698,513731,516808,1521,1006,606,6500,634,634,0,600,1799,3110,3077,1199,491.8426229,13.44416352,1,20,-6,190,-1,-1,49,14,20,1.0
27,6,215,516811,518339,518339,519345,519345,519969,520001,527001,527001,527617,527649,527682,530749,1528,1006,624,7000,616,1688,0,600,738,3100,3067,138,505.7840866,13.94146371,1,2,5,160,1,1,51,7,2,2.0
27,6,216,530752,532277,532277,533280,533280,533905,533937,541437,541437,542038,542070,542104,545192,1525,1003,625,7500,601,507,0,600,1939,3122,3088,1339,520.2267211,14.44263446,1,40,-26,170,-1,-1,49,14,40,1.0
28,1,1,62327,63855,63855,64857,64857,65473,65504,73004,73004,73628,73660,73694,76795,1528,1002,616,7500,624,925,0,600,1505,3135,3101,905,14.50655861,14.50655861,1,2,3,170,1,1,51,5,2,2.0
28,1,2,76848,78372,78372,79392,79392,79997,80030,86030,86030,86650,86682,86715,89793,1524,1020,605,6000,620,758,0,600,1673,3111,3078,1073,27.45378325,12.94722464,1,5,2,210,1,1,51,7,5,2.0
28,1,3,89796,91319,91319,92330,92330,92955,92987,100987,100987,101601,101634,101667,104758,1523,1011,625,8000,614,319,0,600,2108,3124,3091,1508,42.41840039,14.96461714,1,2,3,200,1,1,51,5,2,2.0
28,1,4,104761,106285,106285,107292,107292,107896,107928,114928,114928,115547,115580,115614,118720,1524,1007,604,7000,619,1306,0,600,1140,3140,3106,540,56.37963275,13.96123236,1,5,9,210,1,1,51,14,5,2.0
28,1,5,118723,120249,120249,121254,121254,121883,121915,130916,130916,131540,131572,131605,134658,1526,1005,629,9001,624,478,0,600,1937,3086,3053,1337,72.31686941,15.93723666,1,6,-1,150,-1,-1,49,5,6,1.0
28,1,6,134661,136183,136183,137187,137187,137793,137825,146325,146325,146949,146982,147015,150123,1522,1004,606,8500,624,272,0,600,2172,3141,3108,1572,87.782481,15.4656116,1,7,7,150,1,1,51,14,7,2.0
28,1,7,150125,151650,151650,152657,152657,153278,153311,159811,159811,160433,160465,160499,163565,1525,1007,621,6500,622,488,0,600,1937,3100,3066,1337,101.224975,13.44249403,1,7,7,200,1,1,51,14,7,2.0
28,1,8,163568,165091,165091,166099,166099,166704,166737,174237,174237,174837,174871,174904,178030,1523,1008,605,7500,600,388,0,600,2076,3159,3126,1476,115.6888707,14.4638957,1,40,-12,180,-1,-1,49,28,40,1.0
28,1,9,178033,179553,179553,180559,180559,181186,181219,187719,187719,188336,188369,188402,191479,1520,1006,627,6500,617,275,0,600,2155,3110,3077,1555,129.1387069,13.44983616,1,3,2,170,1,1,51,5,3,2.0
28,1,10,191482,193007,193007,194013,194013,194620,194652,203152,203152,203781,203813,203846,206942,1525,1006,607,8500,629,1,0,600,2432,3129,3096,1832,144.6019676,15.46326075,1,10,4,200,1,1,51,14,10,2.0
28,1,11,206945,208470,208470,209477,209477,210080,210113,218113,218113,218741,218774,218807,221894,1525,1007,603,8000,628,775,0,600,1662,3120,3087,1062,159.5542936,14.95232592,1,8,-1,170,-1,-1,49,7,8,1.0
28,1,12,221897,223422,223422,224432,224432,225039,225072,234072,234072,234692,234724,234758,237842,1525,1010,607,9000,620,412,0,600,2026,3118,3084,1426,175.5022827,15.94798917,1,4,3,200,1,1,51,7,4,2.0
28,1,13,237845,239373,239373,240383,240383,240987,241020,248020,248020,248645,248678,248712,251790,1528,1010,604,7000,625,337,0,600,2096,3112,3078,1496,189.4495812,13.94729848,1,7,7,200,1,1,51,14,7,2.0
28,1,14,251793,253322,253322,254330,254330,254935,254967,260968,260968,261571,261603,261636,264722,1529,1008,605,6001,603,314,0,600,2140,3119,3086,1540,202.3808493,12.93126809,1,21,-1,200,-1,-1,49,20,21,1.0
28,1,15,264725,266248,266248,267255,267255,267859,267891,273891,273891,274492,274524,274558,277670,1523,1007,604,6000,601,278,0,600,2187,3146,3112,1587,215.3301358,12.94928649,1,10,10,180,1,1,51,20,10,2.0
28,1,16,277673,279199,279199,280206,280206,280826,280859,287359,287359,287982,288015,288048,291106,1526,1007,620,6500,623,606,0,600,1818,3091,3058,1218,228.764751,13.4346152,1,6,-1,190,-1,-1,49,5,6,1.0
28,1,17,291109,292631,292631,293637,293637,294243,294275,302275,302275,302890,302922,302955,306050,1522,1006,606,8000,615,327,0,600,2124,3128,3095,1524,243.709419,14.94466798,1,56,-28,150,-1,-1,49,28,56,1.0
28,1,18,306053,307578,307578,308583,308583,309188,309222,318222,318222,318822,318854,318887,322012,1525,1005,605,9000,600,318,0,600,2147,3158,3125,1547,259.6713948,15.96197579,1,10,18,210,1,1,51,28,10,2.0
28,1,19,322015,323542,323542,324548,324548,325154,325187,332187,332187,332787,332819,332853,335975,1527,1006,606,7000,600,321,0,600,2140,3156,3122,1540,273.6348421,13.96344729,1,28,-8,170,-1,-1,49,20,28,1.0
28,1,20,335978,337502,337502,338507,338507,339112,339144,346644,346644,347276,347309,347342,350435,1524,1005,605,7500,632,254,0,600,2180,3126,3093,1580,288.0944046,14.45956257,1,20,-10,170,-1,-1,49,10,20,1.0
28,1,21,350438,351960,351960,352967,352967,353589,353621,362121,362121,362722,362754,362788,365898,1522,1007,622,8500,601,328,0,600,2120,3144,3110,1520,303.5572947,15.46289009,0,20,-6,190,-1,1,51,14,20,2.0
28,1,22,365901,367424,367424,368429,368429,369033,369065,376565,376565,377182,377214,377248,380337,1523,1005,604,7500,617,317,0,600,2134,3123,3089,1534,317.9963106,14.43901583,1,4,3,170,1,1,51,7,4,2.0
28,1,23,380340,381859,381859,382868,382868,383474,383507,390507,390507,391107,391139,391172,394296,1519,1009,606,7000,600,189,0,600,2277,3157,3124,1677,331.9544086,13.958098,1,40,-12,200,-1,-1,49,28,40,1.0
28,1,24,394299,395820,395820,396830,396830,397437,397469,405469,405469,406069,406101,406135,409237,1521,1010,607,8000,600,262,0,600,2200,3136,3102,1600,346.8953582,14.94094961,1,10,10,150,1,1,51,20,10,2.0
28,1,25,409240,410763,410763,411770,411770,412375,412408,418908,418908,419540,419573,419607,422686,1523,1007,605,6500,632,274,0,600,2159,3113,3079,1559,360.344506,13.44914787,1,10,18,200,1,1,51,28,10,2.0
28,1,26,422689,424213,424213,425219,425219,425823,425857,434357,434357,434987,435020,435053,438142,1524,1006,604,8500,630,219,0,600,2217,3122,3089,1617,375.8013818,15.45687572,1,10,-3,190,-1,-1,49,7,10,1.0
28,1,27,438145,439672,439672,440678,440678,441282,441315,447315,447315,447917,447949,447983,451095,1527,1006,604,6000,602,370,0,600,2091,3146,3112,1491,388.7533482,12.95196641,1,11,-1,200,-1,-1,49,10,11,1.0
28,1,28,451098,452622,452622,453627,453627,454234,454267,463267,463267,463868,463900,463933,467058,1524,1005,607,9000,601,252,0,600,2211,3158,3125,1611,404.7176034,15.96425521,0,28,-18,210,-1,1,51,10,28,2.0
28,1,29,467061,468586,468586,469592,469592,470199,470231,479231,479231,479846,479878,479911,482995,1525,1006,607,9000,615,248,0,600,2199,3117,3084,1599,420.6541798,15.9365764,1,57,-37,160,-1,-1,49,20,57,1.0
28,1,30,482998,484524,484524,485529,485529,486137,486170,492670,492670,493302,493336,493370,496452,1526,1005,608,6500,632,242,0,600,2187,3116,3082,1587,434.111044,13.45686427,1,40,-20,150,-1,-1,49,20,40,1.0
28,1,31,496454,497981,497981,498985,498985,499612,499645,505645,505645,506265,506299,506332,509403,1527,1004,627,6000,620,302,0,600,2120,3104,3071,1520,447.0614702,12.9504262,1,7,-2,200,-1,-1,49,5,7,1.0
28,1,32,509405,510930,510930,511935,511935,512535,512568,520068,520068,520671,520703,520736,523860,1525,1005,600,7500,603,289,0,600,2178,3157,3124,1578,461.5178539,14.45638362,1,40,-12,200,-1,-1,49,28,40,1.0
28,1,33,523861,525386,525386,526392,526392,526997,527030,534030,534030,534646,534679,534712,537823,1525,1006,605,7000,616,959,0,600,1489,3144,3111,889,475.481397,13.96354312,1,8,-1,190,-1,-1,49,7,8,1.0
28,1,34,537826,539351,539351,540361,540361,540966,540998,548998,548998,549600,549633,549666,552788,1525,1010,605,8000,602,253,0,600,2205,3155,3122,1605,490.4469613,14.96556428,0,28,-18,160,-1,1,51,10,28,2.0
28,1,35,552791,554312,554312,555317,555317,555922,555955,564455,564455,565056,565089,565122,568251,1521,1005,605,8500,601,322,0,600,2146,3162,3129,1546,505.9101054,15.46314413,1,28,-18,150,-1,-1,49,10,28,1.0
28,1,36,568254,569780,569780,570785,570785,571393,571426,580426,580426,581026,581058,581091,584185,1526,1005,608,9000,600,193,0,600,2268,3127,3094,1668,521.8440459,15.93394048,0,14,-4,170,-1,1,51,10,14,2.0
28,2,37,23021,24552,24552,25571,25572,26183,26216,34716,34716,35319,35351,35388,38469,1531,1019,611,8500,603,527,0,600,1909,3118,3081,1309,15.45992419,15.45992419,1,20,-6,160,-1,-1,49,14,20,1.0
28,2,38,38471,39996,39996,41000,41000,41606,41639,49639,49639,50265,50297,50330,53434,1525,1004,606,8000,626,302,0,600,2137,3137,3104,1537,30.42428006,14.96435586,1,5,9,170,1,1,51,14,5,2.0
28,2,39,53437,54961,54961,55962,55962,56568,56600,64101,64101,64703,64736,64771,67889,1524,1001,606,7501,602,313,0,600,2153,3153,3118,1553,44.87984761,14.45556756,1,28,-14,210,-1,-1,49,14,28,1.0
28,2,40,67892,69419,69419,70425,70425,71030,71064,80064,80064,80666,80698,80732,83826,1527,1006,605,9000,602,292,0,600,2168,3128,3094,1568,60.8163113,15.93646369,1,10,18,150,1,1,51,28,10,2.0
28,2,41,83829,85350,85350,86354,86354,86958,86990,93490,93490,94091,94124,94159,97272,1521,1004,604,6500,601,113,0,600,2357,3148,3113,1757,74.2618083,13.445497,1,28,-18,150,-1,-1,49,10,28,1.0
28,2,42,97275,98796,98796,99802,99802,100407,100441,107441,107441,108062,108094,108128,111236,1521,1006,605,7000,621,269,0,600,2178,3142,3108,1578,88.22607466,13.96426636,1,7,3,200,1,1,51,10,7,2.0
28,2,43,111239,112764,112764,113768,113768,114376,114409,120409,120409,121010,121043,121076,124172,1525,1004,608,6000,601,291,0,600,2171,3129,3096,1571,101.161901,12.93582633,1,14,14,160,1,1,51,28,14,2.0
28,2,44,124175,125699,125699,126702,126702,127309,127342,133342,133342,133944,133976,134011,137136,1524,1003,607,6000,602,325,0,600,2139,3160,3125,1539,114.1261984,12.9642974,1,28,-8,160,-1,-1,49,20,28,1.0
28,2,45,137139,138660,138660,139665,139665,140270,140303,146803,146803,147433,147466,147500,150576,1521,1005,605,6500,630,143,0,600,2296,3110,3076,1696,127.5664841,13.44028573,1,6,1,160,1,1,51,7,6,2.0
28,2,46,150579,152104,152104,153108,153108,153714,153746,162746,162746,163346,163379,163412,166510,1525,1004,606,9000,600,488,0,600,1977,3131,3098,1377,143.499296,15.93281192,1,14,14,170,1,1,51,28,14,2.0
28,2,47,166512,168033,168033,169043,169043,169648,169681,176681,176681,177281,177314,177348,180462,1521,1010,605,7000,600,114,0,600,2350,3148,3114,1750,157.4513333,13.95203723,1,28,-18,210,-1,-1,49,10,28,1.0
28,2,48,180465,181990,181990,182992,182992,183597,183629,191129,191129,191745,191777,191811,194905,1525,1002,605,7500,616,386,0,600,2066,3128,3094,1466,171.8940238,14.44269051,1,2,5,170,1,1,51,7,2,2.0
28,2,49,194908,196430,196430,197434,197434,198038,198070,206070,206070,206691,206724,206757,209871,1522,1004,604,8000,621,345,0,600,2104,3147,3114,1504,186.8611358,14.96711202,1,4,6,210,1,1,51,10,4,2.0
28,2,50,209874,211394,211394,212402,212402,213007,213040,221540,221540,222141,222173,222207,225309,1520,1008,605,8500,601,225,0,600,2241,3136,3102,1641,202.2986847,15.43754886,1,28,-14,210,-1,-1,49,14,28,1.0
28,2,51,225312,226840,226840,227847,227847,228449,228482,237482,237482,238083,238116,238152,241251,1528,1007,602,9000,601,264,0,600,2198,3135,3099,1598,218.2408852,15.94220052,1,10,10,180,1,1,51,20,10,2.0
28,2,52,241254,242780,242780,243784,243784,244415,244447,252947,252947,253564,253597,253630,256692,1526,1004,631,8500,617,743,0,600,1679,3095,3062,1079,233.6811408,15.44025559,1,4,1,160,1,1,51,5,4,2.0
28,2,53,256694,258216,258216,259224,259224,259826,259858,267858,267858,268474,268507,268541,271643,1522,1008,602,8000,616,1042,0,600,1410,3136,3102,810,248.6326172,14.95147641,1,2,5,150,1,1,51,7,2,2.0
28,2,54,271645,273169,273169,274176,274176,274802,274835,282335,282335,282959,282992,283025,286093,1524,1007,626,7500,624,233,0,600,2186,3101,3068,1586,263.0828966,14.45027944,1,14,-7,150,-1,-1,49,7,14,1.0
28,2,55,286096,287620,287620,288627,288627,289231,289264,295764,295764,296366,296399,296433,299559,1524,1007,604,6500,602,258,0,600,2205,3160,3126,1605,276.5479263,13.46502969,1,28,-8,150,-1,-1,49,20,28,1.0
28,2,56,299561,301084,301084,302087,302087,302690,302723,309723,309723,310343,310375,310408,313516,1523,1003,603,7000,620,108,0,600,2343,3141,3108,1743,290.5057203,13.95779394,1,5,5,210,1,1,51,10,5,2.0
28,2,57,313519,315047,315047,316055,316055,316686,316720,322720,322720,323338,323371,323404,326465,1528,1008,631,6000,618,324,0,600,2091,3094,3061,1491,303.4545779,12.94885767,1,4,1,160,1,1,51,5,4,2.0
28,2,58,326468,327995,327995,329001,329001,329606,329640,338140,338140,338766,338799,338833,341926,1527,1006,605,8500,626,1522,0,600,914,3127,3093,314,318.9158042,15.46122633,1,79,-51,210,-1,-1,49,28,79,1.0
28,2,59,341929,343450,343450,344455,344455,345063,345096,354096,354096,354697,354730,354765,357880,1521,1005,608,9000,601,278,0,600,2187,3150,3115,1587,334.8696791,15.95387487,1,14,6,180,1,1,51,20,14,2.0
28,2,60,357883,359407,359407,360415,360415,361020,361052,367552,367552,368184,368216,368250,371344,1524,1008,605,6500,632,539,0,600,1892,3128,3094,1292,348.3335182,13.46383905,0,13,1,170,1,-1,49,14,13,1.0
28,2,61,371347,372872,372872,373881,373881,374507,374539,382539,382539,383154,383186,383220,386284,1525,1009,626,8000,615,1165,0,600,1260,3098,3064,660,363.2734173,14.9398991,1,3,2,150,1,1,51,5,3,2.0
28,2,62,386287,387814,387814,388820,388820,389441,389473,395473,395473,396074,396106,396139,399232,1527,1006,621,6000,601,316,0,600,2129,3126,3093,1529,376.2213242,12.9479069,1,28,-14,180,-1,-1,49,14,28,1.0
28,2,63,399235,400757,400757,401761,401761,402378,402411,409911,409911,410527,410559,410593,413685,1522,1004,617,7500,616,324,0,600,2117,3126,3092,1517,390.6745276,14.45320345,1,4,1,170,1,1,51,5,4,2.0
28,2,64,413688,415218,415218,416227,416227,416834,416867,423867,423867,424485,424517,424551,427639,1530,1009,607,7000,618,292,0,600,2144,3122,3088,1544,404.6285266,13.95399902,1,57,-37,210,-1,-1,49,20,57,1.0
28,2,65,427642,429164,429164,430168,430168,430796,430828,439828,439828,440460,440493,440527,443576,1522,1004,628,9000,632,142,0,600,2272,3083,3049,1672,420.5659863,15.93745966,1,10,-5,160,-1,-1,49,5,10,1.0
28,2,66,443579,445104,445104,446112,446112,446721,446753,454253,454253,454884,454918,454951,458024,1525,1008,609,7500,631,434,0,600,1993,3106,3073,1393,435.0133161,14.44732982,1,10,18,200,1,1,51,28,10,2.0
28,2,67,458027,459549,459549,460553,460553,461175,461208,469708,469708,470331,470364,470398,473466,1522,1004,622,8500,623,329,0,600,2100,3102,3068,1500,450.455004,15.44168792,1,4,6,180,1,1,51,10,4,2.0
28,2,68,473469,474991,474991,475997,475997,476605,476637,483637,483637,484267,484299,484333,487422,1522,1006,608,7000,630,249,0,600,2185,3123,3089,1585,464.4105803,13.9555763,1,14,14,210,1,1,51,28,14,2.0
28,2,69,487424,488948,488948,489950,489950,490577,490610,496610,496610,497211,497244,497279,500370,1524,1002,627,6000,601,704,0,600,1742,3126,3091,1142,477.3587669,12.94818656,1,20,-13,210,-1,-1,49,7,20,1.0
28,2,70,500372,501894,501894,502899,502899,503526,503559,510059,510059,510674,510706,510739,513820,1522,1005,627,6500,615,668,0,600,1763,3114,3081,1163,490.809574,13.45080711,1,2,3,150,1,1,51,5,2,2.0
28,2,71,513823,515352,515352,516361,516361,516967,517001,525001,525001,525602,525634,525667,528763,1529,1009,606,8000,601,838,0,600,1617,3129,3096,1017,505.7518414,14.94226742,1,10,10,150,1,1,51,20,10,2.0
28,2,72,528766,530286,530286,531296,531296,531903,531935,539935,539935,540535,540567,540600,543707,1520,1010,607,8000,600,395,0,600,2068,3140,3107,1468,520.6962249,14.9443835,1,14,-7,210,-1,-1,49,7,14,1.0
28,3,73,21410,22933,22933,23951,23951,24568,24602,31602,31602,32234,32267,32304,35368,1523,1018,617,7000,632,314,0,600,2096,3101,3064,1496,13.9701831,13.9701831,1,10,-3,170,-1,-1,49,7,10,1.0
28,3,74,35373,36903,36903,37911,37911,38518,38551,47551,47551,48173,48205,48238,51310,1530,1008,607,9000,622,270,0,600,2163,3105,3072,1563,29.91016175,15.93997865,1,5,5,150,1,1,51,10,5,2.0
28,3,75,51313,52839,52839,53845,53845,54463,54496,62996,62996,63628,63661,63694,66757,1526,1006,618,8500,632,358,0,600,2060,3096,3063,1460,45.35677374,15.446612,1,10,-5,180,-1,-1,49,5,10,1.0
28,3,76,66760,68283,68283,69286,69286,69911,69943,76443,76443,77057,77090,77123,80220,1523,1003,625,6500,614,489,0,600,1946,3130,3097,1346,58.82086291,13.46408917,1,4,1,190,1,1,51,5,4,2.0
28,3,77,80223,81748,81748,82755,82755,83384,83418,90918,90918,91534,91566,91599,94666,1525,1007,629,7500,616,559,0,600,1864,3100,3067,1264,73.26624088,14.44537796,1,4,1,210,1,1,51,5,4,2.0
28,3,78,94669,96191,96191,97195,97195,97802,97835,103835,103835,104459,104492,104525,107610,1522,1004,607,6000,624,408,0,600,2035,3118,3085,1435,86.20929783,12.94305696,1,4,6,180,1,1,51,10,4,2.0
28,3,79,107613,109137,109137,110144,110144,110749,110782,118782,118782,119384,119417,119451,122570,1524,1007,605,8000,602,573,0,600,1889,3153,3119,1289,101.1688628,14.95956498,0,20,8,170,1,-1,49,28,20,1.0
28,3,80,122572,124100,124100,125103,125103,125721,125753,131753,131753,132367,132399,132432,135523,1528,1003,618,6000,614,379,0,600,2058,3124,3091,1458,114.1235869,12.95472407,1,10,-3,150,-1,-1,49,7,10,1.0
28,3,81,135526,137053,137053,138056,138056,138662,138696,147696,147696,148328,148361,148395,151483,1527,1003,606,9000,632,314,0,600,2118,3122,3088,1518,130.0820453,15.95845842,1,20,-10,190,-1,-1,49,10,20,1.0
28,3,82,151485,153003,153003,154009,154009,154612,154645,161145,161145,161777,161810,161844,164941,1518,1006,603,6500,632,325,0,600,2116,3131,3097,1516,143.5406068,13.45856148,1,14,14,210,1,1,51,28,14,2.0
28,3,83,164943,166466,166466,167471,167471,168074,168106,175606,175606,176232,176264,176299,179407,1523,1005,603,7500,626,658,0,600,1785,3143,3108,1185,158.0068142,14.46620737,1,7,13,160,1,1,51,20,7,2.0
28,3,84,179409,180933,180933,181937,181937,182569,182602,190602,190602,191202,191236,191271,194344,1524,1004,632,8000,600,74,0,600,2366,3108,3073,1766,172.9444435,14.93762932,0,27,1,160,1,-1,49,28,27,1.0
28,3,85,194348,195868,195868,196875,196875,197481,197515,204515,204515,205139,205171,205205,208289,1520,1007,606,7000,624,345,0,600,2098,3118,3084,1498,186.888475,13.94403153,1,6,1,170,1,1,51,7,6,2.0
28,3,86,208292,209819,209819,210827,210827,211435,211468,219968,219968,220597,220630,220663,223733,1527,1008,608,8500,629,557,0,600,1871,3103,3070,1271,202.3333699,15.4448949,0,14,14,160,1,-1,49,28,14,1.0
28,3,87,223736,225262,225262,226266,226266,226871,226903,234903,234903,235523,235555,235588,238685,1526,1004,605,8000,620,842,0,600,1603,3130,3097,1003,217.284479,14.95110906,1,5,9,180,1,1,51,14,5,2.0
28,3,88,238688,240212,240212,241218,241218,241823,241855,250855,250855,251483,251516,251550,254643,1524,1006,605,9000,628,418,0,600,2019,3127,3093,1419,233.2423534,15.9578744,1,7,13,200,1,1,51,20,7,2.0
28,3,89,254646,256173,256173,257176,257176,257781,257814,266314,266314,266937,266970,267003,270107,1527,1003,605,8500,623,331,0,600,2111,3137,3104,1511,248.7072288,15.46487539,1,7,7,150,1,1,51,14,7,2.0
28,3,90,270110,271630,271630,272636,272636,273238,273271,280771,280771,281397,281430,281463,284562,1520,1006,602,7500,626,551,0,600,1895,3132,3099,1295,263.1617515,14.45452277,0,7,3,200,1,-1,49,10,7,1.0
28,3,91,284565,286087,286087,287094,287094,287699,287732,294232,294232,294832,294864,294897,298012,1522,1007,605,6500,600,246,0,600,2220,3148,3115,1620,276.6114337,13.44968216,1,28,-14,150,-1,-1,49,14,28,1.0
28,3,92,298015,299539,299539,300544,300544,301149,301181,308181,308181,308784,308816,308850,311955,1524,1005,605,7000,603,99,0,600,2364,3139,3105,1764,290.5551021,13.9436684,1,40,-20,200,-1,-1,49,20,40,1.0
28,3,93,311958,313486,313486,314492,314492,315099,315132,321132,321132,321750,321782,321815,324893,1528,1006,607,6000,618,597,0,600,1844,3111,3078,1244,303.4919289,12.93682682,1,56,-28,170,-1,-1,49,28,56,1.0
28,3,94,324896,326422,326422,327432,327432,328062,328094,336594,336594,337225,337257,337291,340334,1526,1010,630,8500,631,792,0,600,1611,3077,3043,1011,318.9336036,15.44167466,0,7,-2,200,-1,1,51,5,7,2.0
28,3,95,340337,341862,341862,342868,342868,343475,343508,349508,349508,350139,350173,350206,353279,1525,1006,607,6000,631,334,0,600,2097,3106,3073,1497,331.8785479,12.94494432,1,14,-7,180,-1,-1,49,7,14,1.0
28,3,96,353282,354810,354810,355817,355817,356444,356476,362976,362976,363592,363625,363658,366736,1528,1007,627,6500,616,311,0,600,2111,3111,3078,1511,345.3362113,13.45766345,1,4,1,210,1,1,51,5,4,2.0
28,3,97,366739,368262,368262,369267,369267,369868,369901,376901,376901,377527,377560,377593,380687,1523,1005,601,7000,626,548,0,600,1897,3127,3094,1297,359.2869799,13.95076854,1,9,1,210,1,1,51,10,9,2.0
28,3,98,380690,382217,382217,383228,383228,383831,383863,391863,391863,392485,392518,392551,395637,1527,1011,603,8000,622,478,0,600,1959,3119,3086,1359,374.2371822,14.9502023,1,4,3,190,1,1,51,7,4,2.0
28,3,99,395640,397169,397169,398174,398174,398778,398810,406310,406310,406944,406977,407011,410102,1529,1005,604,7500,634,284,0,600,2144,3125,3091,1544,388.7012728,14.46409068,0,28,-14,190,-1,1,51,14,28,2.0
28,3,100,410105,411632,411632,412639,412639,413246,413278,422278,422278,422894,422927,422960,426047,1527,1007,607,9000,616,865,0,600,1578,3120,3087,978,404.6462838,15.94501092,1,7,7,170,1,1,51,14,7,2.0
28,3,101,426050,427575,427575,428586,428586,429194,429227,436227,436227,436827,436860,436893,440006,1525,1011,608,7000,600,248,0,600,2208,3146,3113,1608,418.6054696,13.95918588,1,28,-18,210,-1,-1,49,10,28,1.0
28,3,102,440009,441532,441532,442535,442535,443141,443174,451674,451674,452301,452333,452366,455469,1523,1003,606,8500,627,427,0,600,2014,3136,3103,1414,434.0680463,15.46257669,1,7,13,150,1,1,51,20,7,2.0
28,3,103,455472,457001,457001,458007,458007,458614,458646,464646,464646,465248,465282,465316,468427,1529,1006,607,6000,602,147,0,600,2309,3145,3111,1709,447.0268588,12.95881251,1,14,-7,210,-1,-1,49,7,14,1.0
28,3,104,468430,469955,469955,470961,470961,471568,471600,478100,478100,478703,478736,478769,481874,1525,1006,607,6500,603,698,0,600,1761,3138,3105,1161,460.4729579,13.4460991,1,28,-14,190,-1,-1,49,14,28,1.0
28,3,105,481876,483403,483403,484410,484410,485017,485049,494049,494049,494653,494685,494720,497819,1527,1007,607,9000,604,427,0,600,2028,3134,3099,1428,476.4184067,15.94544878,1,28,-8,190,-1,-1,49,20,28,1.0
28,3,106,497822,499347,499347,500355,500355,500965,500998,508498,508498,509100,509132,509165,512254,1525,1008,610,7500,602,342,0,600,2113,3122,3089,1513,490.852726,14.43431927,1,40,-12,160,-1,-1,49,28,40,1.0
28,3,107,512256,513777,513777,514782,514782,515400,515432,523432,523432,524046,524078,524111,527202,1521,1005,618,8000,614,547,0,600,1895,3124,3091,1295,505.8006193,14.94789334,1,10,-5,150,-1,-1,49,5,10,1.0
28,3,108,527204,528734,528734,529741,529741,530347,530380,538880,538880,539511,539544,539580,542656,1530,1007,606,8500,631,428,0,600,1998,3112,3076,1398,521.2554251,15.45480574,1,7,13,200,1,1,51,20,7,2.0
28,4,109,30173,31701,31701,32714,32714,33318,33352,41352,41352,41952,41984,42019,45139,1528,1013,604,8000,600,144,0,600,2311,3155,3120,1711,14.97821381,14.97821381,1,10,-5,200,-1,-1,49,5,10,1.0
28,4,110,45144,46669,46669,47678,47678,48296,48329,54829,54829,55447,55480,55513,58596,1525,1009,618,6500,618,640,0,600,1790,3116,3083,1190,28.43333868,13.45512487,1,2,3,150,1,1,51,5,2,2.0
28,4,111,58599,60124,60124,61128,61128,61731,61764,69264,69264,69881,69914,69947,73054,1525,1004,603,7500,617,105,0,600,2346,3140,3107,1746,42.89212195,14.45878328,1,14,-4,150,-1,-1,49,10,14,1.0
28,4,112,73057,74584,74584,75588,75588,76190,76222,83222,83222,83822,83854,83887,87008,1527,1004,602,7000,600,318,0,600,2149,3154,3121,1549,56.84604202,13.95392007,1,14,-4,170,-1,-1,49,10,14,1.0
28,4,113,87011,88539,88539,89547,89547,90153,90185,98685,98685,99287,99319,99352,102444,1528,1008,606,8500,602,190,0,600,2266,3125,3092,1666,72.28158659,15.43554457,1,20,-6,200,-1,-1,49,14,20,1.0
28,4,114,102447,103969,103969,104973,104973,105578,105610,114610,114610,115211,115243,115277,118402,1522,1004,605,9000,601,388,0,600,2080,3159,3125,1480,88.23938776,15.95780117,1,40,-12,170,-1,-1,49,28,40,1.0
28,4,115,118404,119926,119926,120934,120934,121542,121574,127574,127574,128193,128226,128258,131339,1522,1008,608,6000,619,218,0,600,2225,3113,3081,1625,101.1759883,12.9366005,1,5,9,150,1,1,51,14,5,2.0
28,4,116,131341,132870,132870,133873,133873,134502,134535,143035,143035,143667,143700,143733,146800,1529,1003,629,8500,632,974,0,600,1433,3100,3067,833,116.6369277,15.46093944,0,10,-3,200,-1,1,51,7,10,2.0
28,4,117,146802,148329,148329,149331,149331,149959,149991,157491,157491,158112,158144,158177,161228,1527,1002,628,7500,621,-1,2501,0,521,3084,3051,-79,131.0658272,14.42889947,-1,5,5,150,1,-2,-1,10,5,
28,4,118,161231,162755,162755,163764,163764,164370,164402,171402,171402,172024,172056,172094,175191,1524,1009,606,7000,622,874,0,600,1565,3135,3097,965,145.0287956,13.96296844,1,7,13,200,1,1,51,20,7,2.0
28,4,119,175194,176718,176718,177724,177724,178329,178361,184361,184361,184993,185025,185058,188151,1524,1006,605,6000,632,485,0,600,1948,3126,3093,1348,157.9880605,12.95926484,1,28,-8,210,-1,-1,49,20,28,1.0
28,4,120,188153,189681,189681,190685,190685,191289,191321,197821,197821,198422,198454,198487,201587,1528,1004,604,6500,601,356,0,600,2107,3133,3100,1507,171.4241667,13.43610629,0,20,8,160,1,-1,49,28,20,1.0
28,4,121,201590,203115,203115,204119,204119,204743,204775,213775,213775,214393,214425,214459,217534,1525,1004,624,9000,618,499,0,600,1930,3109,3075,1330,187.3709813,15.94681451,1,2,3,160,1,1,51,5,2,2.0
28,4,122,217537,219059,219059,220065,220065,220668,220700,228700,228700,229307,229339,229373,232489,1522,1006,603,8000,607,383,0,600,2079,3150,3116,1479,202.326296,14.95531472,1,57,-37,180,-1,-1,49,20,57,1.0
28,4,123,232492,234013,234013,235015,235015,235619,235652,242152,242152,242755,242787,242821,245933,1521,1002,604,6500,603,432,0,600,2038,3146,3112,1438,215.7707093,13.44441334,1,40,-12,190,-1,-1,49,28,40,1.0
28,4,124,245936,247459,247459,248464,248464,249069,249102,256103,256103,256733,256766,256798,259898,1523,1005,605,7001,630,877,0,600,1559,3132,3100,959,229.7350631,13.96435376,1,10,4,180,1,1,51,14,10,2.0
28,4,125,259901,261426,261426,262430,262430,263034,263066,272066,272066,272670,272703,272736,275843,1525,1004,604,9000,604,467,0,600,1996,3140,3107,1396,245.6797922,15.94472915,1,11,-1,190,-1,-1,49,10,11,1.0
28,4,126,275846,277368,277368,278374,278374,278981,279014,287514,287514,288115,288148,288181,291298,1522,1006,607,8500,601,409,0,600,2055,3150,3117,1455,261.1345479,15.45475572,1,20,-6,150,-1,-1,49,14,20,1.0
28,4,127,291300,292823,292823,293828,293828,294431,294464,300464,300464,301087,301120,301153,304244,1523,1005,603,6000,623,320,0,600,2126,3124,3091,1526,274.0810111,12.94646313,1,79,-51,200,-1,-1,49,28,79,1.0
28,4,128,304247,305768,305768,306772,306772,307375,307408,314908,314908,315511,315543,315576,318695,1521,1004,603,7500,603,802,0,600,1667,3152,3119,1067,288.5325815,14.45157043,1,14,-7,190,-1,-1,49,7,14,1.0
28,4,129,318698,320224,320224,321228,321228,321829,321862,329862,329862,330495,330528,330561,333661,1526,1004,601,8000,633,1041,0,600,1395,3133,3100,795,303.4981184,14.96553686,1,14,-7,200,-1,-1,49,7,14,1.0
28,4,130,333664,335188,335188,336194,336194,336795,336828,342828,342828,343431,343464,343497,346610,1524,1006,601,6000,603,537,0,600,1929,3146,3113,1329,316.447268,12.94914968,1,20,-13,200,-1,-1,49,7,20,1.0
28,4,131,346613,348134,348134,349141,349141,349747,349779,357279,357279,357883,357915,357948,361058,1521,1007,606,7500,604,373,0,600,2089,3143,3110,1489,330.8951879,14.44791986,1,28,-8,150,-1,-1,49,20,28,1.0
28,4,132,361061,362586,362586,363593,363593,364197,364229,370729,370729,371330,371363,371396,374508,1525,1007,604,6500,601,406,0,600,2057,3145,3112,1457,344.3453959,13.45020802,1,40,-26,170,-1,-1,49,14,40,1.0
28,4,133,374511,376041,376041,377044,377044,377648,377680,386180,386180,386783,386815,386849,389956,1530,1003,604,8500,603,721,0,600,1739,3141,3107,1139,359.7929177,15.44752178,1,20,-10,150,-1,-1,49,10,20,1.0
28,4,134,389959,391482,391482,392488,392488,393095,393128,402128,402128,402729,402761,402794,405898,1523,1006,607,9000,601,531,0,600,1932,3137,3104,1332,375.7344498,15.94153212,0,29,-1,180,-1,1,51,28,29,2.0
28,4,135,405900,407426,407426,408431,408431,409033,409066,417066,417066,417699,417732,417766,420865,1526,1005,602,8000,633,1136,0,600,1298,3133,3099,698,390.702201,14.96775119,1,14,-4,210,-1,-1,49,10,14,1.0
28,4,136,420868,422395,422395,423403,423403,424010,424042,431042,431042,431642,431674,431707,434802,1527,1008,607,7000,600,1230,0,600,1228,3128,3095,628,404.6381949,13.93599388,1,10,10,170,1,1,51,20,10,2.0
28,4,137,434805,436330,436330,437335,437335,437968,438000,445500,445500,446115,446148,446181,449260,1525,1005,633,7500,615,402,0,600,2020,3112,3079,1420,419.0970755,14.45888061,1,5,2,190,1,1,51,7,5,2.0
28,4,138,449263,450786,450786,451792,451792,452399,452432,460932,460932,461564,461598,461631,464718,1523,1006,607,8500,632,377,0,600,2055,3120,3087,1455,434.5547118,15.45763633,1,21,-1,200,-1,-1,49,20,21,1.0
28,4,139,464721,466250,466250,467254,467254,467882,467915,474915,474915,475538,475570,475604,478664,1529,1004,628,7000,623,614,0,600,1802,3094,3060,1202,448.5012578,13.946546,0,6,-1,150,-1,1,51,5,6,2.0
28,4,140,478667,480188,480188,481195,481195,481802,481835,490835,490835,491455,491487,491520,494615,1521,1007,607,9000,620,353,0,600,2092,3128,3095,1492,464.4520854,15.9508276,1,79,-51,190,-1,-1,49,28,79,1.0
28,4,141,494617,496143,496143,497149,497149,497770,497802,504302,504302,504919,504951,504985,508064,1526,1006,621,6500,617,435,0,600,1995,3113,3079,1395,477.9003983,13.44831282,1,4,1,150,1,1,51,5,4,2.0
28,4,142,508066,509594,509594,510599,510599,511222,511255,519255,519255,519857,519889,519923,523022,1528,1005,623,8000,602,649,0,600,1793,3133,3099,1193,492.8588335,14.95843522,1,10,-3,150,-1,-1,49,7,10,1.0
28,4,143,523025,524550,524550,525555,525555,526160,526192,532192,532192,532792,532824,532857,535961,1525,1005,605,6000,600,525,0,600,1940,3137,3104,1340,505.7971607,12.93832725,1,20,-6,170,-1,-1,49,14,20,1.0
28,4,144,535964,537489,537489,538498,538498,539126,539158,547158,547158,547785,547817,547851,550914,1525,1009,628,8000,627,353,0,600,2058,3097,3063,1458,520.7504624,14.9533017,1,7,-2,180,-1,-1,49,5,7,1.0
28,5,145,21222,22747,22747,23766,23767,24372,24405,32905,32905,33523,33555,33590,36682,1525,1019,605,8500,618,410,0,600,2023,3127,3092,1423,15.47271535,15.47271535,1,57,-37,190,-1,-1,49,20,57,1.0
28,5,146,36687,38212,38212,39219,39219,39823,39855,45855,45855,46456,46490,46524,49624,1525,1007,604,6000,601,583,0,600,1880,3134,3100,1280,28.41294111,12.94022576,1,28,-8,150,-1,-1,49,20,28,1.0
28,5,147,49627,51152,51152,52156,52156,52762,52794,59294,59294,59918,59950,59984,63088,1525,1004,606,6500,624,296,0,600,2145,3138,3104,1545,41.87724605,13.46430494,1,28,-14,150,-1,-1,49,14,28,1.0
28,5,148,63091,64614,64614,65621,65621,66226,66258,73258,73258,73861,73894,73927,77045,1523,1007,605,7000,603,865,0,600,1597,3151,3118,997,55.8335498,13.95630376,0,20,-6,150,-1,1,51,14,20,2.0
28,5,149,77048,78575,78575,79580,79580,80186,80219,87719,87719,88343,88376,88409,91490,1527,1005,606,7500,624,372,0,600,2066,3114,3081,1466,70.27910285,14.44555305,1,8,-1,190,-1,-1,49,7,8,1.0
28,5,150,91492,93015,93015,94020,94020,94622,94654,102654,102654,103256,103288,103321,106432,1523,1005,602,8000,602,763,0,600,1705,3144,3111,1105,85.22069464,14.94159179,0,20,8,170,1,-1,49,28,20,1.0
28,5,151,106435,107966,107966,108972,108972,109593,109625,118625,118625,119248,119280,119314,122365,1531,1006,621,9000,623,344,0,600,2075,3085,3051,1475,101.1538829,15.9331883,0,4,1,200,1,-1,49,5,4,1.0
28,5,152,122368,123894,123894,124900,124900,125505,125538,134038,134038,134661,134694,134727,137819,1526,1006,605,8500,623,354,0,600,2086,3125,3092,1486,116.6073838,15.45350089,1,4,6,170,1,1,51,10,4,2.0
28,5,153,137821,139347,139347,140355,140355,140955,140987,149987,149987,150615,150649,150683,153772,1526,1008,600,9000,628,447,0,600,1991,3123,3089,1391,132.5605816,15.95319773,1,6,-1,150,-1,-1,49,5,6,1.0
28,5,154,153775,155298,155298,156304,156304,156908,156940,164940,164940,165572,165604,165638,168723,1523,1006,604,8000,632,799,0,600,1636,3119,3085,1036,147.5116285,14.95104698,0,7,3,170,1,-1,49,10,7,1.0
28,5,155,168726,170250,170250,171253,171253,171860,171892,177892,177892,178493,178525,178559,181689,1524,1003,607,6000,601,455,0,600,2010,3164,3130,1410,160.4777588,12.96613022,1,28,-14,150,-1,-1,49,14,28,1.0
28,5,156,181692,183219,183219,184223,184223,184851,184884,191884,191884,192504,192536,192569,195631,1527,1004,628,7000,620,944,0,600,1477,3095,3062,877,174.420342,13.94258323,0,4,1,170,1,-1,49,5,4,1.0
28,5,157,195634,197159,197159,198163,198163,198768,198801,206301,206301,206934,206968,207001,210099,1525,1004,605,7500,633,393,0,600,2040,3131,3098,1440,188.8879645,14.46762251,1,20,-10,180,-1,-1,49,10,20,1.0
28,5,158,210102,211628,211628,212635,212635,213240,213274,219774,219774,220374,220407,220441,223552,1526,1007,605,6500,600,667,0,600,1795,3145,3111,1195,202.3412593,13.45329476,0,20,-6,210,-1,1,51,14,20,2.0
28,5,159,223555,225080,225080,226086,226086,226692,226725,234725,234725,235352,235384,235417,238510,1525,1006,606,8000,627,876,0,600,1560,3126,3093,960,217.2988465,14.95758721,1,5,9,170,1,1,51,14,5,2.0
28,5,160,238513,240038,240038,241043,241043,241649,241681,248681,248681,249282,249314,249347,252469,1525,1005,606,7000,601,411,0,600,2052,3155,3122,1452,231.257872,13.95902556,0,14,-7,170,-1,1,51,7,14,2.0
28,5,161,252472,253995,253995,254999,254999,255606,255639,262139,262139,262756,262788,262821,265904,1523,1004,607,6500,617,244,0,600,2205,3116,3083,1605,244.6927838,13.43491173,1,79,-51,160,-1,-1,49,28,79,1.0
28,5,162,265907,267436,267436,268441,268441,269044,269076,277576,277576,278197,278229,278263,281350,1529,1005,603,8500,621,311,0,600,2131,3121,3087,1531,260.1390782,15.44629437,1,5,5,190,1,1,51,10,5,2.0
28,5,163,281353,282875,282875,283883,283883,284487,284519,290519,290519,291134,291166,291199,294288,1522,1008,604,6000,615,420,0,600,2031,3122,3089,1431,273.0765441,12.93746598,1,5,5,190,1,1,51,10,5,2.0
28,5,164,294291,295814,295814,296818,296818,297425,297459,306459,306459,307059,307092,307125,310244,1523,1004,607,9000,600,540,0,600,1926,3152,3119,1326,289.0326987,15.95615459,1,28,-8,150,-1,-1,49,20,28,1.0
28,5,165,310247,311770,311770,312776,312776,313379,313412,320912,320912,321541,321574,321607,324686,1523,1006,603,7500,629,439,0,600,2000,3112,3079,1400,303.4738388,14.44114006,1,7,13,210,1,1,51,20,7,2.0
28,5,166,324688,326212,326212,327216,327216,327839,327871,336871,336871,337471,337504,337538,340627,1524,1004,623,9000,600,287,0,600,2162,3123,3089,1562,319.4155478,15.94170901,1,20,-13,160,-1,-1,49,7,20,1.0
28,5,167,340630,342151,342151,343151,343151,343768,343800,349800,349800,350415,350448,350481,353567,1521,1000,617,6000,615,282,0,600,2165,3119,3086,1565,332.355716,12.9401682,1,2,3,150,1,1,51,5,2,2.0
28,5,168,353569,355095,355095,356098,356098,356706,356739,364239,364239,364840,364872,364906,368014,1526,1003,608,7500,601,365,0,600,2097,3142,3108,1497,346.8023536,14.44663761,1,20,8,170,1,1,51,28,20,2.0
28,5,169,368017,369543,369543,370549,370549,371153,371186,378186,378186,378789,378821,378855,381963,1526,1006,604,7000,603,400,0,600,2061,3142,3108,1461,360.7518604,13.94950678,1,40,-20,210,-1,-1,49,20,40,1.0
28,5,170,381966,383494,383494,384499,384499,385104,385137,391637,391637,392249,392281,392315,395402,1528,1005,605,6500,612,999,0,600,1451,3121,3087,851,374.1903811,13.43852071,1,57,-37,190,-1,-1,49,20,57,1.0
28,5,171,395405,396926,396926,397931,397931,398539,398571,406571,406571,407204,407237,407271,410338,1521,1005,608,8000,633,460,0,600,1973,3101,3067,1373,389.1265902,14.93620905,0,8,-1,190,-1,1,51,7,8,2.0
28,5,172,410341,411866,411866,412872,412872,413475,413507,422007,422007,422635,422668,422702,425791,1525,1006,603,8500,628,292,0,600,2146,3123,3089,1546,404.5797056,15.45311546,1,5,9,170,1,1,51,14,5,2.0
28,5,173,425794,427315,427315,428319,428319,428920,428954,435954,435954,436586,436619,436652,439744,1521,1004,601,7000,632,457,0,600,1985,3125,3092,1385,418.531845,13.95213938,1,20,-10,150,-1,-1,49,10,20,1.0
28,5,174,439747,441270,441270,442302,442302,442904,442936,448936,448936,449570,449603,449637,452679,1523,1032,602,6000,634,657,0,600,1752,3076,3042,1152,431.4674667,12.93562171,0,10,-5,210,-1,1,51,5,10,2.0
28,5,175,452682,454210,454210,455216,455216,455819,455851,463351,463351,463968,464001,464034,467086,1528,1006,603,7500,617,-1,2501,0,545,3085,3052,-55,445.8747632,14.4072965,-1,3,2,200,1,-2,-1,5,3,
28,5,176,467089,468608,468608,469611,469611,470211,470243,476743,476743,477363,477395,477429,480534,1519,1003,600,6500,620,622,0,600,1836,3139,3105,1236,459.321961,13.44719782,1,79,-51,190,-1,-1,49,28,79,1.0
28,5,177,480537,482059,482059,483062,483062,483667,483699,492199,492199,492816,492849,492882,495984,1522,1003,605,8500,617,494,0,600,1959,3135,3102,1359,474.772013,15.45005192,1,4,3,200,1,1,51,7,4,2.0
28,5,178,495987,497512,497512,498517,498517,499145,499178,508178,508178,508779,508812,508846,511943,1525,1005,628,9000,601,426,0,600,2015,3131,3097,1415,490.7315894,15.95957643,1,10,-3,150,-1,-1,49,7,10,1.0
28,5,179,511946,513467,513467,514470,514470,515077,515110,523110,523110,523711,523744,523777,526896,1521,1003,607,8000,601,440,0,600,2028,3152,3119,1428,505.6846949,14.95310552,1,40,-12,150,-1,-1,49,28,40,1.0
28,5,180,526899,528425,528425,529434,529434,530038,530073,538073,538073,538673,538705,538738,541855,1526,1009,604,8000,600,510,0,600,1951,3150,3117,1351,520.6426142,14.9579193,0,29,-1,170,-1,1,51,28,29,2.0
28,6,181,23741,25269,25269,26278,26278,26894,26927,32927,32927,33542,33574,33609,36711,1528,1009,616,6000,615,485,0,600,1947,3137,3102,1347,12.9830068,12.9830068,1,5,2,160,1,1,51,7,5,2.0
28,6,182,36716,38237,38237,39246,39246,39850,39882,48382,48382,49001,49034,49067,52163,1521,1009,604,8500,619,355,0,600,2092,3129,3096,1492,28.43226828,15.44926148,1,7,13,200,1,1,51,20,7,2.0
28,6,183,52166,53686,53686,54691,54691,55296,55329,63329,63329,63962,63995,64028,67100,1520,1005,605,8000,633,788,0,600,1649,3105,3072,1049,43.36988644,14.93761817,0,20,-10,210,-1,1,51,10,20,2.0
28,6,184,67103,68624,68624,69629,69629,70235,70267,77267,77267,77900,77932,77965,81045,1521,1005,606,7000,633,274,0,600,2161,3113,3080,1561,57.31400054,13.9441141,1,29,-1,170,-1,-1,49,28,29,1.0
28,6,185,81047,82575,82575,83584,83584,84187,84219,91719,91719,92320,92352,92386,95485,1528,1009,603,7500,601,358,0,600,2101,3133,3099,1501,71.75499445,14.4409939,1,20,8,200,1,1,51,28,20,2.0
28,6,186,95488,97011,97011,98013,98013,98636,98669,107669,107669,108291,108324,108357,111451,1523,1002,623,9000,622,646,0,600,1784,3127,3094,1184,87.72082693,15.96583249,0,7,-2,150,-1,1,51,5,7,2.0
28,6,187,111454,112984,112984,113986,113986,114613,114645,121145,121145,121745,121777,121811,124912,1530,1002,627,6500,600,552,0,600,1889,3135,3101,1289,101.1810449,13.46021801,1,14,-7,200,-1,-1,49,7,14,1.0
28,6,188,124915,126441,126441,127468,127468,128068,128101,134601,134601,135205,135238,135271,138357,1526,1027,600,6500,604,448,0,600,1995,3119,3086,1395,114.6269482,13.44590322,1,40,-26,170,-1,-1,49,14,40,1.0
28,6,189,138361,139884,139884,140888,140888,141493,141525,147525,147525,148146,148178,148212,151291,1523,1004,605,6000,621,958,0,600,1489,3113,3079,889,127.5598384,12.93289027,1,5,2,190,1,1,51,7,5,2.0
28,6,190,151294,152815,152815,153826,153826,154428,154461,161961,161961,162561,162594,162628,165730,1521,1011,602,7500,600,913,0,600,1553,3136,3102,953,141.9990134,14.43917495,1,11,-1,170,-1,-1,49,10,11,1.0
28,6,191,165732,167258,167258,168261,168261,168865,168898,177898,177898,178531,178564,178597,181691,1526,1003,604,9000,633,576,0,600,1858,3127,3094,1258,157.9601113,15.96109796,1,29,-1,210,-1,-1,49,28,29,1.0
28,6,192,181694,183218,183218,184222,184222,184829,184861,193361,193361,193993,194025,194058,197143,1524,1004,607,8500,632,1156,0,600,1277,3118,3085,677,173.4118352,15.45172382,0,14,-4,150,-1,1,51,10,14,2.0
28,6,193,197146,198670,198670,199675,199675,200282,200314,207314,207314,207931,207963,207996,211106,1524,1005,607,7000,617,433,0,600,2014,3143,3110,1414,187.3754211,13.96358591,0,10,18,190,1,-1,49,28,10,1.0
28,6,194,211109,212633,212633,213639,213639,214261,214294,222294,222294,222917,222950,222983,226056,1524,1006,622,8000,623,662,0,600,1763,3106,3073,1163,202.3245894,14.94916836,1,7,-2,160,-1,-1,49,5,7,1.0
28,6,195,226058,227583,227583,228588,228588,229197,229229,237229,237229,237830,237862,237896,240996,1525,1005,609,8000,601,914,0,600,1546,3134,3100,946,217.2656186,14.94102916,1,20,8,200,1,1,51,28,20,2.0
28,6,196,240999,242519,242519,243523,243523,244151,244183,253183,253183,253798,253831,253865,256935,1520,1004,628,9000,615,425,0,600,2008,3104,3070,1408,233.2035496,15.93793097,1,14,-9,150,-1,-1,49,5,14,1.0
28,6,197,256937,258461,258461,259471,259471,260072,260105,267105,267105,267738,267770,267804,270882,1524,1010,601,7000,633,337,0,600,2095,3112,3078,1495,247.1506293,13.94707969,1,10,10,190,1,1,51,20,10,2.0
28,6,198,270885,272404,272404,273412,273412,274042,274074,282574,282574,283206,283238,283272,286346,1519,1008,630,8500,632,490,0,600,1921,3108,3074,1321,262.6155215,15.46489227,0,10,4,170,1,-1,49,14,10,1.0
28,6,199,286349,287874,287874,288881,288881,289487,289520,297020,297020,297646,297678,297712,300798,1525,1007,606,7500,626,509,0,600,1927,3120,3086,1327,277.0668783,14.45135677,1,7,13,180,1,1,51,20,7,2.0
28,6,200,300801,302323,302323,303332,303332,303936,303969,309969,309969,310570,310603,310636,313763,1522,1009,604,6000,601,421,0,600,2043,3160,3127,1443,290.0318067,12.96492843,1,28,-8,160,-1,-1,49,20,28,1.0
28,6,201,313766,315288,315288,316297,316297,316903,316936,323436,323436,324052,324086,324119,327208,1522,1009,606,6500,616,59,0,600,2388,3122,3089,1788,303.4776578,13.44585109,1,57,-37,160,-1,-1,49,20,57,1.0
28,6,202,327211,328737,328737,329743,329743,330350,330383,338383,338383,339009,339042,339075,342168,1526,1006,607,8000,626,744,0,600,1691,3126,3093,1091,318.4374578,14.95980004,1,7,7,190,1,1,51,14,7,2.0
28,6,203,342171,343697,343697,344703,344703,345335,345368,351868,351868,352486,352519,352552,355626,1526,1006,632,6500,618,430,0,600,1988,3107,3074,1388,331.8954395,13.45798168,1,2,3,210,1,1,51,5,2,2.0
28,6,204,355629,357159,357159,358162,358162,358786,358818,367318,367318,367921,367954,367988,371061,1530,1003,624,8500,603,375,0,600,2065,3107,3073,1465,347.3295916,15.43415202,1,40,-26,190,-1,-1,49,14,40,1.0
28,6,205,371062,372586,372586,373593,373593,374215,374247,383247,383247,383880,383912,383946,387022,1524,1007,622,9000,633,436,0,600,1978,3110,3076,1378,363.2911729,15.96158132,1,10,-3,210,-1,-1,49,7,10,1.0
28,6,206,387025,388547,388547,389556,389556,390175,390207,397707,397707,398307,398339,398373,401478,1522,1009,619,7500,600,917,0,600,1533,3139,3105,933,377.7464306,14.45525777,1,14,-4,190,-1,-1,49,10,14,1.0
28,6,207,401480,403009,403009,404016,404016,404641,404674,410674,410674,411291,411323,411356,414437,1529,1007,625,6000,617,534,0,600,1888,3114,3081,1288,390.7057561,12.95932541,0,2,5,200,1,-1,49,7,2,1.0
28,6,208,414440,415963,415963,416969,416969,417575,417608,424608,424608,425209,425242,425276,428375,1523,1006,606,7000,601,458,0,600,2006,3133,3099,1406,404.6444157,13.93865964,1,20,-13,210,-1,-1,49,7,20,1.0
28,6,209,428378,429907,429907,430915,430915,431516,431548,437548,437548,438178,438210,438244,441337,1529,1008,601,6000,630,389,0,600,2043,3127,3093,1443,417.6053566,12.96094095,1,20,-6,160,-1,-1,49,14,20,1.0
28,6,210,441339,442862,442862,443872,443872,444476,444508,451508,451508,452130,452162,452196,455279,1523,1010,604,7000,622,533,0,600,1908,3117,3083,1308,431.5484085,13.94305183,1,5,9,190,1,1,51,14,5,2.0
28,6,211,455282,456813,456813,457821,457821,458426,458458,465958,465958,466577,466609,466643,469728,1531,1008,605,7500,619,382,0,600,2055,3119,3085,1455,445.9965067,14.44809826,1,7,13,190,1,1,51,20,7,2.0
28,6,212,469731,471251,471251,472258,472258,472861,472894,479394,479394,480022,480054,480087,483170,1520,1007,603,6500,628,368,0,600,2074,3116,3083,1474,459.4392892,13.44278242,1,7,3,180,1,1,51,10,7,2.0
28,6,213,483173,484700,484700,485707,485707,486313,486346,495346,495346,495965,495998,496031,499107,1527,1007,606,9000,619,366,0,600,2075,3109,3076,1475,475.375217,15.93592789,1,4,1,200,1,1,51,5,4,2.0
28,6,214,499110,500637,500637,501640,501640,502244,502276,510776,510776,511392,511425,511458,514565,1527,1003,604,8500,616,373,0,600,2077,3140,3107,1477,490.8337192,15.45850212,1,5,5,150,1,1,51,10,5,2.0
28,6,215,514568,516092,516092,517095,517095,517717,517751,525751,525751,526366,526399,526432,529521,1524,1003,622,8000,615,673,0,600,1763,3122,3089,1163,505.7893416,14.9556224,1,2,3,150,1,1,51,5,2,2.0
28,6,216,529524,531049,531049,532055,532055,532663,532696,539196,539196,539796,539829,539863,542972,1525,1006,608,6500,600,599,0,600,1862,3143,3109,1262,519.2405685,13.45122689,1,29,-1,150,-1,-1,49,28,29,1.0
29,1,1,57017,58544,58544,59571,59571,60174,60206,68206,68206,68811,68843,68880,71991,1527,1027,603,8000,605,621,0,600,1817,3148,3111,1217,15.00852854,15.00852854,1,14,-7,190,-1,-1,49,7,14,1.0
29,1,2,72038,73558,73558,74580,74580,75184,75216,84216,84216,84838,84870,84903,87994,1520,1022,604,9000,622,509,0,600,1923,3124,3091,1323,30.96584032,15.95731178,1,4,6,170,1,1,51,10,4,2.0
29,1,3,87997,89528,89528,90536,90536,91145,91177,99677,99677,100286,100319,100353,103450,1531,1008,609,8500,609,264,0,600,2179,3131,3097,1579,46.42235352,15.4565132,1,40,-26,210,-1,-1,49,14,40,1.0
29,1,4,103453,104974,104974,105978,105978,106604,106637,114137,114137,114764,114796,114831,117910,1521,1004,626,7500,627,311,0,600,2111,3114,3079,1511,60.88172232,14.4593688,1,7,-2,200,-1,-1,49,5,7,1.0
29,1,5,117913,119435,119435,120437,120437,121066,121098,127598,127598,128217,128250,128283,131345,1522,1002,629,6500,619,290,0,600,2138,3095,3062,1538,74.31600453,13.43428221,1,7,-2,170,-1,-1,49,5,7,1.0
29,1,6,131348,132873,132873,133876,133876,134481,134513,141513,141513,142115,142147,142181,145287,1525,1003,605,7000,602,204,0,600,2261,3140,3106,1661,88.25900845,13.94300392,1,10,-3,150,-1,-1,49,7,10,1.0
29,1,7,145289,146814,146814,147822,147822,148440,148473,154473,154473,155093,155125,155158,158231,1525,1008,618,6000,620,495,0,600,1934,3106,3073,1334,101.2025741,12.94356564,1,4,1,190,1,1,51,5,4,2.0
29,1,8,158234,159758,159758,160765,160765,161372,161405,168405,168405,169007,169040,169073,172181,1524,1007,607,7000,602,244,0,600,2216,3141,3108,1616,115.1523286,13.94975449,1,28,-8,170,-1,-1,49,20,28,1.0
29,1,9,172184,173706,173706,174712,174712,175317,175350,181350,181350,181981,182014,182047,185141,1522,1006,605,6000,631,310,0,600,2126,3127,3094,1526,128.1128832,12.96055462,0,11,-1,200,-1,1,51,10,11,2.0
29,1,10,185144,186669,186669,187672,187672,188281,188313,196813,196813,197444,197476,197509,200596,1525,1003,609,8500,631,254,0,600,2178,3120,3087,1578,143.5675175,15.45463427,1,10,18,200,1,1,51,28,10,2.0
29,1,11,200599,202122,202122,203129,203129,203733,203766,211266,211266,211879,211911,211944,215060,1523,1007,604,7500,613,410,0,600,2043,3149,3116,1443,158.0314915,14.46397405,1,2,5,200,1,1,51,7,2,2.0
29,1,12,215063,216583,216583,217593,217593,218197,218231,226231,226231,226833,226866,226900,230020,1520,1010,604,8000,602,475,0,600,1989,3154,3120,1389,172.9920018,14.96051032,1,14,14,160,1,1,51,28,14,2.0
29,1,13,230023,231546,231546,232555,232555,233185,233217,242217,242217,242818,242851,242884,245983,1523,1009,630,9000,601,1363,0,600,1074,3132,3099,474,188.9545496,15.96254776,1,10,-5,150,-1,-1,49,5,10,1.0
29,1,14,245986,247506,247506,248513,248513,249116,249149,255649,255649,256279,256313,256346,259427,1520,1007,603,6500,630,1092,0,600,1348,3114,3081,748,202.3989629,13.44441334,1,7,7,170,1,1,51,14,7,2.0
29,1,15,259430,260952,260952,261958,261958,262563,262596,269096,269096,269696,269728,269761,272875,1522,1006,605,6500,600,404,0,600,2063,3147,3114,1463,215.8462572,13.44729426,1,10,4,200,1,1,51,14,10,2.0
29,1,16,272878,274402,274402,275409,275409,276015,276048,282048,282048,282651,282684,282717,285835,1524,1007,606,6000,603,708,0,600,1752,3151,3118,1152,228.8064854,12.96022826,1,15,-1,190,-1,-1,49,14,15,1.0
29,1,17,285837,287362,287362,288368,288368,288973,289005,298005,298005,298606,298639,298673,301789,1525,1006,605,9000,601,868,0,600,1595,3150,3116,995,244.7609823,15.95449685,1,21,-1,210,-1,-1,49,20,21,1.0
29,1,18,301792,303315,303315,304321,304321,304925,304959,311959,311959,312560,312592,312625,315754,1523,1006,604,7000,601,1818,0,600,648,3162,3129,48,258.7250245,13.96404216,0,10,-3,210,-1,1,51,7,10,2.0
29,1,19,315757,317284,317284,318287,318287,318891,318923,326423,326423,327040,327073,327107,330206,1527,1003,604,7500,617,355,0,600,2094,3133,3099,1494,273.1776367,14.4526122,1,2,5,200,1,1,51,7,2,2.0
29,1,20,330209,331734,331734,332742,332742,333369,333401,341901,341901,342535,342567,342602,345665,1525,1008,627,8500,634,193,0,600,2213,3098,3063,1613,288.6358802,15.45824356,1,14,-9,190,-1,-1,49,5,14,1.0
29,1,21,345668,347193,347193,348199,348199,348805,348837,356837,356837,357453,357486,357519,360607,1525,1006,606,8000,616,319,0,600,2128,3121,3088,1528,303.5788154,14.94293521,1,57,-37,170,-1,-1,49,20,57,1.0
29,1,22,360610,362135,362135,363140,363140,363746,363778,370778,370778,371380,371412,371445,374547,1525,1005,606,7000,602,455,0,600,2007,3135,3102,1407,317.5180344,13.93921895,0,29,-1,210,-1,1,51,28,29,2.0
29,1,23,374549,376074,376074,377079,377079,377684,377717,383717,383717,384350,384383,384416,387494,1525,1005,605,6000,633,539,0,600,1893,3111,3078,1293,330.4651755,12.94714117,1,14,-4,160,-1,-1,49,10,14,1.0
29,1,24,387497,389022,389022,390026,390026,390630,390664,399664,399664,400290,400322,400356,403455,1525,1004,604,9000,626,524,0,600,1917,3133,3099,1317,346.4267309,15.96155541,1,5,5,160,1,1,51,10,5,2.0
29,1,25,403458,404978,404978,405985,405985,406590,406623,414123,414123,414754,414786,414819,417907,1520,1007,605,7500,631,317,0,600,2120,3121,3088,1520,360.8786754,14.45194441,1,7,13,190,1,1,51,20,7,2.0
29,1,26,417910,419437,419437,420438,420438,421045,421078,429578,429578,430211,430243,430276,433364,1527,1001,607,8500,633,609,0,600,1823,3121,3088,1223,376.3346986,15.4560232,1,14,-4,210,-1,-1,49,10,14,1.0
29,1,27,433367,434889,434889,435896,435896,436503,436535,443035,443035,443636,443669,443703,446824,1522,1007,607,6500,601,448,0,600,2015,3155,3121,1415,389.7948677,13.46016919,1,10,10,170,1,1,51,20,10,2.0
29,1,28,446827,448350,448350,449350,449350,449963,449995,457995,457995,458595,458627,458661,461770,1523,1000,613,8000,600,884,0,600,1580,3143,3109,980,404.7408421,14.94597434,1,10,4,190,1,1,51,14,10,2.0
29,1,29,461773,463297,463297,464301,464301,464905,464938,472438,472438,473061,473094,473128,476225,1524,1004,604,7500,623,102,0,600,2343,3131,3097,1743,419.1966426,14.4558005,1,79,-51,160,-1,-1,49,28,79,1.0
29,1,30,476228,477747,477747,478751,478751,479358,479391,487391,487391,488008,488041,488074,491179,1519,1004,607,8000,617,267,0,600,2186,3138,3105,1586,434.1498129,14.95317031,1,56,-28,160,-1,-1,49,28,56,1.0
29,1,31,491182,492704,492704,493708,493708,494313,494345,502845,502845,503446,503478,503513,506614,1522,1004,605,8500,601,1853,0,600,615,3136,3101,15,449.5848756,15.43506271,0,15,-1,180,-1,1,51,14,15,2.0
29,1,32,506616,508139,508139,509143,509143,509750,509782,515782,515782,516416,516448,516482,519556,1523,1004,607,6000,634,271,0,600,2161,3108,3074,1561,462.5270951,12.9422195,1,28,-8,210,-1,-1,49,20,28,1.0
29,1,33,519558,521082,521082,522091,522091,522695,522727,531727,531727,532328,532361,532395,535509,1524,1009,604,9000,601,599,0,600,1863,3148,3114,1263,478.4795434,15.95244827,0,20,8,170,1,-1,49,28,20,1.0
29,1,34,535512,537033,537033,538036,538036,538667,538700,545700,545700,546302,546335,546369,549451,1521,1003,631,7000,602,342,0,600,2101,3116,3082,1501,492.42212,13.9425766,1,14,-9,190,-1,-1,49,5,14,1.0
29,1,35,549454,550977,550977,551984,551984,552591,552624,559124,559124,559724,559757,559791,562899,1523,1007,607,6500,600,1376,0,600,1087,3142,3108,487,505.8697755,13.44765558,1,11,-1,180,-1,-1,49,10,11,1.0
29,1,36,562902,564425,564425,565427,565427,566029,566061,574061,574061,574693,574725,574758,577850,1523,1002,602,8000,632,289,0,600,2152,3125,3092,1552,520.8209072,14.95113166,1,14,-7,200,-1,-1,49,7,14,1.0
29,2,37,23945,25473,25473,26491,26491,27101,27133,34133,34133,34758,34790,34826,37890,1528,1018,610,7000,625,282,0,600,2137,3100,3064,1537,13.95816008,13.95816008,1,10,10,180,1,1,51,20,10,2.0
29,2,38,37895,39421,39421,40427,40427,41032,41064,47564,47564,48193,48225,48258,51334,1526,1006,605,6500,629,236,0,600,2198,3109,3076,1598,27.39962108,13.441461,1,5,5,190,1,1,51,10,5,2.0
29,2,39,51337,52861,52861,53867,53867,54470,54502,63002,63002,63619,63651,63685,66776,1524,1006,603,8500,617,255,0,600,2195,3125,3091,1595,42.84099951,15.44137843,1,5,5,200,1,1,51,10,5,2.0
29,2,40,66778,68305,68305,69310,69310,69914,69946,78946,78946,79578,79611,79645,82729,1527,1005,604,9000,632,830,0,600,1602,3118,3084,1002,58.79448834,15.95348883,1,10,4,170,1,1,51,14,10,2.0
29,2,41,82732,84255,84255,85257,85257,85889,85921,91921,91921,92551,92584,92618,95677,1523,1002,632,6000,630,708,0,600,1705,3093,3059,1105,71.74232564,12.94783729,0,10,-5,150,-1,1,51,5,10,2.0
29,2,42,95679,97203,97203,98207,98207,98807,98839,106839,106839,107467,107500,107534,110638,1524,1004,600,8000,628,465,0,600,1979,3138,3104,1379,86.7033142,14.96098856,1,7,13,160,1,1,51,20,7,2.0
29,2,43,110641,112165,112165,113169,113169,113774,113806,121306,121306,121908,121941,121974,125081,1524,1004,605,7500,602,240,0,600,2225,3140,3107,1625,101.1466692,14.44335499,1,21,-1,170,-1,-1,49,20,21,1.0
29,2,44,125084,126608,126608,127613,127613,128220,128252,136752,136752,137368,137400,137434,140538,1524,1005,607,8500,616,817,0,600,1631,3138,3104,1031,116.6036498,15.45698059,1,2,5,210,1,1,51,7,2,2.0
29,2,45,140541,142065,142065,143071,143071,143674,143708,152708,152708,153331,153363,153397,156492,1524,1006,603,9000,623,613,0,600,1831,3129,3095,1231,132.5572037,15.95355393,1,4,3,190,1,1,51,7,4,2.0
29,2,46,156495,158020,158020,159025,159025,159629,159661,167661,167661,168264,168297,168332,171432,1525,1005,604,8000,603,392,0,600,2071,3135,3100,1471,147.4973547,14.94015103,1,28,-18,200,-1,-1,49,10,28,1.0
29,2,47,171434,172957,172957,173964,173964,174567,174599,182099,182099,182731,182764,182798,185876,1523,1007,603,7500,632,598,0,600,1837,3112,3078,1237,161.9416623,14.44430756,1,14,14,180,1,1,51,28,14,2.0
29,2,48,185879,187403,187403,188407,188407,189038,189070,195070,195070,195687,195720,195754,198812,1524,1004,631,6000,617,607,0,600,1817,3092,3058,1217,174.8768314,12.93516909,1,3,2,170,1,1,51,5,3,2.0
29,2,49,198815,200342,200342,201344,201344,201952,201986,208986,208986,209591,209623,209658,212765,1527,1002,608,7000,605,332,0,600,2126,3142,3107,1526,188.8306611,13.95382966,1,40,-12,160,-1,-1,49,28,40,1.0
29,2,50,212768,214293,214293,215298,215298,215907,215940,222440,222440,223041,223074,223108,226202,1525,1005,609,6500,601,1164,0,600,1296,3128,3094,696,202.2666423,13.43598123,0,20,8,170,1,-1,49,28,20,1.0
29,2,51,226204,227728,227728,228732,228732,229338,229371,236371,236371,236972,237004,237039,240162,1524,1004,606,7000,601,1006,0,600,1459,3158,3123,859,216.2269227,13.96028039,1,28,-8,150,-1,-1,49,20,28,1.0
29,2,52,240165,241685,241685,242692,242692,243298,243331,250831,250831,251431,251464,251497,254621,1520,1007,606,7500,600,874,0,600,1593,3157,3124,993,230.6866272,14.45970451,0,20,8,180,1,-1,49,28,20,1.0
29,2,53,254624,256147,256147,257158,257158,257781,257814,264314,264314,264931,264964,264998,268071,1523,1011,623,6500,617,919,0,600,1507,3107,3073,907,244.136404,13.44977679,1,4,1,160,1,1,51,5,4,2.0
29,2,54,268075,269599,269599,270608,270608,271233,271266,277266,277266,277881,277913,277947,281008,1524,1009,625,6000,615,519,0,600,1908,3095,3061,1308,257.0726459,12.9362419,1,2,3,180,1,1,51,5,2,2.0
29,2,55,281010,282531,282531,283539,283539,284159,284191,292691,292691,293324,293356,293390,296450,1521,1008,620,8500,633,321,0,600,2097,3094,3060,1497,272.5152246,15.44257871,1,14,-9,210,-1,-1,49,5,14,1.0
29,2,56,296453,297973,297973,298978,298978,299582,299614,307614,307614,308230,308263,308297,311388,1520,1005,604,8000,616,614,0,600,1841,3125,3091,1241,287.453459,14.93823443,1,5,2,210,1,1,51,7,5,2.0
29,2,57,311392,312917,312917,313920,313920,314524,314556,323556,323556,324159,324191,324227,327339,1525,1003,604,9000,603,603,0,600,1862,3148,3112,1262,303.4037731,15.9503141,1,14,-4,180,-1,-1,49,10,14,1.0
29,2,58,327342,328863,328863,329868,329868,330471,330504,337504,337504,338117,338149,338182,341279,1521,1005,603,7000,613,193,0,600,2265,3130,3097,1665,317.3443306,13.94055755,1,40,-26,170,-1,-1,49,14,40,1.0
29,2,59,341282,342806,342806,343812,343812,344418,344451,352451,352451,353071,353104,353137,356236,1524,1006,606,8000,620,296,0,600,2148,3132,3099,1548,332.3000109,14.95568026,1,56,-28,150,-1,-1,49,28,56,1.0
29,2,60,356238,357757,357757,358766,358766,359373,359406,366906,366906,367511,367544,367578,370694,1519,1009,607,7500,605,345,0,600,2115,3150,3116,1515,346.759229,14.45921813,1,28,-14,170,-1,-1,49,14,28,1.0
29,2,61,370697,372223,372223,373229,373229,373835,373867,380367,380367,381000,381033,381066,384153,1526,1006,606,6500,633,1254,0,600,1175,3120,3087,575,360.2173075,13.45807842,1,20,-6,180,-1,-1,49,14,20,1.0
29,2,62,384155,385676,385676,386676,386676,387282,387315,393315,393315,393930,393962,393996,397101,1521,1000,606,6000,615,270,0,600,2188,3139,3105,1588,373.165447,12.94813955,1,79,-51,210,-1,-1,49,28,79,1.0
29,2,63,397104,398617,398617,399625,399625,400229,400261,408761,408761,409370,409402,409434,412562,1513,1008,604,8500,609,228,0,600,2238,3160,3128,1638,388.6270563,15.46160935,1,14,6,200,1,1,51,20,14,2.0
29,2,64,412565,414090,414090,415097,415097,415705,415739,424739,424739,425345,425378,425412,428519,1525,1007,608,9000,606,565,0,600,1889,3141,3107,1289,404.5831241,15.9560678,1,40,-20,190,-1,-1,49,20,40,1.0
29,2,65,428521,430047,430047,431051,431051,431657,431690,440190,440190,440821,440853,440887,443962,1526,1004,606,8500,631,984,0,600,1449,3109,3075,849,420.0267606,15.44363645,0,8,-1,210,-1,1,51,7,8,2.0
29,2,66,443965,445487,445487,446492,446492,447096,447128,455128,455128,455731,455764,455797,458897,1522,1005,604,8000,603,394,0,600,2072,3133,3100,1472,434.962099,14.93533844,1,28,-14,210,-1,-1,49,14,28,1.0
29,2,67,458900,460428,460428,461434,461434,462038,462070,468070,468070,468697,468729,468762,471837,1528,1006,604,6000,627,370,0,600,2065,3108,3075,1465,447.9012659,12.93916681,1,4,6,160,1,1,51,10,4,2.0
29,2,68,471840,473362,473362,474367,474367,474970,475002,482002,482002,482603,482636,482669,485779,1522,1005,603,7000,601,724,0,600,1745,3143,3110,1145,461.8430228,13.94175693,1,10,-3,190,-1,-1,49,7,10,1.0
29,2,69,485782,487307,487307,488316,488316,488923,488955,495455,495455,496073,496106,496139,499241,1525,1009,607,6500,618,785,0,600,1656,3135,3102,1056,475.3053132,13.4622904,1,4,6,190,1,1,51,10,4,2.0
29,2,70,499244,500769,500769,501774,501774,502403,502435,509935,509935,510564,510598,510631,513683,1525,1005,629,7500,629,243,0,600,2169,3085,3052,1569,489.7478051,14.44249192,1,6,-1,150,-1,-1,49,5,6,1.0
29,2,71,513686,515207,515207,516211,516211,516827,516859,525859,525859,526480,526513,526547,529646,1521,1004,616,9000,621,1010,0,600,1428,3133,3099,828,505.7101416,15.96233651,1,4,3,210,1,1,51,7,4,2.0
29,2,72,529649,531173,531173,532175,532175,532783,532815,539815,539815,540430,540462,540496,543610,1524,1002,608,7000,615,185,0,600,2266,3148,3114,1666,519.6748272,13.96468554,1,40,-26,170,-1,-1,49,14,40,1.0
29,3,73,24793,26320,26320,27337,27337,27961,27994,36494,36494,37110,37143,37178,40234,1527,1017,624,8500,616,407,0,600,2009,3091,3056,1409,15.45335202,15.45335202,1,4,3,160,1,1,51,7,4,2.0
29,3,74,40238,41761,41761,42768,42768,43369,43402,51402,51402,52020,52052,52085,55200,1523,1007,601,8000,618,631,0,600,1820,3148,3115,1220,30.4176452,14.96429318,1,5,5,180,1,1,51,10,5,2.0
29,3,75,55202,56724,56724,57727,57727,58333,58366,65866,65866,66499,66532,66565,69641,1522,1003,606,7500,633,344,0,600,2092,3109,3076,1492,44.85894679,14.44130158,1,40,-26,150,-1,-1,49,14,40,1.0
29,3,76,69643,71167,71167,72174,72174,72782,72814,79814,79814,80414,80446,80480,83587,1524,1007,608,7000,600,535,0,600,1926,3141,3107,1326,58.80451189,13.9455651,1,28,-8,150,-1,-1,49,20,28,1.0
29,3,77,83590,85110,85110,86115,86115,86720,86752,95752,95752,96353,96385,96418,99539,1520,1005,605,9000,601,477,0,600,1992,3154,3121,1392,74.75636409,15.9518522,1,13,1,150,1,1,51,14,13,2.0
29,3,78,99541,101069,101069,102076,102076,102707,102740,108740,108740,109371,109404,109438,112479,1528,1007,631,6000,631,305,0,600,2098,3075,3041,1498,87.69732123,12.94095714,1,14,-7,180,-1,-1,49,7,14,1.0
29,3,79,112482,114001,114001,115008,115008,115640,115673,122173,122173,122799,122831,122864,125934,1519,1007,632,6500,626,586,0,600,1830,3103,3070,1230,101.151583,13.4542618,0,7,-2,170,-1,1,51,5,7,2.0
29,3,80,125937,127457,127457,128464,128464,129064,129096,137096,137096,137726,137758,137792,140891,1520,1007,600,8000,630,330,0,600,2113,3133,3099,1513,116.1085618,14.95697878,1,10,-3,160,-1,-1,49,7,10,1.0
29,3,81,140894,142419,142419,143426,143426,144031,144063,151063,151063,151666,151699,151732,154848,1525,1007,605,7000,603,474,0,600,1986,3149,3116,1386,130.0650593,13.95649753,1,40,-20,210,-1,-1,49,20,40,1.0
29,3,82,154850,156372,156372,157378,157378,157984,158016,164516,164516,165116,165150,165183,168282,1522,1006,606,6500,600,976,0,600,1490,3132,3099,890,143.4997628,13.4347035,1,13,1,150,1,1,51,14,13,2.0
29,3,83,168284,169809,169809,170818,170818,171419,171451,178951,178951,179551,179583,179616,182737,1525,1009,601,7500,600,511,0,600,1954,3154,3121,1354,157.9543597,14.4545969,1,14,-7,190,-1,-1,49,7,14,1.0
29,3,84,182740,184265,184265,185268,185268,185874,185906,191906,191906,192506,192539,192573,195677,1525,1003,606,6000,600,593,0,600,1873,3138,3104,1273,170.8952548,12.94089506,0,14,14,190,1,-1,49,28,14,1.0
29,3,85,195680,197207,197207,198213,198213,198817,198849,207349,207349,207981,208014,208047,211142,1527,1006,604,8500,632,777,0,600,1654,3128,3095,1054,186.359325,15.46407018,1,56,-28,180,-1,-1,49,28,56,1.0
29,3,86,211145,212667,212667,213672,213672,214278,214310,223310,223310,223943,223976,224009,227084,1522,1005,606,9000,633,372,0,600,2062,3108,3075,1462,202.301794,15.94246902,1,14,6,200,1,1,51,20,14,2.0
29,3,87,227087,228610,228610,229618,229618,230238,230271,236771,236771,237394,237426,237459,240536,1523,1008,620,6500,623,594,0,600,1832,3110,3077,1232,215.7541552,13.45236118,1,4,1,200,1,1,51,5,4,2.0
29,3,88,240539,242060,242060,243065,243065,243672,243704,252204,252204,252804,252836,252870,255997,1521,1005,607,8500,600,326,0,600,2141,3161,3127,1541,231.2144359,15.46028069,0,14,14,170,1,-1,49,28,14,1.0
29,3,89,256000,257522,257522,258527,258527,259130,259164,266164,266164,266782,266814,266848,269949,1522,1005,603,7000,618,360,0,600,2092,3135,3101,1492,245.1669227,13.95248684,1,57,-37,160,-1,-1,49,20,57,1.0
29,3,90,269952,271471,271471,272476,272476,273079,273112,281112,281112,281716,281749,281782,284912,1519,1005,603,8000,604,1360,0,600,1109,3163,3130,509,260.1293783,14.96245554,0,20,-10,180,-1,1,51,10,20,2.0
29,3,91,284915,286436,286436,287441,287441,288068,288101,297101,297101,297718,297751,297784,300874,1521,1005,627,9000,617,708,0,600,1722,3123,3090,1122,276.0912377,15.96185947,1,3,2,210,1,1,51,5,3,2.0
29,3,92,300877,302399,302399,303405,303405,304011,304043,310043,310043,310648,310680,310713,313811,1522,1006,606,6000,605,228,0,600,2233,3131,3098,1633,289.0290482,12.93781043,1,40,-20,200,-1,-1,49,20,40,1.0
29,3,93,313814,315343,315343,316346,316346,316953,316985,324485,324485,325116,325149,325183,328276,1529,1003,607,7500,631,293,0,600,2137,3127,3093,1537,303.4930189,14.46397074,1,10,18,180,1,1,51,28,10,2.0
29,3,94,328279,329803,329803,330813,330813,331439,331472,338972,338972,339604,339636,339670,342726,1524,1010,626,7500,632,866,0,600,1542,3090,3056,942,317.9437516,14.45073268,1,14,-9,150,-1,-1,49,5,14,1.0
29,3,95,342729,344250,344250,345252,345252,345856,345888,353888,353888,354489,354522,354556,357675,1521,1002,604,8000,601,1289,0,600,1183,3153,3119,583,332.8922344,14.94848279,0,20,-6,170,-1,1,51,14,20,2.0
29,3,96,357678,359198,359198,360208,360208,360814,360846,369846,369846,370473,370506,370540,373631,1520,1010,606,9000,627,801,0,600,1636,3125,3091,1036,348.8485761,15.95634173,1,9,1,180,1,1,51,10,9,2.0
29,3,97,373634,375158,375158,376163,376163,376768,376801,382801,382801,383424,383456,383490,386581,1524,1005,605,6000,623,421,0,600,2022,3125,3091,1422,361.7985415,12.94996544,1,4,6,170,1,1,51,10,4,2.0
29,3,98,386583,388110,388110,389116,389116,389733,389765,396265,396265,396886,396918,396952,400031,1527,1006,617,6500,621,989,0,600,1440,3113,3079,840,375.2482939,13.44975238,1,5,2,160,1,1,51,7,5,2.0
29,3,99,400034,401560,401560,402590,402590,403212,403245,410245,410245,410863,410895,410929,413977,1526,1030,622,7000,618,469,0,600,1935,3082,3048,1335,389.1949222,13.94662827,1,4,3,160,1,1,51,7,4,2.0
29,3,100,413980,415504,415504,416507,416507,417114,417147,425647,425647,426248,426281,426315,429414,1524,1003,607,8500,601,944,0,600,1521,3133,3099,921,404.6313602,15.43643808,1,27,1,200,1,1,51,28,27,2.0
29,3,101,429416,430939,430939,431945,431945,432551,432583,440583,440583,441183,441215,441249,444349,1523,1006,606,8000,600,298,0,600,2167,3134,3100,1567,419.5663687,14.93500846,1,28,-18,200,-1,-1,49,10,28,1.0
29,3,102,444351,445874,445874,446878,446878,447483,447516,455016,455016,455647,455680,455714,458807,1523,1004,605,7500,631,1164,0,600,1273,3127,3093,673,434.024514,14.45814532,1,20,8,160,1,1,51,28,20,2.0
29,3,103,458810,460332,460332,461339,461339,461944,461977,470977,470977,471606,471638,471672,474772,1522,1007,605,9000,629,290,0,600,2147,3134,3100,1547,449.9888262,15.96431217,1,7,7,210,1,1,51,14,7,2.0
29,3,104,474774,476301,476301,477307,477307,477931,477963,484963,484963,485578,485611,485644,488726,1527,1006,624,7000,615,797,0,600,1631,3115,3082,1031,463.9437244,13.95489825,1,4,1,170,1,1,51,5,4,2.0
29,3,105,488729,490251,490251,491260,491260,491879,491911,500411,500411,501026,501059,501093,504176,1522,1009,619,8500,615,507,0,600,1928,3117,3083,1328,479.3938252,15.45010074,1,2,3,200,1,1,51,5,2,2.0
29,3,106,504179,505704,505704,506709,506709,507313,507346,513846,513846,514448,514481,514514,517638,1525,1005,604,6500,602,644,0,600,1820,3157,3124,1220,492.854859,13.46103377,0,13,1,180,1,-1,49,14,13,1.0
29,3,107,517640,519169,519169,520176,520176,520782,520813,526813,526813,527439,527471,527504,530586,1529,1007,606,6000,626,2353,0,600,79,3115,3082,-521,505.803701,12.948842,1,14,6,210,1,1,51,20,14,2.0
29,3,108,530589,532110,532110,533116,533116,533718,533751,541751,541751,542351,542383,542417,545536,1521,1006,602,8000,600,834,0,600,1637,3153,3119,1037,520.7532294,14.94952848,0,9,1,200,1,-1,49,10,9,1.0
29,4,109,47704,49229,49229,50247,50247,50868,50901,58901,58901,59518,59550,59586,62650,1525,1018,621,8000,617,420,0,600,1999,3100,3064,1399,14.95805159,14.95805159,1,5,2,200,1,1,51,7,5,2.0
29,4,110,62653,64177,64177,65182,65182,65788,65820,74320,74320,74920,74953,74988,78099,1524,1005,606,8500,600,298,0,600,2167,3146,3111,1567,30.40558633,15.44753474,0,14,14,170,1,-1,49,28,14,1.0
29,4,111,78101,79624,79624,80629,80629,81236,81268,90268,90268,90884,90917,90952,94045,1523,1005,607,9000,616,255,0,600,2194,3128,3093,1594,46.3518804,15.94629407,1,56,-28,200,-1,-1,49,28,56,1.0
29,4,112,94048,95576,95576,96584,96584,97187,97220,104720,104720,105353,105385,105420,108502,1528,1008,603,7500,633,316,0,600,2112,3117,3082,1512,60.80845477,14.45657437,1,20,-13,200,-1,-1,49,7,20,1.0
29,4,113,108505,110024,110024,111028,111028,111635,111668,118668,118668,119290,119322,119355,122449,1519,1004,607,7000,622,390,0,600,2058,3127,3094,1458,74.7565,13.94804522,1,5,5,170,1,1,51,10,5,2.0
29,4,114,122452,123980,123980,124991,124991,125617,125649,131649,131649,132274,132307,132341,135388,1528,1011,626,6000,625,441,0,600,1969,3081,3047,1369,87.69415613,12.93765614,1,7,-2,180,-1,-1,49,5,7,1.0
29,4,115,135391,136912,136912,137917,137917,138525,138557,145057,145057,145689,145723,145757,148845,1521,1005,608,6500,632,769,0,600,1665,3122,3088,1065,101.1515601,13.45740399,1,11,-1,190,-1,-1,49,10,11,1.0
29,4,116,148848,150375,150375,151381,151381,151988,152021,161021,161021,161653,161685,161718,164784,1527,1006,607,9000,632,714,0,600,1714,3099,3066,1114,117.0906465,15.93908635,0,10,10,210,1,-1,49,20,10,1.0
29,4,117,164786,166314,166314,167320,167320,167940,167972,175472,175472,176097,176130,176163,179217,1528,1006,620,7500,625,575,0,600,1846,3087,3054,1246,131.5236175,14.43297103,1,6,-1,180,-1,-1,49,5,6,1.0
29,4,118,179219,180744,180744,181749,181749,182357,182390,188390,188390,188990,189022,189055,192152,1525,1005,608,6000,600,352,0,600,2110,3130,3097,1510,144.4587881,12.93517059,1,21,-1,200,-1,-1,49,20,21,1.0
29,4,119,192155,193682,193682,194687,194687,195293,195326,202326,202326,202953,202985,203019,206097,1527,1005,606,7000,627,407,0,600,2028,3112,3078,1428,158.4040109,13.94522277,1,7,7,190,1,1,51,14,7,2.0
29,4,120,206100,207626,207626,208633,208633,209236,209269,217269,217269,217898,217931,217964,221048,1526,1007,603,8000,629,375,0,600,2060,3117,3084,1460,173.354413,14.95040209,1,7,3,160,1,1,51,10,7,2.0
29,4,121,221051,222574,222574,223582,223582,224190,224223,230723,230723,231332,231366,231400,234505,1523,1008,608,6500,609,435,0,600,2017,3139,3105,1417,186.8122394,13.45782649,1,40,-12,170,-1,-1,49,28,40,1.0
29,4,122,234508,236029,236029,237036,237036,237641,237674,246174,246174,246791,246823,246856,249952,1521,1007,605,8500,617,459,0,600,1991,3129,3096,1391,202.2586947,15.44645529,1,57,-37,150,-1,-1,49,20,57,1.0
29,4,123,249954,251474,251474,252479,252479,253100,253132,260632,260632,261264,261296,261329,264405,1520,1005,621,7500,632,534,0,600,1888,3109,3076,1288,216.7124123,14.45371756,1,20,-6,210,-1,-1,49,14,20,1.0
29,4,124,264408,265932,265932,266940,266940,267550,267582,274582,274582,275190,275223,275256,278342,1524,1008,610,7000,608,219,0,600,2231,3119,3086,1631,230.6487576,13.93634526,1,57,-37,200,-1,-1,49,20,57,1.0
29,4,125,278345,279865,279865,280867,280867,281474,281506,288006,288006,288608,288641,288675,291794,1520,1002,607,6500,602,638,0,600,1831,3153,3119,1231,244.1002843,13.45152674,0,11,-1,150,-1,1,51,10,11,2.0
29,4,126,291796,293322,293322,294329,294329,294936,294970,303470,303470,304095,304127,304161,307241,1526,1007,607,8500,625,304,0,600,2131,3114,3080,1531,259.5473348,15.44705046,1,79,-51,150,-1,-1,49,28,79,1.0
29,4,127,307244,308763,308763,309767,309767,310375,310407,316407,316407,317014,317047,317080,320194,1519,1004,608,6000,607,895,0,600,1567,3147,3114,967,272.5006217,12.95328693,0,40,-12,170,-1,1,51,28,40,2.0
29,4,128,320197,321726,321726,322732,322732,323333,323365,332365,332365,332993,333025,333059,336139,1529,1006,601,9000,628,923,0,600,1513,3114,3080,913,288.4459804,15.94535868,1,6,-1,150,-1,-1,49,5,6,1.0
29,4,129,336142,337670,337670,338677,338677,339305,339337,347337,347337,347954,347987,348021,351088,1528,1007,628,8000,617,363,0,600,2057,3101,3067,1457,303.3949956,14.94901527,1,3,2,170,1,1,51,5,3,2.0
29,4,130,351091,352617,352617,353623,353623,354228,354261,360761,360761,361363,361396,361429,364547,1526,1006,605,6500,602,762,0,600,1699,3151,3118,1099,316.8540218,13.45902617,1,15,-1,200,-1,-1,49,14,15,1.0
29,4,131,364550,366081,366081,367089,367089,367694,367727,375727,375727,376352,376384,376418,379513,1531,1008,605,8000,625,906,0,600,1525,3129,3095,925,331.8193782,14.96535635,1,5,2,170,1,1,51,7,5,2.0
29,4,132,379516,381039,381039,382044,382044,382649,382681,390181,390181,390783,390816,390849,393964,1523,1005,605,7500,602,377,0,600,2088,3148,3115,1488,346.2708473,14.45146918,1,10,-3,200,-1,-1,49,7,10,1.0
29,4,133,393967,395493,395493,396504,396504,397130,397162,406162,406162,406782,406814,406847,409922,1526,1011,626,9000,620,492,0,600,1925,3108,3075,1325,362.2280648,15.95721745,1,2,3,180,1,1,51,5,2,2.0
29,4,134,409925,411447,411447,412457,412457,413057,413089,419089,419089,419690,419722,419756,422882,1522,1010,600,6000,601,352,0,600,2115,3160,3126,1515,375.1874276,12.95936277,1,20,-10,180,-1,-1,49,10,20,1.0
29,4,135,422885,424407,424407,425413,425413,426016,426048,433048,433048,433650,433683,433717,436832,1522,1006,603,7000,602,765,0,600,1702,3149,3115,1102,389.1383935,13.95096592,1,28,-14,180,-1,-1,49,14,28,1.0
29,4,136,436835,438364,438364,439372,439372,439981,440013,448513,448513,449115,449147,449181,452290,1529,1008,609,8500,602,628,0,600,1824,3143,3109,1224,404.5958737,15.45748023,1,21,-1,160,-1,-1,49,20,21,1.0
29,4,137,452292,453819,453819,454824,454824,455427,455459,462459,462459,463080,463112,463146,466246,1527,1005,603,7000,621,392,0,600,2052,3134,3100,1452,418.5527295,13.95685583,1,10,10,190,1,1,51,20,10,2.0
29,4,138,466249,467777,467777,468784,468784,469389,469422,475922,475922,476554,476586,476620,479692,1528,1007,605,6500,632,207,0,600,2221,3106,3072,1621,431.9975395,13.44480992,1,28,-18,200,-1,-1,49,10,28,1.0
29,4,139,479694,481216,481216,482224,482224,482827,482859,491359,491359,491987,492019,492053,495139,1522,1008,603,8500,628,316,0,600,2123,3120,3086,1523,447.4448705,15.44733102,1,7,7,190,1,1,51,14,7,2.0
29,4,140,495142,496667,496667,497673,497673,498281,498313,504313,504313,504917,504949,504983,508093,1525,1006,608,6000,604,370,0,600,2087,3144,3110,1487,460.3982981,12.95342766,1,56,-28,200,-1,-1,49,28,56,1.0
29,4,141,508096,509623,509623,510632,510632,511258,511290,519291,519291,519924,519956,519989,523029,1527,1009,626,8001,633,400,0,600,2004,3073,3040,1404,475.3352078,14.93690969,1,10,-5,180,-1,-1,49,5,10,1.0
29,4,142,523032,524556,524556,525565,525565,526166,526199,535199,535199,535825,535857,535890,538981,1524,1009,601,9000,626,610,0,600,1830,3124,3091,1230,491.2862934,15.95108556,1,8,-1,210,-1,-1,49,7,8,1.0
29,4,143,538983,540505,540505,541511,541511,542117,542149,549649,549649,550253,550285,550318,553423,1522,1006,606,7500,604,103,0,600,2359,3138,3105,1759,505.7287763,14.44248288,1,40,-26,180,-1,-1,49,14,40,1.0
29,4,144,553425,554950,554950,555954,555954,556558,556590,565090,565090,565693,565726,565760,568871,1525,1004,604,8500,603,140,0,600,2324,3145,3111,1724,521.1770264,15.44825014,1,14,-7,180,-1,-1,49,7,14,1.0
29,5,145,23346,24868,24868,25888,25888,26498,26531,35531,35531,36147,36180,36215,39301,1522,1020,610,9000,616,338,0,600,2094,3121,3086,1494,15.96790247,15.96790247,1,4,3,170,1,1,51,7,4,2.0
29,5,146,39306,40833,40833,41837,41837,42444,42477,49477,49477,50092,50125,50158,53247,1527,1004,607,7000,615,255,0,600,2192,3122,3089,1592,29.9128055,13.94490303,1,79,-51,160,-1,-1,49,28,79,1.0
29,5,147,53250,54777,54777,55779,55779,56410,56443,63943,63943,64562,64593,64626,67689,1527,1002,631,7500,619,392,0,600,2029,3096,3063,1429,44.35462662,14.44182111,1,4,1,150,1,1,51,5,4,2.0
29,5,148,67692,69217,69217,70224,70224,70846,70879,77379,77379,77997,78030,78063,81129,1525,1007,622,6500,618,391,0,600,2037,3099,3066,1437,57.79416047,13.43953386,1,3,2,210,1,1,51,5,3,2.0
29,5,149,81132,82656,82656,83665,83665,84293,84326,90326,90326,90926,90958,90991,94069,1524,1009,628,6000,600,303,0,600,2136,3111,3078,1536,70.73458995,12.94042947,1,20,-13,190,-1,-1,49,7,20,1.0
29,5,150,94072,95598,95598,96607,96607,97236,97269,105769,105769,106387,106419,106452,109534,1526,1009,629,8500,618,569,0,600,1849,3115,3082,1249,86.19871347,15.46412352,1,4,1,180,1,1,51,5,4,2.0
29,5,151,109536,111059,111059,112064,112064,112666,112698,120698,120698,121321,121353,121387,124496,1523,1005,602,8000,623,465,0,600,1982,3143,3109,1382,101.1602201,14.96150659,1,79,-51,160,-1,-1,49,28,79,1.0
29,5,152,124499,126020,126020,127024,127024,127651,127683,135183,135183,135783,135816,135849,138947,1521,1004,627,7500,600,519,0,600,1929,3131,3098,1329,115.6121132,14.45189318,1,7,-2,210,-1,-1,49,5,7,1.0
29,5,153,138950,140473,140473,141478,141478,142083,142116,151116,151116,151746,151779,151812,154895,1523,1005,605,9000,630,545,0,600,1892,3116,3083,1292,131.5594705,15.94735724,1,7,13,190,1,1,51,20,7,2.0
29,5,154,154898,156424,156424,157428,157428,158038,158070,166070,166070,166692,166725,166758,169849,1526,1004,610,8000,622,357,0,600,2081,3124,3091,1481,146.5143651,14.95489464,1,5,9,210,1,1,51,14,5,2.0
29,5,155,169852,171380,171380,172384,172384,172990,173022,179522,179522,180156,180188,180223,183285,1528,1004,606,6500,634,456,0,600,1972,3097,3062,1372,159.949979,13.43561388,0,14,14,180,1,-1,49,28,14,1.0
29,5,156,183288,184813,184813,185816,185816,186420,186452,192452,192452,193076,193108,193141,196220,1525,1003,604,6000,624,438,0,600,2006,3112,3079,1406,172.8850104,12.93503137,1,5,9,210,1,1,51,14,5,2.0
29,5,157,196223,197747,197747,198752,198752,199359,199392,207892,207892,208519,208551,208584,211685,1524,1005,607,8500,627,364,0,600,2073,3134,3101,1473,188.3493801,15.46436973,1,7,3,190,1,1,51,10,7,2.0
29,5,158,211688,213210,213210,214213,214213,214817,214850,221850,221850,222478,222511,222544,225640,1522,1003,604,7000,628,616,0,600,1827,3129,3096,1227,202.3052641,13.95588397,1,5,2,180,1,1,51,7,5,2.0
29,5,159,225643,227169,227169,228176,228176,228800,228832,235332,235332,235935,235968,236001,239095,1526,1007,624,6500,603,325,0,600,2115,3127,3094,1515,215.7588388,13.45357472,1,10,-5,210,-1,-1,49,5,10,1.0
29,5,160,239096,240618,240618,241625,241625,242230,242262,251262,251262,251864,251897,251931,255027,1522,1007,605,9000,602,1234,0,600,1230,3130,3096,630,231.6920187,15.93317987,1,14,-4,200,-1,-1,49,10,14,1.0
29,5,161,255030,256553,256553,257563,257563,258168,258200,266700,266700,267300,267332,267365,270486,1523,1010,605,8500,600,182,0,600,2280,3154,3121,1680,247.150512,15.45849338,1,40,-26,180,-1,-1,49,14,40,1.0
29,5,162,270489,272016,272016,273023,273023,273628,273661,280661,280661,281264,281298,281332,284425,1527,1007,605,7000,603,359,0,600,2099,3127,3093,1499,261.0900371,13.93952512,1,19,1,210,1,1,51,20,19,2.0
29,5,163,284428,285952,285952,286955,286955,287556,287588,295588,295588,296220,296253,296286,299376,1524,1003,601,8000,632,379,0,600,2061,3123,3090,1461,276.0412339,14.95119676,1,9,1,160,1,1,51,10,9,2.0
29,5,164,299379,300905,300905,301912,301912,302520,302553,310053,310053,310686,310719,310753,313825,1526,1007,608,7500,633,465,0,600,1961,3106,3072,1361,290.4891767,14.44794276,1,14,14,150,1,1,51,28,14,2.0
29,5,165,313828,315350,315350,316356,316356,316959,316991,322991,322991,323594,323626,323660,326777,1522,1006,603,6000,603,345,0,600,2121,3151,3117,1521,303.4421402,12.95296358,1,20,-13,180,-1,-1,49,7,20,1.0
29,5,166,326780,328303,328303,329307,329307,329915,329948,336448,336448,337049,337082,337116,340228,1523,1004,608,6500,601,438,0,600,2026,3146,3112,1426,316.8931791,13.45103885,1,56,-28,200,-1,-1,49,28,56,1.0
29,5,167,340231,341753,341753,342758,342758,343363,343396,350396,350396,351025,351057,351090,354161,1522,1005,605,7000,629,817,0,600,1622,3104,3071,1022,330.8248064,13.9316273,0,10,4,150,1,-1,49,14,10,1.0
29,5,168,354163,355687,355687,356693,356693,357302,357336,364836,364836,365437,365471,365504,368614,1524,1006,609,7500,601,661,0,600,1799,3143,3110,1199,345.2789486,14.45414216,1,7,13,190,1,1,51,20,7,2.0
29,5,169,368617,370142,370142,371147,371147,371754,371787,380287,380287,380889,380922,380956,384077,1525,1005,607,8500,602,412,0,600,2049,3155,3121,1449,360.7413484,15.46239979,1,14,6,210,1,1,51,20,14,2.0
29,5,170,384080,385602,385602,386604,386604,387207,387240,395240,395240,395858,395891,395925,399032,1522,1002,603,8000,618,330,0,600,2125,3141,3107,1525,375.6964741,14.95512578,1,4,6,150,1,1,51,10,4,2.0
29,5,171,399035,400559,400559,401565,401565,402195,402228,411228,411228,411828,411860,411894,414997,1524,1006,630,9000,600,1663,0,600,777,3137,3103,177,391.6609572,15.96448303,1,7,7,150,1,1,51,14,7,2.0
29,5,172,415000,416526,416526,417532,417532,418142,418175,424175,424175,424807,424840,424873,427949,1526,1006,610,6000,632,666,0,600,1760,3109,3076,1160,404.6132135,12.95225631,1,10,4,180,1,1,51,14,10,2.0
29,5,173,427952,429479,429479,430484,430484,431114,431147,438647,438647,439247,439279,439313,442396,1527,1005,630,7500,600,797,0,600,1641,3117,3083,1041,419.0607756,14.44756216,1,14,-9,210,-1,-1,49,5,14,1.0
29,5,174,442398,443918,443918,444927,444927,445552,445584,451584,451584,452212,452245,452278,455336,1520,1009,625,6000,628,903,0,600,1515,3091,3058,915,432.0000651,12.93928946,0,6,1,190,1,-1,49,7,6,1.0
29,5,175,455339,456863,456863,457867,457867,458474,458507,466507,466507,467141,467173,467207,470273,1524,1004,607,8000,634,223,0,600,2208,3100,3066,1608,446.9371161,14.93705102,0,19,1,150,1,-1,49,20,19,1.0
29,5,176,470276,471797,471797,472801,472801,473406,473438,480438,480438,481059,481092,481126,484219,1521,1004,605,7000,621,744,0,600,1705,3127,3093,1105,460.8831396,13.94602346,1,5,5,190,1,1,51,10,5,2.0
29,5,177,484222,485743,485743,486751,486751,487359,487392,496392,496392,497023,497056,497089,500185,1521,1008,608,9000,631,459,0,600,1973,3129,3096,1373,476.8496353,15.96649576,1,6,1,150,1,1,51,7,6,2.0
29,5,178,500188,501711,501711,502717,502717,503323,503356,509856,509856,510475,510508,510541,513643,1523,1006,606,6500,619,201,0,600,2245,3135,3102,1645,490.3067865,13.45715116,1,56,-28,170,-1,-1,49,28,56,1.0
29,5,179,513645,515167,515167,516169,516169,516801,516832,525332,525332,525966,525999,526032,529098,1522,1002,632,8500,634,522,0,600,1888,3099,3066,1288,505.7619102,15.45512367,1,28,-8,150,-1,-1,49,20,28,1.0
29,5,180,529101,530625,530625,531633,531633,532236,532268,538268,538268,538889,538922,538955,542034,1524,1008,603,6000,621,306,0,600,2138,3112,3079,1538,518.6987816,12.93687142,1,4,6,170,1,1,51,10,4,2.0
29,6,181,26446,27976,27976,28992,28992,29595,29628,38628,38628,39245,39278,39313,42403,1530,1016,603,9000,617,762,0,600,1672,3125,3090,1072,15.96849854,15.96849854,1,4,1,210,1,1,51,5,4,2.0
29,6,182,42407,43933,43933,44938,44938,45544,45577,54077,54077,54680,54713,54746,57863,1526,1005,606,8500,603,311,0,600,2149,3150,3117,1549,31.4268102,15.45831166,1,28,-14,210,-1,-1,49,14,28,1.0
29,6,183,57866,59391,59391,60395,60395,61001,61035,67535,67535,68167,68200,68233,71321,1525,1004,606,6500,632,675,0,600,1758,3121,3088,1158,44.88485878,13.45804858,1,10,18,150,1,1,51,28,10,2.0
29,6,184,71324,72847,72847,73853,73853,74459,74491,81491,81491,82112,82145,82177,85275,1523,1006,606,7000,621,845,0,600,1599,3130,3098,999,58.83808303,13.95322425,1,4,3,200,1,1,51,7,4,2.0
29,6,185,85278,86802,86802,87806,87806,88412,88445,96445,96445,97076,97108,97142,100230,1524,1004,606,8000,631,353,0,600,2082,3122,3088,1482,73.79439372,14.95631069,1,10,10,180,1,1,51,20,10,2.0
29,6,186,100233,101757,101757,102760,102760,103363,103397,109397,109397,110002,110034,110069,113195,1524,1003,603,6000,605,838,0,600,1627,3161,3126,1027,86.75867606,12.96428233,1,20,-6,180,-1,-1,49,14,20,1.0
29,6,187,113198,114723,114723,115728,115728,116350,116382,123882,123882,124506,124539,124572,127636,1525,1005,622,7500,624,1394,0,600,1030,3097,3064,430,101.2005252,14.44184914,1,4,1,150,1,1,51,5,4,2.0
29,6,188,127639,129163,129163,130169,130169,130780,130812,137812,137812,138413,138445,138479,141583,1524,1006,611,7000,601,203,0,600,2255,3138,3104,1655,115.1471477,13.94662254,1,20,-13,160,-1,-1,49,7,20,1.0
29,6,189,141586,143101,143101,144132,144132,144737,144769,152769,152769,153395,153428,153462,156528,1515,1031,605,8000,626,551,0,600,1872,3100,3066,1272,130.0914689,14.94432112,1,5,5,150,1,1,51,10,5,2.0
29,6,190,156531,158057,158057,159065,159065,159672,159706,168206,168206,168821,168853,168886,171985,1526,1008,607,8500,615,524,0,600,1920,3132,3099,1320,145.5493752,15.45790634,1,10,4,210,1,1,51,14,10,2.0
29,6,191,171988,173511,173511,174518,174518,175120,175154,181654,181654,182287,182320,182353,185436,1523,1007,602,6500,633,604,0,600,1831,3116,3083,1231,159.0002492,13.45087401,1,14,-7,210,-1,-1,49,7,14,1.0
29,6,192,185439,186967,186967,187968,187968,188573,188606,194606,194606,195238,195271,195305,198388,1528,1001,605,6000,632,216,0,600,2218,3117,3083,1618,171.9513993,12.95115005,1,20,-10,150,-1,-1,49,10,20,1.0
29,6,193,198391,199915,199915,200922,200922,201530,201562,209062,209062,209665,209698,209731,212845,1524,1007,608,7500,603,470,0,600,1988,3147,3114,1388,186.4084453,14.45704599,1,20,8,210,1,1,51,28,20,2.0
29,6,194,212848,214375,214375,215381,215381,215985,216018,225018,225018,225635,225667,225701,228795,1527,1006,604,9000,617,421,0,600,2025,3128,3094,1425,202.3591595,15.95071429,1,57,-37,150,-1,-1,49,20,57,1.0
29,6,195,228798,230324,230324,231331,231331,231936,231969,240469,240469,241071,241103,241136,244241,1526,1007,605,8500,602,556,0,600,1904,3138,3105,1304,217.804231,15.44507149,0,27,1,180,1,-1,49,28,27,1.0
29,6,196,244244,245770,245770,246777,246777,247383,247415,256415,256415,257016,257048,257082,260176,1526,1007,606,9000,601,708,0,600,1752,3128,3094,1152,233.7393585,15.9351275,1,28,-8,170,-1,-1,49,20,28,1.0
29,6,197,260178,261704,261704,262712,262712,263313,263345,269845,269845,270477,270510,270543,273633,1526,1008,601,6500,632,543,0,600,1890,3123,3090,1290,247.1971103,13.45775175,0,14,-7,180,-1,1,51,7,14,2.0
29,6,198,273637,275158,275158,276164,276164,276773,276805,284305,284305,284906,284939,284973,288096,1521,1006,609,7500,601,254,0,600,2209,3157,3123,1609,261.6600772,14.46296694,1,40,-12,170,-1,-1,49,28,40,1.0
29,6,199,288099,289623,289623,290630,290630,291238,291270,297270,297270,297899,297931,297964,301050,1524,1007,608,6000,629,509,0,600,1923,3119,3086,1323,274.6140142,12.95393694,1,7,13,170,1,1,51,20,7,2.0
29,6,200,301053,302578,302578,303590,303590,304198,304231,312231,312231,312863,312896,312930,316012,1525,1012,608,8000,632,573,0,600,1850,3116,3082,1250,289.5760273,14.96201316,1,10,10,160,1,1,51,20,10,2.0
29,6,201,316015,317541,317541,318545,318545,319172,319205,326205,326205,326837,326870,326904,329974,1526,1004,627,7000,632,263,0,600,2148,3104,3070,1548,303.5379525,13.96192516,1,14,-9,170,-1,-1,49,5,14,1.0
29,6,202,329977,331503,331503,332508,332508,333128,333160,341660,341660,342277,342309,342342,345424,1526,1005,620,8500,617,438,0,600,1994,3115,3082,1394,318.9878803,15.44992777,1,2,3,150,1,1,51,5,2,2.0
29,6,203,345427,346951,346951,347959,347959,348567,348599,355599,355599,356199,356231,356264,359384,1524,1008,608,7000,600,59,0,600,2401,3153,3120,1801,332.9471686,13.95928834,1,28,-8,200,-1,-1,49,20,28,1.0
29,6,204,359387,360910,360910,361916,361916,362519,362551,370551,370551,371175,371208,371241,374322,1523,1006,603,8000,624,1118,0,600,1326,3114,3081,726,347.8859656,14.93879705,1,7,3,210,1,1,51,10,7,2.0
29,6,205,374325,375848,375848,376853,376853,377476,377510,384010,384010,384642,384675,384709,387768,1523,1005,623,6500,632,251,0,600,2166,3093,3059,1566,361.3313358,13.44537013,1,20,-10,180,-1,-1,49,10,20,1.0
29,6,206,387771,389298,389298,390303,390303,390928,390961,396961,396961,397591,397623,397656,400712,1527,1005,625,6000,630,735,0,600,1678,3089,3056,1078,374.2752923,12.94395649,1,7,-2,200,-1,-1,49,5,7,1.0
29,6,207,400715,402241,402241,403248,403248,403855,403888,412888,412888,413506,413539,413572,416667,1526,1007,607,9000,618,517,0,600,1925,3128,3095,1325,390.2299663,15.95467405,1,4,6,160,1,1,51,10,4,2.0
29,6,208,416670,418193,418193,419195,419195,419802,419834,427334,427334,427949,427982,428015,431123,1523,1002,607,7500,615,364,0,600,2089,3141,3108,1489,404.6855077,14.45554134,1,56,-28,170,-1,-1,49,28,56,1.0
29,6,209,431126,432650,432650,433653,433653,434258,434291,442791,442791,443393,443426,443459,446581,1524,1003,605,8500,602,279,0,600,2187,3155,3122,1587,420.1441035,15.45859584,1,56,-28,210,-1,-1,49,28,56,1.0
29,6,210,446584,448113,448113,449117,449117,449724,449757,456757,456757,457390,457422,457456,460548,1529,1004,607,7000,633,518,0,600,1909,3126,3092,1309,434.1111866,13.96708309,1,10,4,200,1,1,51,14,10,2.0
29,6,211,460551,462075,462075,463081,463081,463710,463742,471242,471242,471867,471899,471933,474987,1524,1006,629,7500,625,513,0,600,1903,3088,3054,1303,448.5507364,14.43954983,1,14,-9,180,-1,-1,49,5,14,1.0
29,6,212,474990,476517,476517,477523,477523,478127,478159,484659,484659,485293,485325,485360,488423,1527,1006,604,6500,634,192,0,600,2237,3098,3063,1637,461.986761,13.43602462,1,20,-13,200,-1,-1,49,7,20,1.0
29,6,213,488426,489950,489950,490955,490955,491559,491592,499592,499592,500194,500226,500260,503389,1524,1005,604,8000,602,913,0,600,1552,3163,3129,952,476.9517425,14.96498147,0,20,-6,200,-1,1,51,14,20,2.0
29,6,214,503391,504909,504909,505912,505912,506517,506550,515551,515551,516169,516202,516236,519350,1518,1003,605,9001,618,539,0,600,1916,3148,3114,1316,492.9128167,15.96107415,1,4,3,150,1,1,51,7,4,2.0
29,6,215,519352,520871,520871,521878,521878,522482,522515,528515,528515,529116,529149,529183,532302,1519,1007,604,6000,601,154,0,600,2315,3153,3119,1715,505.8655048,12.95268814,1,28,-14,200,-1,-1,49,14,28,1.0
29,6,216,532305,533830,533830,534836,534836,535440,535473,544473,544473,545096,545128,545161,548263,1525,1006,604,9000,623,429,0,600,2013,3135,3102,1413,521.8262782,15.9607734,1,4,6,160,1,1,51,10,4,2.0
30,1,1,70080,71603,71603,72618,72618,73231,73263,81763,81763,82365,82397,82432,85635,1523,1015,613,8500,602,763,0,600,1684,3238,3203,1084,15.56758255,15.56758255,1,29,-1,190,-1,-1,49,28,29,1.0
30,1,2,85639,87161,87161,88167,88167,88792,88824,94824,94824,95456,95488,95521,98570,1522,1006,625,6000,632,1086,0,600,1329,3082,3049,729,28.50051139,12.93292884,0,8,-1,190,-1,1,51,7,8,2.0
30,1,3,98573,100097,100097,101101,101101,101708,101741,108741,108741,109342,109375,109409,112510,1524,1004,607,7000,601,782,0,600,1682,3135,3101,1082,42.4411931,13.9406817,1,28,-8,150,-1,-1,49,20,28,1.0
30,1,4,112513,114041,114041,115043,115043,115667,115699,124699,124699,125331,125364,125398,128451,1528,1002,624,9000,632,707,0,600,1707,3087,3053,1107,58.38258177,15.94138868,1,10,-5,180,-1,-1,49,5,10,1.0
30,1,5,128454,129979,129979,130987,130987,131592,131624,139124,139124,139725,139757,139791,142903,1525,1008,605,7500,601,669,0,600,1792,3146,3112,1192,72.83426913,14.45168736,1,10,18,200,1,1,51,28,10,2.0
30,1,6,142906,144429,144429,145433,145433,146039,146073,154073,154073,154705,154738,154771,157849,1523,1004,606,8000,632,790,0,600,1645,3111,3078,1045,87.77986135,14.94559222,1,28,-14,170,-1,-1,49,14,28,1.0
30,1,7,157852,159375,159375,160383,160383,160991,161023,167523,167523,168125,168157,168191,171296,1523,1008,608,6500,602,1988,0,600,471,3139,3105,-129,101.2268027,13.44694137,1,29,-1,190,-1,-1,49,28,29,1.0
30,1,8,171299,172824,172824,173830,173830,174436,174469,180969,180969,181591,181624,181657,184746,1525,1006,606,6500,622,1126,0,600,1315,3122,3089,715,114.6765632,13.44976052,1,14,6,210,1,1,51,20,14,2.0
30,1,9,184749,186277,186277,187283,187283,187888,187921,193921,193921,194524,194556,194590,197709,1528,1006,605,6000,603,576,0,600,1882,3153,3119,1282,127.6395404,12.96297718,1,14,-4,180,-1,-1,49,10,14,1.0
30,1,10,197712,199235,199235,200239,200239,200845,200878,208878,208878,209481,209513,209546,212666,1523,1004,606,8000,603,1583,0,600,881,3153,3120,281,142.596794,14.95725362,0,11,-1,200,-1,1,51,10,11,2.0
30,1,11,212668,214188,214188,215191,215191,215810,215842,224342,224342,224965,224997,225031,228116,1520,1003,619,8500,623,895,0,600,1540,3119,3085,940,158.0469602,15.45016613,0,6,-1,180,-1,1,51,5,6,2.0
30,1,12,228119,229645,229645,230651,230651,231256,231288,238288,238288,238916,238948,238982,242079,1526,1006,605,7000,628,1137,0,600,1298,3131,3097,698,172.0093871,13.96242691,1,8,-1,200,-1,-1,49,7,8,1.0
30,1,13,242082,243607,243607,244614,244614,245218,245250,252750,252750,253365,253397,253431,256540,1525,1007,604,7500,615,628,0,600,1821,3143,3109,1221,186.4709898,14.46160272,1,3,2,160,1,1,51,5,3,2.0
30,1,14,256543,258069,258069,259072,259072,259678,259711,268711,268711,269311,269343,269377,272487,1526,1003,606,9000,600,668,0,600,1797,3144,3110,1197,202.4178537,15.94686393,1,14,-7,210,-1,-1,49,7,14,1.0
30,1,15,272490,274014,274014,275019,275019,275624,275656,282656,282656,283260,283292,283326,286446,1524,1005,605,7000,604,966,0,600,1496,3154,3120,896,216.3769842,13.95913043,0,14,-4,210,-1,1,51,10,14,2.0
30,1,16,286449,287974,287974,288977,288977,289586,289618,297118,297118,297745,297778,297811,300887,1525,1003,609,7500,627,563,0,600,1873,3109,3076,1273,230.8172705,14.44028633,1,5,5,180,1,1,51,10,5,2.0
30,1,17,300890,302416,302416,303426,303426,304035,304067,310067,310067,310684,310718,310751,313852,1526,1010,609,6000,617,782,0,600,1656,3134,3101,1056,243.782531,12.96526052,1,57,-37,190,-1,-1,49,20,57,1.0
30,1,18,313855,315380,315380,316383,316383,316989,317021,326021,326021,326653,326686,326719,329813,1525,1003,606,9000,632,555,0,600,1879,3127,3094,1279,259.7440934,15.96156234,1,20,8,210,1,1,51,28,20,2.0
30,1,19,329816,331344,331344,332349,332349,332955,332988,339488,339488,340088,340121,340156,343268,1528,1005,606,6500,600,925,0,600,1536,3147,3112,936,273.1984685,13.45437511,1,15,-1,170,-1,-1,49,14,15,1.0
30,1,20,343271,344796,344796,345802,345802,346406,346439,354939,354939,355539,355573,355606,358710,1525,1006,604,8500,600,594,0,600,1871,3137,3104,1271,288.640012,15.44154357,1,14,-7,210,-1,-1,49,7,14,1.0
30,1,21,358713,360238,360238,361242,361242,361848,361881,369881,369881,370496,370529,370562,373671,1525,1004,606,8000,615,888,0,600,1562,3142,3109,962,303.6016533,14.96164129,1,57,-37,160,-1,-1,49,20,57,1.0
30,1,22,373674,375197,375197,376204,376204,376807,376841,384341,384341,384973,385006,385039,388118,1523,1007,603,7500,632,594,0,600,1841,3112,3079,1241,318.048714,14.44706071,1,28,-18,170,-1,-1,49,10,28,1.0
30,1,23,388121,389642,389642,390648,390648,391253,391287,397787,397787,398387,398419,398453,401584,1521,1006,605,6500,600,518,0,600,1950,3165,3131,1350,331.5143965,13.46568241,1,10,4,210,1,1,51,14,10,2.0
30,1,24,401587,403113,403113,404123,404123,404726,404758,411758,411758,412389,412421,412455,415518,1526,1010,603,7000,631,749,0,600,1681,3097,3063,1081,345.4474434,13.93304697,1,14,6,150,1,1,51,20,14,2.0
30,1,25,415521,417044,417044,418052,418052,418656,418689,424689,424689,425291,425324,425356,428484,1523,1008,604,6000,602,319,0,600,2144,3160,3128,1544,358.4140929,12.96664945,1,40,-20,160,-1,-1,49,20,40,1.0
30,1,26,428487,430008,430008,431013,431013,431616,431649,440149,440149,440766,440798,440832,443934,1521,1005,603,8500,617,624,0,600,1830,3136,3102,1230,373.8646387,15.45054584,1,2,3,150,1,1,51,5,2,2.0
30,1,27,443937,445462,445462,446467,446467,447071,447103,455103,455103,455718,455750,455784,458879,1525,1005,604,8000,615,446,0,600,2005,3129,3095,1405,388.8085819,14.94394323,1,2,5,150,1,1,51,7,2,2.0
30,1,28,458881,460407,460407,461409,461409,462012,462045,471045,471045,471676,471708,471742,474833,1526,1002,603,9000,631,1909,0,600,529,3125,3091,-71,404.7634892,15.9549073,0,10,4,200,1,-1,49,14,10,1.0
30,1,29,474836,476361,476361,477369,477369,477977,478009,487009,487009,487642,487674,487707,490793,1525,1008,608,9000,633,864,0,600,1562,3119,3086,962,420.7227908,15.9593016,1,20,8,160,1,1,51,28,20,2.0
30,1,30,490796,492314,492314,493319,493319,493922,493954,501954,501954,502581,502613,502647,505730,1518,1005,603,8000,627,374,0,600,2073,3117,3083,1473,435.6602641,14.93747322,1,7,3,170,1,1,51,10,7,2.0
30,1,31,505733,507255,507255,508259,508259,508889,508921,517421,517421,518039,518071,518104,521176,1522,1004,630,8500,618,426,0,600,2000,3105,3072,1400,451.1051478,15.44488375,1,3,2,160,1,1,51,5,3,2.0
30,1,32,521179,522705,522705,523707,523707,524314,524346,531846,531846,532450,532482,532515,535634,1526,1002,607,7500,604,642,0,600,1819,3152,3119,1219,465.5640522,14.45890442,1,14,14,180,1,1,51,28,14,2.0
30,1,33,535637,537164,537164,538171,538171,538776,538808,544808,544808,545408,545440,545474,548582,1527,1007,605,6000,600,1084,0,600,1377,3142,3108,777,478.5119203,12.94786803,0,15,-1,180,-1,1,51,14,15,2.0
30,1,34,548585,550111,550111,551121,551121,551725,551758,558258,558258,558885,558918,558951,562017,1526,1010,604,6500,627,1684,0,600,749,3099,3066,149,491.9464041,13.43448381,1,7,-2,170,-1,-1,49,5,7,1.0
30,1,35,562019,563541,563541,564545,564545,565149,565181,572181,572181,572797,572830,572863,575955,1522,1004,604,7000,616,515,0,600,1939,3125,3092,1339,505.8853349,13.93893085,1,2,5,160,1,1,51,7,2,2.0
30,1,36,575958,577482,577482,578487,578487,579093,579126,585626,585626,586226,586258,586293,589414,1524,1005,606,6500,600,743,0,600,1722,3156,3121,1122,519.343407,13.45807209,1,20,-6,180,-1,-1,49,14,20,1.0
30,2,37,28477,30005,30005,31020,31020,31641,31673,37673,37673,38275,38307,38344,41444,1528,1015,621,6000,602,1003,0,600,1431,3137,3100,831,12.97960153,12.97960153,0,28,-8,210,-1,1,51,20,28,2.0
30,2,38,41449,42974,42974,43978,43978,44581,44613,51613,51613,52216,52248,52282,55385,1525,1004,603,7000,603,754,0,600,1711,3137,3103,1111,26.91862038,13.93901885,1,20,-6,210,-1,-1,49,14,20,1.0
30,2,39,55388,56911,56911,57916,57916,58520,58552,66552,66552,67172,67205,67238,70349,1523,1005,604,8000,620,471,0,600,1977,3144,3111,1377,41.88205742,14.96343704,1,5,5,150,1,1,51,10,5,2.0
30,2,40,70351,71874,71874,72878,72878,73484,73517,82017,82017,82648,82681,82715,85796,1523,1004,606,8500,631,536,0,600,1900,3115,3081,1300,57.32933149,15.44727407,1,9,1,160,1,1,51,10,9,2.0
30,2,41,85799,87318,87318,88325,88325,88925,88957,95457,95457,96074,96107,96141,99256,1519,1007,600,6500,617,473,0,600,1984,3149,3115,1384,70.78915262,13.45982113,1,3,2,150,1,1,51,5,3,2.0
30,2,42,99258,100783,100783,101787,101787,102408,102440,109940,109940,110573,110605,110639,113718,1525,1004,621,7500,633,1766,0,600,651,3113,3079,51,85.25104795,14.46189533,1,10,-5,180,-1,-1,49,5,10,1.0
30,2,43,113721,115244,115244,116248,116248,116877,116910,125910,125910,126511,126544,126577,129667,1523,1004,629,9000,601,258,0,600,2185,3123,3090,1585,101.2002844,15.94923647,1,14,-9,210,-1,-1,49,5,14,1.0
30,2,44,129669,131194,131194,132202,132202,132807,132841,138841,138841,139474,139506,139539,142621,1525,1008,605,6000,633,440,0,600,1989,3115,3082,1389,114.154715,12.95443056,1,40,-26,150,-1,-1,49,14,40,1.0
30,2,45,142623,144145,144145,145151,145151,145755,145787,152287,152287,152890,152923,152956,156076,1522,1006,604,6500,603,543,0,600,1922,3153,3120,1322,127.6099667,13.45525174,1,20,8,190,1,1,51,28,20,2.0
30,2,46,156079,157602,157602,158606,158606,159208,159241,167241,167241,167858,167891,167925,171033,1523,1004,602,8000,617,370,0,600,2084,3142,3108,1484,142.5669455,14.95697878,1,4,3,190,1,1,51,7,4,2.0
30,2,47,171036,172558,172558,173563,173563,174171,174204,181204,181204,181823,181855,181888,184984,1522,1005,608,7000,619,360,0,600,2086,3129,3096,1486,156.517897,13.95095146,1,5,9,190,1,1,51,14,5,2.0
30,2,48,184987,186513,186513,187518,187518,188121,188155,196655,196655,197273,197306,197339,200435,1526,1005,603,8500,618,550,0,600,1898,3129,3096,1298,171.9688761,15.45097918,1,4,3,150,1,1,51,7,4,2.0
30,2,49,200438,201959,201959,202962,202962,203567,203600,212600,212600,213232,213266,213300,216394,1521,1003,605,9000,632,614,0,600,1825,3128,3094,1225,187.9270037,15.95812754,1,14,-7,210,-1,-1,49,7,14,1.0
30,2,50,216396,217916,217916,218918,218918,219540,219573,227073,227073,227691,227723,227756,230851,1520,1002,622,7500,618,423,0,600,2015,3128,3095,1415,202.3852822,14.45827851,1,3,2,170,1,1,51,5,3,2.0
30,2,51,230855,232375,232375,233379,233379,233984,234016,243016,243016,243632,243664,243698,246790,1520,1004,605,9000,616,448,0,600,2007,3126,3092,1407,218.3236516,15.93836944,1,4,6,200,1,1,51,10,4,2.0
30,2,52,246793,248317,248317,249320,249320,249925,249957,256957,256957,257589,257623,257656,260726,1524,1003,605,7000,632,1077,0,600,1359,3103,3070,759,232.2599827,13.9363311,0,10,-3,210,-1,1,51,7,10,2.0
30,2,53,260728,262253,262253,263255,263255,263875,263907,269907,269907,270523,270556,270589,273675,1525,1002,620,6000,616,546,0,600,1891,3119,3086,1291,245.2081217,12.94813894,1,6,1,170,1,1,51,7,6,2.0
30,2,54,273677,275198,275198,276204,276204,276811,276845,283345,283345,283971,284003,284037,287125,1521,1006,607,6500,626,867,0,600,1573,3122,3088,973,258.6580428,13.44992114,1,7,7,180,1,1,51,14,7,2.0
30,2,55,287127,288657,288657,289664,289664,290270,290302,298302,298302,298907,298941,298976,302091,1530,1007,606,8000,605,636,0,600,1816,3150,3115,1216,273.6244472,14.96640445,1,40,-20,160,-1,-1,49,20,40,1.0
30,2,56,302094,303620,303620,304624,304624,305228,305261,312761,312761,313377,313410,313443,316548,1526,1004,604,7500,616,332,0,600,2118,3138,3105,1518,288.0817346,14.45728737,1,56,-28,200,-1,-1,49,28,56,1.0
30,2,57,316551,318077,318077,319081,319081,319685,319718,328218,328218,328819,328851,328885,331986,1526,1004,604,8500,601,298,0,600,2167,3135,3101,1567,303.5192039,15.4374693,1,14,6,160,1,1,51,20,14,2.0
30,2,58,331989,333514,333514,334522,334522,335128,335160,341160,341160,341760,341792,341825,344941,1525,1008,606,6000,600,313,0,600,2148,3149,3116,1548,316.4743276,12.95512367,0,19,1,200,1,-1,49,20,19,1.0
30,2,59,344944,346470,346470,347473,347473,348074,348106,356106,356106,356724,356757,356790,359898,1526,1003,601,8000,618,664,0,600,1788,3141,3108,1188,331.4320362,14.95770866,1,4,1,210,1,1,51,5,4,2.0
30,2,60,359901,361429,361429,362434,362434,363041,363074,370074,370074,370674,370707,370740,373836,1528,1005,607,7000,600,296,0,600,2164,3129,3096,1564,345.3691313,13.93709502,1,28,-18,160,-1,-1,49,10,28,1.0
30,2,61,373838,375362,375362,376362,376362,376969,377001,385501,385501,386104,386137,386171,389271,1524,1000,607,8500,603,684,0,600,1782,3134,3100,1182,360.8041186,15.43498737,1,20,-6,160,-1,-1,49,14,20,1.0
30,2,62,389274,390800,390800,391805,391805,392413,392446,399946,399946,400563,400595,400629,403737,1526,1005,608,7500,617,432,0,600,2012,3142,3108,1412,375.2707162,14.46659762,1,14,6,200,1,1,51,20,14,2.0
30,2,63,403740,405264,405264,406267,406267,406871,406904,413404,413404,414007,414039,414073,417193,1524,1003,604,6500,603,478,0,600,1988,3154,3120,1388,388.7258227,13.45510649,1,14,-4,160,-1,-1,49,10,14,1.0
30,2,64,417196,418719,418719,419724,419724,420329,420362,429362,429362,429966,429998,430032,433136,1523,1005,605,9000,604,692,0,600,1771,3138,3104,1171,404.6686992,15.94287645,1,40,-12,210,-1,-1,49,28,40,1.0
30,2,65,433139,434658,434658,435662,435662,436265,436297,443297,443297,443924,443957,443990,447091,1519,1004,603,7000,627,429,0,600,2018,3134,3101,1418,418.6240356,13.95533642,1,7,7,150,1,1,51,14,7,2.0
30,2,66,447094,448614,448614,449618,449618,450221,450253,456253,456253,456874,456907,456941,460037,1520,1004,603,6000,621,288,0,600,2164,3130,3096,1564,431.5700853,12.94604968,1,79,-51,160,-1,-1,49,28,79,1.0
30,2,67,460040,461568,461568,462578,462578,463183,463216,471716,471716,472335,472367,472401,475472,1528,1010,605,8500,619,398,0,600,2040,3105,3071,1440,447.0055039,15.4354186,1,6,1,170,1,1,51,7,6,2.0
30,2,68,475475,476997,476997,478001,478001,478609,478641,486641,486641,487273,487305,487338,490415,1522,1004,608,8000,632,531,0,600,1903,3110,3077,1303,461.9479202,14.94241628,1,14,14,150,1,1,51,28,14,2.0
30,2,69,490418,491944,491944,492948,492948,493576,493608,501108,501108,501741,501774,501807,504857,1526,1004,628,7500,633,508,0,600,1901,3083,3050,1301,476.3899534,14.44203327,0,10,-5,160,-1,1,51,5,10,2.0
30,2,70,504860,506382,506382,507390,507390,507997,508030,517030,517030,517634,517666,517698,520799,1522,1008,607,9000,604,728,0,600,1731,3133,3101,1131,492.3331273,15.94317388,1,40,-20,210,-1,-1,49,20,40,1.0
30,2,71,520803,522326,522326,523330,523330,523937,523969,530469,530469,531072,531104,531138,534239,1523,1004,607,6500,603,391,0,600,2072,3135,3101,1472,505.7723854,13.43925812,1,10,18,210,1,1,51,28,10,2.0
30,2,72,534242,535770,535770,536777,536777,537383,537416,544416,544416,545035,545067,545100,548205,1528,1007,606,7000,619,656,0,600,1784,3138,3105,1184,519.737765,13.96537956,1,7,3,170,1,1,51,10,7,2.0
30,3,73,33659,35184,35184,36203,36203,36825,36858,43358,43358,43960,43993,44029,47124,1525,1019,622,6500,602,581,0,600,1851,3131,3095,1251,13.47652413,13.47652413,1,20,8,190,1,1,51,28,20,2.0
30,3,74,47128,48650,48650,49652,49652,50257,50290,58290,58290,58892,58924,58957,62088,1522,1002,605,8000,602,393,0,600,2076,3164,3131,1476,28.43942085,14.96289672,1,21,-1,180,-1,-1,49,20,21,1.0
30,3,75,62091,63618,63618,64625,64625,65227,65260,71260,71260,71874,71907,71940,75043,1527,1007,602,6000,614,268,0,600,2182,3136,3103,1582,41.39388124,12.95446039,1,5,2,210,1,1,51,7,5,2.0
30,3,76,75046,76572,76572,77579,77579,78184,78216,86716,86716,87339,87371,87404,90493,1526,1007,605,8500,623,347,0,600,2092,3122,3089,1492,56.8449008,15.45101956,1,8,-1,200,-1,-1,49,7,8,1.0
30,3,77,90496,92020,92020,93029,93029,93651,93684,102684,102684,103303,103335,103369,106450,1524,1009,622,9000,619,503,0,600,1923,3115,3081,1323,72.80041593,15.95551512,1,3,2,190,1,1,51,5,3,2.0
30,3,78,106453,107978,107978,108985,108985,109591,109623,117123,117123,117748,117781,117816,120916,1525,1007,606,7500,625,749,0,600,1688,3135,3100,1088,87.26738119,14.46696527,1,5,5,200,1,1,51,10,5,2.0
30,3,79,120919,122441,122441,123445,123445,124051,124083,131083,131083,131691,131724,131757,134871,1522,1004,606,7000,608,375,0,600,2085,3147,3114,1485,101.2228357,13.95545455,1,40,-12,150,-1,-1,49,28,40,1.0
30,3,80,134874,136400,136400,137408,137408,138034,138066,145566,145566,146167,146199,146234,149331,1526,1008,626,7500,601,556,0,600,1883,3132,3097,1283,115.6820843,14.45924856,1,10,-5,170,-1,-1,49,5,10,1.0
30,3,81,149334,150858,150858,151860,151860,152467,152499,158499,158499,159101,159134,159167,162270,1524,1002,607,6000,602,1563,0,600,902,3136,3103,302,128.6217363,12.93965199,1,15,-1,170,-1,-1,49,14,15,1.0
30,3,82,162273,163798,163798,164806,164806,165411,165443,174443,174443,175045,175078,175111,178230,1525,1008,605,9000,602,637,0,600,1823,3152,3119,1223,144.5812018,15.95946554,1,21,-1,180,-1,-1,49,20,21,1.0
30,3,83,178233,179757,179757,180763,180763,181369,181402,189402,189402,190003,190036,190069,193165,1524,1006,606,8000,601,357,0,600,2106,3129,3096,1506,159.5168742,14.93567234,1,20,-10,200,-1,-1,49,10,20,1.0
30,3,84,193168,194692,194692,195697,195697,196302,196335,203335,203335,203968,204001,204035,207115,1524,1005,605,7000,633,726,0,600,1707,3114,3080,1107,173.4660338,13.94915962,1,20,-13,170,-1,-1,49,7,20,1.0
30,3,85,207118,208643,208643,209648,209648,210252,210285,218785,218785,219419,219451,219484,222549,1525,1005,604,8500,634,327,0,600,2105,3098,3065,1505,188.9005944,15.43456066,1,14,-7,210,-1,-1,49,7,14,1.0
30,3,86,222552,224079,224079,225084,225084,225690,225723,232223,232223,232823,232856,232890,235985,1527,1005,606,6500,600,515,0,600,1947,3129,3095,1347,202.3365467,13.4359523,1,14,-7,170,-1,-1,49,7,14,1.0
30,3,87,235988,237512,237512,238517,238517,239124,239157,248157,248157,248772,248804,248838,251925,1524,1005,607,9000,615,1580,0,600,869,3121,3087,269,218.276165,15.93961824,1,56,-28,200,-1,-1,49,28,56,1.0
30,3,88,251927,253450,253450,254455,254455,255056,255089,262589,262589,263221,263255,263289,266385,1523,1005,601,7500,632,583,0,600,1856,3130,3096,1256,232.7365496,14.46038466,1,7,-2,180,-1,-1,49,5,7,1.0
30,3,89,266388,267912,267912,268917,268917,269525,269558,277558,277558,278158,278191,278224,281324,1524,1005,608,8000,600,267,0,600,2196,3133,3100,1596,247.6741274,14.93757779,1,14,6,160,1,1,51,20,14,2.0
30,3,90,281327,282852,282852,283862,283862,284467,284499,290999,290999,291630,291662,291695,294782,1525,1010,605,6500,631,284,0,600,2145,3120,3087,1545,261.1331723,13.45904485,1,14,-4,160,-1,-1,49,10,14,1.0
30,3,91,294786,296309,296309,297315,297315,297917,297950,303950,303950,304580,304612,304645,307746,1523,1006,602,6000,630,913,0,600,1526,3134,3101,926,274.0968417,12.96366939,0,7,-2,150,-1,1,51,5,7,2.0
30,3,92,307748,309270,309270,310274,310274,310878,310910,319410,319410,320027,320059,320092,323199,1522,1004,604,8500,617,593,0,600,1860,3140,3107,1260,289.5490784,15.45223672,1,56,-28,150,-1,-1,49,28,56,1.0
30,3,93,323202,324726,324726,325733,325733,326338,326370,333370,333370,333972,334004,334037,337158,1524,1007,605,7000,602,936,0,600,1526,3154,3121,926,303.5086093,13.95953093,0,7,3,210,1,-1,49,10,7,1.0
30,3,94,337161,338685,338685,339689,339689,340295,340328,348828,348828,349429,349461,349494,352593,1524,1004,606,8500,601,1008,0,600,1457,3132,3099,857,318.9442144,15.43560514,0,20,-6,160,-1,1,51,14,20,2.0
30,3,95,352596,354125,354125,355132,355132,355740,355774,363274,363274,363893,363926,363959,367055,1529,1007,608,7500,619,455,0,600,1982,3129,3096,1382,333.4057301,14.46151563,1,5,5,170,1,1,51,10,5,2.0
30,3,96,367057,368577,368577,369583,369583,370190,370223,378223,378223,378841,378874,378908,381997,1520,1006,607,8000,618,447,0,600,2002,3123,3089,1402,348.3477868,14.94205677,1,57,-37,150,-1,-1,49,20,57,1.0
30,3,97,382000,383523,383523,384532,384532,385164,385197,391697,391697,392305,392338,392371,395449,1523,1009,632,6500,608,500,0,600,1928,3111,3078,1328,361.7988646,13.45107772,1,40,-20,210,-1,-1,49,20,40,1.0
30,3,98,395451,396972,396972,397980,397980,398604,398637,405637,405637,406266,406298,406331,409413,1521,1008,624,7000,629,1311,0,600,1107,3115,3082,507,375.7641619,13.96529729,1,10,-5,150,-1,-1,49,5,10,1.0
30,3,99,409416,410940,410940,411949,411949,412555,412587,421587,421587,422188,422221,422254,425377,1524,1009,606,9000,601,585,0,600,1875,3156,3123,1275,391.7279042,15.96374231,1,7,7,210,1,1,51,14,7,2.0
30,3,100,425380,426905,426905,427912,427912,428521,428553,434553,434553,435186,435218,435252,438325,1525,1007,609,6000,633,465,0,600,1961,3107,3073,1361,404.6761329,12.94822875,1,7,7,200,1,1,51,14,7,2.0
30,3,101,438328,439849,439849,440851,440851,441458,441490,447490,447490,448113,448146,448179,451273,1521,1002,607,6000,623,1881,0,600,566,3127,3094,-34,417.6233193,12.94718637,1,14,6,170,1,1,51,20,14,2.0
30,3,102,451276,452803,452803,453808,453808,454413,454445,463445,463445,464047,464079,464112,467235,1527,1005,605,9000,602,1030,0,600,1431,3156,3123,831,433.5859879,15.9626686,1,15,-1,150,-1,-1,49,14,15,1.0
30,3,103,467237,468762,468762,469767,469767,470389,470421,478421,478421,479035,479067,479101,482195,1525,1005,622,8000,614,778,0,600,1656,3128,3094,1056,448.5460519,14.96006402,1,4,1,200,1,1,51,5,4,2.0
30,3,104,482198,483722,483722,484729,484729,485337,485370,492870,492870,493474,493506,493540,496630,1524,1007,608,7500,604,515,0,600,1942,3124,3090,1342,462.9802651,14.4342132,1,15,-1,190,-1,-1,49,14,15,1.0
30,3,105,496633,498156,498156,499162,499162,499767,499799,508299,508299,508921,508954,508988,512087,1523,1006,605,8500,622,1043,0,600,1401,3133,3099,801,478.4376369,15.45737175,1,14,14,180,1,1,51,28,14,2.0
30,3,106,512090,513611,513611,514614,514614,515222,515255,521755,521755,522388,522419,522453,525542,1521,1003,608,6500,633,774,0,600,1661,3123,3089,1061,491.8933111,13.45567423,0,20,8,150,1,-1,49,28,20,1.0
30,3,107,525545,527069,527069,528080,528080,528687,528721,535721,535721,536354,536387,536420,539486,1524,1011,607,7000,633,882,0,600,1543,3099,3066,943,505.836337,13.94302592,1,20,-10,150,-1,-1,49,10,20,1.0
30,3,108,539489,541014,541014,542020,542020,542626,542659,548659,548659,549281,549313,549346,552423,1525,1006,606,6000,622,692,0,600,1749,3110,3077,1149,518.7739127,12.93757568,1,4,3,210,1,1,51,7,4,2.0
30,4,109,51644,53172,53172,54187,54187,54792,54825,62325,62325,62928,62962,62999,66098,1528,1015,605,7500,603,674,0,600,1775,3136,3099,1175,14.46579693,14.46579693,1,20,-6,150,-1,-1,49,14,20,1.0
30,4,110,66102,67624,67624,68626,68626,69256,69288,76288,76288,76915,76947,76981,80057,1522,1002,630,7000,627,597,0,600,1822,3110,3076,1222,28.42222695,13.95643002,1,7,-2,150,-1,-1,49,5,7,1.0
30,4,111,80059,81583,81583,82590,82590,83190,83222,89222,89222,89842,89876,89909,93012,1524,1007,600,6000,620,496,0,600,1953,3136,3103,1353,41.37872327,12.95649632,1,56,-28,210,-1,-1,49,28,56,1.0
30,4,112,93015,94535,94535,95541,95541,96143,96176,102676,102676,103276,103308,103341,106463,1520,1006,602,6500,600,901,0,600,1571,3155,3122,971,54.82827435,13.44955108,1,14,-7,150,-1,-1,49,7,14,1.0
30,4,113,106465,107989,107989,108996,108996,109601,109633,118633,118633,119250,119283,119316,122412,1524,1007,605,9000,617,587,0,600,1860,3129,3096,1260,70.77756807,15.94929372,1,4,6,210,1,1,51,10,4,2.0
30,4,114,122415,123933,123933,124939,124939,125543,125576,133576,133576,134203,134235,134269,137367,1518,1006,604,8000,627,1236,0,600,1209,3132,3098,609,85.73353763,14.95596956,1,13,1,200,1,1,51,14,13,2.0
30,4,115,137370,138893,138893,139924,139924,140531,140563,149063,149063,149683,149716,149749,152805,1523,1031,607,8500,620,514,0,600,1905,3089,3056,1305,101.1702102,15.43667253,1,7,3,170,1,1,51,10,7,2.0
30,4,116,152808,154333,154333,155340,155340,155947,155979,163979,163979,164583,164615,164649,167748,1525,1007,607,8000,604,1041,0,600,1416,3133,3099,816,116.1136556,14.9434454,0,19,1,170,1,-1,49,20,19,1.0
30,4,117,167751,169276,169276,170280,170280,170883,170916,179916,179916,180516,180549,180584,183697,1525,1004,603,9000,600,828,0,600,1640,3148,3113,1040,132.0630246,15.94936906,1,19,1,190,1,1,51,20,19,2.0
30,4,118,183700,185218,185218,186221,186221,186821,186854,194354,194354,194973,195006,195040,198154,1518,1003,600,7500,619,794,0,600,1666,3148,3114,1066,146.5194076,14.45638301,1,7,-2,160,-1,-1,49,5,7,1.0
30,4,119,198157,199681,199681,200685,200685,201289,201321,207821,207821,208431,208465,208498,211589,1524,1004,604,6500,610,542,0,600,1916,3124,3091,1316,159.9554063,13.43599871,1,40,-26,170,-1,-1,49,14,40,1.0
30,4,120,211592,213118,213118,214122,214122,214752,214784,220784,220784,221385,221417,221451,224529,1526,1004,630,6000,601,535,0,600,1904,3112,3078,1304,172.8954817,12.94007539,1,10,-5,200,-1,-1,49,5,10,1.0
30,4,121,224532,226055,226055,227059,227059,227664,227696,234696,234696,235297,235330,235363,238489,1523,1004,605,7000,601,519,0,600,1948,3159,3126,1348,186.8550904,13.95960868,1,10,18,200,1,1,51,28,10,2.0
30,4,122,238492,240017,240017,241022,241022,241626,241660,250160,250160,250785,250819,250852,253943,1525,1005,604,8500,625,322,0,600,2119,3124,3091,1519,202.3093965,15.4543061,1,7,13,190,1,1,51,20,7,2.0
30,4,123,253946,255467,255467,256475,256475,257081,257113,265113,265113,265730,265762,265797,268905,1521,1008,606,8000,617,663,0,600,1785,3143,3108,1185,217.2709534,14.96155691,1,57,-37,170,-1,-1,49,20,57,1.0
30,4,124,268908,270437,270437,271442,271442,272046,272079,281079,281079,281695,281728,281761,284842,1529,1005,604,9000,616,863,0,600,1583,3114,3081,983,233.207899,15.93694555,1,4,1,200,1,1,51,5,4,2.0
30,4,125,284845,286369,286369,287373,287373,287976,288008,295008,295008,295623,295656,295689,298775,1524,1004,603,7000,615,901,0,600,1553,3119,3086,953,247.1406455,13.93274652,1,2,5,160,1,1,51,7,2,2.0
30,4,126,298778,300299,300299,301307,301307,301914,301947,310447,310447,311070,311104,311137,314211,1521,1008,607,8500,623,791,0,600,1650,3107,3074,1050,262.5768404,15.43619489,1,5,2,170,1,1,51,7,5,2.0
30,4,127,314214,315742,315742,316747,316747,317354,317387,324887,324887,325509,325542,325576,328658,1528,1005,607,7500,622,339,0,600,2099,3116,3082,1499,277.0233207,14.44648031,1,5,9,210,1,1,51,14,5,2.0
30,4,128,328661,330182,330182,331184,331184,331788,331820,338320,338320,338937,338969,339002,342117,1521,1002,604,6500,617,959,0,600,1497,3148,3115,897,290.4827256,13.45940496,1,14,-7,160,-1,-1,49,7,14,1.0
30,4,129,342120,343642,343642,344650,344650,345275,345308,351308,351308,351909,351941,351975,355065,1522,1008,625,6000,601,827,0,600,1617,3124,3090,1017,303.4308161,12.94809043,0,10,-5,190,-1,1,51,5,10,2.0
30,4,130,355068,356595,356595,357597,357597,358203,358235,365235,365235,365835,365867,365901,369001,1527,1002,606,7000,600,1204,0,600,1261,3134,3100,661,317.3662534,13.93543729,0,28,-18,150,-1,1,51,10,28,2.0
30,4,131,369004,370528,370528,371532,371532,372136,372168,380168,380168,380800,380832,380866,383947,1524,1004,604,8000,632,661,0,600,1775,3115,3081,1175,332.3123006,14.94604727,0,9,1,180,1,-1,49,10,9,1.0
30,4,132,383950,385469,385469,386477,386477,387084,387116,394616,394616,395236,395268,395301,398382,1519,1008,607,7500,620,635,0,600,1811,3114,3081,1211,346.7481875,14.4358869,1,5,5,150,1,1,51,10,5,2.0
30,4,133,398385,399908,399908,400916,400916,401541,401574,408074,408074,408675,408707,408740,411818,1523,1008,625,6500,601,1021,0,600,1422,3111,3078,822,360.1837333,13.43554577,1,20,8,150,1,1,51,28,20,2.0
30,4,134,411821,413347,413347,414350,414350,414956,414989,420989,420989,421622,421655,421688,424752,1526,1003,606,6000,633,1196,0,600,1236,3097,3064,636,373.1180251,12.93429185,1,20,-13,170,-1,-1,49,7,20,1.0
30,4,135,424755,426282,426282,427288,427288,427893,427926,436426,436426,437032,437064,437097,440205,1527,1006,605,8500,606,532,0,600,1924,3141,3108,1324,388.5704719,15.45244676,0,14,-7,170,-1,1,51,7,14,2.0
30,4,136,440208,441730,441730,442732,442732,443362,443394,452394,452394,453009,453042,453076,456145,1522,1002,630,9000,615,847,0,600,1584,3103,3069,984,404.510729,15.9402571,1,3,2,190,1,1,51,5,3,2.0
30,4,137,456148,457675,457675,458682,458682,459287,459319,468319,468319,468921,468954,468987,472090,1527,1007,605,9000,602,1403,0,600,1056,3136,3103,456,420.4557806,15.9450516,1,14,6,180,1,1,51,20,14,2.0
30,4,138,472093,473618,473618,474624,474624,475232,475265,483265,483265,483866,483898,483931,487043,1525,1006,608,8000,601,696,0,600,1764,3145,3112,1164,435.4088171,14.95303651,1,14,14,180,1,1,51,28,14,2.0
30,4,139,487046,488566,488566,489571,489571,490177,490210,497710,497710,498344,498376,498409,501497,1520,1005,606,7500,634,704,0,600,1731,3121,3088,1131,449.8629382,14.45412107,1,20,-6,210,-1,-1,49,14,20,1.0
30,4,140,501500,503025,503025,504030,504030,504637,504670,513171,513171,513785,513818,513852,516947,1525,1005,607,8501,614,416,0,600,2032,3129,3095,1432,465.3120659,15.44912768,1,57,-37,170,-1,-1,49,20,57,1.0
30,4,141,516950,518475,518475,519479,519479,520082,520115,527115,527115,527746,527779,527813,530865,1525,1004,603,7000,631,-1,2501,0,536,3086,3052,-64,479.2302411,13.91817528,-1,20,8,190,1,-2,-1,28,20,
30,4,142,530868,532394,532394,533399,533399,534004,534036,540036,540036,540667,540699,540732,543819,1526,1005,605,6000,631,1255,0,600,1178,3120,3087,578,492.1840494,12.95380827,0,10,18,190,1,-1,49,28,10,1.0
30,4,143,543822,545348,545348,546356,546356,546963,546995,553495,553495,554127,554159,554192,557276,1526,1008,607,6500,632,599,0,600,1828,3117,3084,1228,505.6410207,13.45697125,1,14,-4,180,-1,-1,49,10,14,1.0
30,4,144,557279,558803,558803,559808,559808,560437,560469,568469,568469,569094,569127,569161,572233,1524,1005,629,8000,625,658,0,600,1759,3106,3072,1159,520.5983113,14.95729068,1,5,9,170,1,1,51,14,5,2.0
30,5,145,26513,28040,28040,29056,29056,29667,29699,35699,35699,36301,36333,36369,39467,1527,1016,611,6000,602,316,0,600,2128,3134,3098,1528,12.96621972,12.96621972,1,13,1,210,1,1,51,14,13,2.0
30,5,146,39472,40996,40996,42005,42005,42638,42670,51170,51170,51770,51802,51837,54927,1524,1009,633,8500,600,608,0,600,1826,3125,3090,1226,28.42351553,15.45729581,1,14,-9,160,-1,-1,49,5,14,1.0
30,5,147,54930,56455,56455,57461,57461,58065,58097,67097,67097,67730,67762,67797,70877,1525,1006,604,9000,633,658,0,600,1774,3115,3080,1174,44.37305787,15.94954234,1,14,6,170,1,1,51,20,14,2.0
30,5,148,70880,72403,72403,73410,73410,74016,74049,82049,82049,82682,82715,82748,85833,1523,1007,606,8000,633,543,0,600,1888,3118,3085,1288,59.32899217,14.9559343,1,28,-18,180,-1,-1,49,10,28,1.0
30,5,149,85836,87358,87358,88362,88362,88966,88998,96498,96498,97130,97162,97196,100284,1522,1004,604,7500,632,831,0,600,1607,3122,3088,1007,73.78083261,14.45184044,0,19,1,150,1,-1,49,20,19,1.0
30,5,150,100287,101809,101809,102813,102813,103419,103452,109952,109952,110569,110601,110634,113728,1522,1004,606,6500,617,354,0,600,2097,3127,3094,1497,87.22394411,13.4431115,1,57,-37,150,-1,-1,49,20,57,1.0
30,5,151,113731,115253,115253,116254,116254,116859,116892,123892,123892,124521,124553,124586,127661,1522,1001,605,7000,629,723,0,600,1720,3108,3075,1120,101.1579364,13.93399231,0,14,-4,200,-1,1,51,10,14,2.0
30,5,152,127664,129192,129192,130196,130196,130801,130835,139835,139835,140452,140485,140518,143596,1528,1004,605,9000,617,533,0,600,1913,3111,3078,1313,117.0922292,15.93429276,1,57,-37,150,-1,-1,49,20,57,1.0
30,5,153,143599,145124,145124,146129,146129,146733,146766,153766,153766,154382,154415,154448,157544,1525,1005,604,7000,616,1006,0,600,1444,3129,3096,844,131.0404085,13.94817933,1,4,3,190,1,1,51,7,4,2.0
30,5,154,157547,159071,159071,160077,160077,160696,160729,168229,168229,168829,168861,168894,171982,1524,1006,619,7500,600,505,0,600,1946,3121,3088,1346,145.4777741,14.43736563,1,20,-10,150,-1,-1,49,10,20,1.0
30,5,155,171985,173513,173513,174523,174523,175128,175161,181661,181661,182292,182325,182358,185448,1528,1010,605,6500,631,449,0,600,1977,3123,3090,1377,158.9446451,13.46687094,1,14,-4,150,-1,-1,49,10,14,1.0
30,5,156,185450,186973,186973,187976,187976,188605,188637,196637,196637,197253,197285,197319,200383,1523,1003,629,8000,616,455,0,600,1974,3098,3064,1374,173.8795665,14.93492137,1,2,3,180,1,1,51,5,2,2.0
30,5,157,200385,201912,201912,202914,202914,203518,203550,209550,209550,210183,210216,210249,213315,1527,1002,604,6000,633,621,0,600,1813,3099,3066,1213,186.8117302,12.93216371,0,19,1,210,1,-1,49,20,19,1.0
30,5,158,213318,214840,214840,215842,215842,216447,216479,224979,224979,225596,225628,225662,228775,1522,1002,605,8500,617,442,0,600,2012,3147,3113,1412,202.2709504,15.45922024,1,56,-28,210,-1,-1,49,28,56,1.0
30,5,159,228778,230304,230304,231308,231308,231918,231950,240950,240950,241582,241615,241648,244711,1526,1004,610,9000,632,580,0,600,1848,3096,3063,1248,218.2081192,15.93716885,1,9,1,150,1,1,51,10,9,2.0
30,5,160,244714,246239,246239,247245,247245,247854,247886,256387,256387,256995,257029,257063,260153,1525,1006,609,8501,608,449,0,600,2002,3124,3090,1402,233.6488636,15.44074439,1,40,-12,210,-1,-1,49,28,40,1.0
30,5,161,260156,261678,261678,262686,262686,263290,263323,271323,271323,271957,271989,272022,275109,1522,1008,604,8000,634,473,0,600,1959,3120,3087,1359,248.605705,14.95684137,1,10,-3,190,-1,-1,49,7,10,1.0
30,5,162,275112,276638,276638,277643,277643,278247,278279,284779,284779,285380,285412,285446,288572,1526,1005,604,6500,601,321,0,600,2143,3160,3126,1543,262.0689682,13.46326316,1,28,-18,160,-1,-1,49,10,28,1.0
30,5,163,288575,290096,290096,291102,291102,291706,291738,298738,298738,299357,299390,299423,302529,1521,1006,604,7000,619,532,0,600,1918,3139,3106,1318,276.0253331,13.95636493,1,5,2,190,1,1,51,7,5,2.0
30,5,164,302531,304055,304055,305058,305058,305677,305709,311709,311709,312328,312361,312395,315473,1524,1003,619,6000,619,758,0,600,1677,3112,3078,1077,288.9691407,12.94380762,1,5,2,170,1,1,51,7,5,2.0
30,5,165,315476,317000,317000,318010,318010,318616,318648,326148,326148,326771,326803,326836,329929,1524,1010,606,7500,623,424,0,600,2013,3126,3093,1413,303.425942,14.45680129,1,5,9,150,1,1,51,14,5,2.0
30,5,166,329932,331454,331454,332458,332458,333063,333097,340097,340097,340731,340763,340796,343876,1522,1004,605,7000,634,598,0,600,1837,3113,3080,1237,317.3728388,13.94689677,1,13,1,150,1,1,51,14,13,2.0
30,5,167,343879,345405,345405,346410,346410,347013,347046,353046,353046,353648,353680,353713,356827,1526,1005,603,6000,602,476,0,600,1988,3147,3114,1388,330.3227244,12.94988558,0,27,1,200,1,-1,49,28,27,1.0
30,5,168,356830,358349,358349,359356,359356,359961,359994,367494,367494,368116,368148,368182,371270,1519,1007,605,7500,622,672,0,600,1775,3122,3088,1175,344.7667095,14.44398512,1,5,2,170,1,1,51,7,5,2.0
30,5,169,371273,372797,372797,373799,373799,374421,374454,382954,382954,383556,383588,383621,386716,1524,1002,622,8500,602,941,0,600,1509,3128,3095,909,360.2127372,15.44602768,1,14,-9,150,-1,-1,49,5,14,1.0
30,5,170,386719,388243,388243,389249,389249,389856,389888,397888,397888,398490,398522,398555,401656,1524,1006,607,8000,602,489,0,600,1972,3134,3101,1372,375.1528363,14.94009919,1,19,1,200,1,1,51,20,19,2.0
30,5,171,401659,403182,403182,404188,404188,404793,404825,411325,411325,411955,411988,412022,415090,1523,1006,605,6500,630,1041,0,600,1395,3102,3068,795,388.5867822,13.4339459,1,7,7,200,1,1,51,14,7,2.0
30,5,172,415093,416620,416620,417628,417628,418235,418268,427268,427268,427869,427901,427935,431040,1527,1008,607,9000,601,1368,0,600,1089,3139,3105,489,404.5362276,15.9494453,0,27,1,210,1,-1,49,28,27,1.0
30,5,173,431042,432564,432564,433569,433569,434196,434228,443228,443228,443843,443875,443909,446991,1522,1005,627,9000,615,474,0,600,1957,3116,3082,1357,420.4877657,15.95153819,1,2,3,200,1,1,51,5,2,2.0
30,5,174,446994,448522,448522,449528,449528,450133,450166,457166,457166,457768,457800,457833,460946,1528,1006,605,7000,602,335,0,600,2124,3146,3113,1524,434.4427918,13.95502603,1,10,18,170,1,1,51,28,10,2.0
30,5,175,460949,462471,462471,463477,463477,464082,464114,470614,470614,471216,471249,471282,474385,1522,1006,605,6500,602,656,0,600,1809,3136,3103,1209,447.8808785,13.43808677,0,13,1,210,1,-1,49,14,13,1.0
30,5,176,474388,475911,475911,476916,476916,477521,477553,485553,485553,486154,486187,486223,489331,1523,1005,605,8000,601,626,0,600,1840,3144,3108,1240,462.8277621,14.94688352,1,20,-13,160,-1,-1,49,7,20,1.0
30,5,177,489334,490861,490861,491869,491869,492478,492510,501010,501010,501643,501676,501709,504765,1527,1008,609,8500,633,964,0,600,1459,3089,3056,859,478.2607985,15.43303642,1,13,1,210,1,1,51,14,13,2.0
30,5,178,504768,506290,506290,507297,507297,507906,507939,515440,515440,516057,516090,516123,519226,1522,1007,609,7501,617,751,0,600,1693,3136,3103,1093,492.7221728,14.46137429,1,56,-28,210,-1,-1,49,28,56,1.0
30,5,179,519229,520756,520756,521758,521758,522384,522417,528417,528417,529033,529066,529100,532190,1527,1002,626,6000,616,446,0,600,1983,3124,3090,1383,505.6856068,12.96343403,1,4,1,210,1,1,51,5,4,2.0
30,5,180,532192,533713,533713,534723,534723,535346,535379,541879,541879,542495,542528,542561,545645,1521,1010,623,6500,616,405,0,600,2025,3117,3084,1425,519.1415233,13.45591652,1,4,1,200,1,1,51,5,4,2.0
30,6,181,25035,26560,26560,27579,27579,28179,28211,34211,34211,34836,34869,34905,37998,1525,1019,600,6000,625,540,0,600,1891,3129,3093,1291,12.97511531,12.97511531,0,7,-2,180,-1,1,51,5,7,2.0
30,6,182,38003,39528,39528,40533,40533,41138,41171,49671,49671,50271,50304,50338,53445,1525,1005,605,8500,600,663,0,600,1802,3141,3107,1202,28.4201862,15.44507089,1,10,10,210,1,1,51,20,10,2.0
30,6,183,53447,54973,54973,55982,55982,56588,56620,63620,63620,64250,64283,64316,67389,1526,1009,606,7000,630,724,0,600,1705,3106,3073,1105,42.36546442,13.94527822,1,20,-6,160,-1,-1,49,14,20,1.0
30,6,184,67392,68916,68916,69925,69925,70531,70564,78064,78064,78690,78722,78756,81834,1524,1009,606,7500,626,1245,0,600,1190,3112,3078,590,56.80953512,14.4440707,1,4,6,180,1,1,51,10,4,2.0
30,6,185,81837,83359,83359,84364,84364,84993,85025,94025,94025,94645,94677,94711,97788,1522,1005,629,9000,620,1536,0,600,888,3111,3077,288,72.76425316,15.95471805,1,4,1,160,1,1,51,5,4,2.0
30,6,186,97791,99313,99313,100321,100321,100925,100958,108958,108958,109591,109624,109657,112749,1522,1008,604,8000,633,708,0,600,1725,3125,3092,1125,87.72473154,14.96047838,1,10,10,150,1,1,51,20,10,2.0
30,6,187,112751,114277,114277,115283,115283,115893,115925,122425,122425,123025,123057,123091,126188,1526,1006,610,6500,600,590,0,600,1868,3131,3097,1268,101.1637769,13.43904537,1,40,-20,190,-1,-1,49,20,40,1.0
30,6,188,126191,127715,127715,128723,128723,129330,129363,138363,138363,138966,138999,139033,142154,1524,1008,607,9000,603,477,0,600,1981,3155,3121,1381,117.1296823,15.96590541,1,28,-18,200,-1,-1,49,10,28,1.0
30,6,189,142157,143680,143680,144687,144687,145290,145322,152322,152322,152924,152956,152989,156104,1523,1007,603,7000,602,861,0,600,1604,3148,3115,1004,131.079278,13.94959568,1,40,-12,190,-1,-1,49,28,40,1.0
30,6,190,156107,157630,157630,158633,158633,159239,159271,167771,167771,168393,168425,168459,171568,1523,1003,606,8500,622,562,0,600,1884,3143,3109,1284,146.5435971,15.4643191,1,7,7,150,1,1,51,14,7,2.0
30,6,191,171571,173094,173094,174101,174101,174732,174765,180765,180765,181383,181415,181448,184518,1523,1007,631,6000,618,302,0,600,2119,3103,3070,1519,159.4928206,12.94922351,1,5,2,150,1,1,51,7,5,2.0
30,6,192,184520,186040,186040,187045,187045,187652,187684,194184,194184,194812,194844,194877,197949,1520,1005,607,6500,628,393,0,600,2047,3105,3072,1447,172.9246688,13.43184819,1,79,-51,180,-1,-1,49,28,79,1.0
30,6,193,197952,199471,199471,200474,200474,201080,201113,208613,208613,209233,209266,209299,212394,1519,1003,606,7500,620,742,0,600,1710,3128,3095,1110,187.3689101,14.44424127,0,9,1,170,1,-1,49,10,9,1.0
30,6,194,212397,213921,213921,214929,214929,215536,215568,223568,223568,224201,224233,224267,227344,1524,1008,607,8000,633,759,0,600,1669,3111,3077,1069,202.3192893,14.95037919,1,14,-4,150,-1,-1,49,10,14,1.0
30,6,195,227347,228878,228878,229881,229881,230487,230520,237520,237520,238146,238179,238213,241310,1531,1003,606,7000,626,421,0,600,2013,3131,3097,1413,216.28456,13.96527077,1,7,7,180,1,1,51,14,7,2.0
30,6,196,241312,242841,242841,243847,243847,244452,244484,250984,250984,251585,251617,251651,254759,1529,1006,605,6500,601,765,0,600,1694,3142,3108,1094,229.7347686,13.45020863,1,14,14,200,1,1,51,28,14,2.0
30,6,197,254761,256286,256286,257291,257291,257896,257928,265928,265928,266547,266579,266613,269696,1525,1005,605,8000,619,570,0,600,1876,3117,3083,1276,244.6719288,14.93716011,1,5,9,180,1,1,51,14,5,2.0
30,6,198,269699,271220,271220,272229,272229,272835,272868,280368,280368,280996,281028,281061,284131,1521,1009,606,7500,628,752,0,600,1684,3103,3070,1084,259.1070713,14.43514257,1,40,-12,190,-1,-1,49,28,40,1.0
30,6,199,284134,285656,285656,286662,286662,287267,287300,295800,295800,296420,296452,296486,299579,1522,1006,605,8500,620,452,0,600,1995,3127,3093,1395,274.5543409,15.44726955,1,10,10,200,1,1,51,20,10,2.0
30,6,200,299582,301104,301104,302109,302109,302717,302749,308749,308749,309379,309412,309446,312542,1522,1005,608,6000,630,1135,0,600,1300,3130,3096,700,287.5169911,12.96265022,0,10,4,190,1,-1,49,14,10,1.0
30,6,201,312544,314072,314072,315081,315081,315684,315718,324718,324718,325332,325364,325398,328490,1528,1009,603,9000,614,452,0,600,1994,3126,3092,1394,303.4650912,15.94810007,1,4,3,210,1,1,51,7,4,2.0
30,6,202,328493,330013,330013,331017,331017,331620,331653,337653,337653,338254,338286,338319,341433,1520,1004,603,6000,601,404,0,600,2068,3147,3114,1468,316.4077024,12.94261126,1,20,-13,150,-1,-1,49,7,20,1.0
30,6,203,341435,342959,342959,343967,343967,344572,344604,353604,353604,354207,354239,354272,357390,1524,1008,605,9000,603,348,0,600,2112,3151,3118,1512,332.3658932,15.95819082,1,57,-37,150,-1,-1,49,20,57,1.0
30,6,204,357393,358920,358920,359923,359923,360548,360581,368081,368081,368715,368748,368782,371830,1527,1003,625,7500,634,505,0,600,1906,3082,3048,1306,346.8044408,14.43854753,1,14,-9,210,-1,-1,49,5,14,1.0
30,6,205,371832,373360,373360,374368,374368,374986,375018,383018,383018,383644,383676,383709,386790,1528,1008,618,8000,626,409,0,600,2011,3114,3081,1411,361.765009,14.96056818,1,7,-2,170,-1,-1,49,5,7,1.0
30,6,206,386793,388324,388324,389331,389331,389939,389972,396472,396472,397104,397136,397169,400231,1531,1007,608,6500,632,582,0,600,1840,3095,3062,1240,375.2059552,13.44094629,1,14,14,190,1,1,51,28,14,2.0
30,6,207,400234,401759,401759,402766,402766,403372,403405,411905,411905,412532,412566,412600,415672,1525,1007,606,8500,627,627,0,600,1808,3106,3072,1208,390.6471441,15.44118888,1,28,-14,200,-1,-1,49,14,28,1.0
30,6,208,415675,417200,417200,418210,418210,418814,418847,425847,425847,426449,426481,426515,429620,1525,1010,604,7000,602,398,0,600,2061,3139,3105,1461,404.5950998,13.94795572,1,40,-20,150,-1,-1,49,20,40,1.0
30,6,209,429623,431146,431146,432150,432150,432758,432791,439291,439291,439891,439924,439958,443073,1523,1004,608,6500,600,571,0,600,1894,3149,3115,1294,418.0484995,13.45339963,1,10,18,160,1,1,51,28,10,2.0
30,6,210,443076,444602,444602,445608,445608,446213,446246,454746,454746,455346,455379,455412,458527,1526,1006,605,8500,600,666,0,600,1797,3148,3115,1197,433.5020854,15.45358587,1,20,-13,200,-1,-1,49,7,20,1.0
30,6,211,458529,460054,460054,461060,461060,461665,461697,470697,470697,471329,471362,471395,474476,1525,1006,605,9000,632,377,0,600,2055,3114,3081,1455,449.4510961,15.94901075,1,20,-13,210,-1,-1,49,7,20,1.0
30,6,212,474479,476002,476002,477007,477007,477611,477643,485643,485643,486276,486309,486342,489424,1523,1005,604,8000,633,339,0,600,2096,3115,3082,1496,464.3990205,14.94792438,1,20,-10,190,-1,-1,49,10,20,1.0
30,6,213,489427,490953,490953,491960,491960,492580,492612,500112,500112,500728,500761,500795,503866,1526,1007,620,7500,616,464,0,600,1967,3105,3071,1367,478.8402627,14.44124222,1,2,3,160,1,1,51,5,2,2.0
30,6,214,503868,505395,505395,506402,506402,507032,507065,514065,514065,514668,514702,514736,517827,1527,1007,630,7000,603,287,0,600,2146,3125,3091,1546,492.8014981,13.96123537,1,20,-10,160,-1,-1,49,10,20,1.0
30,6,215,517828,519350,519350,520354,520354,520956,520988,526988,526988,527591,527624,527658,530787,1522,1004,602,6000,603,457,0,600,2012,3163,3129,1412,505.7617932,12.96029516,1,14,-7,200,-1,-1,49,7,14,1.0
30,6,216,530790,532312,532312,533318,533318,533942,533975,542475,542475,543106,543139,543172,546238,1522,1006,624,8500,631,681,0,600,1736,3099,3066,1136,521.2127766,15.4509834,1,10,-5,160,-1,-1,49,5,10,1.0
31,1,1,73851,75380,75380,76406,76406,77039,77072,84572,84572,85178,85210,85246,88326,1529,1026,633,7500,606,685,0,600,1721,3116,3080,1121,14.51182924,14.51182924,1,28,-18,200,-1,-1,49,10,28,1.0
31,1,2,88378,89902,89902,90919,90919,91540,91573,100073,100073,100687,100720,100753,103836,1524,1017,621,8500,614,922,0,600,1502,3116,3083,902,29.97070654,15.4588773,1,5,2,190,1,1,51,7,5,2.0
31,1,3,103839,105361,105361,106367,106367,106972,107005,115005,115005,115623,115656,115689,118777,1522,1006,605,8000,618,639,0,600,1810,3121,3088,1210,44.91112487,14.94041832,1,5,5,170,1,1,51,10,5,2.0
31,1,4,118780,120305,120305,121309,121309,121929,121961,128461,128461,129079,129110,129145,132213,1525,1004,620,6500,618,550,0,600,1883,3103,3068,1283,58.34765455,13.43652969,1,7,-2,160,-1,-1,49,5,7,1.0
31,1,5,132216,133739,133739,134744,134744,135350,135382,144382,144382,144999,145032,145066,148151,1523,1005,606,9000,617,641,0,600,1808,3119,3085,1208,74.28564037,15.93798582,1,57,-37,200,-1,-1,49,20,57,1.0
31,1,6,148154,149682,149682,150687,150687,151317,151351,158351,158351,158984,159017,159050,162092,1528,1005,630,7000,633,566,0,600,1838,3075,3042,1238,88.22654477,13.9409044,1,10,18,200,1,1,51,28,10,2.0
31,1,7,162095,163617,163617,164622,164622,165225,165257,171257,171257,171889,171921,171955,175030,1522,1005,603,6000,632,659,0,600,1779,3109,3075,1179,101.164241,12.93769622,1,21,-1,200,-1,-1,49,20,21,1.0
31,1,8,175032,176554,176554,177558,177558,178160,178192,187192,187192,187792,187824,187858,190976,1522,1004,602,9000,600,510,0,600,1962,3152,3118,1362,117.1106668,15.94642576,1,20,8,160,1,1,51,28,20,2.0
31,1,9,190979,192502,192502,193507,193507,194139,194172,201672,201672,202303,202336,202369,205438,1523,1005,632,7500,631,620,0,600,1789,3102,3069,1189,131.5723963,14.46172959,1,28,-18,190,-1,-1,49,10,28,1.0
31,1,10,205441,206961,206961,207965,207965,208588,208620,216620,216620,217236,217268,217301,220388,1520,1004,623,8000,616,641,0,600,1796,3120,3087,1196,146.5219613,14.94956494,1,2,5,170,1,1,51,7,2,2.0
31,1,11,220391,221910,221910,222913,222913,223517,223549,232049,232049,232666,232698,232731,235822,1519,1003,604,8500,617,617,0,600,1840,3124,3091,1240,161.9566093,15.43464805,1,5,5,160,1,1,51,10,5,2.0
31,1,12,235825,237347,237347,238350,238350,238953,238985,244985,244985,245587,245620,245653,248763,1522,1003,603,6000,602,558,0,600,1912,3143,3110,1312,174.8974746,12.94086523,0,40,-12,210,-1,1,51,28,40,2.0
31,1,13,248766,250289,250289,251296,251296,251902,251934,258434,258434,259048,259082,259115,262199,1523,1007,606,6500,614,541,0,600,1909,3117,3084,1309,188.3333627,13.43588811,1,5,9,160,1,1,51,14,5,2.0
31,1,14,262202,263721,263721,264725,264725,265330,265363,272363,272363,272993,273026,273060,276152,1519,1004,605,7000,630,520,0,600,1922,3126,3092,1322,202.2865508,13.95318809,1,10,10,160,1,1,51,20,10,2.0
31,1,15,276155,277681,277681,278690,278690,279296,279328,288328,288328,288952,288984,289018,292112,1526,1009,606,9000,624,484,0,600,1951,3128,3094,1351,218.2464951,15.95994438,1,14,14,190,1,1,51,28,14,2.0
31,1,16,292115,293635,293635,294645,294645,295250,295283,302783,302783,303384,303417,303450,306561,1520,1010,605,7500,601,794,0,600,1670,3144,3111,1070,232.695049,14.44855391,1,29,-1,170,-1,-1,49,28,29,1.0
31,1,17,306564,308082,308082,309085,309085,309707,309739,315739,315739,316355,316387,316420,319496,1518,1003,622,6000,616,692,0,600,1749,3109,3076,1149,245.6298827,12.93483368,1,5,2,200,1,1,51,7,5,2.0
31,1,18,319499,321023,321023,322030,322030,322638,322670,329170,329170,329786,329818,329851,332930,1524,1007,608,6500,616,630,0,600,1815,3112,3079,1215,259.064105,13.43422224,1,56,-28,200,-1,-1,49,28,56,1.0
31,1,19,332933,334457,334457,335462,335462,336066,336098,344598,344598,345228,345261,345294,348378,1524,1005,604,8500,630,413,0,600,2024,3117,3084,1424,274.5121213,15.44801629,1,10,4,150,1,1,51,14,10,2.0
31,1,20,348381,349902,349902,350908,350908,351531,351564,359564,359564,360196,360228,360262,363320,1521,1006,623,8000,632,455,0,600,1963,3092,3058,1363,289.454587,14.9424657,1,20,-13,180,-1,-1,49,7,20,1.0
31,1,21,363324,364849,364849,365852,365852,366457,366489,373489,373489,374121,374154,374187,377264,1525,1003,605,7000,632,438,0,600,1997,3110,3077,1397,303.3980363,13.94344932,0,21,-1,170,-1,1,51,20,21,2.0
31,1,22,377267,378788,378788,379791,379791,380393,380425,388425,388425,389025,389057,389091,392207,1521,1003,602,8000,600,447,0,600,2027,3150,3116,1427,318.3412026,14.94316635,1,20,-10,150,-1,-1,49,10,20,1.0
31,1,23,392210,393725,393725,394728,394728,395349,395381,402381,402381,403013,403045,403078,406155,1515,1003,621,7000,632,534,0,600,1895,3110,3077,1295,332.2893509,13.94814829,1,20,-13,180,-1,-1,49,7,20,1.0
31,1,24,406158,407679,407679,408686,408686,409306,409338,417838,417838,418452,418484,418517,421601,1521,1007,620,8500,614,607,0,600,1831,3117,3084,1231,347.7347518,15.44540087,1,2,3,200,1,1,51,5,2,2.0
31,1,25,421604,423125,423125,424128,424128,424751,424783,432283,432283,432900,432933,432966,436052,1521,1003,623,7500,617,510,0,600,1926,3119,3086,1326,362.1856315,14.45087973,1,2,5,150,1,1,51,7,2,2.0
31,1,26,436055,437577,437577,438582,438582,439187,439220,445220,445220,445821,445853,445886,448988,1522,1005,605,6000,601,623,0,600,1844,3135,3102,1244,375.1219777,12.93634616,1,15,-1,160,-1,-1,49,14,15,1.0
31,1,27,448991,450512,450512,451519,451519,452123,452155,458655,458655,459286,459318,459352,462451,1521,1007,604,6500,631,489,0,600,1948,3133,3099,1348,388.5849404,13.46296272,1,28,-14,160,-1,-1,49,14,28,1.0
31,1,28,462453,463973,463973,464975,464975,465593,465626,474626,474626,475242,475274,475308,478405,1520,1002,618,9000,616,912,0,600,1532,3131,3097,932,404.5386646,15.95372419,1,6,-1,150,-1,-1,49,5,6,1.0
31,1,29,478408,479933,479933,480940,480940,481562,481594,488594,488594,489208,489240,489274,492358,1525,1007,622,7000,614,414,0,600,2018,3118,3084,1418,418.4919202,13.95325559,1,2,3,160,1,1,51,5,2,2.0
31,1,30,492361,493883,493883,494886,494886,495487,495519,503019,503019,503635,503667,503700,506816,1522,1003,601,7500,616,669,0,600,1789,3149,3116,1189,432.9498482,14.45792804,1,4,6,150,1,1,51,10,4,2.0
31,1,31,506819,508341,508341,509346,509346,509951,509983,515984,515984,516616,516650,516683,519756,1522,1005,605,6001,632,663,0,600,1772,3106,3073,1172,445.8904633,12.94061511,1,28,-14,150,-1,-1,49,14,28,1.0
31,1,32,519758,521280,521280,522284,522284,522912,522943,529443,529443,530057,530090,530124,533201,1522,1004,628,6500,614,596,0,600,1836,3111,3077,1236,459.3348556,13.44439224,1,5,9,170,1,1,51,14,5,2.0
31,1,33,533204,534729,534729,535731,535731,536348,536380,544380,544380,544997,545029,545062,548160,1525,1002,617,8000,617,457,0,600,1982,3131,3098,1382,474.2937672,14.95891165,1,2,3,190,1,1,51,5,2,2.0
31,1,34,548162,549688,549688,550693,550693,551297,551329,560329,560329,560930,560962,560995,564095,1526,1005,604,9000,601,431,0,600,2033,3133,3100,1433,490.2287356,15.93496839,1,40,-20,180,-1,-1,49,20,40,1.0
31,1,35,564097,565622,565622,566625,566625,567246,567278,575778,575778,576407,576439,576473,579547,1525,1003,621,8500,629,427,0,600,1995,3108,3074,1395,505.680897,15.45216138,1,14,-9,150,-1,-1,49,5,14,1.0
31,1,36,579549,581076,581076,582083,582083,582692,582724,589224,589224,589841,589873,589907,593001,1527,1007,609,6500,617,459,0,600,1981,3128,3094,1381,519.1350379,13.45414096,1,7,13,170,1,1,51,20,7,2.0
31,2,37,19800,21323,21323,22345,22345,22946,22978,30478,30478,31078,31110,31146,34247,1523,1022,601,7500,600,421,0,600,2033,3137,3101,1433,14.45874772,14.45874772,1,10,-3,170,-1,-1,49,7,10,1.0
31,2,38,34250,35770,35770,36776,36776,37380,37413,46413,46413,47045,47077,47111,50190,1520,1006,604,9000,632,923,0,600,1515,3113,3079,915,30.40039435,15.94164663,1,20,8,150,1,1,51,28,20,2.0
31,2,39,50193,51717,51717,52723,52723,53324,53356,61856,61856,62487,62520,62553,65624,1524,1006,601,8500,631,658,0,600,1780,3104,3071,1180,45.83423749,15.43384314,1,20,-10,180,-1,-1,49,10,20,1.0
31,2,40,65626,67147,67147,68152,68152,68773,68806,74806,74806,75431,75463,75496,78586,1521,1005,621,6000,625,544,0,600,1884,3123,3090,1284,58.79650137,12.96226388,1,4,1,170,1,1,51,5,4,2.0
31,2,41,78589,80113,80113,81117,81117,81736,81768,89768,89768,90385,90419,90453,93551,1524,1004,619,8000,617,455,0,600,1981,3132,3098,1381,73.76144638,14.96494501,1,2,3,200,1,1,51,5,2,2.0
31,2,42,93554,95080,95080,96085,96085,96691,96723,103223,103223,103841,103873,103906,106985,1526,1005,606,6500,618,439,0,600,2006,3112,3079,1406,87.194952,13.43350563,1,57,-37,150,-1,-1,49,20,57,1.0
31,2,43,106987,108507,108507,109511,109511,110115,110147,117147,117147,117748,117781,117814,120941,1520,1004,604,7000,601,448,0,600,2023,3160,3127,1423,101.1514501,13.95649813,1,7,7,210,1,1,51,14,7,2.0
31,2,44,120944,122471,122471,123476,123476,124081,124114,130614,130614,131215,131248,131282,134407,1527,1005,605,6500,601,874,0,600,1588,3159,3125,988,114.6174794,13.46602927,1,19,1,160,1,1,51,20,19,2.0
31,2,45,134410,135932,135932,136937,136937,137564,137596,143596,143596,144200,144232,144266,147347,1522,1005,627,6000,604,1116,0,600,1326,3115,3081,726,127.5575985,12.94011908,1,6,1,190,1,1,51,7,6,2.0
31,2,46,147350,148875,148875,149882,149882,150486,150519,158519,158519,159120,159153,159187,162284,1525,1007,604,8000,601,492,0,600,1971,3131,3097,1371,142.494771,14.93717247,1,28,-18,200,-1,-1,49,10,28,1.0
31,2,47,162287,163807,163807,164815,164815,165419,165451,172451,172451,173051,173084,173117,176238,1520,1008,604,7000,600,610,0,600,1858,3154,3121,1258,156.4484822,13.95371123,1,28,-8,180,-1,-1,49,20,28,1.0
31,2,48,176241,177762,177762,178765,178765,179386,179418,186918,186918,187520,187553,187587,190695,1521,1003,621,7500,602,989,0,600,1464,3142,3108,864,170.9056144,14.45713217,1,7,-2,170,-1,-1,49,5,7,1.0
31,2,49,190698,192225,192225,193229,193229,193831,193863,202863,202863,203465,203499,203532,206631,1527,1004,602,9000,602,561,0,600,1904,3132,3099,1304,186.8412319,15.9356175,1,14,-4,160,-1,-1,49,10,14,1.0
31,2,50,206634,208153,208153,209157,209157,209761,209793,218293,218293,218923,218955,218989,222084,1519,1004,604,8500,630,488,0,600,1955,3129,3095,1355,202.2942241,15.45299221,1,5,9,170,1,1,51,14,5,2.0
31,2,51,222087,223608,223608,224614,224614,225238,225271,232271,232271,232871,232904,232938,236022,1521,1006,624,7000,600,441,0,600,2008,3118,3084,1408,216.2322487,13.93802469,1,14,-7,200,-1,-1,49,7,14,1.0
31,2,52,236025,237549,237549,238551,238551,239168,239201,247201,247201,247816,247849,247883,250978,1524,1002,617,8000,615,515,0,600,1927,3129,3095,1327,231.1876454,14.95539669,1,2,3,160,1,1,51,5,2,2.0
31,2,53,250981,252508,252508,253513,253513,254119,254151,260651,260651,261279,261310,261344,264437,1527,1005,606,6500,628,516,0,600,1918,3127,3093,1318,244.6473539,13.45970842,1,5,9,200,1,1,51,14,5,2.0
31,2,54,264440,265960,265960,266966,266966,267573,267605,276605,276605,277208,277241,277276,280375,1520,1006,607,9000,603,463,0,600,2001,3134,3099,1401,260.5848018,15.9374479,1,14,14,180,1,1,51,28,14,2.0
31,2,55,280378,281900,281900,282903,282903,283511,283543,291043,291043,291644,291676,291710,294832,1522,1003,608,7500,601,1192,0,600,1274,3156,3122,674,275.0421256,14.45732383,1,19,1,210,1,1,51,20,19,2.0
31,2,56,294835,296354,296354,297360,297360,297965,297998,303998,303998,304598,304631,304664,307785,1519,1006,605,6000,600,516,0,600,1954,3154,3121,1354,287.9951296,12.95300396,1,4,6,150,1,1,51,10,4,2.0
31,2,57,307788,309313,309313,310315,310315,310931,310964,319464,319464,320066,320099,320132,323236,1525,1002,616,8500,602,496,0,600,1959,3137,3104,1359,303.4460343,15.45090475,1,28,-14,170,-1,-1,49,14,28,1.0
31,2,58,323239,324761,324761,325766,325766,326386,326419,335419,335419,336020,336052,336085,339175,1522,1005,620,9000,601,680,0,600,1772,3123,3090,1172,319.3852207,15.9391864,1,4,1,180,1,1,51,5,4,2.0
31,2,59,339178,340702,340702,341703,341703,342309,342341,350341,350341,350972,351004,351037,354119,1524,1001,606,8000,631,1670,0,600,768,3115,3082,168,334.3291224,14.94390164,1,14,6,200,1,1,51,20,14,2.0
31,2,60,354122,355640,355640,356648,356648,357265,357298,365798,365798,366398,366430,366464,369562,1518,1008,617,8500,600,652,0,600,1805,3132,3098,1205,349.7718683,15.44274596,1,5,2,210,1,1,51,7,5,2.0
31,2,61,369565,371090,371090,372096,372096,372701,372733,380233,380233,380865,380898,380931,384012,1525,1006,605,7500,632,470,0,600,1962,3114,3081,1362,364.2216249,14.4497566,1,10,18,210,1,1,51,28,10,2.0
31,2,62,384015,385534,385534,386536,386536,387159,387191,393191,393191,393821,393853,393887,396962,1519,1002,623,6000,630,852,0,600,1574,3109,3075,974,377.1719945,12.95036955,1,5,2,170,1,1,51,7,5,2.0
31,2,63,396965,398491,398491,399496,399496,400099,400131,406631,406631,407231,407264,407298,410407,1526,1005,603,6500,600,698,0,600,1768,3143,3109,1168,390.6168303,13.44483583,1,20,-6,190,-1,-1,49,14,20,1.0
31,2,64,410410,411928,411928,412934,412934,413539,413571,420571,420571,421203,421235,421269,424344,1518,1006,605,7000,632,469,0,600,1970,3109,3075,1370,404.5539096,13.93707935,1,10,18,160,1,1,51,28,10,2.0
31,2,65,424347,425870,425870,426880,426880,427481,427514,433514,433514,434115,434148,434182,437302,1523,1010,601,6000,601,482,0,600,1983,3154,3120,1383,417.5116436,12.95773397,1,14,-4,150,-1,-1,49,10,14,1.0
31,2,66,437304,438824,438824,439827,439827,440430,440462,448962,448962,449562,449594,449627,452751,1520,1003,603,8500,600,449,0,600,2025,3157,3124,1425,432.9607375,15.44909393,1,40,-12,210,-1,-1,49,28,40,1.0
31,2,67,452754,454280,454280,455289,455289,455893,455925,463925,463925,464544,464576,464610,467694,1526,1009,604,8000,619,605,0,600,1837,3118,3084,1237,447.9037885,14.94305093,1,4,6,150,1,1,51,10,4,2.0
31,2,68,467697,469218,469218,470220,470220,470826,470858,479858,479858,480458,480491,480525,483640,1521,1002,606,9000,600,607,0,600,1864,3149,3115,1264,463.8497363,15.94594782,0,13,1,200,1,-1,49,14,13,1.0
31,2,69,483642,485164,485164,486165,486165,486795,486828,493328,493328,493961,493993,494026,497072,1522,1001,630,6500,633,889,0,600,1525,3079,3046,925,477.281781,13.43204467,1,6,1,200,1,1,51,7,6,2.0
31,2,70,497075,498598,498598,499604,499604,500226,500258,507258,507258,507876,507909,507942,511036,1523,1006,622,7000,618,1816,0,600,615,3127,3094,15,491.2458677,13.96408676,1,7,-2,170,-1,-1,49,5,7,1.0
31,2,71,511038,512559,512559,513563,513563,514169,514202,521702,521702,522303,522335,522369,525491,1521,1004,606,7500,601,449,0,600,2019,3156,3122,1419,505.700672,14.45480423,1,40,-12,180,-1,-1,49,28,40,1.0
31,2,72,525494,527018,527018,528027,528027,528651,528683,537183,537183,537801,537833,537867,540925,1524,1009,624,8500,618,413,0,600,2012,3092,3058,1412,521.1348155,15.43414359,1,57,-37,200,-1,-1,49,20,57,1.0
31,3,73,20940,22468,22468,23484,23484,24113,24145,30645,30645,31264,31296,31332,34395,1528,1016,629,6500,619,510,0,600,1898,3099,3063,1298,13.46771412,13.46771412,1,2,5,200,1,1,51,7,2,2.0
31,3,74,34399,35925,35925,36930,36930,37535,37568,43568,43568,44171,44204,44238,47352,1526,1005,605,6000,603,662,0,600,1799,3148,3114,1199,26.42298153,12.95526741,0,14,6,190,1,-1,49,20,14,1.0
31,3,75,47355,48878,48878,49883,49883,50503,50535,57535,57535,58152,58184,58217,61293,1523,1005,620,7000,617,503,0,600,1932,3109,3076,1332,40.36428975,13.94130821,1,2,3,180,1,1,51,5,2,2.0
31,3,76,61296,62822,62822,63828,63828,64447,64479,72479,72479,73094,73127,73160,76231,1526,1006,619,8000,615,651,0,600,1783,3104,3071,1183,55.30166985,14.9373801,1,2,5,190,1,1,51,7,2,2.0
31,3,77,76234,77763,77763,78768,78768,79372,79405,88405,88405,89008,89040,89073,92180,1529,1005,604,9000,603,559,0,600,1900,3140,3107,1300,71.25083791,15.94916806,1,40,-26,200,-1,-1,49,14,40,1.0
31,3,78,92183,93708,93708,94714,94714,95334,95366,102866,102866,103499,103532,103565,106633,1525,1006,620,7500,633,426,0,600,1990,3101,3068,1390,85.70332083,14.45248292,1,14,-9,180,-1,-1,49,5,14,1.0
31,3,79,106636,108162,108162,109167,109167,109772,109804,118304,118304,118918,118950,118983,122065,1526,1005,605,8500,614,510,0,600,1940,3115,3082,1340,101.1358055,15.43248465,1,57,-37,200,-1,-1,49,20,57,1.0
31,3,80,122068,123592,123592,124599,124599,125203,125235,131735,131735,132335,132368,132401,135517,1524,1007,604,6500,600,538,0,600,1927,3149,3116,1327,114.5872873,13.45148183,1,40,-26,180,-1,-1,49,14,40,1.0
31,3,81,135520,137043,137043,138050,138050,138655,138688,147688,147688,148288,148321,148354,151458,1523,1007,605,9000,600,432,0,600,2033,3137,3104,1433,130.5286877,15.94140043,1,28,-14,170,-1,-1,49,14,28,1.0
31,3,82,151461,152981,152981,153984,153984,154616,154649,162149,162149,162766,162798,162831,165903,1520,1003,632,7500,617,626,0,600,1802,3105,3072,1202,144.9738924,14.44520469,1,4,6,170,1,1,51,10,4,2.0
31,3,83,165906,167430,167430,168434,168434,169058,169091,177591,177591,178223,178255,178289,181368,1524,1004,624,8500,632,410,0,600,2006,3113,3079,1406,160.4383908,15.4644984,1,20,-13,190,-1,-1,49,7,20,1.0
31,3,84,181371,182892,182892,183898,183898,184499,184531,192531,192531,193133,193165,193198,196320,1521,1006,601,8000,602,452,0,600,2018,3155,3122,1418,175.3906019,14.95221111,1,20,-10,170,-1,-1,49,10,20,1.0
31,3,85,196323,197845,197845,198847,198847,199479,199511,205511,205511,206143,206175,206208,209266,1522,1002,632,6000,632,774,0,600,1638,3091,3058,1038,188.3362734,12.94567148,1,14,-4,170,-1,-1,49,10,14,1.0
31,3,86,209269,210786,210786,211792,211792,212396,212430,219430,219430,220034,220066,220100,223218,1517,1006,604,7000,604,380,0,600,2089,3152,3118,1489,202.2885216,13.95224817,1,10,18,160,1,1,51,28,10,2.0
31,3,87,223221,224741,224741,225748,225748,226353,226386,235386,235386,235986,236019,236052,239177,1520,1007,605,9000,600,744,0,600,1724,3158,3125,1124,218.2475529,15.95903129,1,14,6,180,1,1,51,20,14,2.0
31,3,88,239179,240704,240704,241708,241708,242327,242360,249360,249360,249981,250014,250048,253137,1525,1004,619,7000,621,805,0,600,1626,3123,3089,1026,232.2073167,13.95976387,1,7,-2,180,-1,-1,49,5,7,1.0
31,3,89,253139,254662,254662,255668,255668,256274,256305,264305,264305,264906,264938,264971,268092,1523,1006,606,8000,601,547,0,600,1917,3154,3121,1317,247.162454,14.95513723,1,10,10,150,1,1,51,20,10,2.0
31,3,90,268094,269616,269616,270620,270620,271228,271261,277261,277261,277882,277915,277949,281043,1522,1004,608,6000,621,484,0,600,1961,3128,3094,1361,260.1134084,12.95095447,1,79,-51,200,-1,-1,49,28,79,1.0
31,3,91,281045,282565,282565,283571,283571,284193,284226,291727,291727,292345,292378,292411,295481,1520,1006,622,7501,618,850,0,600,1583,3103,3070,983,274.550973,14.43756453,1,5,2,210,1,1,51,7,5,2.0
31,3,92,295484,297002,297002,298010,298010,298631,298664,305164,305164,305781,305813,305847,308931,1518,1008,621,6500,617,1028,0,600,1408,3118,3084,808,288.0014543,13.45048135,1,7,-2,170,-1,-1,49,5,7,1.0
31,3,93,308934,310458,310458,311463,311463,312068,312102,320602,320602,321202,321234,321268,324385,1524,1005,605,8500,600,443,0,600,2023,3151,3117,1423,303.4555673,15.45411293,1,28,-14,190,-1,-1,49,14,28,1.0
31,3,94,324388,325909,325909,326916,326916,327521,327553,335053,335053,335686,335718,335751,338827,1521,1007,605,7500,633,598,0,600,1836,3109,3076,1236,317.897565,14.44199771,1,20,-6,170,-1,-1,49,14,20,1.0
31,3,95,338829,340343,340343,341348,341348,341952,341984,350984,350984,351604,351637,351670,354777,1514,1005,604,9000,620,438,0,600,2019,3140,3107,1419,333.8471221,15.9495571,1,4,6,190,1,1,51,10,4,2.0
31,3,96,354780,356300,356300,357302,357302,357907,357939,363939,363939,364554,364587,364621,367714,1520,1002,605,6000,615,521,0,600,1937,3127,3093,1337,346.7844476,12.93732556,1,56,-28,200,-1,-1,49,28,56,1.0
31,3,97,367717,369239,369239,370270,370270,370874,370907,378907,378907,379540,379573,379607,382659,1522,1031,604,8000,633,508,0,600,1902,3086,3052,1302,361.7285527,14.94410506,1,40,-12,160,-1,-1,49,28,40,1.0
31,3,98,382661,384186,384186,385191,385191,385815,385847,392847,392847,393450,393483,393516,396599,1525,1005,624,7000,603,597,0,600,1846,3116,3083,1246,375.6692986,13.94074589,1,14,-7,180,-1,-1,49,7,14,1.0
31,3,99,396602,398121,398121,399129,399129,399735,399768,408268,408268,408872,408904,408938,412036,1519,1008,606,8500,604,586,0,600,1877,3132,3098,1277,391.1055911,15.43629252,1,40,-12,200,-1,-1,49,28,40,1.0
31,3,100,412038,413558,413558,414562,414562,415184,415217,421717,421717,422317,422349,422382,425496,1520,1004,622,6500,600,1088,0,600,1366,3147,3114,766,404.5663527,13.46076165,1,14,-7,200,-1,-1,49,7,14,1.0
31,3,101,425499,427021,427021,428028,428028,428633,428666,436666,436666,437287,437319,437352,440457,1522,1007,605,8000,621,1305,0,600,1140,3138,3105,540,419.5272205,14.96086772,1,7,13,160,1,1,51,20,7,2.0
31,3,102,440460,441983,441983,442989,442989,443591,443623,451123,451123,451756,451788,451821,454918,1523,1006,602,7500,633,685,0,600,1751,3130,3097,1151,433.9881057,14.4608852,1,14,-4,160,-1,-1,49,10,14,1.0
31,3,103,454921,456449,456449,457457,457457,458064,458097,464097,464097,464720,464753,464786,467866,1528,1008,607,6000,623,408,0,600,2026,3113,3080,1426,446.936112,12.94800635,1,10,10,170,1,1,51,20,10,2.0
31,3,104,467869,469390,469390,470394,470394,471000,471032,480032,480032,480632,480665,480699,483816,1521,1004,606,9000,600,379,0,600,2090,3151,3117,1490,462.8860579,15.94994585,1,28,-18,180,-1,-1,49,10,28,1.0
31,3,105,483819,485339,485339,486343,486343,486948,486980,495480,495480,496082,496114,496148,499254,1520,1004,605,8500,602,819,0,600,1650,3140,3106,1050,478.3242483,15.43819043,1,29,-1,190,-1,-1,49,28,29,1.0
31,3,106,499257,500782,500782,501790,501790,502411,502443,508943,508943,509563,509595,509629,512701,1525,1008,621,6500,620,1112,0,600,1314,3106,3072,714,491.7706394,13.44639111,1,4,1,180,1,1,51,5,4,2.0
31,3,107,512703,514226,514226,515232,515232,515852,515884,522884,522884,523501,523534,523567,526658,1523,1006,620,7000,617,415,0,600,2019,3124,3091,1419,505.7279762,13.95733679,1,2,3,150,1,1,51,5,2,2.0
31,3,108,526661,528183,528183,529190,529190,529796,529828,537328,537328,537942,537974,538008,541113,1522,1007,606,7500,614,1243,0,600,1208,3139,3105,608,520.1832945,14.45531834,1,15,-1,180,-1,-1,49,14,15,1.0
31,4,109,49092,50616,50616,51627,51627,52236,52269,61269,61269,61870,61904,61939,65050,1524,1011,609,9000,601,496,0,600,1959,3146,3111,1359,15.97150151,15.97150151,1,40,-20,200,-1,-1,49,20,40,1.0
31,4,110,65054,66578,66578,67581,67581,68184,68217,76217,76217,76846,76878,76912,80003,1524,1003,603,8000,629,479,0,600,1962,3125,3091,1362,30.92168542,14.95018391,1,28,-14,210,-1,-1,49,14,28,1.0
31,4,111,80005,81528,81528,82533,82533,83166,83198,91698,91698,92311,92343,92377,95436,1523,1005,633,8500,613,453,0,600,1973,3093,3059,1373,46.35538241,15.43369698,0,11,-1,200,-1,1,51,10,11,2.0
31,4,112,95439,96959,96959,97960,97960,98577,98610,106110,106110,106736,106768,106801,109881,1520,1001,617,7500,626,1249,0,600,1187,3113,3080,587,60.79972915,14.44434674,1,6,-1,180,-1,-1,49,5,6,1.0
31,4,113,109883,111403,111403,112411,112411,113032,113064,119064,119064,119685,119718,119752,122833,1520,1008,621,6000,621,827,0,600,1603,3115,3081,1003,73.75208731,12.95235816,1,5,2,200,1,1,51,7,5,2.0
31,4,114,122835,124358,124358,125361,125361,125986,126018,133018,133018,133632,133665,133698,136782,1523,1003,625,7000,614,379,0,600,2056,3117,3084,1456,87.7018412,13.94975389,1,5,9,160,1,1,51,14,5,2.0
31,4,115,136785,138304,138304,139309,139309,139930,139963,146463,146463,147080,147112,147146,150232,1519,1005,621,6500,617,384,0,600,2054,3120,3086,1454,101.1515414,13.44970025,1,2,5,210,1,1,51,7,2,2.0
31,4,116,150235,151760,151760,152765,152765,153371,153404,159404,159404,160026,160058,160092,163187,1525,1005,606,6000,622,518,0,600,1924,3129,3095,1324,114.1063716,12.95483015,1,28,-8,180,-1,-1,49,20,28,1.0
31,4,117,163190,164712,164712,165715,165715,166322,166354,174354,174354,174985,175017,175050,178129,1522,1003,607,8000,631,831,0,600,1606,3112,3079,1006,129.0477304,14.94135884,1,28,-8,150,-1,-1,49,20,28,1.0
31,4,118,178131,179659,179659,180666,180666,181270,181302,188802,188802,189433,189466,189499,192580,1528,1007,604,7500,631,637,0,600,1793,3114,3081,1193,143.4997137,14.45198328,1,7,13,160,1,1,51,20,7,2.0
31,4,119,192583,194103,194103,195108,195108,195713,195746,202746,202746,203361,203394,203427,206519,1520,1005,605,7000,615,519,0,600,1936,3125,3092,1336,157.438069,13.93835527,1,56,-28,150,-1,-1,49,28,56,1.0
31,4,120,206521,208040,208040,209047,209047,209668,209700,218200,218200,218802,218834,218867,221976,1519,1007,621,8500,602,921,0,600,1530,3142,3109,930,172.8948175,15.45674855,1,14,-9,170,-1,-1,49,5,14,1.0
31,4,121,221978,223500,223500,224504,224504,225112,225144,231644,231644,232245,232278,232311,235414,1522,1004,608,6500,601,790,0,600,1675,3136,3103,1075,186.3335661,13.43874854,1,40,-12,210,-1,-1,49,28,40,1.0
31,4,122,235417,236939,236939,237941,237941,238541,238573,247573,247573,248187,248219,248253,251363,1522,1002,600,9000,614,506,0,600,1956,3144,3110,1356,202.2828568,15.94929071,1,5,2,160,1,1,51,7,5,2.0
31,4,123,251366,252891,252891,253897,253897,254503,254536,263536,263536,264136,264168,264202,267316,1525,1006,606,9000,600,443,0,600,2020,3148,3114,1420,218.2353732,15.95251637,1,20,-6,180,-1,-1,49,14,20,1.0
31,4,124,267319,268839,268839,269843,269843,270462,270495,278495,278495,279111,279143,279177,282265,1520,1004,619,8000,616,547,0,600,1894,3122,3088,1294,233.1841474,14.94877419,1,3,2,190,1,1,51,5,3,2.0
31,4,125,282268,283787,283787,284790,284790,285396,285428,292428,292428,293058,293090,293123,296221,1519,1003,606,7000,630,495,0,600,1947,3131,3098,1347,247.139965,13.95581768,1,28,-8,160,-1,-1,49,20,28,1.0
31,4,126,296223,297751,297751,298758,298758,299380,299412,306912,306912,307512,307544,307579,310664,1528,1007,622,7500,600,576,0,600,1867,3120,3085,1267,261.5830301,14.44306509,1,7,-2,210,-1,-1,49,5,7,1.0
31,4,127,310667,312183,312183,313187,313187,313793,313826,322326,322326,322944,322977,323010,326108,1516,1004,606,8500,618,587,0,600,1869,3131,3098,1269,277.027253,15.44422288,1,56,-28,210,-1,-1,49,28,56,1.0
31,4,128,326111,327633,327633,328641,328641,329264,329297,335297,335297,335918,335951,335984,339073,1522,1008,623,6000,621,453,0,600,1973,3122,3089,1373,289.9917746,12.96452161,1,10,-3,180,-1,-1,49,7,10,1.0
31,4,129,339076,340597,340597,341603,341603,342220,342252,348752,348752,349384,349417,349450,352527,1521,1006,617,6500,632,627,0,600,1797,3110,3077,1197,303.446216,13.45444141,1,14,-9,150,-1,-1,49,5,14,1.0
31,4,130,352530,354052,354052,355057,355057,355690,355722,364722,364722,365322,365354,365389,368482,1522,1005,633,9000,600,1037,0,600,1403,3128,3093,803,319.4009868,15.95477078,1,11,-1,160,-1,-1,49,10,11,1.0
31,4,131,368484,370004,370004,371009,371009,371626,371658,379658,379658,380286,380318,380351,383416,1520,1005,617,8000,628,492,0,600,1938,3098,3065,1338,334.3352166,14.93422977,1,5,9,180,1,1,51,14,5,2.0
31,4,132,383419,384941,384941,385943,385943,386547,386579,392579,392579,393189,393221,393254,396351,1522,1002,604,6000,610,392,0,600,2070,3130,3097,1470,347.2697133,12.93449677,1,79,-51,150,-1,-1,49,28,79,1.0
31,4,133,396353,397877,397877,398879,398879,399480,399512,407012,407012,407627,407661,407695,410817,1524,1002,601,7500,615,353,0,600,2105,3156,3122,1505,361.7361082,14.46639481,1,56,-28,170,-1,-1,49,28,56,1.0
31,4,134,410820,412344,412344,413348,413348,413949,413982,420982,420982,421598,421630,421663,424753,1524,1004,601,7000,616,482,0,600,1973,3123,3090,1373,375.6723247,13.93621658,1,4,6,170,1,1,51,10,4,2.0
31,4,135,424756,426280,426280,427284,427284,427889,427922,434422,434422,435054,435086,435119,438213,1524,1004,605,6500,632,557,0,600,1878,3127,3094,1278,389.1321781,13.45985337,1,20,-10,150,-1,-1,49,10,20,1.0
31,4,136,438216,439739,439739,440745,440745,441375,441407,449907,449907,450510,450543,450576,453657,1523,1006,630,8500,603,442,0,600,1996,3114,3081,1396,404.5764818,15.44430365,1,20,-10,180,-1,-1,49,10,20,1.0
31,4,137,453660,455182,455182,456188,456188,456807,456839,465839,465839,466440,466472,466506,469597,1522,1006,619,9000,601,616,0,600,1836,3125,3091,1236,420.5159629,15.93948112,1,14,-7,210,-1,-1,49,7,14,1.0
31,4,138,469600,471120,471120,472125,472125,472731,472764,481264,481264,481897,481931,481964,485061,1520,1005,606,8500,633,558,0,600,1878,3130,3097,1278,435.9804767,15.46451377,1,28,-14,200,-1,-1,49,14,28,1.0
31,4,139,485064,486584,486584,487588,487588,488192,488224,494224,494224,494825,494858,494891,498024,1520,1004,604,6000,601,560,0,600,1911,3166,3133,1311,448.9426607,12.96218403,1,20,-6,160,-1,-1,49,14,20,1.0
31,4,140,498026,499549,499549,500557,500557,501175,501207,508707,508707,509326,509358,509391,512477,1523,1008,618,7500,619,415,0,600,2017,3119,3086,1417,463.3970765,14.45441579,1,3,2,180,1,1,51,5,3,2.0
31,4,141,512481,514000,514000,515006,515006,515625,515657,522657,522657,523260,523292,523326,526445,1519,1006,619,7000,603,834,0,600,1619,3153,3119,1019,477.3636605,13.96658406,1,8,-1,170,-1,-1,49,7,8,1.0
31,4,142,526447,527970,527970,528977,528977,529580,529613,537613,537613,538244,538277,538310,541407,1523,1007,603,8000,631,744,0,600,1692,3130,3097,1092,492.3260733,14.96241275,1,11,-1,190,-1,-1,49,10,11,1.0
31,4,143,541410,542928,542928,543931,543931,544536,544568,551068,551068,551701,551733,551767,554874,1518,1003,605,6500,633,465,0,600,1976,3141,3107,1376,505.7923843,13.46631103,1,10,10,190,1,1,51,20,10,2.0
31,4,144,554876,556403,556403,557408,557408,558015,558047,564547,564547,565180,565214,565247,568334,1527,1005,607,6500,633,1325,0,600,1103,3120,3087,503,519.2529968,13.46061248,0,40,-12,150,-1,1,51,28,40,2.0
31,5,145,15917,17445,17445,18460,18460,19078,19111,26111,26111,26733,26766,26801,29859,1528,1015,618,7000,622,477,0,600,1940,3093,3058,1340,13.95399209,13.95399209,1,7,7,200,1,1,51,14,7,2.0
31,5,146,29863,31382,31382,32387,32387,32992,33025,41525,41525,42125,42158,42192,45299,1519,1005,605,8500,600,400,0,600,2071,3141,3107,1471,29.39207645,15.43808436,1,20,8,210,1,1,51,28,20,2.0
31,5,147,45302,46821,46821,47825,47825,48427,48459,56459,56459,57080,57112,57146,60248,1519,1004,602,8000,621,367,0,600,2087,3136,3102,1487,44.34139036,14.94931391,1,7,3,180,1,1,51,10,7,2.0
31,5,148,60251,61773,61773,62777,62777,63380,63412,70912,70912,71513,71546,71579,74701,1522,1004,603,7500,601,449,0,600,2021,3155,3122,1421,58.79416078,14.45277041,1,40,-26,170,-1,-1,49,14,40,1.0
31,5,149,74704,76227,76227,77232,77232,77835,77867,83867,83867,84487,84520,84553,87635,1523,1005,603,6000,620,378,0,600,2071,3115,3082,1471,71.72811481,12.93395404,1,7,7,170,1,1,51,14,7,2.0
31,5,150,87637,89163,89163,90168,90168,90787,90820,97320,97320,97936,97968,98002,101080,1526,1005,619,6500,616,473,0,600,1961,3112,3078,1361,85.17279876,13.44468395,1,4,1,190,1,1,51,5,4,2.0
31,5,151,101083,102601,102601,103605,103605,104206,104238,113238,113238,113838,113871,113904,117040,1518,1004,601,9000,600,782,0,600,1695,3169,3136,1095,101.1325575,15.95975875,1,14,-4,160,-1,-1,49,10,14,1.0
31,5,152,117042,118565,118565,119567,119567,120172,120204,127704,127704,128330,128362,128395,131494,1523,1002,605,7500,626,399,0,600,2045,3132,3099,1445,115.5868651,14.45430761,1,10,18,180,1,1,51,28,10,2.0
31,5,153,131497,133018,133018,134020,134020,134642,134674,143674,143674,144290,144322,144356,147449,1521,1002,622,9000,616,705,0,600,1734,3127,3093,1134,131.5417793,15.95491423,1,5,2,170,1,1,51,7,5,2.0
31,5,154,147452,148978,148978,149981,149981,150587,150620,157620,157620,158252,158285,158318,161386,1526,1003,606,7000,632,493,0,600,1940,3101,3068,1340,145.4790208,13.93724148,0,20,8,150,1,-1,49,28,20,1.0
31,5,155,161389,162911,162911,163913,163913,164518,164551,171051,171051,171667,171699,171732,174831,1522,1002,605,6500,616,1334,0,600,1121,3132,3099,521,158.9237861,13.44476532,0,9,1,190,1,-1,49,10,9,1.0
31,5,156,174834,176356,176356,177364,177364,177968,178001,184001,184001,184616,184649,184682,187768,1522,1008,604,6000,615,480,0,600,1971,3119,3086,1371,171.8616511,12.93786497,1,57,-37,200,-1,-1,49,20,57,1.0
31,5,157,187771,189296,189296,190301,190301,190920,190953,199453,199453,200076,200108,200142,203203,1525,1005,619,8500,623,1453,0,600,975,3095,3061,375,187.2953635,15.43371235,1,7,-2,160,-1,-1,49,5,7,1.0
31,5,158,203206,204726,204726,205729,205729,206351,206383,214383,214383,214998,215031,215065,218167,1520,1003,622,8000,615,425,0,600,2015,3136,3102,1415,202.2598513,14.96448786,1,2,5,190,1,1,51,7,2,2.0
31,5,159,218170,219695,219695,220700,220700,221321,221353,227353,227353,227972,228004,228037,231126,1525,1005,621,6000,619,936,0,600,1494,3122,3089,894,215.2191065,12.95925519,1,6,1,160,1,1,51,7,6,2.0
31,5,160,231129,232648,232648,233652,233652,234258,234290,243290,243290,243891,243924,243958,247076,1519,1004,606,9000,601,640,0,600,1830,3152,3118,1230,231.1690337,15.94992716,1,14,6,170,1,1,51,20,14,2.0
31,5,161,247079,248603,248603,249610,249610,250213,250245,256745,256745,257353,257387,257420,260512,1524,1007,603,6500,608,647,0,600,1811,3125,3092,1211,244.6057773,13.43674365,1,79,-51,210,-1,-1,49,28,79,1.0
31,5,162,260516,262040,262040,263042,263042,263644,263676,271176,271176,271780,271814,271848,274957,1524,1002,602,7500,604,407,0,600,2061,3143,3109,1461,259.0499408,14.44416352,0,28,-8,210,-1,1,51,20,28,2.0
31,5,163,274960,276480,276480,277485,277485,278106,278139,286639,286639,287262,287295,287328,290409,1520,1005,621,8500,623,571,0,600,1860,3114,3081,1260,274.5019708,15.45202999,1,3,2,210,1,1,51,5,3,2.0
31,5,164,290411,291934,291934,292937,292937,293557,293590,300590,300590,301210,301243,301276,304362,1523,1003,620,7000,620,541,0,600,1893,3119,3086,1293,288.4546373,13.95266645,1,5,2,170,1,1,51,7,5,2.0
31,5,165,304365,305884,305884,306888,306888,307492,307525,315525,315525,316125,316157,316191,319296,1519,1004,604,8000,600,499,0,600,1974,3139,3105,1374,303.3888704,14.93423309,0,19,1,160,1,-1,49,20,19,1.0
31,5,166,319299,320822,320822,321824,321824,322446,322478,329478,329478,330111,330143,330176,333250,1523,1002,622,7000,633,918,0,600,1502,3107,3074,902,317.3433962,13.95452578,1,14,-7,180,-1,-1,49,7,14,1.0
31,5,167,333253,334775,334775,335778,335778,336397,336430,343930,343930,344546,344578,344611,347695,1522,1003,619,7500,616,473,0,600,1967,3117,3084,1367,331.7876335,14.44423735,1,3,2,170,1,1,51,5,3,2.0
31,5,168,347698,349223,349223,350233,350233,350859,350892,359892,359892,360510,360542,360576,363649,1525,1010,626,9000,618,501,0,600,1920,3107,3073,1320,347.7413125,15.95367899,1,4,3,180,1,1,51,7,4,2.0
31,5,169,363652,365172,365172,366178,366178,366797,366829,372829,372829,373452,373484,373518,376606,1520,1006,619,6000,623,607,0,600,1825,3122,3088,1225,360.6984302,12.95711771,1,3,2,200,1,1,51,5,3,2.0
31,5,170,376609,378135,378135,379165,379165,379769,379801,386301,386301,386901,386934,386967,390043,1526,1030,604,6500,600,436,0,600,2004,3109,3076,1404,374.13537,13.43693983,1,40,-12,160,-1,-1,49,28,40,1.0
31,5,171,390046,391567,391567,392572,392572,393175,393207,401207,401207,401828,401860,401894,404985,1521,1005,603,8000,621,712,0,600,1738,3125,3091,1138,389.0771218,14.9417518,1,5,9,160,1,1,51,14,5,2.0
31,5,172,404988,406508,406508,407511,407511,408130,408162,416662,416662,417278,417311,417344,420441,1520,1003,619,8500,616,555,0,600,1887,3130,3097,1287,404.5334711,15.45634926,1,7,7,210,1,1,51,14,7,2.0
31,5,173,420444,421967,421967,422969,422969,423570,423602,432602,432602,433234,433266,433299,436392,1523,1002,601,9000,632,394,0,600,2048,3126,3093,1448,420.4845072,15.95103614,1,28,-18,210,-1,-1,49,10,28,1.0
31,5,174,436395,437916,437916,438920,438920,439543,439575,448075,448075,448706,448738,448771,451829,1521,1004,623,8500,631,675,0,600,1746,3091,3058,1146,435.9216161,15.43710888,1,10,-5,180,-1,-1,49,5,10,1.0
31,5,175,451832,453355,453355,454366,454366,454966,455000,461000,461000,461625,461657,461691,464794,1523,1011,600,6000,625,1174,0,600,1267,3137,3103,667,448.8863571,12.96474099,1,7,3,210,1,1,51,10,7,2.0
31,5,176,464797,466318,466318,467325,467325,467934,467966,475966,475966,476598,476630,476664,479740,1521,1007,609,8000,632,628,0,600,1803,3110,3076,1203,463.8326253,14.94626816,1,10,18,150,1,1,51,28,10,2.0
31,5,177,479743,481264,481264,482270,482270,482874,482906,489906,489906,490526,490558,490591,493696,1521,1006,604,7000,620,500,0,600,1949,3138,3105,1349,477.7886677,13.95604249,1,7,13,150,1,1,51,20,7,2.0
31,5,178,493699,495220,495220,496225,496225,496829,496862,504362,504362,504980,505012,505045,508145,1521,1005,604,7500,618,525,0,600,1927,3133,3100,1327,492.2374073,14.44873954,1,57,-37,170,-1,-1,49,20,57,1.0
31,5,179,508148,509667,509667,510671,510671,511274,511306,517806,517806,518431,518464,518496,521597,1519,1004,603,6500,625,1271,0,600,1178,3133,3101,578,505.6904025,13.45299522,1,7,3,180,1,1,51,10,7,2.0
31,5,180,521601,523123,523123,524130,524130,524736,524768,531268,531268,531871,531903,531936,535040,1522,1007,606,6500,603,1370,0,600,1092,3137,3104,492,519.1319919,13.44158938,0,13,1,150,1,-1,49,14,13,1.0
31,6,181,13457,14984,14984,15998,15998,16601,16634,25134,25134,25754,25787,25823,28899,1527,1014,603,8500,620,945,0,600,1491,3112,3076,891,15.45394086,15.45394086,1,6,1,160,1,1,51,7,6,2.0
31,6,182,28903,30427,30427,31431,31431,32036,32067,38067,38067,38698,38730,38763,41838,1524,1004,605,6000,631,951,0,600,1485,3108,3075,885,28.3908388,12.93689794,0,19,1,160,1,-1,49,20,19,1.0
31,6,183,41840,43359,43359,44363,44363,44969,45002,52502,52502,53102,53135,53169,56281,1519,1004,606,7500,600,702,0,600,1769,3146,3112,1169,42.83415552,14.44331672,1,20,-10,170,-1,-1,49,10,20,1.0
31,6,184,56283,57805,57805,58810,58810,59416,59448,65948,65948,66548,66580,66614,69721,1522,1005,606,6500,600,527,0,600,1940,3141,3107,1340,56.27433969,13.44018417,1,14,6,170,1,1,51,20,14,2.0
31,6,185,69724,71248,71248,72254,72254,72877,72909,80909,80909,81524,81556,81589,84668,1524,1006,623,8000,615,666,0,600,1766,3112,3079,1166,71.2212886,14.94694891,1,2,5,150,1,1,51,7,2,2.0
31,6,186,84671,86194,86194,87199,87199,87822,87855,96855,96855,97474,97507,97541,100628,1523,1005,623,9000,619,732,0,600,1698,3121,3087,1098,87.18103319,15.95974459,1,4,1,170,1,1,51,5,4,2.0
31,6,187,100631,102153,102153,103160,103160,103768,103800,110800,110800,111418,111451,111485,114589,1522,1007,608,7000,618,625,0,600,1820,3138,3104,1220,101.1414154,13.96038225,1,7,13,190,1,1,51,20,7,2.0
31,6,188,114591,116109,116109,117114,117114,117730,117762,123762,123762,124364,124397,124431,127533,1518,1005,616,6000,602,591,0,600,1868,3136,3102,1268,114.0857724,12.94435699,1,14,-4,190,-1,-1,49,10,14,1.0
31,6,189,127535,129056,129056,130062,130062,130681,130714,137714,137714,138327,138359,138393,141475,1521,1006,619,7000,613,507,0,600,1934,3116,3082,1334,128.028459,13.9426866,1,2,3,180,1,1,51,5,2,2.0
31,6,190,141477,143003,143003,144009,144009,144631,144663,153163,153163,153779,153811,153845,156919,1526,1006,622,8500,616,471,0,600,1959,3108,3074,1359,143.4725954,15.4441364,1,2,3,190,1,1,51,5,2,2.0
31,6,191,156922,158445,158445,159447,159447,160079,160112,168112,168112,168713,168746,168779,171864,1523,1002,632,8000,601,1641,0,600,801,3118,3085,201,158.417091,14.94449561,1,14,14,210,1,1,51,28,14,2.0
31,6,192,171867,173388,173388,174394,174394,175011,175043,184043,184043,184660,184693,184726,187825,1521,1006,617,9000,617,460,0,600,1979,3132,3099,1379,174.3780953,15.96100424,1,2,3,210,1,1,51,5,2,2.0
31,6,193,187828,189349,189349,190350,190350,190956,190988,198488,198488,199105,199137,199170,202266,1521,1001,606,7500,617,618,0,600,1837,3129,3096,1237,188.8192031,14.44110782,1,79,-51,150,-1,-1,49,28,79,1.0
31,6,194,202269,203787,203787,204789,204789,205393,205426,211926,211926,212557,212589,212622,215711,1518,1002,604,6500,631,806,0,600,1639,3122,3089,1039,202.2642348,13.44503171,1,20,-6,170,-1,-1,49,14,20,1.0
31,6,195,215714,217235,217235,218241,218241,218843,218875,227875,227875,228490,228523,228557,231655,1521,1006,602,9000,615,718,0,600,1738,3132,3098,1138,218.2083585,15.94412374,1,9,1,180,1,1,51,10,9,2.0
31,6,196,231658,233181,233181,234185,234185,234792,234825,242825,242825,243445,243478,243511,246610,1523,1004,607,8000,620,456,0,600,1990,3132,3099,1390,233.1632327,14.95487415,1,7,13,190,1,1,51,20,7,2.0
31,6,197,246613,248138,248138,249140,249140,249758,249791,256791,256791,257409,257440,257475,260548,1525,1002,618,7000,618,852,0,600,1585,3108,3073,985,247.102338,13.93910534,1,14,-7,170,-1,-1,49,7,14,1.0
31,6,198,260552,262074,262074,263080,263080,263685,263717,269717,269717,270338,270371,270404,273503,1522,1006,605,6000,621,456,0,600,1990,3132,3099,1390,260.055967,12.95362896,1,7,13,200,1,1,51,20,7,2.0
31,6,199,273506,275030,275030,276034,276034,276658,276691,283191,283191,283814,283846,283879,286939,1524,1004,624,6500,623,1327,0,600,1098,3093,3060,498,273.492063,13.43609604,1,6,1,210,1,1,51,7,6,2.0
31,6,200,286941,288464,288464,289468,289468,290089,290121,297621,297621,298254,298286,298319,301398,1523,1004,621,7500,633,567,0,600,1852,3112,3079,1252,287.9505727,14.45850965,1,28,-14,180,-1,-1,49,14,28,1.0
31,6,201,301401,302923,302923,303927,303927,304532,304564,313064,313064,313667,313699,313733,316853,1522,1004,605,8500,603,999,0,600,1467,3154,3120,867,303.4058838,15.45531111,0,19,1,160,1,-1,49,20,19,1.0
31,6,202,316856,318376,318376,319383,319383,319988,320020,327020,327020,327623,327656,327689,330798,1520,1007,605,7000,603,1472,0,600,993,3142,3109,393,317.350738,13.94485422,0,10,4,170,1,-1,49,14,10,1.0
31,6,203,330801,332327,332327,333331,333331,333949,333981,340481,340481,341100,341132,341165,344251,1526,1004,618,6500,619,381,0,600,2052,3119,3086,1452,330.8040261,13.45328813,1,2,5,210,1,1,51,7,2,2.0
31,6,204,344254,345774,345774,346778,346778,347383,347416,353416,353416,354030,354063,354096,357188,1520,1004,605,6000,614,488,0,600,1969,3125,3092,1369,343.7403605,12.93633441,1,56,-28,160,-1,-1,49,28,56,1.0
31,6,205,357191,358716,358716,359720,359720,360340,360372,367872,367872,368485,368517,368550,371625,1525,1004,620,7500,613,400,0,600,2038,3108,3075,1438,358.1777934,14.43743284,1,2,3,150,1,1,51,5,2,2.0
31,6,206,371628,373150,373150,374152,374152,374754,374786,383786,383786,384409,384441,384475,387573,1522,1002,602,9000,623,521,0,600,1930,3132,3098,1330,374.1256737,15.94788039,1,5,9,200,1,1,51,14,5,2.0
31,6,207,387576,389103,389103,390110,390110,390714,390746,399246,399246,399877,399910,399943,403028,1527,1007,604,8500,631,446,0,600,1985,3118,3085,1385,389.58071,15.45503627,1,10,18,200,1,1,51,28,10,2.0
31,6,208,403031,404554,404554,405555,405555,406159,406192,414192,414192,414814,414847,414880,417981,1523,1001,604,8000,622,529,0,600,1921,3134,3101,1321,404.5338496,14.95313957,1,7,7,190,1,1,51,14,7,2.0
31,6,209,417984,419510,419510,420516,420516,421121,421154,427154,427154,427785,427817,427850,430928,1526,1006,605,6000,631,694,0,600,1738,3111,3078,1138,417.4800186,12.94616901,1,40,-12,170,-1,-1,49,28,40,1.0
31,6,210,430930,432449,432449,433454,433454,434061,434094,441594,441594,442226,442258,442291,445385,1519,1005,607,7500,632,1941,0,600,496,3127,3094,-104,431.9374362,14.45741755,1,10,4,180,1,1,51,14,10,2.0
31,6,211,445387,446912,446912,447920,447920,448552,448584,457084,457084,457710,457742,457775,460832,1525,1008,632,8500,626,1614,0,600,795,3090,3057,195,447.3843073,15.44687116,1,14,-4,180,-1,-1,49,10,14,1.0
31,6,212,460835,462356,462356,463361,463361,463984,464016,470516,470516,471136,471168,471201,474293,1521,1005,623,6500,620,581,0,600,1850,3125,3092,1250,460.8457021,13.46139479,1,4,1,200,1,1,51,5,4,2.0
31,6,213,474295,475821,475821,476829,476829,477460,477492,484492,484492,485119,485151,485185,488232,1526,1008,631,7000,627,563,0,600,1845,3081,3047,1245,474.7843783,13.93867621,1,14,-4,200,-1,-1,49,10,14,1.0
31,6,214,488235,489759,489759,490764,490764,491388,491421,499421,499421,500038,500070,500103,503179,1524,1005,624,8000,617,601,0,600,1829,3109,3076,1229,489.7312425,14.94686423,1,2,5,180,1,1,51,7,2,2.0
31,6,215,503182,504706,504706,505710,505710,506315,506348,515349,515349,515979,516010,516044,519126,1524,1004,605,9001,630,826,0,600,1610,3116,3082,1010,505.6780818,15.94683922,1,10,18,150,1,1,51,28,10,2.0
31,6,216,519128,520650,520650,521655,521655,522260,522294,530294,530294,530897,530930,530964,534092,1522,1005,605,8000,603,385,0,600,2080,3162,3128,1480,520.6444461,14.96636437,1,28,-18,180,-1,-1,49,10,28,1.0
32,1,1,68808,70337,70337,71367,71367,71988,72020,78520,78520,79144,79176,79211,82265,1529,1030,621,6500,624,626,0,600,1770,3089,3054,1170,13.48877466,13.48877466,1,20,-13,180,-1,-1,49,7,20,1.0
32,1,2,82317,83840,83840,84853,84853,85457,85490,92490,92490,93112,93145,93178,96275,1523,1013,604,7000,622,777,0,600,1661,3130,3097,1061,27.45396979,13.96519513,1,5,9,200,1,1,51,14,5,2.0
32,1,3,96283,97810,97810,98818,98818,99439,99472,105472,105472,106093,106125,106158,109225,1527,1008,621,6000,621,1366,0,600,1057,3100,3067,457,40.39837108,12.94440128,1,10,-3,180,-1,-1,49,7,10,1.0
32,1,4,109228,110747,110747,111751,111751,112360,112393,120393,120393,121025,121058,121092,124188,1519,1004,609,8000,632,516,0,600,1920,3130,3096,1320,55.36036706,14.96199598,1,40,-20,190,-1,-1,49,20,40,1.0
32,1,5,124190,125718,125718,126724,126724,127329,127361,135861,135861,136463,136495,136528,139629,1528,1006,605,8500,602,297,0,600,2162,3134,3101,1562,70.80202484,15.44165778,1,28,-14,210,-1,-1,49,14,28,1.0
32,1,6,139631,141152,141152,142154,142154,142774,142806,150306,150306,150939,150972,151005,154072,1521,1002,620,7500,633,1260,0,600,1164,3100,3067,564,85.24516015,14.44313531,0,21,-1,210,-1,1,51,20,21,2.0
32,1,7,154075,155600,155600,156604,156604,157211,157243,166243,166243,166846,166878,166911,170032,1525,1004,607,9000,603,479,0,600,1982,3154,3121,1382,101.2052495,15.96008933,1,40,-26,180,-1,-1,49,14,40,1.0
32,1,8,170035,171557,171557,172560,172560,173183,173215,179715,179715,180341,180373,180406,183480,1522,1003,623,6500,626,1857,0,600,569,3107,3074,-31,114.6531733,13.44792378,0,7,-2,160,-1,1,51,5,7,2.0
32,1,9,183483,185005,185005,186011,186011,186641,186673,194173,194173,194800,194832,194866,197945,1522,1006,630,7500,627,1025,0,600,1390,3113,3079,790,129.1182289,14.4650556,1,7,3,180,1,1,51,10,7,2.0
32,1,10,197948,199471,199471,200475,200475,201077,201110,209610,209610,210210,210243,210276,213384,1523,1004,602,8500,600,1989,0,600,482,3141,3108,-118,144.557138,15.43890916,1,29,-1,150,-1,-1,49,28,29,1.0
32,1,11,213387,214913,214913,215920,215920,216526,216559,222559,222559,223191,223223,223257,226348,1526,1007,606,6000,632,384,0,600,2045,3125,3091,1445,157.5211431,12.96400509,1,10,10,200,1,1,51,20,10,2.0
32,1,12,226351,227876,227876,228882,228882,229508,229540,237540,237540,238158,238191,238224,241289,1525,1006,626,8000,618,681,0,600,1744,3098,3065,1144,172.4620897,14.94094659,1,4,3,200,1,1,51,7,4,2.0
32,1,13,241292,242817,242817,243820,243820,244441,244474,251474,251474,252090,252123,252156,255243,1525,1003,621,7000,616,280,0,600,2155,3120,3087,1555,186.4158275,13.95373775,1,20,-13,210,-1,-1,49,7,20,1.0
32,1,14,255245,256769,256769,257778,257778,258384,258416,267416,267416,268047,268080,268114,271194,1524,1009,606,9000,631,1408,0,600,1022,3114,3080,422,202.3671053,15.95127782,0,29,-1,160,-1,1,51,28,29,2.0
32,1,15,271197,272718,272718,273723,273723,274328,274360,282860,282860,283463,283495,283528,286635,1521,1005,605,8500,603,530,0,600,1936,3140,3107,1336,217.8073283,15.44022305,1,20,8,180,1,1,51,28,20,2.0
32,1,16,286637,288161,288161,289164,289164,289770,289803,297803,297803,298432,298464,298497,301583,1524,1003,606,8000,629,153,0,600,2285,3119,3086,1685,232.7559648,14.94863648,1,10,18,150,1,1,51,28,10,2.0
32,1,17,301586,303105,303105,304112,304112,304729,304762,311262,311262,311878,311910,311944,315024,1519,1007,617,6500,616,829,0,600,1612,3114,3080,1012,246.1965666,13.44060185,1,4,1,180,1,1,51,5,4,2.0
32,1,18,315026,316547,316547,317547,317547,318147,318179,324179,324179,324779,324812,324845,327958,1521,1000,600,6000,600,634,0,600,1845,3146,3113,1245,259.1309824,12.93441571,1,40,-12,160,-1,-1,49,28,40,1.0
32,1,19,327960,329483,329483,330490,330490,331107,331140,340140,340140,340760,340793,340826,343902,1523,1007,617,9000,620,502,0,600,1931,3109,3076,1331,275.0745561,15.94357377,1,10,-5,150,-1,-1,49,5,10,1.0
32,1,20,343904,345423,345423,346425,346425,347056,347089,354589,354589,355190,355222,355256,358356,1519,1002,631,7500,601,1722,0,600,725,3134,3100,125,289.5286172,14.4540611,0,14,6,190,1,-1,49,20,14,1.0
32,1,21,358359,359879,359879,360886,360886,361507,361540,368540,368540,369162,369194,369227,372297,1520,1007,621,7000,622,2437,0,600,-7,3103,3070,-607,303.4692296,13.94061239,1,6,-1,210,-1,-1,49,5,6,1.0
32,1,22,372297,373818,373818,374821,374821,375423,375455,381955,381955,382583,382615,382649,385743,1521,1003,602,6500,628,356,0,600,2090,3128,3094,1490,316.9155981,13.44636851,1,7,3,180,1,1,51,10,7,2.0
32,1,23,385746,387266,387266,388271,388271,388875,388908,396408,396408,397025,397057,397090,400208,1520,1005,604,7500,617,119,0,600,2335,3151,3118,1735,331.3806414,14.46504325,1,5,9,210,1,1,51,14,5,2.0
32,1,24,400210,401737,401737,402744,402744,403350,403383,411883,411883,412502,412534,412568,415655,1527,1007,606,8500,619,1225,0,600,1216,3121,3087,616,346.8274122,15.44677081,0,21,-1,180,-1,1,51,20,21,2.0
32,1,25,415657,417183,417183,418190,418190,418794,418827,427827,427827,428450,428483,428516,431601,1526,1007,604,9000,623,308,0,600,2132,3118,3085,1532,362.7730466,15.94563441,1,7,7,150,1,1,51,14,7,2.0
32,1,26,431603,433124,433124,434129,434129,434734,434766,441766,441766,442368,442401,442434,445560,1521,1005,605,7000,602,257,0,600,2210,3159,3126,1610,376.7331778,13.96013122,1,57,-37,170,-1,-1,49,20,57,1.0
32,1,27,445563,447084,447084,448088,448088,448718,448750,456750,456750,457351,457384,457417,460504,1521,1004,630,8000,601,2165,0,600,279,3120,3087,-321,391.6765696,14.94339176,0,11,-1,160,-1,1,51,10,11,2.0
32,1,28,460507,462024,462024,463027,463027,463632,463665,469665,469665,470285,470318,470351,473467,1517,1003,605,6000,620,152,0,600,2303,3149,3116,1703,404.6395938,12.96302419,1,7,7,150,1,1,51,14,7,2.0
32,1,29,473470,474994,474994,476000,476000,476621,476653,484153,484153,484771,484803,484836,487914,1524,1006,621,7500,618,271,0,600,2160,3111,3078,1560,419.0869504,14.44735664,1,3,2,170,1,1,51,5,3,2.0
32,1,30,487917,489438,489438,490440,490440,491069,491101,499101,499101,499733,499766,499800,502853,1521,1002,629,8000,632,542,0,600,1874,3087,3053,1274,434.0257086,14.93875818,1,20,-10,180,-1,-1,49,10,20,1.0
32,1,31,502856,504376,504376,505381,505381,505981,506014,514514,514514,515135,515167,515201,518313,1520,1005,600,8500,621,2156,0,600,298,3146,3112,-302,449.4870422,15.46133361,1,11,-1,170,-1,-1,49,10,11,1.0
32,1,32,518317,519844,519844,520850,520850,521456,521488,530488,530488,531089,531121,531154,534256,1527,1006,606,9000,601,330,0,600,2130,3135,3102,1530,465.4282118,15.94116959,1,10,18,200,1,1,51,28,10,2.0
32,1,33,534258,535778,535778,536781,536781,537401,537434,544434,544434,545057,545089,545122,548172,1520,1003,620,7000,623,-1,2501,0,533,3083,3050,-67,479.3446441,13.91643227,-1,6,-1,160,-1,-2,-1,5,6,
32,1,34,548175,549699,549699,550704,550704,551327,551359,557359,557359,557988,558021,558058,561132,1524,1005,623,6000,629,696,0,600,1723,3111,3074,1123,492.3046981,12.96005407,1,8,-1,190,-1,-1,49,7,8,1.0
32,1,35,561135,562656,562656,563660,563660,564263,564295,570795,570795,571415,571447,571480,574594,1521,1004,603,6500,620,282,0,600,2170,3147,3114,1570,505.7666956,13.46199749,1,5,5,170,1,1,51,10,5,2.0
32,1,36,574597,576117,576117,577120,577120,577738,577771,586771,586771,587404,587437,587471,590552,1520,1003,618,9000,633,506,0,600,1920,3115,3081,1320,521.7241816,15.95748596,1,20,-13,200,-1,-1,49,7,20,1.0
32,2,37,22334,23859,23859,24877,24877,25484,25517,34517,34517,35119,35151,35187,38286,1525,1018,607,9000,602,1200,0,600,1248,3135,3099,648,15.9638951,15.9638951,1,11,-1,200,-1,-1,49,10,11,1.0
32,2,38,38291,39813,39813,40820,40820,41441,41473,47473,47473,48092,48124,48157,51224,1522,1007,621,6000,619,227,0,600,2204,3100,3067,1604,28.90067792,12.93678282,1,3,2,200,1,1,51,5,3,2.0
32,2,39,51227,52749,52749,53753,53753,54358,54391,62891,62891,63494,63526,63559,66675,1522,1004,605,8500,603,796,0,600,1670,3149,3116,1070,44.35093295,15.45025503,0,21,-1,150,-1,1,51,20,21,2.0
32,2,40,66678,68195,68195,69199,69199,69821,69853,76853,76853,77455,77487,77520,80621,1517,1004,622,7000,602,136,0,600,2319,3134,3101,1719,58.29758865,13.94665569,1,20,-13,160,-1,-1,49,7,20,1.0
32,2,41,80624,82144,82144,83149,83149,83753,83785,91285,91285,91901,91934,91968,95078,1520,1005,604,7500,616,272,0,600,2183,3144,3110,1583,72.75441495,14.4568263,1,79,-51,170,-1,-1,49,28,79,1.0
32,2,42,95081,96607,96607,97613,97613,98216,98248,104748,104748,105352,105384,105418,108512,1526,1006,603,6500,604,1035,0,600,1426,3128,3094,826,86.18788471,13.43346977,1,40,-12,160,-1,-1,49,28,40,1.0
32,2,43,108514,110037,110037,111043,111043,111663,111696,119696,119696,120311,120343,120377,123457,1523,1006,620,8000,615,271,0,600,2165,3114,3080,1565,101.1331994,14.94531468,1,2,3,190,1,1,51,5,2,2.0
32,2,44,123460,124982,124982,125991,125991,126598,126630,134130,134130,134762,134794,134828,137894,1522,1009,607,7500,632,263,0,600,2167,3100,3066,1567,115.5701941,14.43699467,1,40,-20,200,-1,-1,49,20,40,1.0
32,2,45,137897,139418,139418,140425,140425,141030,141062,148062,148062,148694,148727,148760,151840,1521,1007,605,7000,632,219,0,600,2216,3113,3080,1616,129.5165813,13.94638719,1,10,18,210,1,1,51,28,10,2.0
32,2,46,151843,153368,153368,154374,154374,154981,155013,161013,161013,161631,161663,161697,164782,1525,1006,607,6000,618,251,0,600,2193,3119,3085,1593,142.4579874,12.94140615,1,10,4,150,1,1,51,14,10,2.0
32,2,47,164784,166304,166304,167310,167310,167915,167947,176447,176447,177079,177111,177144,180241,1520,1006,605,8500,632,649,0,600,1788,3130,3097,1188,157.9174523,15.45946493,1,14,-4,210,-1,-1,49,10,14,1.0
32,2,48,180244,181770,181770,182779,182779,183383,183416,189916,189916,190518,190550,190584,193679,1526,1009,604,6500,602,1038,0,600,1421,3129,3095,821,171.3553393,13.43788697,0,20,8,180,1,-1,49,28,20,1.0
32,2,49,193682,195203,195203,196206,196206,196824,196857,204857,204857,205479,205512,205545,208641,1521,1003,618,8000,622,1099,0,600,1337,3129,3096,737,186.3173205,14.96198122,1,7,-2,160,-1,-1,49,5,7,1.0
32,2,50,208644,210169,210169,211174,211174,211781,211813,220813,220813,221414,221448,221481,224599,1525,1005,607,9000,601,2258,0,600,204,3151,3118,-396,202.2752046,15.95788404,1,21,-1,210,-1,-1,49,20,21,1.0
32,2,51,224602,226123,226123,227129,227129,227733,227766,236266,236266,236891,236923,236956,240052,1521,1006,604,8500,625,1233,0,600,1211,3129,3096,611,217.7285334,15.45332882,0,15,-1,170,-1,1,51,14,15,2.0
32,2,52,240055,241574,241574,242581,242581,243187,243220,250220,250220,250821,250853,250887,253991,1519,1007,606,7000,601,203,0,600,2264,3138,3104,1664,231.6671403,13.9386069,1,10,10,190,1,1,51,20,10,2.0
32,2,53,253994,255518,255518,256522,256522,257141,257173,265173,265173,265774,265807,265841,268893,1524,1004,619,8000,601,-1,2501,0,551,3086,3052,-49,246.5691089,14.90196861,-1,11,-1,210,-1,-2,-1,10,11,
32,2,54,268896,270421,270421,271423,271423,272028,272060,279560,279560,280191,280223,280258,283332,1525,1002,605,7500,631,890,0,600,1547,3109,3074,947,261.0078463,14.43873739,1,20,-6,170,-1,-1,49,14,20,1.0
32,2,55,283335,284856,284856,285861,285861,286467,286499,295499,295499,296131,296164,296199,299270,1521,1005,606,9000,632,239,0,600,2197,3106,3071,1597,276.9463354,15.93848907,1,28,-14,150,-1,-1,49,14,28,1.0
32,2,56,299273,300795,300795,301800,301800,302422,302455,308955,308955,309555,309587,309620,312711,1522,1005,622,6500,600,488,0,600,1963,3124,3091,1363,290.3865114,13.44017604,1,14,-9,170,-1,-1,49,5,14,1.0
32,2,57,312714,314233,314233,315236,315236,315838,315871,321871,321871,322472,322504,322537,325645,1519,1003,602,6000,601,697,0,600,1778,3141,3108,1178,303.3206303,12.93411888,1,14,-4,190,-1,-1,49,10,14,1.0
32,2,58,325648,327167,327167,328172,328172,328776,328808,334808,334808,335436,335469,335503,338595,1519,1005,604,6000,628,389,0,600,2055,3126,3092,1455,316.2705131,12.94988286,1,7,7,150,1,1,51,14,7,2.0
32,2,59,338598,340123,340123,341127,341127,341733,341765,348265,348265,348891,348924,348957,352051,1525,1004,606,6500,626,686,0,600,1753,3127,3094,1153,329.7270095,13.45649632,1,21,-1,210,-1,-1,49,20,21,1.0
32,2,60,352054,353574,353574,354580,354580,355211,355244,364244,364244,364873,364905,364939,368004,1520,1006,631,9000,629,979,0,600,1435,3099,3065,835,345.6794894,15.95247991,1,11,-1,190,-1,-1,49,10,11,1.0
32,2,61,368007,369526,369526,370529,370529,371146,371178,378178,378178,378796,378829,378862,381939,1519,1003,617,7000,618,310,0,600,2133,3110,3077,1533,359.6143872,13.93489787,1,2,3,160,1,1,51,5,2,2.0
32,2,62,381942,383457,383457,384457,384457,385078,385110,393110,393110,393710,393742,393775,396889,1515,1000,621,8000,600,222,0,600,2242,3147,3114,1642,374.5647917,14.9504045,1,14,-7,210,-1,-1,49,7,14,1.0
32,2,63,396892,398411,398411,399418,399418,400040,400072,408572,408572,409203,409235,409269,412340,1519,1007,622,8500,631,1243,0,600,1178,3105,3071,578,390.015403,15.45061123,1,10,-3,200,-1,-1,49,7,10,1.0
32,2,64,412343,413864,413864,414870,414870,415477,415509,423009,423009,423624,423657,423690,426781,1521,1006,607,7500,615,576,0,600,1875,3124,3091,1275,404.4564174,14.4410144,1,79,-51,160,-1,-1,49,28,79,1.0
32,2,65,426784,428304,428304,429312,429312,429914,429947,438447,438447,439075,439107,439140,442225,1520,1008,602,8500,628,417,0,600,2025,3118,3085,1425,419.90112,15.44470264,1,7,13,200,1,1,51,20,7,2.0
32,2,66,442228,443749,443749,444753,444753,445358,445390,452890,452890,453523,453555,453589,456687,1521,1004,605,7500,633,490,0,600,1947,3132,3098,1347,434.3621363,14.46101629,1,20,8,160,1,1,51,28,20,2.0
32,2,67,456688,458206,458206,459217,459217,459836,459869,468869,468869,469484,469517,469551,472652,1518,1011,619,9000,615,1791,0,600,646,3135,3101,46,450.3279194,15.96578306,1,6,-1,210,-1,-1,49,5,6,1.0
32,2,68,472655,474175,474175,475175,475175,475795,475828,482828,482828,483459,483491,483524,486596,1520,1000,620,7000,631,236,0,600,2193,3105,3072,1593,464.2714015,13.94348216,1,14,-7,210,-1,-1,49,7,14,1.0
32,2,69,486599,488123,488123,489128,489128,489761,489794,495794,495794,496394,496427,496460,499555,1524,1005,633,6000,600,361,0,600,2077,3128,3095,1477,477.2307076,12.95930612,1,20,-10,190,-1,-1,49,10,20,1.0
32,2,70,499558,501082,501082,502084,502084,502689,502721,510721,510721,511321,511353,511386,514514,1524,1002,605,8000,600,456,0,600,2013,3161,3128,1413,492.1890567,14.95834903,0,15,-1,190,-1,1,51,14,15,2.0
32,2,71,514517,516034,516034,517035,517035,517660,517693,524193,524193,524813,524846,524879,527959,1517,1001,625,6500,620,1797,0,600,640,3113,3080,40,505.6342415,13.4451848,1,10,-3,190,-1,-1,49,7,10,1.0
32,2,72,527961,529480,529480,530485,530485,531108,531141,538641,538641,539255,539288,539321,542410,1519,1005,623,7500,614,226,0,600,2213,3122,3089,1613,520.0855172,14.45127571,1,2,5,210,1,1,51,7,2,2.0
32,3,73,23348,24874,24874,25886,25886,26497,26529,34529,34529,35133,35166,35201,38304,1526,1012,611,8000,604,24,0,600,2423,3138,3103,1823,14.96809533,14.96809533,1,14,6,160,1,1,51,20,14,2.0
32,3,74,38308,39833,39833,40835,40835,41464,41497,48997,48997,49609,49642,49675,52753,1525,1002,629,7500,612,208,0,600,2224,3111,3078,1624,29.41551284,14.44741751,1,3,2,200,1,1,51,5,3,2.0
32,3,75,52756,54280,54280,55282,55282,55911,55943,62443,62443,63043,63075,63108,66190,1524,1002,629,6500,600,412,0,600,2033,3115,3082,1433,42.85206001,13.43654716,0,10,-5,200,-1,1,51,5,10,2.0
32,3,76,66192,67709,67709,68714,68714,69318,69351,76351,76351,76970,77004,77038,80144,1517,1005,604,7000,619,370,0,600,2085,3140,3106,1485,56.80619162,13.95413162,1,56,-28,210,-1,-1,49,28,56,1.0
32,3,77,80147,81669,81669,82675,82675,83303,83335,92335,92335,92937,92969,93004,96104,1522,1006,628,9000,602,238,0,600,2204,3135,3100,1604,72.76627734,15.96008572,1,14,-7,210,-1,-1,49,7,14,1.0
32,3,78,96107,97626,97626,98632,98632,99238,99270,107770,107770,108370,108402,108435,111559,1519,1006,606,8500,600,580,0,600,1889,3157,3124,1289,88.22115872,15.45488138,1,40,-20,190,-1,-1,49,20,40,1.0
32,3,79,111561,113087,113087,114089,114089,114693,114726,120726,120726,121358,121390,121423,124504,1526,1002,604,6000,632,606,0,600,1830,3114,3081,1230,101.1658487,12.94468998,1,40,-26,180,-1,-1,49,14,40,1.0
32,3,80,124506,126027,126027,127030,127030,127645,127677,133677,133677,134277,134309,134343,137467,1521,1003,615,6000,600,1291,0,600,1170,3158,3124,570,114.1289464,12.96309772,0,8,-1,180,-1,1,51,7,8,2.0
32,3,81,137470,138991,138991,139994,139994,140616,140648,148648,148648,149249,149282,149315,152420,1521,1003,622,8000,601,1566,0,600,887,3138,3105,287,129.082205,14.9532586,1,6,-1,170,-1,-1,49,5,6,1.0
32,3,82,152423,153949,153949,154955,154955,155559,155592,163092,163092,163718,163751,163784,166858,1526,1006,604,7500,626,145,0,600,2293,3107,3074,1693,143.5195538,14.43734876,1,7,13,200,1,1,51,20,7,2.0
32,3,83,166861,168381,168381,169386,169386,169990,170023,178523,178523,179155,179187,179221,182323,1520,1005,604,8500,632,138,0,600,2301,3136,3102,1701,158.9849689,15.46541511,1,5,9,210,1,1,51,14,5,2.0
32,3,84,182326,183844,183844,184846,184846,185463,185496,194496,194496,195113,195145,195178,198287,1518,1002,617,9000,617,566,0,600,1880,3142,3109,1280,174.9490677,15.96409881,1,2,5,180,1,1,51,7,2,2.0
32,3,85,198290,199812,199812,200818,200818,201423,201455,208455,208455,209057,209090,209122,212247,1522,1006,605,7000,602,325,0,600,2140,3157,3125,1540,188.9090464,13.95997874,1,28,-14,200,-1,-1,49,14,28,1.0
32,3,86,212250,213775,213775,214777,214777,215381,215413,221913,221913,222515,222548,222581,225712,1525,1002,604,6500,602,588,0,600,1879,3164,3131,1279,202.373729,13.46468253,1,56,-28,150,-1,-1,49,28,56,1.0
32,3,87,225714,227236,227236,228242,228242,228844,228876,237376,237376,237977,238009,238042,241163,1522,1006,602,8500,601,415,0,600,2054,3154,3121,1454,217.8251825,15.45145351,1,28,-18,210,-1,-1,49,10,28,1.0
32,3,88,241166,242692,242692,243694,243694,244302,244334,251834,251834,252452,252485,252518,255616,1526,1002,608,7500,618,814,0,600,1632,3131,3098,1032,232.277927,14.4527445,1,56,-28,150,-1,-1,49,28,56,1.0
32,3,89,255619,257137,257137,258142,258142,258749,258781,266781,266781,267409,267442,267475,270567,1518,1005,607,8000,628,552,0,600,1890,3125,3092,1290,247.2289047,14.95097767,1,7,7,150,1,1,51,14,7,2.0
32,3,90,270570,272089,272089,273093,273093,273697,273730,282730,282730,283330,283362,283395,286510,1519,1004,604,9000,600,829,0,600,1644,3148,3115,1044,263.1719068,15.94300211,1,20,-6,180,-1,-1,49,14,20,1.0
32,3,91,286513,288037,288037,289042,289042,289645,289678,296178,296178,296806,296839,296874,299965,1524,1005,603,6500,628,547,0,600,1893,3126,3091,1293,276.6268165,13.45490971,1,5,5,190,1,1,51,10,5,2.0
32,3,92,299968,301487,301487,302493,302493,303095,303128,309128,309128,309743,309775,309808,312926,1519,1006,602,6000,615,768,0,600,1690,3151,3118,1090,289.5873741,12.96055763,1,14,-7,180,-1,-1,49,7,14,1.0
32,3,93,312929,314453,314453,315460,315460,316063,316095,323095,323095,323727,323760,323793,326873,1524,1007,603,7000,632,635,0,600,1799,3113,3080,1199,303.5345807,13.94720656,1,14,-4,180,-1,-1,49,10,14,1.0
32,3,94,326875,328396,328396,329402,329402,330008,330040,339040,339040,339672,339704,339737,342836,1521,1006,606,9000,632,232,0,600,2203,3132,3099,1603,319.4973912,15.96281054,0,10,18,200,1,-1,49,28,10,1.0
32,3,95,342839,344362,344362,345366,345366,345970,346002,354502,354502,355117,355151,355185,358305,1523,1004,604,8500,615,223,0,600,2231,3154,3120,1631,334.9667745,15.46938331,1,79,-51,200,-1,-1,49,28,79,1.0
32,3,96,358308,359832,359832,360838,360838,361460,361493,367493,367493,368120,368153,368186,371246,1524,1006,622,6000,627,1716,0,600,705,3093,3060,105,347.9073221,12.9405476,1,7,-2,210,-1,-1,49,5,7,1.0
32,3,97,371249,372770,372770,373770,373770,374374,374406,380906,380906,381507,381539,381573,384687,1521,1000,604,6500,601,703,0,600,1771,3148,3114,1171,361.3486041,13.441282,1,14,6,210,1,1,51,20,14,2.0
32,3,98,384690,386212,386212,387213,387213,387841,387874,395374,395374,395993,396025,396058,399124,1522,1001,628,7500,619,848,0,600,1582,3099,3066,982,375.7858516,14.43724751,1,7,3,180,1,1,51,10,7,2.0
32,3,99,399127,400646,400646,401646,401646,402266,402298,409298,409298,409898,409931,409965,413078,1519,1000,620,7000,600,570,0,600,1891,3147,3113,1291,389.739018,13.95316639,1,5,5,200,1,1,51,10,5,2.0
32,3,100,413078,414607,414607,415611,415611,416215,416247,424247,424247,424863,424895,424928,428014,1529,1004,604,8000,616,188,0,600,2259,3119,3086,1659,404.6753961,14.93637811,1,57,-37,170,-1,-1,49,20,57,1.0
32,3,101,428016,429538,429538,430542,430542,431143,431176,439176,439176,439793,439826,439859,442960,1522,1004,601,8000,617,467,0,600,1989,3134,3101,1389,419.6219355,14.94653937,1,2,5,170,1,1,51,7,2,2.0
32,3,102,442963,444487,444487,445491,445491,446115,446147,453647,453647,454247,454279,454312,457402,1524,1004,624,7500,600,873,0,600,1575,3123,3090,975,434.0634402,14.4415047,1,14,-7,170,-1,-1,49,7,14,1.0
32,3,103,457405,458930,458930,459937,459937,460540,460573,467073,467073,467689,467722,467757,470868,1525,1007,603,6500,616,439,0,600,2010,3146,3111,1410,447.5297361,13.46629596,1,7,7,210,1,1,51,14,7,2.0
32,3,104,470871,472394,472394,473395,473395,474023,474056,483056,483056,483671,483703,483736,486830,1523,1001,628,9000,615,807,0,600,1626,3127,3094,1026,463.4915287,15.96179257,1,4,1,160,1,1,51,5,4,2.0
32,3,105,486833,488356,488356,489366,489366,489972,490005,498505,498505,499106,499139,499174,502268,1523,1010,606,8500,601,292,0,600,2168,3129,3094,1568,478.9295941,15.43806537,1,10,18,190,1,1,51,28,10,2.0
32,3,106,502271,503789,503789,504792,504792,505418,505450,512450,512450,513070,513102,513135,516202,1518,1003,626,7000,620,744,0,600,1689,3100,3067,1089,492.8637509,13.93415685,1,3,2,190,1,1,51,5,3,2.0
32,3,107,516205,517732,517732,518736,518736,519337,519370,525370,525370,525997,526029,526063,529154,1527,1004,601,6000,627,1105,0,600,1336,3125,3091,736,505.8154772,12.95172623,1,11,-1,190,-1,-1,49,10,11,1.0
32,3,108,529157,530679,530679,531686,531686,532290,532322,541322,541322,541923,541955,541988,545096,1522,1007,604,9000,601,1021,0,600,1445,3141,3108,845,521.7571633,15.94168611,0,21,-1,180,-1,1,51,20,21,2.0
32,4,109,35510,37034,37034,38049,38049,38652,38685,47185,47185,47787,47819,47855,50965,1524,1015,603,8500,602,202,0,600,2254,3146,3110,1654,15.46691223,15.46691223,1,28,-18,170,-1,-1,49,10,28,1.0
32,4,110,50969,52492,52492,53495,53495,54101,54133,60133,60133,60764,60796,60829,63923,1523,1003,606,6000,631,222,0,600,2215,3127,3094,1615,28.42366018,12.95674795,1,20,-6,190,-1,-1,49,14,20,1.0
32,4,111,63926,65444,65444,66453,66453,67058,67090,75090,75090,75722,75754,75788,78873,1518,1009,605,8000,632,836,0,600,1600,3119,3085,1000,43.37310638,14.94944621,1,27,1,180,1,1,51,28,27,2.0
32,4,112,78876,80394,80394,81399,81399,81999,82032,91032,91032,91660,91693,91726,94835,1518,1005,600,9000,628,758,0,600,1691,3142,3109,1091,59.33582923,15.96272284,1,9,1,190,1,1,51,10,9,2.0
32,4,113,94838,96362,96362,97366,97366,97975,98008,105008,105008,105608,105640,105673,108791,1524,1004,609,7000,600,706,0,600,1757,3151,3118,1157,73.2914004,13.95557117,1,10,4,170,1,1,51,14,10,2.0
32,4,114,108794,110313,110313,111314,111314,111937,111969,118469,118469,119087,119120,119153,122255,1519,1001,623,6500,618,1014,0,600,1425,3135,3102,825,86.75536752,13.46396712,1,7,-2,210,-1,-1,49,5,7,1.0
32,4,115,122258,123782,123782,124789,124789,125419,125452,132952,132952,133568,133600,133634,136708,1524,1007,630,7500,616,466,0,600,1957,3108,3074,1357,101.2079086,14.45254108,1,4,6,210,1,1,51,10,4,2.0
32,4,116,136711,138232,138232,139241,139241,139844,139876,148376,148376,148978,149010,149044,152142,1521,1009,603,8500,602,776,0,600,1689,3132,3098,1089,116.642098,15.43418939,1,19,1,210,1,1,51,20,19,2.0
32,4,117,152145,153670,153670,154701,154701,155303,155335,162335,162335,162954,162986,163019,166086,1525,1031,602,7000,619,167,0,600,2256,3100,3067,1656,130.5863224,13.94422439,1,56,-28,210,-1,-1,49,28,56,1.0
32,4,118,166089,167610,167610,168617,168617,169220,169253,176753,176753,177353,177385,177419,180549,1521,1007,603,7500,600,1396,0,600,1073,3164,3130,473,145.049471,14.46314865,0,20,-6,150,-1,1,51,14,20,2.0
32,4,119,180552,182069,182069,183071,183071,183693,183725,192725,192725,193340,193373,193406,196502,1517,1002,622,9000,615,421,0,600,2023,3129,3096,1423,161.0020841,15.95261311,1,2,3,210,1,1,51,5,2,2.0
32,4,120,196505,198026,198026,199030,199030,199635,199668,206168,206168,206800,206832,206865,209950,1521,1004,605,6500,632,671,0,600,1767,3118,3085,1167,174.4496599,13.44757572,1,10,10,170,1,1,51,20,10,2.0
32,4,121,209953,211471,211471,212476,212476,213096,213128,221128,221128,221750,221782,221815,224909,1518,1005,620,8000,622,390,0,600,2045,3127,3094,1445,189.4094213,14.95976146,1,3,2,190,1,1,51,5,3,2.0
32,4,122,224912,226435,226435,227442,227442,228048,228081,234081,234081,234682,234714,234747,237871,1523,1007,606,6000,601,645,0,600,1818,3157,3124,1218,202.3706606,12.96123929,1,20,8,210,1,1,51,28,20,2.0
32,4,123,237874,239399,239399,240406,240406,241008,241040,247040,247040,247644,247676,247709,250833,1525,1007,602,6000,604,511,0,600,1951,3157,3124,1351,215.3330755,12.96241486,1,28,-18,190,-1,-1,49,10,28,1.0
32,4,124,250836,252362,252362,253368,253368,253973,254005,260505,260505,261137,261168,261202,264294,1526,1006,605,6500,632,317,0,600,2114,3126,3092,1514,228.794177,13.46110157,1,40,-26,160,-1,-1,49,14,40,1.0
32,4,125,264297,265821,265821,266824,266824,267432,267464,275464,275464,276065,276098,276132,279236,1524,1003,608,8000,601,793,0,600,1671,3138,3104,1071,243.7363176,14.94214055,1,27,1,160,1,1,51,28,27,2.0
32,4,126,279239,280759,280759,281762,281762,282384,282416,289416,289416,290033,290065,290098,293176,1520,1003,622,7000,617,241,0,600,2197,3111,3078,1597,257.6757607,13.93944315,1,4,3,210,1,1,51,7,4,2.0
32,4,127,293179,294702,294702,295708,295708,296330,296362,305362,305362,305983,306015,306049,309122,1523,1006,622,9000,621,1082,0,600,1346,3107,3073,746,273.6215763,15.94581553,1,4,3,200,1,1,51,7,4,2.0
32,4,128,309124,310650,310650,311653,311653,312278,312311,319811,319811,320439,320471,320505,323583,1526,1003,625,7500,628,1312,0,600,1106,3112,3078,506,288.0824735,14.46089726,1,10,-3,150,-1,-1,49,7,10,1.0
32,4,129,323585,325108,325108,326111,326111,326730,326762,335262,335262,335882,335914,335947,339041,1523,1003,619,8500,620,577,0,600,1858,3127,3094,1258,303.540614,15.45814049,1,4,1,160,1,1,51,5,4,2.0
32,4,130,339044,340563,340563,341568,341568,342187,342219,348219,348219,348838,348870,348904,352000,1519,1005,619,6000,619,293,0,600,2145,3130,3096,1545,316.4997511,12.95913706,1,2,3,150,1,1,51,5,2,2.0
32,4,131,352003,353526,353526,354528,354528,355147,355179,362179,362179,362795,362828,362862,365965,1523,1002,619,7000,616,399,0,600,2041,3137,3103,1441,330.4653901,13.96563902,1,2,3,190,1,1,51,5,2,2.0
32,4,132,365968,367495,367495,368499,368499,369103,369135,378135,378135,378750,378782,378816,381906,1527,1004,604,9000,615,1002,0,600,1448,3124,3090,848,346.4062849,15.94089476,1,56,-28,150,-1,-1,49,28,56,1.0
32,4,133,381909,383429,383429,384435,384435,385039,385072,392572,392572,393189,393222,393255,396353,1520,1006,604,7500,617,386,0,600,2067,3131,3098,1467,360.8523077,14.44602286,1,10,4,160,1,1,51,14,10,2.0
32,4,134,396354,397875,397875,398877,398877,399479,399512,408012,408012,408613,408645,408679,411792,1521,1002,602,8500,601,603,0,600,1871,3147,3113,1271,376.2915634,15.43925571,1,28,-18,200,-1,-1,49,10,28,1.0
32,4,135,411794,413320,413320,414329,414329,414935,414967,422967,422967,423585,423617,423650,426742,1526,1009,606,8000,618,129,0,600,2312,3125,3092,1712,391.2418622,14.95029873,1,57,-37,170,-1,-1,49,20,57,1.0
32,4,136,426745,428268,428268,429268,429268,429874,429907,436407,436407,437007,437039,437072,440189,1523,1000,606,6500,600,771,0,600,1700,3150,3117,1100,404.6891329,13.44727075,1,40,-20,160,-1,-1,49,20,40,1.0
32,4,137,440192,441715,441715,442718,442718,443324,443356,449356,449356,449957,449989,450023,453134,1523,1003,606,6000,601,1086,0,600,1381,3145,3111,781,417.6342556,12.94512272,0,27,1,200,1,-1,49,28,27,1.0
32,4,138,453137,454658,454658,455666,455666,456275,456308,463308,463308,463940,463972,464006,467084,1521,1008,609,7000,632,991,0,600,1439,3112,3078,839,431.5842066,13.94995097,1,28,-8,150,-1,-1,49,20,28,1.0
32,4,139,467087,468608,468608,469612,469612,470236,470268,478768,478768,479399,479431,479464,482533,1521,1004,624,8500,631,882,0,600,1538,3102,3069,938,447.032919,15.44871242,1,10,-3,150,-1,-1,49,7,10,1.0
32,4,140,482536,484059,484059,485065,485065,485685,485717,492217,492217,492845,492877,492910,495985,1523,1006,620,6500,628,927,0,600,1496,3108,3075,896,460.484475,13.45155597,1,10,-3,180,-1,-1,49,7,10,1.0
32,4,141,495988,497509,497509,498514,498514,499120,499152,508152,508152,508779,508811,508844,511920,1521,1005,606,9000,627,2121,0,600,320,3109,3076,-280,476.4200132,15.93553824,0,9,1,180,1,-1,49,10,9,1.0
32,4,142,511923,513447,513447,514452,514452,515073,515105,522605,522605,523219,523251,523284,526367,1524,1005,621,7500,614,541,0,600,1895,3116,3083,1295,490.8666165,14.44660326,1,2,5,180,1,1,51,7,2,2.0
32,4,143,526370,527895,527895,528898,528898,529503,529536,537536,537536,538136,538168,538201,541307,1525,1003,605,8000,600,1338,0,600,1129,3139,3106,529,505.8067407,14.9401242,0,20,-6,160,-1,1,51,14,20,2.0
32,4,144,541310,542830,542830,543835,543835,544440,544472,552972,552972,553573,553605,553639,556757,1520,1005,605,8500,601,1643,0,600,826,3152,3118,226,521.2570253,15.45028457,1,28,-8,150,-1,-1,49,20,28,1.0
32,5,145,17963,19486,19486,20505,20505,21122,21154,29154,29154,29778,29810,29846,32930,1523,1019,617,8000,624,239,0,600,2178,3120,3084,1578,14.97971665,14.97971665,1,7,13,160,1,1,51,20,7,2.0
32,5,146,32934,34456,34456,35465,35465,36085,36117,43617,43617,44240,44273,44307,47371,1522,1009,620,7500,623,937,0,600,1489,3098,3064,889,29.41944698,14.43973034,1,7,-2,190,-1,-1,49,5,7,1.0
32,5,147,47374,48898,48898,49904,49904,50534,50566,56566,56566,57168,57200,57233,60334,1524,1006,630,6000,602,982,0,600,1456,3134,3101,856,42.38121304,12.96176605,1,14,-4,190,-1,-1,49,10,14,1.0
32,5,148,60336,61857,61857,62861,62861,63465,63498,72498,72498,73116,73148,73181,76273,1521,1004,604,9000,618,193,0,600,2260,3125,3092,1660,58.32080897,15.93959594,1,5,9,180,1,1,51,14,5,2.0
32,5,149,76276,77800,77800,78806,78806,79415,79448,87948,87948,88564,88596,88629,91728,1524,1006,609,8500,616,453,0,600,1992,3132,3099,1392,73.77570903,15.45490006,1,56,-28,180,-1,-1,49,28,56,1.0
32,5,150,91730,93256,93256,94261,94261,94866,94898,101398,101398,101999,102031,102065,105170,1526,1005,605,6500,601,365,0,600,2098,3139,3105,1498,87.2177432,13.44203417,1,20,8,210,1,1,51,28,20,2.0
32,5,151,105173,106699,106699,107706,107706,108307,108339,115339,115339,115970,116003,116036,119108,1526,1007,601,7000,631,1077,0,600,1358,3105,3072,758,101.1557471,13.9380039,0,11,-1,160,-1,1,51,10,11,2.0
32,5,152,119111,120633,120633,121638,121638,122257,122289,129789,129789,130389,130423,130455,133561,1522,1005,619,7500,600,659,0,600,1795,3138,3106,1195,115.6089554,14.45320828,1,14,-9,190,-1,-1,49,5,14,1.0
32,5,153,133564,135092,135092,136096,136096,136713,136745,143745,143745,144360,144393,144427,147518,1528,1004,617,7000,615,608,0,600,1828,3125,3091,1228,129.565666,13.95671058,1,2,5,170,1,1,51,7,2,2.0
32,5,154,147521,149045,149045,150050,150050,150673,150705,158705,158705,159324,159356,159389,162478,1524,1005,623,8000,619,1873,0,600,556,3122,3089,-44,144.5251493,14.95948332,1,8,-1,180,-1,-1,49,7,8,1.0
32,5,155,162481,164004,164004,165010,165010,165616,165649,172149,172149,172781,172814,172847,175921,1523,1006,606,6500,632,207,0,600,2226,3107,3074,1626,157.9689454,13.44379617,1,10,18,170,1,1,51,28,10,2.0
32,5,156,175924,177451,177451,178456,178456,179074,179106,188106,188106,188739,188772,188805,191863,1527,1005,618,9000,633,323,0,600,2094,3091,3058,1494,173.9108124,15.94186692,1,14,-9,170,-1,-1,49,5,14,1.0
32,5,157,191866,193390,193390,194397,194397,195005,195037,201037,201037,201638,201671,201704,204811,1524,1007,608,6000,601,366,0,600,2094,3140,3107,1494,186.8585668,12.94775442,1,56,-28,190,-1,-1,49,28,56,1.0
32,5,158,204814,206340,206340,207347,207347,207953,207986,216486,216486,217087,217119,217152,220246,1526,1007,606,8500,601,361,0,600,2099,3127,3094,1499,202.2935596,15.43499279,1,40,-20,160,-1,-1,49,20,40,1.0
32,5,159,220249,221772,221772,222777,222777,223380,223413,230913,230913,231514,231546,231579,234684,1523,1005,603,7500,601,105,0,600,2363,3138,3105,1763,216.7314291,14.43786949,1,40,-26,190,-1,-1,49,14,40,1.0
32,5,160,234687,236207,236207,237211,237211,237813,237845,246345,246345,246966,246999,247032,250137,1520,1004,602,8500,621,790,0,600,1663,3138,3105,1063,232.1841272,15.45269809,1,7,3,170,1,1,51,10,7,2.0
32,5,161,250140,251667,251667,252675,252675,253280,253313,262313,262313,262914,262946,262979,266087,1527,1008,605,9000,601,753,0,600,1706,3141,3108,1106,248.1344605,15.95033338,1,28,-14,180,-1,-1,49,14,28,1.0
32,5,162,266089,267609,267609,268612,268612,269231,269264,275264,275264,275864,275896,275929,279034,1520,1003,619,6000,600,853,0,600,1605,3138,3105,1005,261.0814884,12.94702786,0,20,-6,200,-1,1,51,14,20,2.0
32,5,163,279037,280560,280560,281565,281565,282170,282202,290202,290202,290820,290853,290886,293998,1523,1005,605,8000,618,315,0,600,2134,3145,3112,1534,276.0452991,14.96381072,1,7,3,170,1,1,51,10,7,2.0
32,5,164,294000,295523,295523,296529,296529,297134,297166,304166,304166,304783,304815,304848,307930,1523,1006,605,7000,617,148,0,600,2301,3115,3082,1701,289.9774445,13.93214533,1,57,-37,150,-1,-1,49,20,57,1.0
32,5,165,307933,309455,309455,310458,310458,311058,311090,317590,317590,318220,318253,318286,321379,1522,1003,600,6500,630,1232,0,600,1213,3126,3093,613,303.4264438,13.4489993,1,11,-1,210,-1,-1,49,10,11,1.0
32,5,166,321382,322904,322904,323906,323906,324510,324543,331043,331043,331676,331709,331742,334819,1522,1002,604,6500,633,468,0,600,1971,3110,3077,1371,316.8663832,13.43993948,1,20,-6,200,-1,-1,49,14,20,1.0
32,5,167,334821,336344,336344,337349,337349,337956,337988,343988,343988,344588,344620,344654,347784,1523,1005,607,6000,600,1072,0,600,1393,3164,3130,793,329.8310486,12.96466535,1,28,-8,180,-1,-1,49,20,28,1.0
32,5,168,347787,349308,349308,350313,350313,350931,350963,357963,357963,358580,358613,358646,361723,1521,1005,618,7000,617,336,0,600,2103,3110,3077,1503,343.7707331,13.93968453,1,3,2,170,1,1,51,5,3,2.0
32,5,169,361726,363250,363250,364256,364256,364883,364915,373415,373415,374031,374063,374097,377171,1524,1006,627,8500,616,600,0,600,1827,3108,3074,1227,359.217849,15.44711586,1,14,-7,170,-1,-1,49,7,14,1.0
32,5,170,377172,378689,378689,379695,379695,380300,380333,387833,387833,388451,388483,388517,391604,1517,1006,605,7500,618,376,0,600,2078,3121,3087,1478,373.6508803,14.4330313,1,57,-37,180,-1,-1,49,20,57,1.0
32,5,171,391607,393124,393124,394127,394127,394751,394783,402783,402783,403400,403433,403466,406559,1517,1003,624,8000,617,388,0,600,2051,3126,3093,1451,388.6059865,14.95510619,1,2,5,170,1,1,51,7,2,2.0
32,5,172,406562,408083,408083,409090,409090,409695,409727,418727,418727,419357,419390,419423,422505,1521,1007,605,9000,630,1412,0,600,1025,3115,3082,425,404.5522163,15.94622988,1,29,-1,210,-1,-1,49,28,29,1.0
32,5,173,422508,424034,424034,425038,425038,425659,425691,432191,432191,432807,432840,432873,435951,1526,1004,621,6500,616,922,0,600,1511,3111,3078,911,417.9984432,13.44622687,1,4,1,190,1,1,51,5,4,2.0
32,5,174,435954,437475,437475,438480,438480,439101,439134,445134,445134,445734,445766,445800,448885,1521,1005,621,6000,600,517,0,600,1936,3119,3085,1336,430.9321682,12.93372501,1,20,-13,200,-1,-1,49,7,20,1.0
32,5,175,448887,450407,450407,451411,451411,452017,452049,461049,461049,461666,461698,461731,464838,1520,1004,606,9000,617,268,0,600,2185,3140,3107,1585,446.8852614,15.95309316,1,79,-51,170,-1,-1,49,28,79,1.0
32,5,176,464840,466367,466367,467369,467369,467972,468005,476005,476005,476633,476665,476699,479785,1527,1002,603,8000,628,447,0,600,1993,3120,3086,1393,461.8322227,14.94696126,1,10,10,190,1,1,51,20,10,2.0
32,5,177,479788,481309,481309,482312,482312,482944,482977,490477,490477,491097,491129,491163,494237,1521,1003,632,7500,620,983,0,600,1441,3108,3074,841,476.283766,14.45154331,1,7,3,200,1,1,51,10,7,2.0
32,5,178,494240,495760,495760,496766,496766,497386,497418,504418,504418,505033,505065,505098,508186,1520,1006,620,7000,615,380,0,600,2059,3121,3088,1459,490.2331061,13.94934013,1,3,2,150,1,1,51,5,3,2.0
32,5,179,508189,509715,509715,510721,510721,511324,511357,519857,519857,520474,520506,520539,523621,1526,1006,603,8500,617,601,0,600,1847,3115,3082,1247,505.668547,15.4354409,1,5,9,210,1,1,51,14,5,2.0
32,5,180,523625,525143,525143,526148,526148,526769,526801,535301,535301,535930,535963,535997,539069,1518,1005,621,8500,629,625,0,600,1802,3106,3072,1202,521.1159401,15.4473931,1,10,-3,190,-1,-1,49,7,10,1.0
32,6,181,28838,30361,30361,31378,31378,32003,32036,39536,39536,40157,40189,40224,43305,1523,1017,625,7500,621,1632,0,600,782,3116,3081,182,14.48056073,14.48056073,0,8,-1,200,-1,1,51,7,8,2.0
32,6,182,43309,44837,44837,45842,45842,46449,46481,55481,55481,56099,56131,56164,59241,1528,1005,607,9000,618,567,0,600,1875,3110,3077,1275,30.41398379,15.93342306,1,7,7,150,1,1,51,14,7,2.0
32,6,183,59243,60766,60766,61771,61771,62393,62426,69426,69426,70044,70077,70110,73188,1523,1005,622,7000,618,1407,0,600,1025,3111,3078,425,44.36127292,13.94728913,1,10,-3,190,-1,-1,49,7,10,1.0
32,6,184,73191,74716,74716,75722,75722,76328,76361,82361,82361,82976,83009,83043,86123,1525,1006,606,6000,615,213,0,600,2235,3114,3080,1635,57.29582213,12.93454921,1,56,-28,170,-1,-1,49,28,56,1.0
32,6,185,86125,87650,87650,88656,88656,89276,89309,97809,97809,98439,98471,98504,101576,1525,1006,620,8500,630,1663,0,600,756,3105,3072,156,72.74924406,15.45342193,1,6,-1,200,-1,-1,49,5,6,1.0
32,6,186,101579,103105,103105,104111,104111,104719,104751,112751,112751,113383,113416,113449,116519,1526,1006,608,8000,632,463,0,600,1965,3103,3070,1365,87.69242005,14.94317599,1,20,8,170,1,1,51,28,20,2.0
32,6,187,116521,118046,118046,119052,119052,119680,119712,126212,126212,126812,126844,126878,129971,1525,1006,628,6500,600,680,0,600,1761,3127,3093,1161,101.1437518,13.45133176,1,20,-6,150,-1,-1,49,14,20,1.0
32,6,188,129973,131497,131497,132503,132503,133106,133138,142138,142138,142738,142770,142803,145927,1524,1006,603,9000,600,738,0,600,1729,3157,3124,1129,117.1002466,15.95649481,1,14,-4,150,-1,-1,49,10,14,1.0
32,6,189,145930,147452,147452,148457,148457,149059,149092,157592,157592,158193,158226,158260,161372,1522,1005,602,8500,601,990,0,600,1480,3146,3112,880,132.5455212,15.4452746,1,10,10,190,1,1,51,20,10,2.0
32,6,190,161375,162900,162900,163905,163905,164522,164555,172055,172055,172655,172688,172721,175815,1525,1005,617,7500,600,746,0,600,1707,3127,3094,1107,146.9879848,14.4424636,1,20,-13,180,-1,-1,49,7,20,1.0
32,6,191,175817,177339,177339,178345,178345,178973,179006,186006,186006,186620,186653,186686,189772,1522,1006,628,7000,614,220,0,600,2210,3119,3086,1610,160.9447123,13.95672746,1,4,6,150,1,1,51,10,4,2.0
32,6,192,189775,191293,191293,192301,192301,192921,192953,200953,200953,201585,201617,201651,204703,1518,1008,620,8000,632,-1,2501,0,521,3086,3052,-79,175.8759975,14.93128527,-1,7,-2,210,-1,-2,-1,5,7,
32,6,193,204706,206227,206227,207231,207231,207836,207868,213868,213868,214470,214502,214536,217643,1521,1004,605,6000,602,463,0,600,2005,3141,3107,1405,188.8164267,12.94042917,0,21,-1,180,-1,1,51,20,21,2.0
32,6,194,217646,219171,219171,220177,220177,220797,220829,227329,227329,227931,227963,227997,231092,1525,1006,620,6500,602,749,0,600,1698,3129,3095,1098,202.2647203,13.44829354,1,14,-9,190,-1,-1,49,5,14,1.0
32,6,195,231095,232612,232612,233614,233614,234215,234247,240247,240247,240850,240883,240917,244037,1517,1002,601,6000,603,216,0,600,2261,3154,3120,1661,215.2100229,12.94530263,1,14,-4,210,-1,-1,49,10,14,1.0
32,6,196,244040,245560,245560,246565,246565,247191,247223,255223,255223,255836,255868,255902,258997,1520,1005,626,8000,613,297,0,600,2139,3129,3095,1539,230.1700058,14.95998296,1,3,2,210,1,1,51,5,3,2.0
32,6,197,259000,260521,260521,261523,261523,262128,262160,271160,271160,271792,271825,271859,274963,1521,1002,605,9000,632,494,0,600,1946,3138,3104,1346,246.1359854,15.96597955,0,20,-6,180,-1,1,51,14,20,2.0
32,6,198,274966,276488,276488,277494,277494,278097,278129,285629,285629,286260,286292,286326,289418,1522,1006,603,7500,631,161,0,600,2277,3126,3092,1677,260.5904352,14.45444984,1,56,-28,160,-1,-1,49,28,56,1.0
32,6,199,289421,290941,290941,291949,291949,292553,292585,299085,299085,299701,299735,299768,302883,1520,1008,604,6500,616,86,0,600,2366,3148,3115,1766,274.0549177,13.46448243,1,79,-51,210,-1,-1,49,28,79,1.0
32,6,200,302885,304409,304409,305415,305415,306015,306047,313047,313047,313661,313693,313727,316822,1524,1006,600,7000,614,490,0,600,1966,3129,3095,1366,287.9952498,13.94033214,1,4,6,200,1,1,51,10,4,2.0
32,6,201,316825,318347,318347,319352,319352,319957,319989,328489,328489,329104,329136,329170,332288,1522,1005,605,8500,615,116,0,600,2337,3152,3118,1737,303.4609865,15.46573666,1,79,-51,190,-1,-1,49,28,79,1.0
32,6,202,332291,333815,333815,334819,334819,335441,335473,342973,342973,343573,343606,343639,346729,1524,1004,622,7500,600,253,0,600,2197,3123,3090,1597,317.9022675,14.44128109,1,20,-13,180,-1,-1,49,7,20,1.0
32,6,203,346732,348256,348256,349265,349265,349870,349902,358902,358902,359502,359534,359568,362689,1524,1009,605,9000,600,834,0,600,1628,3155,3121,1028,333.8616903,15.95942274,0,21,-1,200,-1,1,51,20,21,2.0
32,6,204,362691,364215,364215,365218,365218,365839,365871,371871,371871,372503,372536,372569,375652,1524,1003,621,6000,632,186,0,600,2234,3116,3083,1634,346.8252241,12.96353378,1,40,-26,160,-1,-1,49,14,40,1.0
32,6,205,375655,377180,377180,378185,378185,378790,378823,387323,387323,387926,387958,387991,391095,1525,1005,605,8500,603,493,0,600,1969,3137,3104,1369,362.268005,15.44278092,1,40,-20,190,-1,-1,49,20,40,1.0
32,6,206,391097,392619,392619,393622,393622,394227,394259,400759,400759,401390,401422,401455,404538,1522,1003,605,6500,631,211,0,600,2228,3116,3083,1628,375.7106319,13.44262693,1,40,-20,210,-1,-1,49,20,40,1.0
32,6,207,404541,406069,406069,407076,407076,407684,407716,414716,414716,415345,415377,415410,418500,1528,1007,608,7000,629,542,0,600,1886,3123,3090,1286,389.6723042,13.96167233,0,21,-1,200,-1,1,51,20,21,2.0
32,6,208,418503,420023,420023,421026,421026,421647,421680,429680,429680,430297,430330,430363,433442,1520,1003,621,8000,617,307,0,600,2132,3112,3079,1532,404.6144258,14.94212156,1,5,2,180,1,1,51,7,5,2.0
32,6,209,433445,434964,434964,435970,435970,436595,436627,443627,443627,444258,444290,444323,447383,1519,1006,625,7000,631,939,0,600,1480,3093,3060,880,418.5559977,13.9415719,1,10,-3,200,-1,-1,49,7,10,1.0
32,6,210,447386,448911,448911,449920,449920,450526,450558,459058,459058,459659,459691,459724,462828,1525,1009,606,8500,601,532,0,600,1927,3137,3104,1327,434.000232,15.44423434,1,28,-14,190,-1,-1,49,14,28,1.0
32,6,211,462831,464352,464352,465355,465355,465961,465993,474993,474993,475610,475643,475676,478772,1521,1003,606,9000,617,231,0,600,2222,3129,3096,1622,449.9449494,15.9447174,1,7,7,210,1,1,51,14,7,2.0
32,6,212,478775,480303,480303,481307,481307,481928,481960,489460,489460,490087,490119,490152,493220,1528,1004,621,7500,627,1106,0,600,1314,3101,3068,714,464.3922603,14.44731083,1,7,-2,180,-1,-1,49,5,7,1.0
32,6,213,493223,494744,494744,495748,495748,496371,496403,502403,502403,503003,503035,503069,506160,1521,1004,623,6000,600,316,0,600,2136,3125,3091,1536,477.3323022,12.94004194,1,14,-9,160,-1,-1,49,5,14,1.0
32,6,214,506162,507686,507686,508694,508694,509326,509359,515859,515859,516460,516491,516525,519597,1524,1008,632,6500,601,137,0,600,2298,3106,3072,1698,490.7696775,13.43737528,1,28,-18,210,-1,-1,49,10,28,1.0
32,6,215,519600,521120,521120,522124,522124,522725,522758,530758,530758,531385,531417,531451,534537,1520,1004,601,8000,627,347,0,600,2101,3120,3086,1501,505.7094624,14.93978488,1,7,3,160,1,1,51,10,7,2.0
32,6,216,534540,536066,536066,537073,537073,537679,537711,545211,545211,545833,545865,545899,548971,1526,1007,606,7500,622,1011,0,600,1428,3106,3072,828,520.1429698,14.43350743,1,79,-51,210,-1,-1,49,28,79,1.0
33,1,1,73089,74618,74618,75647,75647,76254,76287,85287,85287,85892,85925,85961,89048,1529,1029,607,9000,605,724,0,600,1706,3123,3087,1106,15.99438402,15.99438402,1,40,-20,190,-1,-1,49,20,40,1.0
33,1,2,89097,90617,90617,91629,91629,92246,92279,100779,100779,101396,101428,101462,104559,1520,1012,617,8500,617,810,0,600,1624,3131,3097,1024,31.45747842,15.46309441,1,2,3,180,1,1,51,5,2,2.0
33,1,3,104562,106083,106083,107087,107087,107691,107724,114224,114224,114857,114889,114923,118023,1521,1004,604,6500,633,624,0,600,1814,3134,3100,1214,44.92122285,13.46374442,1,9,1,160,1,1,51,10,9,2.0
33,1,4,118025,119547,119547,120549,120549,121169,121202,128702,128702,129303,129335,129369,132474,1522,1002,620,7500,601,822,0,600,1633,3139,3105,1033,59.37285506,14.45163221,1,7,-2,190,-1,-1,49,5,7,1.0
33,1,5,132477,134002,134002,135004,135004,135611,135644,142644,142644,143248,143280,143315,146412,1525,1002,607,7000,604,977,0,600,1485,3132,3097,885,73.3104006,13.93754554,1,27,1,150,1,1,51,28,27,2.0
33,1,6,146415,147938,147938,148945,148945,149548,149580,155580,155580,156213,156245,156278,159375,1523,1007,603,6000,633,772,0,600,1662,3130,3097,1062,86.2728908,12.9624902,1,9,1,170,1,1,51,10,9,2.0
33,1,7,159378,160901,160901,161906,161906,162508,162540,170540,170540,171161,171193,171226,174319,1523,1005,602,8000,621,612,0,600,1837,3126,3093,1237,101.2169012,14.94401043,1,4,3,200,1,1,51,7,4,2.0
33,1,8,174321,175844,175844,176850,176850,177454,177487,185487,185487,186089,186122,186155,189284,1523,1006,604,8000,602,1358,0,600,1107,3162,3129,507,116.1822048,14.96530361,0,13,1,150,1,-1,49,14,13,1.0
33,1,9,189287,190810,190810,191818,191818,192441,192474,201474,201474,202092,202125,202158,205237,1523,1008,623,9000,618,701,0,600,1727,3112,3079,1127,132.1347724,15.9525676,1,2,3,170,1,1,51,5,2,2.0
33,1,10,205239,206765,206765,207775,207775,208379,208412,216912,216912,217534,217567,217600,220689,1526,1010,604,8500,622,514,0,600,1924,3122,3089,1324,147.5876953,15.4529229,1,4,3,190,1,1,51,7,4,2.0
33,1,11,220692,222214,222214,223219,223219,223822,223856,229856,229856,230456,230488,230522,233650,1522,1005,603,6000,600,455,0,600,2015,3162,3128,1415,160.5480107,12.96031535,1,14,14,150,1,1,51,28,14,2.0
33,1,12,233652,235175,235175,236180,236180,236805,236838,243338,243338,243952,243985,244019,247109,1523,1005,625,6500,614,481,0,600,1952,3124,3090,1352,174.0068024,13.45879171,1,4,1,180,1,1,51,5,4,2.0
33,1,13,247112,248638,248638,249642,249642,250243,250275,257776,257776,258408,258440,258473,261555,1526,1004,601,7501,632,474,0,600,1962,3115,3082,1362,188.4527101,14.44590774,1,14,-4,200,-1,-1,49,10,14,1.0
33,1,14,261557,263084,263084,264089,264089,264693,264727,271727,271727,272328,272361,272396,275491,1527,1005,604,7000,601,941,0,600,1522,3130,3095,922,202.3892609,13.93655078,0,19,1,170,1,-1,49,20,19,1.0
33,1,15,275494,277014,277014,278018,278018,278622,278656,286156,286156,286788,286820,286853,289956,1520,1004,604,7500,632,464,0,600,1976,3136,3103,1376,216.853753,14.46449208,1,7,13,160,1,1,51,20,7,2.0
33,1,16,289958,291487,291487,292492,292492,293098,293130,300130,300130,300761,300793,300827,303900,1529,1005,606,7000,631,660,0,600,1769,3107,3073,1169,230.7980898,13.9443368,1,56,-28,170,-1,-1,49,28,56,1.0
33,1,17,303902,305421,305421,306423,306423,307055,307087,313587,313587,314188,314220,314254,317342,1519,1002,632,6500,601,314,0,600,2132,3122,3088,1532,244.2403458,13.44225596,1,20,-13,150,-1,-1,49,7,20,1.0
33,1,18,317345,318862,318862,319863,319863,320467,320499,328499,328499,329130,329163,329197,332292,1517,1001,604,8000,631,457,0,600,1990,3129,3095,1390,259.1895946,14.94924882,1,20,-10,170,-1,-1,49,10,20,1.0
33,1,19,332294,333817,333817,334819,334819,335438,335471,344471,344471,345089,345121,345154,348237,1523,1002,619,9000,618,344,0,600,2094,3116,3083,1494,275.1343497,15.94475507,1,3,2,200,1,1,51,5,3,2.0
33,1,20,348239,349762,349762,350770,350770,351377,351410,359910,359910,360536,360568,360602,363690,1523,1008,607,8500,626,511,0,600,1925,3122,3088,1325,290.587633,15.45328331,1,5,9,150,1,1,51,14,5,2.0
33,1,21,363692,365216,365216,366223,366223,366829,366861,372861,372861,373462,373495,373529,376653,1524,1007,606,6000,601,1100,0,600,1362,3158,3124,762,303.5513117,12.96367873,0,13,1,160,1,-1,49,14,13,1.0
33,1,22,376656,378172,378172,379178,379178,379779,379811,387311,387311,387944,387976,388009,391087,1516,1006,601,7500,633,529,0,600,1915,3111,3078,1315,317.9845711,14.43325942,1,14,-7,200,-1,-1,49,7,14,1.0
33,1,23,391089,392614,392614,393621,393621,394227,394260,400260,400260,400892,400925,400957,404037,1525,1007,606,6000,632,440,0,600,1990,3112,3080,1390,330.9344477,12.94987654,1,10,4,200,1,1,51,14,10,2.0
33,1,24,404039,405561,405561,406566,406566,407169,407202,415702,415702,416303,416336,416369,419501,1522,1005,603,8500,601,1172,0,600,1297,3165,3132,697,346.3987957,15.46434803,0,27,1,150,1,-1,49,28,27,1.0
33,1,25,419504,421027,421027,422032,422032,422640,422672,429672,429672,430272,430305,430338,433463,1523,1005,608,7000,600,1231,0,600,1233,3158,3125,633,360.3599617,13.96116606,1,27,1,200,1,1,51,28,27,2.0
33,1,26,433465,434988,434988,435997,435997,436600,436633,444633,444633,445234,445268,445301,448402,1523,1009,603,8000,601,394,0,600,2070,3134,3101,1470,375.2998765,14.93991477,1,13,1,180,1,1,51,14,13,2.0
33,1,27,448405,449925,449925,450931,450931,451531,451563,458063,458063,458663,458696,458729,461843,1520,1006,600,6500,600,669,0,600,1805,3147,3114,1205,388.7409946,13.44111806,1,5,2,150,1,1,51,7,5,2.0
33,1,28,461846,463371,463371,464374,464374,464980,465013,474013,474013,474613,474646,474680,477799,1525,1003,606,9000,600,446,0,600,2020,3153,3119,1420,404.6964304,15.95543587,1,20,-10,150,-1,-1,49,10,20,1.0
33,1,29,477802,479323,479323,480326,480326,480931,480963,488963,488963,489563,489596,489630,492745,1521,1003,605,8000,600,666,0,600,1805,3149,3115,1205,419.6425253,14.94609488,1,14,-4,160,-1,-1,49,10,14,1.0
33,1,30,492748,494269,494269,495272,495272,495877,495910,504910,504910,505542,505575,505609,508695,1521,1003,605,9000,632,668,0,600,1771,3120,3086,1171,435.5925522,15.95002691,1,57,-37,150,-1,-1,49,20,57,1.0
33,1,31,508698,510222,510222,511225,511225,511828,511860,517860,517860,518461,518494,518528,521644,1524,1003,603,6000,601,928,0,600,1541,3150,3116,941,448.5418315,12.94927926,1,28,-8,200,-1,-1,49,20,28,1.0
33,1,32,521645,523169,523169,524176,524176,524783,524816,533316,533316,533916,533949,533983,537107,1524,1007,607,8500,600,452,0,600,2010,3158,3124,1410,464.0042271,15.46239557,1,20,8,210,1,1,51,28,20,2.0
33,1,33,537109,538638,538638,539641,539641,540271,540304,547304,547304,547905,547937,547970,551070,1529,1003,630,7000,601,623,0,600,1814,3133,3100,1214,477.9676062,13.96337918,1,14,-9,190,-1,-1,49,5,14,1.0
33,1,34,551072,552598,552598,553602,553602,554207,554239,560739,560739,561340,561372,561405,564520,1526,1004,605,6500,601,510,0,600,1954,3148,3115,1354,491.4179673,13.45036111,1,57,-37,160,-1,-1,49,20,57,1.0
33,1,35,564523,566046,566046,567053,567053,567656,567688,575188,575188,575818,575850,575884,578961,1523,1007,603,7500,630,790,0,600,1647,3111,3077,1047,505.8582067,14.44023932,0,10,4,160,1,-1,49,14,10,1.0
33,1,36,578964,580484,580484,581492,581492,582093,582126,589626,589626,590253,590286,590320,593425,1520,1008,601,7500,627,401,0,600,2043,3139,3105,1443,520.3226599,14.4644532,1,5,2,210,1,1,51,7,5,2.0
33,2,37,20102,21623,21623,22641,22641,23250,23282,29282,29282,29882,29914,29949,33069,1521,1018,609,6000,600,539,0,600,1913,3155,3120,1313,12.97868753,12.97868753,1,20,-6,210,-1,-1,49,14,20,1.0
33,2,38,33073,34598,34598,35604,35604,36205,36237,45237,45237,45837,45870,45903,49007,1525,1006,601,9000,600,527,0,600,1941,3137,3104,1341,28.91489899,15.93621146,1,40,-20,200,-1,-1,49,20,40,1.0
33,2,39,49010,50534,50534,51541,51541,52143,52175,60675,60675,61303,61335,61368,64446,1524,1007,602,8500,628,372,0,600,2067,3111,3078,1467,44.354199,15.43930001,1,5,9,180,1,1,51,14,5,2.0
33,2,40,64449,65972,65972,66975,66975,67580,67613,74613,74613,75213,75245,75279,78385,1523,1003,605,7000,600,531,0,600,1938,3140,3106,1338,58.29249069,13.93829169,1,14,14,190,1,1,51,28,14,2.0
33,2,41,78388,79903,79903,80909,80909,81527,81559,89059,89059,89692,89724,89758,92832,1515,1006,618,7500,633,338,0,600,2090,3108,3074,1490,72.73980272,14.44731204,1,7,-2,170,-1,-1,49,5,7,1.0
33,2,42,92835,94359,94359,95362,95362,95986,96019,104019,104019,104641,104673,104707,107778,1524,1003,624,8000,622,1048,0,600,1379,3105,3071,779,87.68602929,14.94622657,1,4,1,190,1,1,51,5,4,2.0
33,2,43,107781,109304,109304,110308,110308,110911,110943,117443,117443,118043,118076,118110,121227,1523,1004,603,6500,600,483,0,600,1987,3151,3117,1387,101.1347203,13.44869102,1,20,-10,150,-1,-1,49,10,20,1.0
33,2,44,121230,122750,122750,123754,123754,124374,124407,131907,131907,132507,132540,132574,135686,1520,1004,620,7500,600,534,0,600,1922,3146,3112,1322,115.593255,14.45853466,1,14,-7,150,-1,-1,49,7,14,1.0
33,2,45,135689,137206,137206,138208,138208,138831,138864,145864,145864,146464,146497,146531,149653,1517,1002,623,7000,600,513,0,600,1945,3156,3122,1345,129.5602862,13.96703126,1,20,-13,150,-1,-1,49,7,20,1.0
33,2,46,149655,151175,151175,152177,152177,152800,152833,160833,160833,161462,161495,161528,164615,1520,1002,623,8000,629,415,0,600,2011,3120,3087,1411,144.5225881,14.96230185,1,10,4,180,1,1,51,14,10,2.0
33,2,47,164618,166139,166139,167142,167142,167745,167777,173777,173777,174378,174410,174443,177552,1521,1003,603,6000,601,1241,0,600,1231,3142,3109,631,157.459358,12.93676986,1,14,6,160,1,1,51,20,14,2.0
33,2,48,177554,179080,179080,180083,180083,180691,180723,187223,187223,187855,187887,187921,191013,1526,1003,608,6500,632,1294,0,600,1137,3126,3092,537,170.9209176,13.46155963,1,19,1,190,1,1,51,20,19,2.0
33,2,49,191016,192541,192541,193549,193549,194180,194213,203213,203213,203817,203849,203883,206964,1525,1008,631,9000,604,510,0,600,1922,3115,3081,1322,186.8716258,15.95070827,1,20,-10,160,-1,-1,49,10,20,1.0
33,2,50,206967,208486,208486,209488,209488,210090,210122,218622,218622,219254,219287,219321,222419,1519,1002,602,8500,632,363,0,600,2082,3132,3098,1482,202.3266561,15.45503025,1,5,5,190,1,1,51,10,5,2.0
33,2,51,222421,223947,223947,224953,224953,225558,225590,232090,232090,232704,232736,232770,235856,1526,1006,605,6500,614,385,0,600,2064,3120,3086,1464,215.7637463,13.4370902,1,56,-28,180,-1,-1,49,28,56,1.0
33,2,52,235858,237377,237377,238381,238381,238998,239031,248031,248031,248631,248664,248698,251803,1519,1004,617,9000,600,359,0,600,2101,3139,3105,1501,231.7103969,15.94665057,1,14,-7,190,-1,-1,49,7,14,1.0
33,2,53,251806,253329,253329,254333,254333,254935,254967,262467,262467,263100,263133,263166,266252,1523,1004,602,7500,633,575,0,600,1863,3119,3086,1263,246.1599175,14.44952064,0,13,1,210,1,-1,49,14,13,1.0
33,2,54,266255,267778,267778,268780,268780,269398,269430,275430,275430,276056,276088,276121,279202,1523,1002,618,6000,626,342,0,600,2089,3114,3081,1489,259.1092609,12.94934345,1,3,2,150,1,1,51,5,3,2.0
33,2,55,279205,280724,280724,281726,281726,282350,282383,290383,290383,291001,291033,291067,294152,1519,1002,624,8000,618,345,0,600,2092,3119,3085,1492,274.0595898,14.95032886,1,3,2,170,1,1,51,5,3,2.0
33,2,56,294155,295674,295674,296681,296681,297286,297318,304318,304318,304950,304982,305015,308100,1519,1007,605,7000,632,478,0,600,1959,3118,3085,1359,288.0074651,13.94787526,1,14,6,190,1,1,51,20,14,2.0
33,2,57,308103,309626,309626,310632,310632,311249,311281,319781,319781,320404,320436,320469,323538,1523,1006,617,8500,623,497,0,600,1934,3102,3069,1334,303.4455338,15.43806869,1,4,1,190,1,1,51,5,4,2.0
33,2,58,323541,325065,325065,326069,326069,326673,326705,333705,333705,334337,334370,334403,337481,1524,1004,604,7000,632,600,0,600,1836,3111,3078,1236,317.3885778,13.943044,1,28,-18,210,-1,-1,49,10,28,1.0
33,2,59,337484,339007,339007,340009,340009,340632,340664,348664,348664,349293,349326,349360,352449,1523,1002,623,8000,629,1937,0,600,486,3123,3089,-114,332.3563693,14.96779157,1,6,1,190,1,1,51,7,6,2.0
33,2,60,352452,353974,353974,354981,354981,355587,355620,362120,362120,362723,362755,362788,365891,1522,1007,606,6500,603,694,0,600,1768,3136,3103,1168,345.7984409,13.44207154,1,20,8,160,1,1,51,28,20,2.0
33,2,61,365894,367416,367416,368420,368420,369026,369059,375059,375059,375659,375691,375724,378842,1522,1004,606,6000,600,443,0,600,2025,3151,3118,1425,358.7489753,12.95053439,1,28,-14,160,-1,-1,49,14,28,1.0
33,2,62,378844,380365,380365,381370,381370,382001,382033,389533,389533,390156,390189,390222,393282,1521,1005,631,7500,623,742,0,600,1678,3093,3060,1078,373.1891444,14.44016911,1,4,6,150,1,1,51,10,4,2.0
33,2,63,393284,394805,394805,395806,395806,396413,396445,405445,405445,406062,406095,406129,409237,1521,1001,607,9000,617,374,0,600,2080,3142,3108,1480,389.1448303,15.95568599,1,79,-51,200,-1,-1,49,28,79,1.0
33,2,64,409241,410761,410761,411768,411768,412374,412407,420907,420907,421507,421540,421574,424684,1520,1007,606,8500,600,537,0,600,1930,3144,3110,1330,404.590902,15.44607167,1,10,18,180,1,1,51,28,10,2.0
33,2,65,424687,426208,426208,427212,427212,427834,427866,434866,434866,435481,435514,435547,438639,1521,1004,622,7000,615,459,0,600,1979,3125,3092,1379,418.5465491,13.95564711,1,2,5,190,1,1,51,7,2,2.0
33,2,66,438642,440165,440165,441172,441172,441774,441806,450806,450806,451438,451472,451505,454587,1523,1007,602,9000,632,444,0,600,1992,3115,3082,1392,434.4939772,15.94742806,1,7,3,150,1,1,51,10,7,2.0
33,2,67,454590,456114,456114,457120,457120,457739,457771,466271,466271,466890,466922,466955,470024,1524,1006,619,8500,619,563,0,600,1869,3102,3069,1269,449.9313618,15.43738462,1,2,3,150,1,1,51,5,2,2.0
33,2,68,470027,471545,471545,472546,472546,473152,473185,479685,479685,480287,480319,480353,483474,1518,1001,606,6500,602,484,0,600,1989,3155,3121,1389,463.3807583,13.44939648,1,40,-12,210,-1,-1,49,28,40,1.0
33,2,69,483476,485000,485000,486002,486002,486605,486637,492637,492637,493269,493301,493335,496419,1524,1002,603,6000,632,1156,0,600,1283,3118,3084,683,476.3261631,12.94540478,0,19,1,190,1,-1,49,20,19,1.0
33,2,70,496421,497944,497944,498947,498947,499549,499581,507581,507581,508202,508235,508268,511365,1523,1003,602,8000,621,494,0,600,1957,3130,3097,1357,491.2724686,14.94630552,1,7,7,180,1,1,51,14,7,2.0
33,2,71,511368,512889,512889,513892,513892,514499,514530,522030,522030,522660,522693,522727,525823,1521,1003,607,7500,630,425,0,600,2014,3130,3096,1414,505.7303795,14.45791086,1,28,-8,210,-1,-1,49,20,28,1.0
33,2,72,525826,527345,527345,528352,528352,528978,529011,537511,537511,538139,538171,538204,541272,1519,1007,626,8500,628,460,0,600,1960,3101,3068,1360,521.1795472,15.44916776,1,6,1,210,1,1,51,7,6,2.0
33,3,73,16536,18064,18064,19078,19078,19686,19718,28718,28718,29318,29350,29386,32476,1528,1014,608,9000,600,439,0,600,2011,3126,3090,1411,15.95163191,15.95163191,1,56,-28,170,-1,-1,49,28,56,1.0
33,3,74,32479,34004,34004,35010,35010,35614,35647,41647,41647,42261,42294,42327,45426,1525,1006,604,6000,614,463,0,600,1988,3132,3099,1388,28.89965423,12.94802232,1,4,6,170,1,1,51,10,4,2.0
33,3,75,45428,46948,46948,47954,47954,48557,48589,57089,57089,57691,57724,57757,60866,1520,1006,603,8500,602,341,0,600,2128,3142,3109,1528,44.34015934,15.44050511,1,28,-14,190,-1,-1,49,14,28,1.0
33,3,76,60869,62390,62390,63395,63395,64016,64049,71049,71049,71651,71683,71716,74813,1521,1005,621,7000,602,456,0,600,1995,3130,3097,1395,58.28705702,13.94689768,1,14,-7,210,-1,-1,49,7,14,1.0
33,3,77,74816,76335,76335,77339,77339,77943,77975,85475,85475,86075,86107,86140,89271,1519,1004,604,7500,600,364,0,600,2109,3164,3131,1509,72.74520656,14.45814953,1,40,-26,170,-1,-1,49,14,40,1.0
33,3,78,89274,90794,90794,91795,91795,92416,92448,100448,100448,101064,101096,101130,104228,1520,1001,621,8000,616,683,0,600,1759,3132,3098,1159,87.70157239,14.95636584,1,6,1,180,1,1,51,7,6,2.0
33,3,79,104230,105755,105755,106759,106759,107364,107396,113896,113896,114527,114559,114593,117669,1525,1004,605,6500,631,958,0,600,1477,3110,3076,877,101.1433709,13.44179851,0,14,6,180,1,-1,49,20,14,1.0
33,3,80,117672,119190,119190,120193,120193,120797,120829,129829,129829,130443,130476,130508,133631,1518,1003,604,9000,614,355,0,600,2106,3155,3123,1506,117.1050357,15.9616648,1,57,-37,160,-1,-1,49,20,57,1.0
33,3,81,133634,135158,135158,136164,136164,136769,136801,143301,143301,143931,143963,143996,147072,1524,1006,605,6500,630,760,0,600,1675,3109,3076,1075,130.5457988,13.44076307,1,10,10,180,1,1,51,20,10,2.0
33,3,82,147075,148598,148598,149599,149599,150222,150255,158255,158255,158869,158902,158935,162010,1523,1001,623,8000,614,598,0,600,1841,3108,3075,1241,145.4839741,14.93817537,1,2,3,210,1,1,51,5,2,2.0
33,3,83,162013,163537,163537,164545,164545,165152,165184,173684,173684,174311,174343,174376,177466,1524,1008,607,8500,627,1132,0,600,1302,3123,3090,702,160.9395818,15.45560764,0,13,1,180,1,-1,49,14,13,1.0
33,3,84,177468,178990,178990,179994,179994,180594,180627,187627,187627,188258,188290,188324,191418,1522,1004,600,7000,631,1103,0,600,1340,3128,3094,740,174.8918284,13.95224666,0,9,1,150,1,-1,49,10,9,1.0
33,3,85,191420,192940,192940,193946,193946,194549,194581,202081,202081,202713,202746,202779,205871,1520,1006,603,7500,632,1225,0,600,1214,3125,3092,614,189.3441975,14.45236901,1,10,18,170,1,1,51,28,10,2.0
33,3,86,205872,207395,207395,208402,208402,209006,209038,215038,215038,215658,215691,215724,218806,1523,1007,604,6000,620,442,0,600,2004,3115,3082,1404,202.2802646,12.93606711,1,7,3,210,1,1,51,10,7,2.0
33,3,87,218809,220329,220329,221334,221334,221936,221968,228468,228468,229101,229134,229167,232241,1520,1005,602,6500,633,657,0,600,1783,3107,3074,1183,215.7145772,13.43431264,0,13,1,160,1,-1,49,14,13,1.0
33,3,88,232244,233765,233765,234769,234769,235388,235420,243920,243920,244536,244568,244601,247685,1521,1004,619,8500,616,418,0,600,2022,3117,3084,1422,231.1583107,15.44373349,1,4,1,210,1,1,51,5,4,2.0
33,3,89,247686,249201,249201,250208,250208,250813,250846,256846,256846,257478,257510,257543,260637,1515,1007,605,6000,632,742,0,600,1699,3127,3094,1099,244.111839,12.95352831,0,10,4,210,1,-1,49,14,10,1.0
33,3,90,260640,262164,262164,263169,263169,263775,263808,272808,272808,273408,273440,273474,276580,1524,1005,606,9000,600,1049,0,600,1416,3140,3106,816,260.0540489,15.94220986,1,27,1,190,1,1,51,28,27,2.0
33,3,91,276583,278105,278105,279108,279108,279730,279763,287263,287263,287884,287917,287950,291031,1522,1003,622,7500,621,444,0,600,1988,3114,3081,1388,274.5045076,14.45045875,1,5,2,170,1,1,51,7,5,2.0
33,3,92,291034,292551,292551,293556,293556,294177,294210,302210,302210,302837,302869,302902,305980,1517,1005,621,8000,627,341,0,600,2089,3111,3078,1489,289.4534231,14.94891553,1,10,-5,190,-1,-1,49,5,10,1.0
33,3,93,305983,307504,307504,308507,308507,309129,309161,316161,316161,316790,316823,316856,319926,1521,1003,622,7000,629,400,0,600,2025,3103,3070,1425,303.3991311,13.94570794,1,10,-3,210,-1,-1,49,7,10,1.0
33,3,94,319928,321449,321449,322452,322452,323073,323106,330106,330106,330721,330754,330787,333887,1521,1003,621,7000,615,816,0,600,1624,3133,3100,1024,317.3607654,13.96163436,1,20,-13,170,-1,-1,49,7,20,1.0
33,3,95,333890,335411,335411,336415,336415,337034,337066,345566,345566,346180,346213,346246,349352,1521,1004,619,8500,614,662,0,600,1780,3139,3106,1180,332.8260347,15.46526926,1,2,3,200,1,1,51,5,2,2.0
33,3,96,349355,350873,350873,351876,351876,352496,352529,360529,360529,361141,361174,361207,364304,1518,1003,620,8000,612,848,0,600,1599,3130,3097,999,347.7774328,14.95139806,1,3,2,160,1,1,51,5,3,2.0
33,3,97,364306,365830,365830,366837,366837,367455,367487,373487,373487,374087,374119,374152,377264,1524,1007,618,6000,600,601,0,600,1850,3145,3112,1250,360.7377113,12.96027858,1,14,-4,150,-1,-1,49,10,14,1.0
33,3,98,377267,378790,378790,379795,379795,380426,380458,387958,387958,388576,388609,388642,391698,1523,1005,631,7500,618,451,0,600,1972,3089,3056,1372,375.1711034,14.43339202,1,4,6,180,1,1,51,10,4,2.0
33,3,99,391701,393224,393224,394228,394228,394830,394863,401363,401363,401990,402022,402056,405136,1523,1004,602,6500,627,861,0,600,1583,3114,3080,983,388.6098076,13.43870424,1,10,10,190,1,1,51,20,10,2.0
33,3,100,405139,406656,406656,407658,407658,408263,408295,417295,417295,417895,417927,417960,421077,1517,1002,605,9000,600,510,0,600,1966,3150,3117,1366,404.550652,15.94084443,1,56,-28,200,-1,-1,49,28,56,1.0
33,3,101,421080,422601,422601,423608,423608,424216,424248,433248,433248,433879,433911,433945,437014,1521,1007,608,9000,631,556,0,600,1877,3103,3069,1277,420.4875442,15.93689221,0,27,1,150,1,-1,49,28,27,1.0
33,3,102,437017,438540,438540,439548,439548,440152,440184,446684,446684,447298,447330,447363,450450,1523,1008,604,6500,614,448,0,600,2003,3120,3087,1403,433.923828,13.43628378,1,7,13,180,1,1,51,20,7,2.0
33,3,103,450453,451974,451974,452977,452977,453581,453614,459614,459614,460247,460280,460314,463397,1521,1003,604,6000,633,411,0,600,2028,3117,3083,1428,446.8705003,12.94667227,1,14,-4,190,-1,-1,49,10,14,1.0
33,3,104,463400,464923,464923,465927,465927,466547,466579,474079,474079,474711,474744,474777,477830,1523,1004,620,7500,632,350,0,600,2071,3086,3053,1471,461.30355,14.43304968,1,20,-13,210,-1,-1,49,7,20,1.0
33,3,105,477833,479355,479355,480359,480359,480980,481012,488012,488012,488627,488659,488693,491793,1522,1004,621,7000,615,429,0,600,2009,3134,3100,1409,475.2664151,13.96286508,1,4,1,170,1,1,51,5,4,2.0
33,3,106,491796,493319,493319,494321,494321,494926,494958,503458,503458,504060,504093,504127,507239,1523,1002,605,8500,602,408,0,600,2060,3146,3112,1460,490.7126877,15.44627268,1,14,14,210,1,1,51,28,14,2.0
33,3,107,507242,508763,508763,509768,509768,510371,510404,518404,518404,519024,519056,519089,522196,1521,1005,603,8000,620,1797,0,600,654,3140,3107,54,505.6690316,14.95634384,1,10,4,160,1,1,51,14,10,2.0
33,3,108,522198,523717,523717,524725,524725,525333,525366,532366,532366,532985,533017,533051,536145,1519,1008,608,7000,619,388,0,600,2058,3128,3094,1458,519.6181957,13.94916414,1,7,13,150,1,1,51,20,7,2.0
33,4,109,48138,49660,49660,50671,50671,51295,51327,58827,58827,59428,59461,59497,62590,1522,1011,624,7500,601,1674,0,600,768,3129,3093,168,14.46518127,14.46518127,0,9,1,160,1,-1,49,10,9,1.0
33,4,110,62594,64117,64117,65123,65123,65729,65762,72262,72262,72863,72896,72929,76044,1523,1006,606,6500,601,670,0,600,1794,3148,3115,1194,27.9174876,13.45230633,1,20,8,170,1,1,51,28,20,2.0
33,4,111,76046,77569,77569,78576,78576,79196,79229,87229,87229,87829,87863,87896,91007,1523,1007,620,8000,600,409,0,600,2041,3144,3111,1441,42.87969814,14.96221054,1,14,-9,150,-1,-1,49,5,14,1.0
33,4,112,91009,92532,92532,93539,93539,94163,94195,101195,101195,101795,101827,101860,104956,1523,1007,624,7000,600,650,0,600,1796,3129,3096,1196,56.82981064,13.95011249,1,14,-9,190,-1,-1,49,5,14,1.0
33,4,113,104958,106481,106481,107486,107486,108089,108121,117121,117121,117753,117785,117819,120898,1523,1005,603,9000,632,628,0,600,1809,3113,3079,1209,72.77098716,15.94117652,1,14,6,190,1,1,51,20,14,2.0
33,4,114,120900,122422,122422,123427,123427,124034,124068,132568,132568,133168,133200,133234,136356,1522,1005,607,8500,600,741,0,600,1725,3156,3122,1125,88.22919968,15.45821252,1,10,10,210,1,1,51,20,10,2.0
33,4,115,136358,137886,137886,138893,138893,139493,139525,145525,145525,146125,146157,146190,149291,1528,1007,600,6000,600,1403,0,600,1062,3134,3101,462,101.1638333,12.93463358,1,14,-4,160,-1,-1,49,10,14,1.0
33,4,116,149293,150812,150812,151814,151814,152436,152469,159469,159469,160084,160117,160151,163230,1519,1002,622,7000,615,375,0,600,2067,3113,3079,1467,115.103337,13.93950372,1,4,6,150,1,1,51,10,4,2.0
33,4,117,163232,164758,164758,165762,165762,166380,166413,172413,172413,173029,173061,173094,176177,1526,1004,618,6000,616,471,0,600,1965,3116,3083,1365,128.05041,12.94707307,1,10,-5,200,-1,-1,49,5,10,1.0
33,4,118,176179,177705,177705,178711,178711,179315,179347,187347,187347,187962,187995,188028,191120,1526,1006,604,8000,615,452,0,600,1997,3125,3092,1397,142.9929321,14.94252206,1,57,-37,190,-1,-1,49,20,57,1.0
33,4,119,191122,192642,192642,193647,193647,194268,194300,201800,201800,202420,202453,202486,205568,1520,1005,621,7500,620,605,0,600,1829,3115,3082,1229,157.441929,14.44899689,1,4,1,210,1,1,51,5,4,2.0
33,4,120,205571,207093,207093,208100,208100,208705,208737,215237,215237,215840,215874,215909,219010,1522,1007,605,6500,603,496,0,600,1967,3136,3101,1367,170.8830437,13.44111475,1,28,-8,190,-1,-1,49,20,28,1.0
33,4,121,219012,220537,220537,221541,221541,222146,222178,230678,230678,231295,231328,231361,234462,1525,1004,605,8500,617,363,0,600,2086,3134,3101,1486,186.3350514,15.45200769,1,56,-28,160,-1,-1,49,28,56,1.0
33,4,122,234464,235989,235989,236995,236995,237602,237634,246634,246634,247235,247267,247301,250409,1525,1006,607,9000,601,1187,0,600,1274,3142,3108,674,202.2820992,15.94704775,1,40,-12,150,-1,-1,49,28,40,1.0
33,4,123,250410,251931,251931,252937,252937,253566,253598,262098,262098,262717,262750,262783,265870,1521,1006,629,8500,619,375,0,600,2050,3120,3087,1450,217.7426861,15.46058686,1,3,2,150,1,1,51,5,3,2.0
33,4,124,265872,267397,267397,268404,268404,269010,269043,278043,278043,278665,278697,278730,281806,1525,1007,606,9000,622,501,0,600,1939,3109,3076,1339,233.6790735,15.93638745,0,14,14,210,1,-1,49,28,14,1.0
33,4,125,281808,283335,283335,284342,284342,284961,284993,291993,291993,292595,292628,292663,295769,1527,1007,619,7000,602,599,0,600,1846,3141,3106,1246,247.642421,13.96334754,1,20,8,200,1,1,51,28,20,2.0
33,4,126,295772,297294,297294,298297,298297,298903,298936,304936,304936,305539,305572,305605,308707,1522,1003,606,6000,603,362,0,600,2104,3135,3102,1504,260.5801576,12.9377366,1,40,-12,190,-1,-1,49,28,40,1.0
33,4,127,308710,310232,310232,311238,311238,311842,311874,318374,318374,319007,319040,319073,322161,1522,1006,604,6500,633,1032,0,600,1403,3121,3088,803,274.0334428,13.45328512,0,13,1,200,1,-1,49,14,13,1.0
33,4,128,322163,323685,323685,324690,324690,325295,325327,332827,332827,333455,333487,333520,336600,1522,1005,605,7500,628,535,0,600,1905,3113,3080,1305,288.4726653,14.43922256,1,7,7,190,1,1,51,14,7,2.0
33,4,129,336602,338127,338127,339133,339133,339753,339786,347786,347786,348402,348435,348468,351541,1525,1006,620,8000,616,434,0,600,1999,3106,3073,1399,303.4139157,14.94125035,1,2,3,150,1,1,51,5,2,2.0
33,4,130,351544,353065,353065,354072,354072,354676,354708,362208,362208,362830,362863,362896,366000,1521,1007,604,7500,622,622,0,600,1824,3137,3104,1224,317.8734764,14.45956076,1,5,9,200,1,1,51,14,5,2.0
33,4,131,366003,367527,367527,368536,368536,369139,369173,377673,377673,378276,378310,378343,381457,1524,1009,603,8500,603,532,0,600,1929,3147,3114,1329,333.3301912,15.4567148,0,9,1,160,1,-1,49,10,9,1.0
33,4,132,381459,382982,382982,383989,383989,384595,384627,392627,392627,393227,393260,393293,396417,1523,1007,606,8000,600,1135,0,600,1329,3157,3124,729,348.2898129,14.95962164,1,14,6,210,1,1,51,20,14,2.0
33,4,133,396420,397940,397940,398945,398945,399577,399609,406109,406109,406742,406775,406808,409870,1520,1005,632,6500,633,641,0,600,1769,3095,3062,1169,361.7433499,13.45353705,1,7,7,170,1,1,51,14,7,2.0
33,4,134,409873,411401,411401,412408,412408,413014,413047,422047,422047,422653,422686,422719,425827,1528,1007,606,9000,606,501,0,600,1952,3141,3108,1352,377.6994003,15.95605032,1,40,-20,190,-1,-1,49,20,40,1.0
33,4,135,425829,427354,427354,428360,428360,428981,429013,435013,435013,435632,435665,435698,438773,1525,1006,621,6000,619,591,0,600,1838,3108,3075,1238,390.6455997,12.94619945,1,10,-3,150,-1,-1,49,7,10,1.0
33,4,136,438775,440302,440302,441309,441309,441912,441945,448945,448945,449577,449609,449643,452728,1527,1007,603,7000,632,507,0,600,1924,3119,3085,1324,404.6003057,13.95470599,1,20,-10,180,-1,-1,49,10,20,1.0
33,4,137,452730,454259,454259,455265,455265,455868,455901,463901,463901,464502,464535,464568,467675,1529,1006,603,8000,601,427,0,600,2034,3140,3107,1434,419.5474972,14.9471915,1,28,-14,200,-1,-1,49,14,28,1.0
33,4,138,467677,469204,469204,470211,470211,470814,470847,476847,476847,477479,477512,477546,480615,1527,1007,603,6000,632,364,0,600,2067,3103,3069,1467,432.4877883,12.94029115,1,5,5,160,1,1,51,10,5,2.0
33,4,139,480617,482142,482142,483152,483152,483774,483806,492806,492806,493425,493457,493490,496567,1525,1010,622,9000,619,432,0,600,1992,3110,3077,1392,448.4393253,15.95153698,1,4,3,160,1,1,51,7,4,2.0
33,4,140,496569,498093,498093,499099,499099,499702,499735,507235,507235,507853,507885,507919,511017,1524,1006,603,7500,618,456,0,600,1993,3132,3098,1393,462.8901421,14.45081675,1,5,9,170,1,1,51,14,5,2.0
33,4,141,511019,512539,512539,513544,513544,514167,514198,520698,520698,521313,521347,521381,524455,1520,1005,623,6500,615,470,0,600,1967,3108,3074,1367,476.3280086,13.43786648,1,2,5,190,1,1,51,7,2,2.0
33,4,142,524458,525978,525978,526982,526982,527606,527638,536138,536138,536752,536786,536819,539892,1520,1004,624,8500,614,1564,0,600,874,3106,3073,274,491.7648727,15.43686419,0,6,1,200,1,-1,49,7,6,1.0
33,4,143,539895,541419,541419,542422,542422,543025,543057,550057,550057,550689,550721,550755,553829,1524,1003,603,7000,632,407,0,600,2031,3108,3074,1431,505.7015775,13.93670477,1,10,-3,150,-1,-1,49,7,10,1.0
33,4,144,553831,555357,555357,556360,556360,556992,557025,565525,565525,566126,566158,566191,569275,1526,1003,632,8500,601,663,0,600,1775,3117,3084,1175,521.1471275,15.44555004,1,10,-3,150,-1,-1,49,7,10,1.0
33,5,145,26233,27762,27762,28779,28779,29389,29421,36421,36421,37025,37057,37092,40195,1529,1017,610,7000,604,490,0,600,1950,3138,3103,1350,13.97429955,13.97429955,1,28,-8,210,-1,-1,49,20,28,1.0
33,5,146,40199,41722,41722,42727,42727,43352,43384,51884,51884,52498,52530,52564,55636,1523,1005,625,8500,614,495,0,600,1938,3106,3072,1338,29.41357335,15.43927379,1,2,5,170,1,1,51,7,2,2.0
33,5,147,55638,57162,57162,58166,58166,58783,58816,64816,64816,65416,65447,65480,68590,1524,1004,617,6000,600,501,0,600,1954,3143,3110,1354,42.36750004,12.9539267,1,28,-14,190,-1,-1,49,14,28,1.0
33,5,148,68592,70114,70114,71118,71118,71740,71773,79273,79273,79893,79925,79959,83049,1522,1004,622,7500,620,354,0,600,2078,3124,3090,1478,56.82646323,14.45896318,1,5,2,170,1,1,51,7,5,2.0
33,5,149,83051,84579,84579,85587,85587,86193,86226,94226,94226,94857,94890,94923,98009,1528,1008,606,8000,631,704,0,600,1723,3119,3086,1123,71.78689911,14.96043589,0,14,6,170,1,-1,49,20,14,1.0
33,5,150,98011,99536,99536,100543,100543,101144,101176,110176,110176,110807,110839,110873,113966,1525,1007,601,9000,631,519,0,600,1917,3127,3093,1317,87.7439454,15.95704629,1,20,-10,210,-1,-1,49,10,20,1.0
33,5,151,113969,115493,115493,116496,116496,117102,117134,123634,123634,124265,124297,124330,127415,1524,1003,606,6500,631,1127,0,600,1309,3118,3085,709,101.193124,13.44917861,1,29,-1,200,-1,-1,49,28,29,1.0
33,5,152,127417,128940,128940,129943,129943,130562,130596,136596,136596,137199,137231,137264,140357,1523,1003,619,6000,603,550,0,600,1902,3126,3093,1302,114.1342288,12.9411048,1,14,-7,170,-1,-1,49,7,14,1.0
33,5,153,140359,141880,141880,142886,142886,143490,143522,151522,151522,152122,152154,152188,155295,1521,1006,604,8000,600,564,0,600,1905,3141,3107,1305,129.0723397,14.93811088,1,15,-1,200,-1,-1,49,14,15,1.0
33,5,154,155297,156822,156822,157826,157826,158429,158462,165962,165962,166562,166594,166627,169750,1525,1004,603,7500,600,610,0,600,1858,3156,3123,1258,143.5273995,14.45505978,1,21,-1,180,-1,-1,49,20,21,1.0
33,5,155,169753,171275,171275,172275,172275,172881,172913,181913,181913,182530,182562,182595,185712,1522,1000,606,9000,617,408,0,600,2047,3150,3117,1447,159.4898032,15.96240371,1,79,-51,170,-1,-1,49,28,79,1.0
33,5,156,185715,187236,187236,188241,188241,188847,188879,197379,197379,197996,198030,198064,201155,1521,1005,606,8500,617,548,0,600,1903,3125,3091,1303,174.9322749,15.44247173,1,57,-37,210,-1,-1,49,20,57,1.0
33,5,157,201157,202680,202680,203684,203684,204314,204346,211346,211346,211976,212008,212041,215118,1523,1004,630,7000,630,663,0,600,1750,3110,3077,1150,188.8954377,13.96316281,1,10,10,200,1,1,51,20,10,2.0
33,5,158,215120,216640,216640,217645,217645,218270,218302,224802,224802,225417,225449,225483,228556,1520,1005,625,6500,615,494,0,600,1941,3107,3073,1341,202.3335284,13.43809069,1,4,3,210,1,1,51,7,4,2.0
33,5,159,228558,230085,230085,231089,231089,231716,231748,239248,239248,239866,239898,239931,243001,1527,1004,627,7500,618,559,0,600,1865,3103,3070,1265,216.7785544,14.44502599,1,2,5,190,1,1,51,7,2,2.0
33,5,160,243004,244529,244529,245532,245532,246136,246168,255168,255168,255800,255833,255866,258938,1525,1003,604,9000,632,399,0,600,2037,3105,3072,1437,232.7152052,15.93665083,1,40,-26,170,-1,-1,49,14,40,1.0
33,5,161,258940,260464,260464,261468,261468,262100,262132,269132,269132,269748,269780,269813,272889,1524,1004,632,7000,616,532,0,600,1892,3109,3076,1292,246.6666744,13.95146918,1,5,5,180,1,1,51,10,5,2.0
33,5,162,272892,274412,274412,275416,275416,276023,276055,282555,282555,283188,283220,283254,286333,1520,1004,607,6500,633,467,0,600,1969,3113,3079,1369,260.1102792,13.44360481,0,10,4,210,1,-1,49,14,10,1.0
33,5,163,286335,287866,287866,288873,288873,289476,289508,295508,295508,296139,296172,296205,299289,1531,1007,603,6000,631,573,0,600,1855,3117,3084,1255,273.0665206,12.95624138,1,20,-6,210,-1,-1,49,14,20,1.0
33,5,164,299291,300817,300817,301824,301824,302429,302461,310461,310461,311094,311126,311159,314251,1526,1007,605,8000,633,487,0,600,1942,3125,3092,1342,288.0285621,14.96204149,1,40,-12,210,-1,-1,49,28,40,1.0
33,5,165,314253,315783,315783,316787,316787,317392,317425,325925,325925,326558,326590,326623,329706,1530,1004,605,8500,633,565,0,600,1863,3116,3083,1263,303.4830541,15.45449203,1,40,-12,170,-1,-1,49,28,40,1.0
33,5,166,329708,331233,331233,332237,332237,332870,332902,341902,341902,342522,342555,342589,345668,1525,1004,633,9000,620,342,0,600,2076,3113,3079,1476,319.4451345,15.96208036,1,79,-51,180,-1,-1,49,28,79,1.0
33,5,167,345671,347187,347187,348193,348193,348795,348828,356328,356328,356944,356977,357011,360126,1516,1006,602,7500,616,340,0,600,2120,3149,3115,1520,333.9038623,14.45872783,1,4,6,150,1,1,51,10,4,2.0
33,5,168,360129,361654,361654,362657,362657,363283,363315,369815,369815,370433,370466,370500,373567,1525,1003,626,6500,618,424,0,600,2004,3101,3067,1404,347.3440465,13.44018417,1,4,1,160,1,1,51,5,4,2.0
33,5,169,373569,375092,375092,376095,376095,376727,376759,382759,382759,383360,383393,383426,386502,1523,1003,632,6000,601,398,0,600,2043,3109,3076,1443,360.2789636,12.93491716,1,14,-4,160,-1,-1,49,10,14,1.0
33,5,170,386504,388027,388027,389032,389032,389632,389665,396665,396665,397283,397316,397350,400454,1523,1005,600,7000,618,598,0,600,1856,3138,3104,1256,374.2317346,13.95277102,1,79,-51,160,-1,-1,49,28,79,1.0
33,5,171,400457,401977,401977,402987,402987,403589,403621,411621,411621,412238,412271,412304,415393,1520,1010,602,8000,617,411,0,600,2040,3122,3089,1440,389.1702313,14.93849661,1,5,5,150,1,1,51,10,5,2.0
33,5,172,415396,416922,416922,417927,417927,418530,418562,427062,427062,427679,427711,427744,430828,1526,1005,603,8500,617,573,0,600,1876,3117,3084,1276,404.604763,15.43453173,1,7,7,190,1,1,51,14,7,2.0
33,5,173,430830,432354,432354,433363,433363,433994,434026,442026,442026,442642,442674,442707,445779,1524,1009,631,8000,616,431,0,600,1989,3105,3072,1389,419.556516,14.95175305,1,4,6,180,1,1,51,10,4,2.0
33,5,174,445782,447306,447306,448312,448312,448918,448950,457950,457950,458583,458615,458648,461730,1524,1006,606,9000,633,1055,0,600,1376,3115,3082,776,435.5067162,15.95020019,0,14,6,160,1,-1,49,20,14,1.0
33,5,175,461732,463258,463258,464262,464262,464881,464914,472414,472414,473046,473078,473112,476166,1526,1004,619,7500,632,479,0,600,1940,3088,3054,1340,449.9432613,14.43654506,1,14,-9,190,-1,-1,49,5,14,1.0
33,5,176,476168,477690,477690,478697,478697,479315,479347,485847,485847,486467,486499,486533,489609,1522,1007,618,6500,620,531,0,600,1902,3110,3076,1302,463.3853337,13.44207244,1,3,2,150,1,1,51,5,3,2.0
33,5,177,489611,491132,491132,492136,492136,492758,492790,498790,498790,499411,499444,499477,502550,1521,1004,622,6000,621,433,0,600,1999,3106,3073,1399,476.3270186,12.9416849,1,6,-1,200,-1,-1,49,5,6,1.0
33,5,178,502552,504077,504077,505085,505085,505707,505739,514239,514239,514871,514904,514937,518011,1525,1008,622,8500,632,364,0,600,2049,3107,3074,1449,491.788782,15.46176334,1,14,-9,200,-1,-1,49,5,14,1.0
33,5,179,518014,519537,519537,520538,520538,521159,521192,528192,528192,528812,528845,528878,531951,1523,1001,621,7000,620,497,0,600,1938,3106,3073,1338,505.7274042,13.93862227,1,5,2,150,1,1,51,7,5,2.0
33,5,180,531953,533477,533477,534485,534485,535106,535139,544139,544139,544770,544803,544836,547889,1524,1008,621,9000,631,576,0,600,1840,3086,3053,1240,521.665701,15.93829681,1,14,-9,210,-1,-1,49,5,14,1.0
33,6,181,28693,30217,30217,31236,31236,31848,31881,40881,40881,41484,41517,41552,44664,1524,1019,612,9000,603,1239,0,600,1203,3147,3112,603,15.98325361,15.98325361,0,29,-1,170,-1,1,51,28,29,2.0
33,6,182,44668,46195,46195,47201,47201,47804,47836,54336,54336,54937,54969,55002,58105,1527,1006,603,6500,601,494,0,600,1969,3136,3103,1369,29.42196056,13.43870695,1,20,-10,180,-1,-1,49,10,20,1.0
33,6,183,58107,59634,59634,60643,60643,61273,61305,67305,67305,67920,67953,67986,71037,1527,1009,630,6000,615,349,0,600,2070,3084,3051,1470,42.35498703,12.93302648,1,3,2,200,1,1,51,5,3,2.0
33,6,184,71040,72571,72571,73577,73577,74181,74213,82213,82213,82814,82846,82881,85993,1531,1006,604,8000,601,341,0,600,2117,3147,3112,1517,57.31049643,14.9555094,1,14,-7,210,-1,-1,49,7,14,1.0
33,6,185,85995,87520,87520,88527,88527,89133,89165,96165,96165,96798,96830,96863,99947,1525,1007,606,7000,633,571,0,600,1858,3117,3084,1258,71.26423569,13.95373926,1,14,14,180,1,1,51,28,14,2.0
33,6,186,99949,101472,101472,102476,102476,103081,103114,111614,111614,112243,112275,112308,115391,1523,1004,605,8500,629,404,0,600,2035,3116,3083,1435,86.70816475,15.44392907,1,5,5,150,1,1,51,10,5,2.0
33,6,187,115393,116919,116919,117925,117925,118530,118562,126062,126062,126670,126703,126737,129852,1526,1006,605,7500,608,510,0,600,1945,3149,3115,1345,101.1692561,14.46109133,1,40,-26,200,-1,-1,49,14,40,1.0
33,6,188,129854,131379,131379,132383,132383,133014,133046,140546,140546,141169,141202,141235,144313,1525,1004,631,7500,623,758,0,600,1659,3111,3078,1059,115.6297462,14.46049013,1,4,1,200,1,1,51,5,4,2.0
33,6,189,144315,145837,145837,146842,146842,147444,147477,154477,154477,155108,155140,155174,158258,1522,1005,602,7000,631,412,0,600,2028,3118,3084,1428,129.5746709,13.94492473,1,14,-7,180,-1,-1,49,7,14,1.0
33,6,190,158260,159789,159789,160791,160791,161398,161430,170430,170430,171062,171094,171127,174204,1529,1002,607,9000,632,468,0,600,1962,3110,3077,1362,145.5214586,15.94678769,1,20,-10,150,-1,-1,49,10,20,1.0
33,6,191,174207,175735,175735,176742,176742,177344,177377,183877,183877,184477,184509,184542,187643,1528,1007,602,6500,600,460,0,600,2003,3134,3101,1403,158.9601553,13.4386967,1,14,-7,190,-1,-1,49,7,14,1.0
33,6,192,187645,189170,189170,190176,190176,190780,190813,198813,198813,199438,199471,199505,202609,1525,1006,604,8000,625,526,0,600,1914,3138,3104,1314,173.926313,14.96615764,1,4,6,210,1,1,51,10,4,2.0
33,6,193,202611,204131,204131,205137,205137,205739,205772,211772,211772,212374,212406,212440,215551,1520,1006,602,6000,602,400,0,600,2070,3145,3111,1470,186.8688224,12.9425094,1,5,9,170,1,1,51,14,5,2.0
33,6,194,215554,217078,217078,218081,218081,218685,218717,227217,227217,227847,227879,227913,231004,1524,1003,604,8500,630,512,0,600,1927,3125,3091,1327,202.3211386,15.45231628,0,10,4,170,1,-1,49,14,10,1.0
33,6,195,231006,232532,232532,233538,233538,234141,234173,242173,242173,242775,242808,242842,245955,1526,1006,603,8000,602,310,0,600,2153,3147,3113,1553,217.2719934,14.95085472,1,5,9,170,1,1,51,14,5,2.0
33,6,196,245957,247479,247479,248488,248488,249120,249152,255152,255152,255754,255787,255820,258892,1522,1009,632,6000,602,396,0,600,2039,3105,3072,1439,230.2092406,12.9372472,1,7,-2,150,-1,-1,49,5,7,1.0
33,6,197,258894,260415,260415,261418,261418,262024,262057,269057,269057,269682,269714,269748,272854,1521,1003,606,7000,625,692,0,600,1753,3140,3106,1153,244.1709542,13.96171362,1,4,3,210,1,1,51,7,4,2.0
33,6,198,272856,274386,274386,275390,275390,275994,276027,282527,282527,283143,283175,283208,286287,1530,1004,604,6500,616,468,0,600,1978,3112,3079,1378,257.6039686,13.43301442,1,2,5,190,1,1,51,7,2,2.0
33,6,199,286289,287812,287812,288814,288814,289419,289452,298452,298452,299053,299086,299119,302227,1523,1002,605,9000,601,1018,0,600,1451,3141,3108,851,273.5434446,15.939476,1,29,-1,180,-1,-1,49,28,29,1.0
33,6,200,302229,303752,303752,304757,304757,305362,305394,313894,313894,314525,314558,314592,317670,1523,1005,605,8500,631,1083,0,600,1353,3112,3078,753,288.9872197,15.44377508,0,14,6,150,1,-1,49,20,14,1.0
33,6,201,317672,319200,319200,320206,320206,320834,320867,328367,328367,328982,329014,329048,332119,1528,1006,628,7500,615,687,0,600,1736,3105,3071,1136,303.436583,14.44936334,1,2,3,190,1,1,51,5,2,2.0
33,6,202,332122,333648,333648,334650,334650,335254,335287,342287,342287,342888,342922,342955,346062,1526,1002,604,7000,601,368,0,600,2099,3140,3107,1499,317.379291,13.94270799,1,28,-18,180,-1,-1,49,10,28,1.0
33,6,203,346064,347591,347591,348598,348599,349204,349237,357237,357237,357837,357869,357903,361027,1527,1007,605,8000,600,454,0,600,2007,3158,3124,1407,332.3441748,14.96488383,1,40,-20,150,-1,-1,49,20,40,1.0
33,6,204,361029,362556,362556,363564,363564,364167,364199,371699,371699,372318,372351,372383,375481,1527,1008,603,7500,619,390,0,600,2053,3130,3098,1453,346.7974341,14.4532592,1,14,-7,180,-1,-1,49,7,14,1.0
33,6,205,375483,377008,377008,378013,378013,378620,378653,387153,387153,387753,387786,387819,390937,1525,1005,607,8500,600,415,0,600,2048,3151,3118,1448,362.2538599,15.4564258,1,20,-6,200,-1,-1,49,14,20,1.0
33,6,206,390939,392461,392461,393467,393467,394097,394129,400129,400129,400760,400793,400827,403880,1522,1006,630,6000,631,506,0,600,1905,3087,3053,1305,375.197034,12.94317418,1,7,-2,150,-1,-1,49,5,7,1.0
33,6,207,403882,405408,405408,406413,406413,407043,407075,413575,413575,414192,414224,414258,417317,1526,1005,630,6500,617,512,0,600,1910,3093,3059,1310,388.6341851,13.43715107,1,4,1,180,1,1,51,5,4,2.0
33,6,208,417319,418844,418844,419853,419853,420457,420489,429489,429489,430090,430123,430157,433260,1525,1009,604,9000,601,1564,0,600,897,3137,3103,297,404.5763232,15.94213814,1,14,6,160,1,1,51,20,14,2.0
33,6,209,433262,434785,434785,435788,435788,436393,436426,444926,444926,445558,445590,445623,448709,1523,1003,605,8500,632,474,0,600,1963,3119,3086,1363,420.0252921,15.44896887,1,29,-1,200,-1,-1,49,28,29,1.0
33,6,210,448711,450239,450239,451247,451247,451852,451885,458385,458385,458986,459018,459051,462157,1528,1008,605,6500,601,496,0,600,1962,3139,3106,1362,433.4738017,13.44850961,1,56,-28,170,-1,-1,49,28,56,1.0
33,6,211,462159,463682,463682,464686,464686,465291,465324,471324,471324,471940,471974,472007,475102,1523,1004,605,6000,616,353,0,600,2099,3128,3095,1499,446.4182717,12.94446999,1,57,-37,150,-1,-1,49,20,57,1.0
33,6,212,475104,476628,476628,477631,477631,478235,478267,486267,486267,486899,486932,486966,490047,1524,1003,604,8000,632,415,0,600,2022,3115,3081,1422,461.3639037,14.945632,1,5,5,160,1,1,51,10,5,2.0
33,6,213,490049,491573,491573,492577,492577,493183,493216,500716,500716,501326,501358,501390,504502,1524,1004,606,7500,610,473,0,600,1983,3144,3112,1383,475.8186582,14.45475451,1,21,-1,160,-1,-1,49,20,21,1.0
33,6,214,504504,506027,506027,507031,507031,507634,507666,516666,516666,517267,517299,517332,520443,1523,1004,603,9000,601,566,0,600,1903,3144,3111,1303,491.759531,15.94087276,1,14,14,160,1,1,51,28,14,2.0
33,6,215,520445,521967,521967,522974,522974,523581,523613,530613,530613,531213,531246,531279,534382,1522,1007,607,7000,600,489,0,600,1975,3136,3103,1375,505.6980626,13.93853156,1,10,10,170,1,1,51,20,10,2.0
33,6,216,534384,535903,535903,536904,536904,537510,537543,545543,545543,546143,546176,546210,549328,1519,1001,606,8000,600,704,0,600,1770,3152,3118,1170,520.6449632,14.94690069,1,20,-6,150,-1,-1,49,14,20,1.0
34,1,1,75395,76922,76922,77951,77951,78576,78609,87609,87609,88238,88270,88305,91348,1527,1029,625,9000,629,906,0,600,1484,3078,3043,884,15.9915715,15.9915715,1,20,-10,150,-1,-1,49,10,20,1.0
34,1,2,91399,92923,92923,93937,93937,94556,94588,103088,103088,103716,103749,103782,106832,1524,1014,619,8500,628,637,0,600,1778,3083,3050,1178,31.42706997,15.43549846,1,4,3,200,1,1,51,7,4,2.0
34,1,3,106835,108357,108357,109362,109362,109970,110002,117502,117502,118134,118167,118200,121267,1522,1005,608,7500,632,655,0,600,1778,3100,3067,1178,45.86143294,14.43436297,1,10,10,160,1,1,51,20,10,2.0
34,1,4,121270,122794,122794,123798,123798,124418,124451,131451,131451,132053,132086,132119,135205,1524,1004,620,7000,602,346,0,600,2104,3119,3086,1504,59.7990285,13.93759557,1,28,-18,150,-1,-1,49,10,28,1.0
34,1,5,135208,136730,136730,137734,137734,138338,138370,144370,144370,145000,145033,145066,148160,1522,1004,604,6000,630,395,0,600,2045,3127,3094,1445,72.75426879,12.95524029,1,10,18,160,1,1,51,28,10,2.0
34,1,6,148163,149686,149686,150692,150692,151298,151330,157830,157830,158430,158462,158495,161607,1523,1006,606,6500,600,374,0,600,2091,3145,3112,1491,86.20158776,13.44731897,1,14,6,170,1,1,51,20,14,2.0
34,1,7,161610,163130,163130,164140,164140,164744,164776,172776,172776,173377,173409,173443,176559,1520,1010,604,8000,601,802,0,600,1663,3150,3116,1063,101.1539821,14.95239433,1,40,-12,200,-1,-1,49,28,40,1.0
34,1,8,176563,178081,178081,179088,179088,179712,179744,187744,187744,188373,188406,188439,191503,1518,1007,624,8000,629,588,0,600,1834,3097,3064,1234,116.0975369,14.94355479,1,7,-2,200,-1,-1,49,5,7,1.0
34,1,9,191506,193031,193031,194040,194040,194665,194697,200697,200697,201319,201351,201384,204446,1525,1009,625,6000,622,773,0,600,1646,3095,3062,1046,129.0398718,12.94233492,1,3,2,180,1,1,51,5,3,2.0
34,1,10,204449,205977,205977,206981,206981,207613,207645,216645,216645,217276,217309,217342,220410,1528,1004,632,9000,631,585,0,600,1820,3101,3068,1220,145.003983,15.96411117,1,9,1,150,1,1,51,10,9,2.0
34,1,11,220413,221939,221939,222946,222946,223551,223583,230583,230583,231185,231217,231250,234342,1526,1007,605,7000,602,321,0,600,2139,3125,3092,1539,158.936524,13.932541,1,28,-14,180,-1,-1,49,14,28,1.0
34,1,12,234345,235870,235870,236876,236876,237481,237513,246013,246013,246643,246676,246709,249779,1525,1006,605,8500,630,462,0,600,1972,3103,3070,1372,174.3729476,15.43642361,1,20,-6,210,-1,-1,49,14,20,1.0
34,1,13,249782,251303,251303,252307,252307,252935,252967,259468,259468,260094,260125,260160,263242,1521,1004,628,6501,626,376,0,600,2044,3117,3082,1444,187.8364135,13.46346597,1,14,-7,160,-1,-1,49,7,14,1.0
34,1,14,263245,264767,264767,265774,265774,266403,266436,273936,273936,274550,274582,274615,277678,1522,1007,629,7500,614,714,0,600,1714,3096,3063,1114,202.2722769,14.4358634,1,2,5,190,1,1,51,7,2,2.0
34,1,15,277681,279202,279202,280206,280206,280832,280864,288864,288864,289466,289498,289532,292623,1521,1004,626,8000,602,447,0,600,2000,3125,3091,1400,217.2169669,14.94468998,1,14,-9,190,-1,-1,49,5,14,1.0
34,1,16,292626,294153,294153,295158,295158,295780,295812,303312,303312,303928,303960,303994,307060,1527,1005,622,7500,616,553,0,600,1877,3100,3066,1277,231.6542283,14.43726137,1,3,2,160,1,1,51,5,3,2.0
34,1,17,307063,308584,308584,309586,309586,310188,310221,316721,316721,317323,317356,317389,320507,1521,1002,602,6500,602,444,0,600,2029,3151,3118,1429,245.1010657,13.44683741,1,20,-6,200,-1,-1,49,14,20,1.0
34,1,18,320510,322031,322031,323038,323038,323663,323695,332695,332695,333313,333346,333380,336465,1521,1007,625,9000,618,633,0,600,1796,3119,3085,1196,261.0590664,15.95800067,1,4,1,170,1,1,51,5,4,2.0
34,1,19,336468,337993,337993,338999,338999,339608,339640,348140,348140,348772,348805,348838,351902,1525,1006,609,8500,632,424,0,600,2004,3097,3064,1404,276.4965324,15.43746598,1,10,10,200,1,1,51,20,10,2.0
34,1,20,351905,353431,353431,354437,354437,355060,355092,361092,361092,361721,361753,361787,364865,1526,1006,623,6000,629,597,0,600,1819,3112,3078,1219,289.458987,12.96245464,1,10,-3,180,-1,-1,49,7,10,1.0
34,1,21,364868,366391,366391,367399,367399,368003,368035,375035,375035,375657,375690,375724,378819,1523,1008,604,7000,622,475,0,600,1968,3129,3095,1368,303.4125771,13.95359009,0,14,6,160,1,-1,49,20,14,1.0
34,1,22,378822,380339,380339,381342,381342,381963,381995,388495,388495,389127,389160,389193,392256,1517,1003,621,6500,632,1067,0,600,1360,3096,3063,760,316.8502148,13.43763776,1,10,-3,200,-1,-1,49,7,10,1.0
34,1,23,392259,393773,393773,394783,394783,395388,395421,403921,403921,404521,404553,404587,407719,1514,1010,605,8500,600,329,0,600,2142,3166,3132,1542,332.3129449,15.46273007,1,28,-14,170,-1,-1,49,14,28,1.0
34,1,24,407722,409243,409243,410250,410250,410881,410913,418413,418413,419016,419049,419083,422169,1521,1007,631,7500,603,312,0,600,2126,3120,3086,1526,346.7626503,14.44970537,1,28,-18,170,-1,-1,49,10,28,1.0
34,1,25,422171,423697,423697,424701,424701,425303,425336,432336,432336,432967,433000,433032,436110,1526,1004,602,7000,631,406,0,600,2031,3110,3078,1431,360.7034052,13.94075493,0,27,1,150,1,-1,49,28,27,1.0
34,1,26,436112,437635,437635,438645,438645,439250,439283,445283,445283,445910,445942,445975,449062,1523,1010,605,6000,627,407,0,600,2028,3120,3087,1428,373.6559165,12.95251125,1,13,1,190,1,1,51,14,13,2.0
34,1,27,449065,450584,450584,451589,451589,452193,452226,460226,460226,460845,460877,460911,464003,1519,1005,604,8000,619,417,0,600,2036,3126,3092,1436,388.5968631,14.94094659,1,10,4,210,1,1,51,14,10,2.0
34,1,28,464006,465531,465531,466536,466536,467143,467175,476175,476175,476807,476839,476872,479957,1525,1005,607,9000,632,478,0,600,1953,3118,3085,1353,404.5508765,15.95401349,1,14,14,180,1,1,51,28,14,2.0
34,1,29,479960,481482,481482,482488,482488,483095,483128,491628,491628,492259,492291,492324,495397,1522,1006,607,8500,631,594,0,600,1840,3106,3073,1240,419.9907904,15.43991386,1,20,8,210,1,1,51,28,20,2.0
34,1,30,495400,496923,496923,497928,497928,498559,498591,504591,504591,505206,505239,505273,508341,1523,1005,631,6000,615,588,0,600,1838,3102,3068,1238,432.9349431,12.94415267,1,2,5,200,1,1,51,7,2,2.0
34,1,31,508344,509871,509871,510877,510877,511483,511516,518517,518517,519121,519155,519188,522289,1527,1006,606,7001,604,618,0,600,1838,3134,3101,1238,446.8838571,13.94891402,1,56,-28,200,-1,-1,49,28,56,1.0
34,1,32,522293,523817,523817,524824,524824,525451,525483,533483,533483,534084,534116,534149,537228,1524,1007,627,8000,601,340,0,600,2101,3112,3079,1501,461.8221093,14.93825221,1,14,-9,150,-1,-1,49,5,14,1.0
34,1,33,537231,538756,538756,539761,539761,540367,540399,546899,546899,547518,547550,547583,550671,1525,1005,606,6500,619,578,0,600,1867,3121,3088,1267,475.2650285,13.44291924,0,19,1,210,1,-1,49,20,19,1.0
34,1,34,550674,552198,552198,553204,553204,553810,553842,562842,562842,563442,563475,563508,566634,1524,1006,606,9000,600,1004,0,600,1460,3159,3126,860,491.2277137,15.96268517,1,9,1,200,1,1,51,10,9,2.0
34,1,35,566637,568163,568163,569167,569167,569773,569806,577306,577306,577935,577967,578000,581097,1526,1004,606,7500,629,422,0,600,2013,3130,3097,1413,505.6907114,14.46299767,0,19,1,210,1,-1,49,20,19,1.0
34,1,36,581100,582620,582620,583624,583624,584228,584261,592261,592261,592878,592911,592944,596060,1520,1004,604,8000,617,542,0,600,1913,3149,3116,1313,520.6541442,14.96343283,1,4,6,150,1,1,51,10,4,2.0
34,2,37,22966,24490,24490,25509,25509,26121,26153,35153,35153,35766,35799,35834,38929,1524,1019,612,9000,613,545,0,600,1887,3130,3095,1287,15.97439177,15.97439177,1,79,-51,150,-1,-1,49,28,79,1.0
34,2,38,38933,40458,40458,41466,41466,42073,42105,49605,49605,50205,50238,50272,53381,1525,1008,607,7500,600,463,0,600,1997,3143,3109,1397,30.42556622,14.45117446,1,20,-10,180,-1,-1,49,10,20,1.0
34,2,39,53385,54912,54912,55921,55921,56525,56557,63557,63557,64157,64188,64221,67316,1527,1009,604,7000,600,321,0,600,2139,3128,3095,1539,44.36003919,13.93447296,1,20,-13,200,-1,-1,49,7,20,1.0
34,2,40,67319,68841,68841,69843,69843,70448,70481,76481,76481,77082,77114,77147,80258,1522,1002,605,6000,601,535,0,600,1935,3144,3111,1335,57.30201158,12.94197239,0,21,-1,160,-1,1,51,20,21,2.0
34,2,41,80261,81783,81783,82788,82788,83391,83423,91923,91923,92526,92558,92591,95704,1522,1005,603,8500,603,408,0,600,2059,3146,3113,1459,72.74753389,15.44552231,1,20,-6,200,-1,-1,49,14,20,1.0
34,2,42,95707,97226,97226,98230,98230,98836,98868,106868,106868,107471,107503,107537,110667,1519,1004,606,8000,603,357,0,600,2111,3164,3130,1511,87.71066326,14.96312936,1,29,-1,210,-1,-1,49,28,29,1.0
34,2,43,110670,112189,112189,113196,113196,113801,113833,120333,120333,120964,120996,121030,124133,1519,1007,605,6500,631,364,0,600,2074,3137,3103,1474,101.1770948,13.46643157,1,40,-26,160,-1,-1,49,14,40,1.0
34,2,44,124136,125659,125659,126663,126663,127284,127316,134816,134816,135416,135448,135481,138597,1523,1004,621,7500,600,346,0,600,2106,3149,3116,1506,115.6414218,14.46432693,1,28,-8,160,-1,-1,49,20,28,1.0
34,2,45,138600,140121,140121,141128,141128,141751,141783,149783,149783,150402,150434,150467,153540,1521,1007,623,8000,619,724,0,600,1706,3106,3073,1106,130.583983,14.94256123,1,10,-3,150,-1,-1,49,7,10,1.0
34,2,46,153543,155068,155068,156071,156071,156689,156721,162721,162721,163321,163353,163387,166482,1525,1003,618,6000,600,519,0,600,1935,3129,3095,1335,143.5252089,12.94122595,1,14,-9,160,-1,-1,49,5,14,1.0
34,2,47,166484,168005,168005,169009,169009,169610,169643,178143,178143,178744,178776,178810,181941,1521,1004,601,8500,601,489,0,600,1984,3165,3131,1384,158.984321,15.45911205,1,14,-4,200,-1,-1,49,10,14,1.0
34,2,48,181943,183463,183463,184468,184468,185093,185126,194126,194126,194746,194778,194812,197877,1520,1005,625,9000,620,587,0,600,1843,3099,3065,1243,174.9208178,15.93649684,1,2,3,210,1,1,51,5,2,2.0
34,2,49,197880,199401,199401,200407,200407,201011,201043,208043,208043,208676,208709,208743,211816,1521,1006,604,7000,633,558,0,600,1878,3107,3073,1278,188.8596583,13.93884045,0,14,6,150,1,-1,49,20,14,1.0
34,2,50,211819,213341,213341,214345,214345,214964,214996,221496,221496,222096,222128,222162,225279,1522,1004,619,6500,600,444,0,600,2011,3151,3117,1411,202.3228154,13.46315709,1,20,-13,170,-1,-1,49,7,20,1.0
34,2,51,225282,226806,226806,227811,227811,228413,228445,234945,234945,235546,235578,235612,238723,1524,1005,602,6500,601,470,0,600,1998,3145,3111,1398,215.7667137,13.44389833,1,28,-18,210,-1,-1,49,10,28,1.0
34,2,52,238726,240254,240254,241261,241261,241891,241923,250923,250923,251554,251586,251619,254658,1528,1007,630,9000,631,429,0,600,1975,3072,3039,1375,231.7016634,15.9349497,1,14,-7,150,-1,-1,49,7,14,1.0
34,2,53,254661,256184,256184,257188,257188,257790,257822,264822,264822,265443,265476,265509,268609,1523,1004,602,7000,621,426,0,600,2024,3133,3100,1424,245.652972,13.95130856,1,4,6,150,1,1,51,10,4,2.0
34,2,54,268612,270135,270135,271144,271144,271766,271799,279299,279299,279901,279933,279966,283071,1523,1009,622,7500,602,464,0,600,1980,3138,3105,1380,260.1143743,14.46140232,1,10,-5,200,-1,-1,49,5,10,1.0
34,2,55,283074,284593,284593,285596,285596,286201,286233,292233,292233,292833,292866,292900,296024,1519,1003,605,6000,600,478,0,600,1995,3158,3124,1395,273.0678486,12.95347437,1,40,-26,190,-1,-1,49,14,40,1.0
34,2,56,296027,297551,297551,298558,298558,299166,299198,307698,307698,308301,308333,308367,311464,1524,1007,608,8500,603,454,0,600,2004,3131,3097,1404,288.5070097,15.43916109,1,21,-1,200,-1,-1,49,20,21,1.0
34,2,57,311465,312981,312981,313989,313989,314597,314629,322629,322629,323229,323261,323295,326407,1516,1008,608,8000,600,446,0,600,2022,3146,3112,1422,303.4500308,14.9430211,1,10,10,150,1,1,51,20,10,2.0
34,2,58,326408,327928,327928,328936,328936,329544,329577,337077,337077,337679,337712,337745,340846,1520,1008,608,7500,602,394,0,600,2068,3134,3101,1468,317.8896265,14.43959563,1,40,-26,210,-1,-1,49,14,40,1.0
34,2,59,340849,342371,342371,343374,343374,344002,344034,350534,350534,351166,351200,351233,354287,1522,1003,628,6500,632,505,0,600,1910,3087,3054,1310,331.3304884,13.44086191,1,14,-7,180,-1,-1,49,7,14,1.0
34,2,60,354290,355814,355814,356817,356817,357421,357453,363453,363453,364082,364114,364148,367249,1524,1003,604,6000,629,427,0,600,2013,3135,3101,1413,344.2925799,12.96209151,0,14,14,200,1,-1,49,28,14,1.0
34,2,61,367252,368772,368772,369781,369781,370402,370434,378434,378434,379065,379097,379130,382194,1520,1009,621,8000,631,422,0,600,1997,3097,3064,1397,359.237247,14.94466708,1,7,-2,210,-1,-1,49,5,7,1.0
34,2,62,382197,383723,383723,384729,384729,385332,385364,394364,394364,394993,395026,395059,398144,1526,1006,603,9000,629,315,0,600,2121,3118,3085,1521,375.1874285,15.9501815,1,5,5,180,1,1,51,10,5,2.0
34,2,63,398147,399671,399671,400675,400675,401278,401310,408310,408310,408911,408943,408976,412078,1524,1004,603,7000,601,560,0,600,1908,3135,3102,1308,389.1215687,13.93414027,1,20,-6,150,-1,-1,49,14,20,1.0
34,2,64,412081,413604,413604,414610,414610,415229,415262,423762,423762,424380,424413,424447,427536,1523,1006,619,8500,618,478,0,600,1956,3123,3089,1356,404.5793307,15.457762,1,3,2,210,1,1,51,5,3,2.0
34,2,65,427538,429067,429067,430072,430072,430677,430709,438209,438209,438839,438871,438905,441997,1529,1005,605,7500,630,261,0,600,2170,3126,3092,1570,419.0404121,14.46108138,1,10,18,150,1,1,51,28,10,2.0
34,2,66,442000,443522,443522,444522,444522,445128,445160,452160,452160,452762,452794,452828,455936,1522,1000,606,7000,602,535,0,600,1935,3142,3108,1335,432.9792625,13.93885039,1,20,8,180,1,1,51,28,20,2.0
34,2,67,455939,457459,457459,458466,458466,459071,459103,465603,465603,466224,466257,466290,469397,1520,1007,605,6500,621,432,0,600,2015,3140,3107,1415,446.4407043,13.4614418,1,5,9,180,1,1,51,14,5,2.0
34,2,68,469400,470931,470931,471934,471934,472563,472596,480596,480596,481197,481229,481262,484362,1531,1003,629,8000,601,324,0,600,2112,3133,3100,1512,461.4053706,14.96466626,1,10,-5,170,-1,-1,49,5,10,1.0
34,2,69,484364,485891,485891,486895,486895,487522,487554,496554,496554,497184,497217,497250,500296,1527,1004,627,9000,630,695,0,600,1717,3079,3046,1117,477.3393415,15.93397091,0,8,-1,150,-1,1,51,7,8,2.0
34,2,70,500299,501821,501821,502823,502823,503428,503461,511961,511961,512592,512626,512660,515736,1522,1002,605,8500,631,502,0,600,1938,3110,3076,1338,492.7804894,15.4411479,1,10,10,210,1,1,51,20,10,2.0
34,2,71,515740,517259,517259,518265,518265,518870,518903,524903,524903,525503,525536,525570,528675,1519,1006,605,6000,600,436,0,600,2034,3139,3105,1434,505.7183031,12.93781374,1,14,-4,170,-1,-1,49,10,14,1.0
34,2,72,528678,530204,530204,531212,531212,531815,531847,538847,538847,539447,539479,539513,542633,1526,1008,603,7000,600,482,0,600,1981,3154,3120,1381,519.6763776,13.9580745,1,56,-28,210,-1,-1,49,28,56,1.0
34,3,73,28826,30347,30347,31363,31363,31971,32003,41003,41003,41605,41637,41672,44786,1521,1016,608,9000,602,464,0,600,1989,3149,3114,1389,15.97267135,15.97267135,1,40,-20,170,-1,-1,49,20,40,1.0
34,3,74,44791,46314,46314,47318,47318,47939,47971,54471,54471,55087,55120,55154,58239,1523,1004,621,6500,616,866,0,600,1570,3119,3085,970,29.42403747,13.45136612,1,4,1,150,1,1,51,5,4,2.0
34,3,75,58242,59767,59767,60771,60771,61376,61409,69909,69909,70522,70554,70588,73682,1525,1004,605,8500,613,519,0,600,1934,3128,3094,1334,44.86703476,15.44299729,1,56,-28,160,-1,-1,49,28,56,1.0
34,3,76,73685,75206,75206,76213,76213,76814,76847,84847,84847,85449,85481,85514,88617,1521,1007,601,8000,602,305,0,600,2164,3136,3103,1564,59.80183348,14.93479872,1,20,-10,210,-1,-1,49,10,20,1.0
34,3,77,88620,90143,90143,91146,91146,91753,91785,98785,98785,99390,99422,99455,102549,1523,1003,607,7000,605,293,0,600,2169,3127,3094,1569,73.73377148,13.931938,1,40,-20,200,-1,-1,49,20,40,1.0
34,3,78,102552,104073,104073,105078,105078,105680,105713,111713,111713,112314,112346,112380,115493,1521,1005,602,6000,601,341,0,600,2130,3147,3113,1530,86.67747453,12.94370305,1,20,-10,180,-1,-1,49,10,20,1.0
34,3,79,115496,117020,117020,118024,118024,118630,118663,126163,126163,126783,126815,126849,129951,1524,1004,606,7500,620,591,0,600,1855,3136,3102,1255,101.1355713,14.4580968,1,14,-4,170,-1,-1,49,10,14,1.0
34,3,80,129954,131477,131477,132480,132480,133085,133118,142118,142118,142721,142753,142787,145905,1523,1003,605,9000,603,284,0,600,2182,3152,3118,1582,117.0893814,15.95381008,1,28,-8,200,-1,-1,49,20,28,1.0
34,3,81,145907,147431,147431,148438,148438,149042,149074,156074,156074,156703,156735,156769,159853,1524,1007,604,7000,629,737,0,600,1699,3118,3084,1099,131.0376065,13.94822513,1,7,7,200,1,1,51,14,7,2.0
34,3,82,159856,161383,161383,162388,162388,163013,163045,169045,169045,169668,169700,169734,172809,1527,1005,625,6000,623,665,0,600,1755,3109,3075,1155,143.9934275,12.95582099,1,4,3,170,1,1,51,7,4,2.0
34,3,83,172812,174332,174332,175336,175336,175963,175995,184495,184495,185096,185129,185162,188258,1520,1004,627,8500,601,846,0,600,1602,3129,3096,1002,159.4426013,15.44917379,1,14,-7,160,-1,-1,49,7,14,1.0
34,3,84,188261,189785,189785,190791,190791,191395,191427,198927,198927,199528,199560,199593,202692,1524,1006,604,7500,601,292,0,600,2173,3132,3099,1573,173.8769688,14.43436749,1,20,-10,170,-1,-1,49,10,20,1.0
34,3,85,202695,204217,204217,205224,205224,205830,205863,213863,213863,214468,214500,214534,217656,1522,1007,606,8000,605,640,0,600,1820,3156,3122,1220,188.8404749,14.96350605,1,10,4,200,1,1,51,14,10,2.0
34,3,86,217658,219184,219184,220191,220191,220813,220845,227345,227345,227963,227995,228029,231102,1526,1007,622,6500,618,524,0,600,1903,3107,3073,1303,202.2865501,13.44607529,1,3,2,160,1,1,51,5,3,2.0
34,3,87,231105,232628,232628,233634,233634,234242,234275,241275,241275,241877,241909,241942,245062,1523,1006,608,7000,602,478,0,600,1983,3153,3120,1383,216.2465563,13.96000616,1,10,10,160,1,1,51,20,10,2.0
34,3,88,245065,246588,246588,247593,247593,248194,248227,257228,257228,257858,257890,257923,261000,1523,1005,601,9001,630,402,0,600,2038,3110,3077,1438,232.1854179,15.93886154,1,10,4,210,1,1,51,14,10,2.0
34,3,89,261004,262530,262530,263537,263537,264161,264194,271694,271694,272315,272348,272381,275448,1526,1007,624,7500,621,1006,0,600,1416,3100,3067,816,246.6323966,14.44697874,1,4,1,150,1,1,51,5,4,2.0
34,3,90,275451,276970,276970,277975,277975,278583,278615,286615,286615,287247,287279,287312,290412,1519,1005,608,8000,632,360,0,600,2076,3133,3100,1476,261.5961202,14.96372363,1,14,14,180,1,1,51,28,14,2.0
34,3,91,290415,291939,291939,292947,292947,293553,293585,299585,299585,300218,300250,300284,303373,1524,1008,606,6000,633,675,0,600,1754,3123,3089,1154,274.5574731,12.9613529,0,19,1,170,1,-1,49,20,19,1.0
34,3,92,303376,304900,304900,305905,305905,306530,306562,313062,313062,313691,313723,313757,316829,1524,1005,625,6500,629,587,0,600,1830,3106,3072,1230,288.0134119,13.45593882,1,14,-9,180,-1,-1,49,5,14,1.0
34,3,93,316832,318357,318357,319360,319360,319984,320017,328517,328517,329136,329168,329201,332285,1525,1003,624,8500,619,770,0,600,1659,3117,3084,1059,303.4691859,15.45577398,1,3,2,170,1,1,51,5,3,2.0
34,3,94,332287,333809,333809,334813,334813,335419,335451,341451,341451,342073,342105,342138,345241,1522,1004,606,6000,622,1013,0,600,1433,3136,3103,833,316.4252435,12.95605755,1,10,18,150,1,1,51,28,10,2.0
34,3,95,345244,346766,346766,347772,347772,348402,348435,356935,356935,357564,357596,357629,360687,1522,1006,630,8500,629,610,0,600,1803,3091,3058,1203,331.8710596,15.44581613,1,4,3,190,1,1,51,7,4,2.0
34,3,96,360690,362213,362213,363221,363221,363828,363860,370360,370360,370985,371018,371052,374149,1523,1008,607,6500,625,587,0,600,1850,3131,3097,1250,345.3331388,13.46207916,0,7,7,160,1,-1,49,14,7,1.0
34,3,97,374152,375676,375676,376681,376681,377303,377336,385336,385336,385937,385970,386004,389088,1524,1005,622,8000,601,341,0,600,2107,3118,3084,1507,360.2722251,14.93908635,1,20,-13,160,-1,-1,49,7,20,1.0
34,3,98,389091,390617,390617,391623,391623,392229,392262,399762,399762,400394,400427,400460,403548,1526,1006,606,7500,632,544,0,600,1886,3121,3088,1286,374.7316096,14.45938447,1,10,10,200,1,1,51,20,10,2.0
34,3,99,403550,405074,405074,406080,406080,406708,406740,413740,413740,414362,414394,414428,417494,1524,1006,628,7000,622,358,0,600,2062,3100,3066,1462,388.6781351,13.94652551,1,20,-13,180,-1,-1,49,7,20,1.0
34,3,100,417497,419018,419018,420024,420024,420629,420662,429662,429662,430262,430294,430327,433432,1521,1006,605,9000,600,463,0,600,2005,3138,3105,1405,404.6161845,15.9380494,1,20,8,210,1,1,51,28,20,2.0
34,3,101,433435,434958,434958,435962,435962,436567,436599,445599,445599,446229,446261,446294,449383,1523,1004,605,9000,630,346,0,600,2092,3122,3089,1492,420.5672749,15.95109038,1,10,4,150,1,1,51,14,10,2.0
34,3,102,449385,450911,450911,451916,451916,452534,452567,461067,461067,461684,461717,461750,464846,1526,1005,618,8500,617,457,0,600,1977,3129,3096,1377,436.0302581,15.46298321,1,5,5,150,1,1,51,10,5,2.0
34,3,103,464849,466371,466371,467377,467377,468002,468035,474035,474035,474636,474668,474701,477779,1522,1006,625,6000,601,377,0,600,2069,3111,3078,1469,448.9630203,12.93276219,1,10,-3,160,-1,-1,49,7,10,1.0
34,3,104,477782,479302,479302,480303,480303,480908,480940,487940,487940,488571,488603,488636,491731,1520,1001,605,7000,631,297,0,600,2146,3128,3095,1546,462.9147016,13.95168133,1,20,-6,150,-1,-1,49,14,20,1.0
34,3,105,491734,493260,493260,494264,494264,494868,494900,502900,502900,503531,503564,503597,506665,1526,1004,604,8000,631,269,0,600,2166,3101,3068,1566,477.8491893,14.93448773,1,14,14,150,1,1,51,28,14,2.0
34,3,106,506668,508188,508188,509195,509195,509827,509859,517359,517359,517984,518017,518051,521106,1520,1007,632,7500,625,380,0,600,2036,3089,3055,1436,492.2896926,14.4405033,1,7,-2,170,-1,-1,49,5,7,1.0
34,3,107,521109,522631,522631,523635,523635,524238,524270,530770,530770,531402,531435,531468,534565,1522,1004,603,6500,632,360,0,600,2079,3130,3097,1479,505.7484615,13.45876881,1,14,-4,180,-1,-1,49,10,14,1.0
34,3,108,534568,536088,536088,537089,537089,537697,537729,545729,545729,546349,546382,546415,549529,1520,1001,608,8000,620,274,0,600,2177,3147,3114,1577,520.712666,14.96420459,1,79,-51,200,-1,-1,49,28,79,1.0
34,4,109,51632,53159,53159,54176,54176,54805,54837,63837,63837,64438,64471,64507,67606,1527,1017,629,9000,601,384,0,600,2042,3135,3099,1442,15.98642473,15.98642473,1,14,-7,180,-1,-1,49,7,14,1.0
34,4,110,67609,69132,69132,70139,70139,70756,70788,76788,76788,77420,77453,77486,80569,1523,1007,617,6000,632,309,0,600,2112,3116,3083,1512,28.94818626,12.96176153,1,20,-13,150,-1,-1,49,7,20,1.0
34,4,111,80572,82095,82095,83102,83102,83722,83754,90254,90254,90854,90886,90920,94017,1523,1007,620,6500,600,324,0,600,2126,3131,3097,1526,42.39635805,13.44817179,1,10,-3,150,-1,-1,49,7,10,1.0
34,4,112,94020,95543,95543,96547,96547,97154,97188,105688,105688,106290,106323,106356,109480,1523,1004,607,8500,602,446,0,600,2018,3157,3124,1418,57.85896577,15.46260773,0,20,8,160,1,-1,49,28,20,1.0
34,4,113,109483,111006,111006,112014,112014,112635,112667,120167,120167,120769,120802,120835,123933,1523,1008,621,7500,602,428,0,600,2018,3131,3098,1418,72.31235757,14.4533918,1,10,-5,150,-1,-1,49,5,10,1.0
34,4,114,123936,125459,125459,126465,126465,127071,127104,135104,135104,135707,135740,135774,138888,1523,1006,606,8000,603,310,0,600,2152,3148,3114,1552,87.2670714,14.95471383,1,20,-6,190,-1,-1,49,14,20,1.0
34,4,115,138891,140410,140410,141416,141416,142021,142053,149053,149053,149653,149685,149719,152826,1519,1006,605,7000,600,301,0,600,2169,3141,3107,1569,101.204174,13.93710256,1,28,-14,160,-1,-1,49,14,28,1.0
34,4,116,152828,154354,154354,155357,155357,155963,155996,163496,163496,164110,164143,164177,167275,1526,1003,606,7500,614,324,0,600,2127,3132,3098,1527,115.6538739,14.44969994,1,79,-51,200,-1,-1,49,28,79,1.0
34,4,117,167278,168802,168802,169809,169809,170430,170462,178462,178462,179062,179095,179128,182237,1524,1007,621,8000,600,531,0,600,1917,3142,3109,1317,130.6155929,14.96171904,0,20,-13,200,-1,1,51,7,20,2.0
34,4,118,182239,183763,183763,184764,184764,185386,185418,191418,191418,192040,192072,192105,195189,1524,1001,622,6000,622,1058,0,600,1373,3117,3084,773,143.5679505,12.95235756,1,4,1,150,1,1,51,5,4,2.0
34,4,119,195192,196710,196710,197713,197713,198316,198348,205348,205348,205949,205982,206016,209136,1518,1003,603,7000,601,513,0,600,1962,3154,3120,1362,157.5150133,13.94706282,1,14,6,210,1,1,51,20,14,2.0
34,4,120,209139,210661,210661,211669,211669,212274,212307,221307,221307,221907,221939,221973,225098,1522,1008,605,9000,600,387,0,600,2078,3159,3125,1478,173.476946,15.9619327,1,29,-1,160,-1,-1,49,28,29,1.0
34,4,121,225101,226617,226617,227623,227623,228242,228274,234774,234774,235390,235423,235456,238560,1516,1006,619,6500,616,888,0,600,1555,3137,3104,955,186.9387437,13.46179769,1,2,3,210,1,1,51,5,2,2.0
34,4,122,238563,240088,240088,241090,241090,241690,241722,250222,250222,250840,250873,250906,253997,1525,1002,600,8500,618,388,0,600,2067,3124,3091,1467,202.3758779,15.4371342,1,4,6,200,1,1,51,10,4,2.0
34,4,123,254000,255520,255520,256527,256527,257147,257180,265680,265680,266302,266335,266368,269437,1520,1007,620,8500,622,365,0,600,2066,3102,3069,1466,217.815275,15.43939704,1,4,3,210,1,1,51,7,4,2.0
34,4,124,269440,270962,270962,271966,271966,272566,272599,279599,279599,280228,280260,280294,283394,1522,1004,600,7000,629,530,0,600,1915,3134,3100,1315,231.7727299,13.95745492,1,7,3,190,1,1,51,10,7,2.0
34,4,125,283397,284916,284916,285922,285922,286527,286560,294060,294060,294677,294710,294743,297852,1519,1006,605,7500,617,282,0,600,2171,3142,3109,1571,246.2308643,14.45813447,1,79,-51,160,-1,-1,49,28,79,1.0
34,4,126,297855,299376,299376,300382,300382,300983,301016,310016,310016,310618,310651,310684,313800,1521,1006,601,9000,602,348,0,600,2122,3149,3116,1522,262.1786109,15.94774659,0,11,-1,170,-1,1,51,10,11,2.0
34,4,127,313803,315327,315327,316334,316334,316940,316972,323472,323472,324104,324136,324169,327257,1524,1007,606,6500,632,741,0,600,1690,3121,3088,1090,275.6360562,13.45744528,1,10,10,210,1,1,51,20,10,2.0
34,4,128,327260,328782,328782,329787,329787,330417,330450,338450,338450,339050,339082,339115,342200,1522,1005,630,8000,600,603,0,600,1840,3118,3085,1240,290.5783932,14.94233703,1,14,-4,210,-1,-1,49,10,14,1.0
34,4,129,342203,343725,343725,344733,344733,345355,345387,351387,351387,352006,352039,352073,355136,1522,1008,622,6000,619,774,0,600,1655,3097,3063,1055,303.5142672,12.93587395,1,5,2,190,1,1,51,7,5,2.0
34,4,130,355139,356660,356660,357665,357665,358274,358307,366807,366807,367409,367441,367474,370585,1521,1005,609,8500,602,446,0,600,2017,3144,3111,1417,318.9634563,15.44918915,1,29,-1,190,-1,-1,49,28,29,1.0
34,4,131,370588,372110,372110,373113,373113,373721,373754,382754,382754,383356,383388,383422,386544,1522,1003,608,9000,602,321,0,600,2144,3156,3122,1544,334.9225753,15.95911898,1,29,-1,160,-1,-1,49,28,29,1.0
34,4,132,386547,388069,388069,389075,389075,389680,389713,395713,395713,396316,396348,396381,399498,1522,1006,605,6000,603,351,0,600,2113,3150,3117,1513,347.8766018,12.95402645,1,15,-1,200,-1,-1,49,14,15,1.0
34,4,133,399501,401024,401024,402030,402030,402636,402669,409169,409169,409797,409830,409864,412940,1523,1006,606,6500,628,428,0,600,2009,3110,3076,1409,361.3179654,13.44136366,1,7,13,170,1,1,51,20,7,2.0
34,4,134,412942,414468,414468,415473,415473,416079,416111,423611,423611,424216,424248,424281,427394,1526,1005,606,7500,605,309,0,600,2149,3146,3113,1549,375.7724984,14.45453302,1,40,-20,180,-1,-1,49,20,40,1.0
34,4,135,427397,428920,428920,429924,429924,430525,430557,437557,437557,438190,438222,438255,441350,1523,1004,601,7000,633,645,0,600,1794,3128,3095,1194,389.7282619,13.95576343,1,20,-10,180,-1,-1,49,10,20,1.0
34,4,136,441353,442880,442880,443885,443885,444488,444520,452520,452520,453152,453184,453217,456298,1527,1005,603,8000,632,474,0,600,1959,3114,3081,1359,404.6765762,14.94831433,1,10,4,170,1,1,51,14,10,2.0
34,4,137,456301,457824,457824,458832,458832,459436,459469,466469,466469,467069,467101,467135,470261,1523,1008,604,7000,600,420,0,600,2045,3160,3126,1445,418.6394524,13.96287623,1,14,6,170,1,1,51,20,14,2.0
34,4,138,470264,471784,471784,472788,472788,473406,473438,479438,479438,480054,480086,480120,483215,1520,1004,618,6000,616,618,0,600,1824,3129,3095,1224,431.5933779,12.95392549,1,7,-2,150,-1,-1,49,5,7,1.0
34,4,139,483218,484740,484740,485747,485747,486351,486385,494385,494385,495017,495050,495084,498156,1522,1007,604,8000,632,299,0,600,2136,3106,3072,1536,446.5344475,14.94106954,1,28,-8,160,-1,-1,49,20,28,1.0
34,4,140,498159,499681,499681,500687,500687,501287,501320,510320,510320,510947,510979,511013,514092,1522,1006,600,9000,627,467,0,600,1978,3113,3079,1378,462.4703211,15.93587364,1,5,5,200,1,1,51,10,5,2.0
34,4,141,514095,515620,515620,516626,516626,517250,517283,523783,523783,524404,524437,524471,527530,1525,1006,624,6500,621,676,0,600,1748,3093,3059,1148,475.9086101,13.43828898,1,6,-1,180,-1,-1,49,5,6,1.0
34,4,142,527533,529058,529058,530061,530061,530664,530696,538196,538196,538798,538830,538864,541985,1525,1003,603,7500,602,350,0,600,2117,3155,3121,1517,490.3636831,14.45507304,1,20,-6,160,-1,-1,49,14,20,1.0
34,4,143,541988,543514,543514,544520,544520,545124,545156,553656,553656,554288,554320,554354,557444,1526,1006,604,8500,632,256,0,600,2176,3124,3090,1576,505.8223552,15.45867208,1,28,-14,150,-1,-1,49,14,28,1.0
34,4,144,557447,558973,558973,559980,559980,560603,560636,569636,569636,570252,570285,570318,573395,1526,1007,623,9000,616,1049,0,600,1379,3110,3077,779,521.7733892,15.95103403,1,3,2,200,1,1,51,5,3,2.0
34,5,145,23043,24567,24567,25587,25587,26202,26234,32734,32734,33336,33368,33404,36489,1524,1020,615,6500,602,313,0,600,2126,3121,3085,1526,13.45735216,13.45735216,1,40,-26,150,-1,-1,49,14,40,1.0
34,5,146,36493,38014,38014,39018,39018,39621,39653,48653,48653,49259,49291,49324,52433,1521,1004,603,9000,606,310,0,600,2156,3142,3109,1556,29.40019787,15.94284571,1,40,-12,180,-1,-1,49,28,40,1.0
34,5,147,52436,53963,53963,54971,54971,55573,55606,62606,62606,63238,63270,63303,66396,1527,1008,602,7000,632,428,0,600,2003,3126,3093,1403,43.36182379,13.96162592,1,20,8,180,1,1,51,28,20,2.0
34,5,148,66397,67920,67920,68923,68923,69524,69557,75557,75557,76182,76214,76248,79343,1523,1003,601,6000,625,457,0,600,1991,3129,3095,1391,56.31007574,12.94825195,1,4,6,170,1,1,51,10,4,2.0
34,5,149,79346,80864,80864,81873,81873,82480,82512,90512,90512,91132,91164,91199,94304,1518,1009,607,8000,620,338,0,600,2108,3140,3105,1508,71.27025216,14.96017642,1,79,-51,160,-1,-1,49,28,79,1.0
34,5,150,94307,95829,95829,96834,96834,97454,97486,104986,104986,105608,105641,105674,108763,1522,1005,620,7500,622,413,0,600,2018,3122,3089,1418,85.72984306,14.4595909,1,5,2,150,1,1,51,7,5,2.0
34,5,151,108766,110286,110286,111290,111290,111896,111928,120428,120428,121053,121086,121119,124218,1520,1004,606,8500,625,361,0,600,2084,3132,3099,1484,101.185027,15.45518394,1,20,8,180,1,1,51,28,20,2.0
34,5,152,124221,125743,125743,126748,126748,127371,127404,135404,135404,136035,136068,136101,139153,1522,1005,623,8000,631,481,0,600,1938,3085,3052,1338,116.1192194,14.93419241,1,10,-3,160,-1,-1,49,7,10,1.0
34,5,153,139156,140678,140678,141682,141682,142305,142337,148837,148837,149454,149487,149520,152600,1522,1004,623,6500,617,538,0,600,1896,3113,3080,1296,129.5661032,13.44688382,1,2,3,200,1,1,51,5,2,2.0
34,5,154,152603,154126,154126,155131,155131,155750,155783,161783,161783,162400,162432,162466,165536,1523,1005,619,6000,617,368,0,600,2068,3104,3070,1468,142.502538,12.93643476,1,2,3,170,1,1,51,5,2,2.0
34,5,155,165539,167059,167059,168063,168063,168668,168701,177701,177701,178334,178366,178399,181481,1520,1004,605,9000,633,246,0,600,2192,3115,3082,1592,158.4473313,15.94479334,1,28,-18,180,-1,-1,49,10,28,1.0
34,5,156,181484,183006,183006,184011,184011,184614,184646,193146,193146,193778,193811,193845,196924,1522,1005,603,8500,632,536,0,600,1902,3113,3079,1302,173.890093,15.44276163,0,28,-8,200,-1,1,51,20,28,2.0
34,5,157,196927,198445,198445,199448,199448,200071,200103,207603,207603,208207,208239,208272,211375,1518,1003,623,7500,604,592,0,600,1860,3136,3103,1260,188.3410489,14.45095598,1,20,-13,160,-1,-1,49,7,20,1.0
34,5,158,211378,212897,212897,213902,213902,214525,214557,221557,221557,222172,222205,222238,225315,1519,1005,623,7000,615,311,0,600,2127,3110,3077,1527,202.2815296,13.9404807,1,7,3,170,1,1,51,10,7,2.0
34,5,159,225318,226837,226837,227845,227845,228447,228479,235979,235979,236579,236612,236645,239776,1519,1008,602,7500,600,365,0,600,2106,3164,3131,1506,216.7422642,14.46073453,1,20,-10,150,-1,-1,49,10,20,1.0
34,5,160,239779,241302,241302,242307,242307,242913,242946,249946,249946,250546,250579,250613,253737,1523,1005,606,7000,600,614,0,600,1852,3158,3124,1252,230.703103,13.96083879,1,14,14,180,1,1,51,28,14,2.0
34,5,161,253739,255263,255263,256267,256267,256874,256906,264906,264906,265521,265554,265587,268678,1524,1004,607,8000,615,615,0,600,1835,3124,3091,1235,245.6442457,14.94114277,1,10,10,190,1,1,51,20,10,2.0
34,5,162,268681,270203,270203,271208,271208,271810,271842,277842,277842,278462,278495,278528,281645,1522,1005,602,6000,620,702,0,600,1749,3150,3117,1149,258.6113623,12.96711654,1,10,4,210,1,1,51,14,10,2.0
34,5,163,281648,283170,283170,284173,284173,284779,284811,293311,293311,293913,293945,293979,297107,1522,1003,606,8500,602,363,0,600,2104,3162,3128,1504,274.0736349,15.46227262,1,14,14,170,1,1,51,28,14,2.0
34,5,164,297110,298634,298634,299634,299634,300256,300288,309288,309288,309919,309951,309985,313070,1524,1000,622,9000,631,318,0,600,2105,3119,3085,1505,290.0361311,15.96249623,1,4,3,180,1,1,51,7,4,2.0
34,5,165,313073,314598,314598,315601,315601,316227,316260,322760,322760,323375,323407,323440,326533,1525,1003,626,6500,615,1068,0,600,1363,3126,3093,763,303.4991071,13.46297598,0,6,1,160,1,-1,49,7,6,1.0
34,5,166,326536,328058,328058,329063,329063,329671,329704,336704,336704,337306,337338,337371,340470,1522,1005,608,7000,602,687,0,600,1776,3132,3099,1176,317.4359628,13.93685575,0,14,6,150,1,-1,49,20,14,1.0
34,5,167,340473,341991,341991,342997,342997,343599,343631,351631,351631,352260,352292,352325,355410,1518,1006,602,8000,629,316,0,600,2129,3118,3085,1529,332.3758782,14.93991537,1,7,7,190,1,1,51,14,7,2.0
34,5,168,355413,356937,356937,357937,357937,358541,358573,365073,365073,365673,365706,365739,368859,1524,1000,604,6500,600,252,0,600,2220,3153,3120,1620,345.8248025,13.44892427,1,28,-14,210,-1,-1,49,14,28,1.0
34,5,169,368862,370380,370380,371388,371388,371994,372026,379526,379526,380153,380185,380219,383321,1518,1008,606,7500,627,326,0,600,2115,3136,3102,1515,360.2871806,14.4623781,1,7,13,190,1,1,51,20,7,2.0
34,5,170,383324,384850,384850,385855,385855,386474,386506,395006,395006,395607,395639,395672,398786,1526,1005,619,8500,601,379,0,600,2070,3147,3114,1470,375.7521211,15.46494049,1,10,-5,150,-1,-1,49,5,10,1.0
34,5,171,398789,400311,400311,401318,401318,401938,401971,410971,410971,411573,411606,411639,414727,1522,1007,620,9000,602,315,0,600,2134,3121,3088,1534,391.6932216,15.94110058,1,14,-9,170,-1,-1,49,5,14,1.0
34,5,172,414730,416251,416251,417259,417259,417864,417896,423896,423896,424527,424560,424593,427662,1521,1008,605,6000,631,301,0,600,2134,3102,3069,1534,404.6284218,12.93520012,1,10,10,200,1,1,51,20,10,2.0
34,5,173,427665,429186,429186,430193,430193,430795,430827,439827,439827,440456,440488,440522,443617,1521,1007,602,9000,629,290,0,600,2151,3129,3095,1551,420.5830964,15.95467465,1,7,7,160,1,1,51,14,7,2.0
34,5,174,443620,445145,445145,446151,446151,446751,446784,455284,455284,455886,455918,455951,459069,1525,1006,600,8500,602,281,0,600,2186,3151,3118,1586,436.035152,15.45205561,1,28,-18,210,-1,-1,49,10,28,1.0
34,5,175,459072,460592,460592,461595,461595,462218,462251,469751,469751,470367,470399,470432,473516,1520,1003,623,7500,616,379,0,600,2059,3117,3084,1459,450.4823131,14.44716106,1,5,2,190,1,1,51,7,5,2.0
34,5,176,473518,475044,475044,476051,476051,476673,476705,483205,483205,483830,483862,483895,486950,1526,1007,622,6500,625,802,0,600,1618,3088,3055,1018,463.9158959,13.43358277,1,4,1,200,1,1,51,5,4,2.0
34,5,177,486953,488479,488479,489481,489481,490101,490134,498134,498134,498748,498780,498814,501891,1526,1002,620,8000,614,404,0,600,2034,3111,3077,1434,478.8570275,14.94113162,1,7,-2,150,-1,-1,49,5,7,1.0
34,5,178,501894,503414,503414,504417,504417,505025,505058,511058,511058,511663,511695,511728,514847,1520,1003,608,6000,605,291,0,600,2173,3152,3119,1573,491.8134039,12.95637638,1,57,-37,150,-1,-1,49,20,57,1.0
34,5,179,514850,516371,516371,517375,517375,517979,518010,525010,525010,525641,525674,525707,528802,1521,1004,604,7000,631,321,0,600,2119,3128,3095,1519,505.7679785,13.9545746,1,7,7,160,1,1,51,14,7,2.0
34,5,180,528805,530327,530327,531328,531328,531930,531962,537962,537962,538562,538595,538629,541764,1522,1001,602,6000,600,237,0,600,2238,3169,3135,1638,518.7294519,12.96147344,1,28,-18,160,-1,-1,49,10,28,1.0
34,6,181,24764,26290,26290,27304,27304,27904,27937,33937,33937,34568,34601,34637,37727,1526,1014,600,6000,631,247,0,600,2182,3126,3090,1582,12.97515087,12.97515087,1,14,-9,150,-1,-1,49,5,14,1.0
34,6,182,37731,39252,39252,40259,40259,40881,40913,47913,47913,48533,48566,48600,51675,1521,1007,622,7000,620,960,0,600,1470,3109,3075,870,26.92073225,13.94558138,1,5,2,160,1,1,51,7,5,2.0
34,6,183,51676,53192,53192,54199,54199,54805,54837,62337,62337,62937,62970,63003,66112,1516,1007,606,7500,600,247,0,600,2224,3142,3109,1624,41.35880756,14.43807532,1,40,-12,210,-1,-1,49,28,40,1.0
34,6,184,66115,67633,67633,68637,68637,69241,69274,77774,77774,78390,78422,78456,81571,1518,1004,604,8500,616,373,0,600,2085,3149,3115,1485,56.81819415,15.45938658,0,10,4,210,1,-1,49,14,10,1.0
34,6,185,81574,83100,83100,84102,84102,84707,84739,91239,91239,91859,91891,91925,95024,1526,1002,605,6500,620,1072,0,600,1375,3133,3099,775,70.27026301,13.45206887,1,79,-51,210,-1,-1,49,28,79,1.0
34,6,186,95027,96547,96547,97549,97549,98167,98199,106199,106199,106831,106864,106897,109958,1520,1002,618,8000,632,515,0,600,1913,3094,3061,1313,85.20423905,14.93397604,1,10,4,170,1,1,51,14,10,2.0
34,6,187,109961,111482,111482,112485,112485,113090,113123,122123,122123,122724,122757,122790,125907,1521,1003,605,9000,601,414,0,600,2056,3150,3117,1456,101.1533975,15.94915842,1,28,-8,200,-1,-1,49,20,28,1.0
34,6,188,125910,127433,127433,128434,128434,129056,129089,137589,137589,138192,138224,138257,141362,1523,1001,622,8500,603,308,0,600,2143,3138,3105,1543,116.6080435,15.45464602,1,14,-9,170,-1,-1,49,5,14,1.0
34,6,189,141364,142883,142883,143886,143886,144490,144523,150523,150523,151147,151179,151212,154312,1519,1003,604,6000,624,493,0,600,1957,3133,3100,1357,129.5586017,12.95055819,1,15,-1,160,-1,-1,49,14,15,1.0
34,6,190,154315,155834,155834,156840,156840,157448,157480,166480,166480,167080,167113,167146,170259,1519,1006,608,9000,600,402,0,600,2065,3146,3113,1465,145.5053427,15.94674098,1,28,-8,170,-1,-1,49,20,28,1.0
34,6,191,170262,171784,171784,172787,172787,173393,173425,181425,181425,182057,182089,182122,185206,1522,1003,606,8000,632,441,0,600,1996,3117,3084,1396,160.4522786,14.94693595,1,40,-20,190,-1,-1,49,20,40,1.0
34,6,192,185209,186732,186732,187737,187737,188369,188402,195402,195402,196029,196062,196095,199163,1523,1005,632,7000,627,330,0,600,2083,3101,3068,1483,174.4092728,13.95699415,1,7,3,150,1,1,51,10,7,2.0
34,6,193,199166,200686,200686,201694,201694,202299,202332,209832,209832,210452,210485,210518,213607,1520,1008,605,7500,620,317,0,600,2130,3122,3089,1530,188.8532488,14.44397608,1,57,-37,160,-1,-1,49,20,57,1.0
34,6,194,213610,215130,215130,216136,216136,216736,216769,223269,223269,223870,223903,223936,227070,1520,1006,600,6500,601,580,0,600,1893,3167,3134,1293,202.3163122,13.46306337,1,11,-1,210,-1,-1,49,10,11,1.0
34,6,195,227073,228597,228597,229601,229601,230205,230238,236238,236238,236859,236891,236924,240019,1524,1004,604,6000,621,295,0,600,2152,3128,3095,1552,215.2654064,12.94909423,1,7,7,190,1,1,51,14,7,2.0
34,6,196,240022,241543,241543,242546,242546,243171,243204,251704,251704,252331,252363,252397,255462,1521,1003,625,8500,627,720,0,600,1704,3099,3065,1104,230.7088753,15.4434689,1,8,-1,150,-1,-1,49,7,8,1.0
34,6,197,255465,256983,256983,257986,257986,258608,258642,265142,265142,265755,265787,265821,268914,1518,1003,622,6500,613,552,0,600,1892,3127,3093,1292,244.1605404,13.45166506,1,2,3,180,1,1,51,5,2,2.0
34,6,198,268917,270440,270440,271447,271447,272051,272083,281083,281083,281700,281733,281768,284858,1523,1007,604,9000,617,421,0,600,2028,3125,3090,1428,260.1045309,15.94399054,1,4,6,170,1,1,51,10,4,2.0
34,6,199,284861,286380,286380,287384,287384,287990,288023,295523,295523,296123,296156,296189,299308,1519,1004,606,7500,600,412,0,600,2059,3152,3119,1459,274.5541938,14.44966288,1,21,-1,200,-1,-1,49,20,21,1.0
34,6,200,299311,300836,300836,301840,301840,302464,302497,310497,310497,311117,311149,311183,314268,1525,1004,624,8000,620,610,0,600,1817,3119,3085,1217,289.5144631,14.96026924,1,4,3,180,1,1,51,7,4,2.0
34,6,201,314271,315794,315794,316797,316797,317416,317448,324448,324448,325073,325105,325139,328229,1523,1003,619,7000,625,617,0,600,1813,3124,3090,1213,303.4751259,13.9606628,1,8,-1,180,-1,-1,49,7,8,1.0
34,6,202,328232,329749,329749,330754,330754,331372,331404,338404,338404,339018,339051,339084,342167,1517,1005,618,7000,614,769,0,600,1677,3116,3083,1077,317.4135498,13.93842398,1,2,3,160,1,1,51,5,2,2.0
34,6,203,342170,343690,343690,344696,344696,345303,345335,353335,353335,353954,353986,354019,357129,1520,1006,607,8000,619,602,0,600,1846,3143,3110,1246,332.374869,14.96131915,1,79,-51,150,-1,-1,49,28,79,1.0
34,6,204,357132,358656,358656,359661,359661,360265,360298,366298,366298,366899,366931,366965,370076,1524,1005,604,6000,601,537,0,600,1929,3145,3111,1329,345.3223664,12.94749737,0,15,-1,170,-1,1,51,14,15,2.0
34,6,205,370079,371602,371602,372606,372606,373227,373259,380759,380759,381360,381393,381426,384509,1523,1004,621,7500,601,540,0,600,1911,3116,3083,1311,359.7549173,14.43255094,1,14,-9,170,-1,-1,49,5,14,1.0
34,6,206,384512,386034,386034,387037,387037,387656,387689,396189,396189,396808,396841,396874,399956,1522,1003,619,8500,619,957,0,600,1480,3115,3082,880,375.2020238,15.44710652,0,4,1,210,1,-1,49,5,4,1.0
34,6,207,399958,401480,401480,402484,402484,403089,403122,409622,409622,410223,410255,410289,413407,1522,1004,605,6500,601,412,0,600,2056,3152,3118,1456,388.6532215,13.45119766,1,14,14,190,1,1,51,28,14,2.0
34,6,208,413410,414934,414934,415935,415935,416566,416599,425599,425599,426201,426233,426268,429364,1524,1001,631,9000,602,462,0,600,1980,3131,3096,1380,404.6101086,15.95688717,1,11,-1,210,-1,-1,49,10,11,1.0
34,6,209,429367,430886,430886,431889,431889,432493,432526,441026,441026,441647,441679,441713,444826,1519,1003,604,8500,621,409,0,600,2044,3147,3113,1444,420.072296,15.46218734,1,79,-51,200,-1,-1,49,28,79,1.0
34,6,210,444829,446353,446353,447356,447356,447962,447994,455994,455994,456594,456628,456661,459784,1524,1003,606,8000,600,450,0,600,2017,3156,3123,1417,435.0300568,14.95776079,1,40,-12,170,-1,-1,49,28,40,1.0
34,6,211,459787,461307,461307,462313,462313,462939,462972,471972,471972,472584,472617,472650,475742,1520,1006,626,9000,612,644,0,600,1792,3125,3092,1192,450.9879954,15.95793859,1,2,5,150,1,1,51,7,2,2.0
34,6,212,475745,477265,477265,478265,478265,478870,478902,486402,486402,487025,487058,487091,490192,1520,1000,605,7500,623,821,0,600,1631,3134,3101,1031,465.4378957,14.44990034,0,7,7,190,1,-1,49,14,7,1.0
34,6,213,490195,491712,491712,492714,492714,493319,493352,500352,500352,500984,501017,501050,504156,1517,1002,605,7000,632,567,0,600,1877,3139,3106,1277,479.4020913,13.96419555,1,21,-1,210,-1,-1,49,20,21,1.0
34,6,214,504159,505675,505675,506678,506678,507308,507340,513340,513340,513940,513972,514006,517092,1516,1003,630,6000,600,444,0,600,2007,3120,3086,1407,492.3381252,12.93603396,1,28,-18,200,-1,-1,49,10,28,1.0
34,6,215,517095,518613,518613,519616,519616,520220,520253,526753,526753,527354,527387,527421,530550,1518,1003,604,6500,601,490,0,600,1984,3163,3129,1384,505.7959137,13.45778852,1,20,-10,210,-1,-1,49,10,20,1.0
34,6,216,530552,532073,532073,533073,533073,533690,533722,539722,539722,540339,540372,540405,543508,1521,1000,617,6000,617,525,0,600,1920,3136,3103,1320,518.7548308,12.95891708,1,8,-1,190,-1,-1,49,7,8,1.0
35,1,1,70595,72127,72127,73150,73150,73778,73810,80310,80310,80938,80971,81006,84049,1532,1023,628,6500,628,1165,0,600,1224,3078,3043,624,13.48649121,13.48649121,1,4,1,210,1,1,51,5,4,2.0
35,1,2,84096,85619,85619,86637,86637,87242,87275,93275,93275,93892,93924,93957,97034,1523,1018,605,6000,617,600,0,600,1837,3110,3077,1237,26.43207123,12.94558002,1,56,-28,160,-1,-1,49,28,56,1.0
35,1,3,97043,98563,98563,99566,99566,100169,100201,108701,108701,109317,109349,109383,112504,1520,1003,603,8500,616,357,0,600,2101,3155,3121,1501,41.89555915,15.46348792,1,56,-28,180,-1,-1,49,28,56,1.0
35,1,4,112506,114029,114029,115037,115037,115655,115688,123188,123188,123789,123821,123854,126968,1523,1008,618,7500,601,572,0,600,1878,3147,3114,1278,56.35950844,14.46394929,1,14,-9,180,-1,-1,49,5,14,1.0
35,1,5,126970,128491,128491,129497,129497,130127,130161,139161,139161,139778,139811,139844,142914,1521,1006,630,9000,617,397,0,600,2029,3103,3070,1429,72.30679319,15.94728476,1,4,1,180,1,1,51,5,4,2.0
35,1,6,142917,144440,144440,145447,145447,146053,146086,153086,153086,153686,153720,153753,156865,1523,1007,606,7000,600,406,0,600,2058,3145,3112,1458,86.25628504,13.94949185,1,28,-18,190,-1,-1,49,10,28,1.0
35,1,7,156867,158391,158391,159398,159398,160000,160032,168032,168032,168632,168665,168699,171815,1524,1007,602,8000,600,344,0,600,2123,3150,3116,1523,101.2068319,14.95054688,1,7,7,210,1,1,51,14,7,2.0
35,1,8,171818,173342,173342,174349,174349,174976,175009,181009,181009,181622,181654,181688,184763,1524,1007,627,6000,613,333,0,600,2096,3109,3075,1496,114.1557422,12.94891024,1,2,5,160,1,1,51,7,2,2.0
35,1,9,184766,186291,186291,187299,187299,187901,187934,196434,196434,197059,197092,197124,200212,1525,1008,602,8500,625,772,0,600,1668,3120,3088,1068,129.6038241,15.44808198,1,6,1,190,1,1,51,7,6,2.0
35,1,10,200214,201738,201738,202742,202742,203360,203392,210392,210392,211023,211056,211090,214155,1524,1004,618,7000,631,258,0,600,2165,3099,3065,1565,143.5468373,13.94301311,1,7,7,180,1,1,51,14,7,2.0
35,1,11,214158,215681,215681,216686,216686,217289,217321,223821,223821,224450,224482,224516,227619,1523,1005,603,6500,629,268,0,600,2172,3137,3103,1572,157.0109502,13.46411292,1,5,2,160,1,1,51,7,5,2.0
35,1,12,227622,229143,229143,230146,230146,230750,230782,239782,239782,240382,240414,240447,243565,1521,1003,604,9000,600,544,0,600,1928,3151,3118,1328,172.957889,15.94693881,1,10,-3,190,-1,-1,49,7,10,1.0
35,1,13,243568,245092,245092,246098,246098,246704,246737,254737,254737,255369,255401,255434,258524,1524,1006,606,8000,632,415,0,600,2017,3123,3090,1417,187.9176189,14.95972993,1,28,-14,210,-1,-1,49,14,28,1.0
35,1,14,258528,260053,260053,261057,261057,261665,261697,269197,269197,269830,269862,269895,272977,1525,1004,608,7500,633,214,0,600,2216,3115,3082,1616,202.3689247,14.45130583,1,10,10,150,1,1,51,20,10,2.0
35,1,15,272980,274503,274503,275508,275508,276134,276166,283166,283166,283787,283819,283852,286910,1523,1005,626,7000,621,345,0,600,2080,3091,3058,1480,216.3022895,13.93336477,1,3,2,160,1,1,51,5,3,2.0
35,1,16,286913,288439,288439,289446,289446,290049,290081,297581,297581,298207,298239,298272,301344,1526,1007,603,7500,626,163,0,600,2275,3105,3072,1675,230.7356496,14.4333601,1,4,6,170,1,1,51,10,4,2.0
35,1,17,301347,302868,302868,303877,303877,304484,304516,311016,311016,311617,311651,311684,314803,1521,1009,607,6500,601,91,0,600,2371,3152,3119,1771,244.1951914,13.45954174,1,7,13,150,1,1,51,20,7,2.0
35,1,18,314805,316329,316329,317332,317332,317933,317965,323965,323965,324595,324627,324661,327750,1524,1003,601,6000,630,187,0,600,2255,3123,3089,1655,257.1419069,12.94671551,1,7,3,160,1,1,51,10,7,2.0
35,1,19,327753,329279,329279,330284,330284,330889,330921,338921,338921,339536,339569,339602,342695,1526,1005,605,8000,615,486,0,600,1963,3126,3093,1363,272.087523,14.94561618,1,10,-3,170,-1,-1,49,7,10,1.0
35,1,20,342698,344220,344220,345228,345228,345837,345869,354369,354369,354971,355003,355036,358141,1522,1008,609,8500,602,692,0,600,1767,3138,3105,1167,287.5330267,15.44550362,1,56,-28,150,-1,-1,49,28,56,1.0
35,1,21,358143,359667,359667,360671,360671,361289,361321,370321,370321,370946,370979,371012,374094,1524,1004,618,9000,625,991,0,600,1438,3115,3082,838,303.4858912,15.95286456,1,4,1,170,1,1,51,5,4,2.0
35,1,22,374096,375616,375616,376620,376620,377224,377256,384256,384256,384869,384901,384934,388048,1520,1004,604,7000,613,154,0,600,2305,3147,3114,1705,317.4398497,13.95395846,1,2,5,180,1,1,51,7,2,2.0
35,1,23,388051,389576,389576,390580,390580,391200,391232,399732,399732,400335,400368,400402,403506,1525,1004,620,8500,603,66,0,600,2382,3138,3104,1782,332.8977491,15.45789938,1,28,-18,200,-1,-1,49,10,28,1.0
35,1,24,403509,405027,405027,406032,406032,406653,406685,414685,414685,415305,415338,415371,418456,1518,1005,621,8000,620,220,0,600,2216,3118,3085,1616,347.8483173,14.95056827,1,3,2,170,1,1,51,5,3,2.0
35,1,25,418459,419981,419981,420987,420987,421596,421628,427628,427628,428229,428263,428298,431401,1522,1006,609,6000,601,524,0,600,1938,3138,3103,1338,360.793009,12.94469164,1,7,13,170,1,1,51,20,7,2.0
35,1,26,431404,432928,432928,433939,433939,434543,434576,441076,441076,441676,441708,441741,444840,1524,1011,604,6500,600,748,0,600,1713,3132,3099,1113,374.2315511,13.43854213,1,28,-18,200,-1,-1,49,10,28,1.0
35,1,27,444843,446368,446368,447373,447373,447978,448011,457011,457011,457611,457644,457679,460806,1525,1005,605,9000,600,294,0,600,2171,3162,3127,1571,390.1976944,15.96614327,1,14,6,210,1,1,51,20,14,2.0
35,1,28,460809,462336,462336,463341,463341,463941,463973,471473,471473,472074,472106,472139,475255,1527,1005,600,7500,601,1248,0,600,1219,3149,3116,619,404.6471574,14.44946307,0,20,8,180,1,-1,49,28,20,1.0
35,1,29,475258,476781,476781,477788,477788,478394,478427,485927,485927,486527,486560,486593,489702,1523,1007,606,7500,600,238,0,600,2226,3142,3109,1626,419.093704,14.4465466,1,10,4,180,1,1,51,14,10,2.0
35,1,30,489704,491226,491226,492232,492232,492835,492868,498868,498868,499468,499500,499534,502654,1522,1006,603,6000,600,292,0,600,2177,3154,3120,1577,432.0456308,12.95192676,1,10,4,200,1,1,51,14,10,2.0
35,1,31,502657,504180,504180,505185,505185,505789,505823,512323,512323,512924,512957,512990,516100,1523,1005,604,6500,601,275,0,600,2192,3143,3110,1592,445.4916907,13.44605992,1,10,18,170,1,1,51,28,10,2.0
35,1,32,516102,517625,517625,518626,518626,519232,519265,528265,528265,528898,528931,528964,532042,1523,1001,606,9000,633,1572,0,600,865,3111,3078,265,461.4331257,15.94143494,1,13,1,200,1,1,51,14,13,2.0
35,1,33,532044,533564,533564,534569,534569,535173,535205,543205,543205,543835,543869,543902,547000,1520,1005,604,8000,630,619,0,600,1822,3131,3098,1222,476.3920425,14.95891689,1,28,-8,200,-1,-1,49,20,28,1.0
35,1,34,547003,548527,548527,549532,549532,550139,550171,557171,557171,557773,557805,557839,560962,1524,1005,607,7000,602,512,0,600,1950,3157,3123,1350,490.3530803,13.96103779,1,20,-10,190,-1,-1,49,10,20,1.0
35,1,35,560964,562486,562486,563490,563490,564094,564128,572628,572628,573231,573264,573297,576411,1522,1004,604,8500,603,761,0,600,1706,3147,3114,1106,505.8023074,15.44922711,1,40,-20,210,-1,-1,49,20,40,1.0
35,1,36,576414,577934,577934,578940,578940,579546,579578,586578,586578,587184,587216,587250,590369,1520,1006,606,7000,606,575,0,600,1887,3153,3119,1287,519.760131,13.95782359,1,40,-12,180,-1,-1,49,28,40,1.0
35,2,37,18818,20346,20346,21360,21360,21970,22003,30503,30503,31108,31140,31175,34277,1528,1014,610,8500,605,609,0,600,1834,3137,3102,1234,15.47283581,15.47283581,1,19,1,170,1,1,51,20,19,2.0
35,2,38,34282,35806,35806,36814,36814,37416,37448,43948,43948,44566,44598,44631,47733,1524,1008,602,6500,618,720,0,600,1728,3135,3102,1128,28.92689538,13.45405957,1,2,5,160,1,1,51,7,2,2.0
35,2,39,47736,49252,49252,50258,50258,50887,50919,59919,59919,60551,60584,60618,63682,1516,1006,629,9000,632,813,0,600,1604,3098,3064,1004,44.87610366,15.94920828,1,10,-5,150,-1,-1,49,5,10,1.0
35,2,40,63685,65212,65212,66216,66216,66845,66878,74878,74878,75510,75543,75576,78643,1527,1004,629,8000,632,553,0,600,1855,3100,3067,1255,59.83741176,14.9613081,1,14,-9,170,-1,-1,49,5,14,1.0
35,2,41,78646,80170,80170,81179,81179,81784,81816,89316,89316,89918,89950,89984,93085,1524,1009,605,7500,602,559,0,600,1901,3135,3101,1301,74.27946613,14.44205437,1,20,-6,190,-1,-1,49,14,20,1.0
35,2,42,93088,94612,94612,95616,95616,96249,96281,102281,102281,102907,102939,102973,106050,1524,1004,633,6000,626,1634,0,600,779,3111,3077,179,87.2441807,12.96471457,1,4,1,180,1,1,51,5,4,2.0
35,2,43,106053,107578,107578,108584,108584,109191,109224,116224,116224,116827,116860,116894,120010,1525,1006,607,7000,603,927,0,600,1532,3150,3116,932,101.2044431,13.96026242,1,5,9,150,1,1,51,14,5,2.0
35,2,44,120013,121536,121536,122540,122540,123141,123173,129673,129673,130306,130338,130371,133457,1523,1004,601,6500,633,310,0,600,2129,3119,3086,1529,114.6504479,13.44600477,1,10,-3,160,-1,-1,49,7,10,1.0
35,2,45,133460,134978,134978,135981,135981,136584,136616,144116,144116,144717,144749,144782,147906,1518,1003,603,7500,601,517,0,600,1958,3157,3124,1358,129.1000785,14.44963062,1,7,3,180,1,1,51,10,7,2.0
35,2,46,147909,149433,149433,150437,150437,151039,151072,159572,159572,160204,160238,160271,163370,1524,1004,602,8500,632,428,0,600,2010,3132,3099,1410,144.5633238,15.46324533,1,10,-3,170,-1,-1,49,7,10,1.0
35,2,47,163372,164894,164894,165896,165896,166502,166535,172535,172535,173166,173199,173233,176328,1522,1002,606,6000,631,422,0,600,2017,3129,3095,1417,157.5221256,12.95880177,1,20,-6,180,-1,-1,49,14,20,1.0
35,2,48,176331,177853,177853,178857,178857,179462,179495,186495,186495,187127,187160,187194,190273,1522,1004,605,7000,632,434,0,600,2003,3113,3079,1403,171.466587,13.9444614,1,14,14,170,1,1,51,28,14,2.0
35,2,49,190276,191800,191800,192803,192803,193407,193439,201439,201439,202069,202103,202136,205213,1524,1003,604,8000,630,628,0,600,1811,3110,3077,1211,186.4065318,14.93994476,1,10,10,160,1,1,51,20,10,2.0
35,2,50,205216,206741,206741,207749,207749,208354,208386,217386,217386,218004,218037,218070,221175,1525,1008,605,9000,618,333,0,600,2111,3138,3105,1511,202.3680996,15.96156787,1,57,-37,160,-1,-1,49,20,57,1.0
35,2,51,221177,222699,222699,223707,223707,224311,224343,232343,232343,232964,232997,233030,236108,1522,1008,604,8000,621,375,0,600,2070,3111,3078,1470,217.3014102,14.93331053,1,4,3,190,1,1,51,7,4,2.0
35,2,52,236111,237641,237641,238648,238648,239253,239286,248286,248286,248886,248919,248952,252046,1530,1007,605,9000,600,452,0,600,2006,3127,3094,1406,233.2393769,15.9379667,1,28,-14,150,-1,-1,49,14,28,1.0
35,2,53,252049,253571,253571,254576,254576,255177,255209,262709,262709,263313,263346,263380,266490,1522,1005,601,7500,604,44,0,600,2424,3144,3110,1824,247.6837968,14.44441997,1,20,-10,170,-1,-1,49,10,20,1.0
35,2,54,266493,268018,268018,269023,269023,269630,269662,278162,278162,278763,278796,278829,281954,1525,1005,607,8500,601,380,0,600,2082,3158,3125,1482,263.1473366,15.46353975,1,14,6,180,1,1,51,20,14,2.0
35,2,55,281957,283483,283483,284491,284491,285096,285129,291629,291629,292246,292278,292311,295411,1526,1008,605,6500,617,330,0,600,2114,3133,3100,1514,276.6045148,13.45717824,1,2,5,180,1,1,51,7,2,2.0
35,2,56,295414,296936,296936,297940,297940,298545,298578,305578,305578,306202,306234,306268,309353,1522,1004,605,7000,624,342,0,600,2103,3119,3085,1503,290.5470904,13.94257555,1,4,6,190,1,1,51,10,4,2.0
35,2,57,309357,310881,310881,311887,311887,312492,312525,318525,318525,319157,319190,319223,322310,1524,1006,605,6000,632,1095,0,600,1338,3120,3087,738,303.5039973,12.95690688,1,20,8,210,1,1,51,28,20,2.0
35,2,58,322313,323837,323837,324844,324844,325449,325483,331983,331983,332584,332618,332651,335759,1524,1007,605,6500,601,239,0,600,2224,3141,3108,1624,316.9522977,13.44830046,1,10,10,160,1,1,51,20,10,2.0
35,2,59,335762,337288,337288,338296,338296,338900,338932,345932,345932,346532,346564,346597,349704,1526,1008,604,7000,600,1278,0,600,1184,3140,3107,584,330.8972997,13.94500203,1,13,1,210,1,1,51,14,13,2.0
35,2,60,349707,351230,351230,352239,352239,352860,352892,358892,358892,359494,359527,359560,362660,1523,1009,621,6000,602,553,0,600,1892,3133,3100,1292,343.8536455,12.95634576,1,14,-9,150,-1,-1,49,5,14,1.0
35,2,61,362662,364187,364187,365191,365191,365793,365825,373325,373325,373945,373978,374011,377099,1525,1004,602,7500,620,1222,0,600,1227,3121,3088,627,358.2922365,14.43859095,1,79,-51,180,-1,-1,49,28,79,1.0
35,2,62,377102,378626,378626,379633,379633,380237,380270,388270,388270,388903,388935,388967,392039,1524,1007,604,8000,633,531,0,600,1901,3104,3072,1301,373.2325,14.94026359,1,14,6,190,1,1,51,20,14,2.0
35,2,63,392042,393567,393567,394573,394573,395206,395238,404238,404238,404869,404901,404935,407980,1525,1006,633,9000,631,694,0,600,1711,3079,3045,1111,389.1731964,15.94069633,1,4,1,210,1,1,51,5,4,2.0
35,2,64,407983,409510,409510,410517,410517,411122,411154,419654,419654,420286,420319,420353,423416,1527,1007,605,8500,632,645,0,600,1784,3097,3063,1184,404.6091228,15.4359264,0,14,14,190,1,-1,49,28,14,1.0
35,2,65,423419,424941,424941,425947,425947,426552,426584,433584,433584,434215,434248,434282,437367,1522,1006,605,7000,631,1127,0,600,1309,3119,3085,709,418.5603233,13.95120051,1,27,1,210,1,1,51,28,27,2.0
35,2,66,437370,438895,438895,439906,439906,440512,440544,448544,448544,449163,449197,449231,452335,1525,1011,606,8000,619,398,0,600,2041,3138,3104,1441,433.5279161,14.96759277,1,79,-51,160,-1,-1,49,28,79,1.0
35,2,67,452338,453863,453863,454871,454871,455475,455507,461507,461507,462139,462171,462204,465276,1525,1008,604,6000,632,524,0,600,1907,3105,3072,1307,446.4691328,12.94121676,1,20,-13,150,-1,-1,49,7,20,1.0
35,2,68,465279,466806,466806,467814,467814,468420,468453,477453,477453,478079,478111,478145,481233,1527,1008,606,9000,626,313,0,600,2120,3122,3088,1520,462.4265062,15.95737337,1,4,6,190,1,1,51,10,4,2.0
35,2,69,481236,482759,482759,483763,483763,484392,484425,490925,490925,491541,491574,491607,494675,1523,1004,629,6500,616,106,0,600,2322,3101,3068,1722,475.8686675,13.44216135,1,2,3,160,1,1,51,5,2,2.0
35,2,70,494678,496198,496198,497201,497201,497806,497838,506338,506338,506970,507003,507036,510119,1520,1003,605,8500,632,826,0,600,1614,3116,3083,1014,491.3117152,15.44304762,1,28,-18,190,-1,-1,49,10,28,1.0
35,2,71,510122,511643,511643,512650,512650,513253,513285,520785,520785,521386,521419,521452,524569,1521,1007,603,7500,601,1416,0,600,1052,3150,3117,452,505.7624318,14.45071669,1,14,-4,160,-1,-1,49,10,14,1.0
35,2,72,524572,526094,526094,527096,527096,527702,527734,533734,533734,534365,534397,534431,537503,1522,1002,606,6000,631,295,0,600,2144,3106,3072,1544,518.6961148,12.933683,1,10,4,200,1,1,51,14,10,2.0
35,3,73,16171,17699,17699,18718,18718,19350,19382,28382,28382,28984,29017,29052,32137,1528,1019,632,9000,602,1443,0,600,976,3120,3085,376,15.97945603,15.97945603,1,14,6,160,1,1,51,20,14,2.0
35,3,74,32142,33670,33670,34680,34680,35281,35313,41813,41813,42431,42463,42497,45578,1528,1010,601,6500,618,333,0,600,2110,3115,3081,1510,29.41817565,13.43871962,1,2,5,210,1,1,51,7,2,2.0
35,3,75,45581,47107,47107,48112,48112,48714,48746,55746,55746,56360,56392,56426,59518,1526,1005,602,7000,614,315,0,600,2138,3126,3092,1538,43.35734564,13.93916999,1,2,5,210,1,1,51,7,2,2.0
35,3,76,59521,61042,61042,62045,62045,62670,62703,68703,68703,69320,69352,69386,72474,1521,1003,625,6000,617,251,0,600,2183,3122,3088,1583,56.3140244,12.95667876,1,3,2,190,1,1,51,5,3,2.0
35,3,77,72477,74000,74000,75006,75006,75610,75643,83643,83643,84244,84276,84309,87410,1523,1006,604,8000,601,1397,0,600,1069,3134,3101,469,71.24930034,14.93527594,1,40,-12,170,-1,-1,49,28,40,1.0
35,3,78,87413,88940,88940,89949,89949,90553,90585,98085,98085,98685,98719,98752,101847,1527,1009,604,7500,600,615,0,600,1845,3128,3095,1245,85.68668347,14.43738313,0,15,-1,210,-1,1,51,14,15,2.0
35,3,79,101850,103372,103372,104379,104379,104985,105019,113519,113519,114151,114183,114216,117285,1522,1007,606,8500,632,363,0,600,2070,3102,3069,1470,101.125052,15.43836855,1,10,10,200,1,1,51,20,10,2.0
35,3,80,117288,118814,118814,119822,119822,120428,120461,127961,127961,128562,128595,128628,131733,1526,1008,606,7500,601,462,0,600,1997,3138,3105,1397,115.5722803,14.44722825,1,8,-1,170,-1,-1,49,7,8,1.0
35,3,81,131736,133262,133262,134270,134270,134876,134909,141909,141909,142509,142542,142575,145693,1526,1008,606,7000,600,414,0,600,2046,3151,3118,1446,129.5314361,13.95915586,1,14,6,150,1,1,51,20,14,2.0
35,3,82,145694,147207,147207,148215,148215,148845,148878,156878,156878,157497,157530,157563,160630,1513,1008,630,8000,619,1205,0,600,1225,3100,3067,625,144.4693118,14.93787569,1,3,2,170,1,1,51,5,3,2.0
35,3,83,160633,162156,162156,163164,163164,163771,163803,169803,169803,170403,170435,170468,173569,1523,1008,607,6000,600,623,0,600,1839,3134,3101,1239,157.4082582,12.93894639,1,5,9,170,1,1,51,14,5,2.0
35,3,84,173572,175094,175094,176097,176097,176718,176750,183250,183250,183851,183883,183916,187002,1522,1003,621,6500,601,474,0,600,1979,3119,3086,1379,170.8412003,13.43294213,1,7,3,150,1,1,51,10,7,2.0
35,3,85,187005,188535,188535,189540,189540,190145,190177,198677,198677,199277,199310,199343,202451,1530,1005,605,8500,600,531,0,600,1929,3141,3108,1329,186.2902958,15.44909542,1,20,-10,190,-1,-1,49,10,20,1.0
35,3,86,202454,203977,203977,204982,204982,205586,205618,214618,214618,215221,215254,215287,218412,1523,1005,604,9000,603,1197,0,600,1268,3158,3125,668,202.2518464,15.96155069,0,40,-12,210,-1,1,51,28,40,2.0
35,3,87,218415,219936,219936,220942,220942,221548,221580,228080,228080,228684,228716,228750,231859,1521,1006,606,6500,604,201,0,600,2262,3143,3109,1662,215.699144,13.44729756,1,14,14,180,1,1,51,28,14,2.0
35,3,88,231863,233384,233384,234391,234391,234995,235027,241027,241027,241658,241690,241724,244821,1521,1007,604,6000,631,233,0,600,2204,3131,3097,1604,228.6602891,12.96114507,1,28,-14,160,-1,-1,49,14,28,1.0
35,3,89,244824,246350,246350,247356,247356,247960,247992,256992,256992,257625,257658,257690,260757,1526,1006,604,9000,633,396,0,600,2035,3099,3067,1435,244.5977483,15.93745922,1,14,-9,150,-1,-1,49,5,14,1.0
35,3,90,260761,262283,262283,263290,263290,263920,263953,271453,271453,272054,272087,272120,275196,1522,1007,630,7500,601,698,0,600,1742,3109,3076,1142,259.0358242,14.43807594,1,7,-2,150,-1,-1,49,5,7,1.0
35,3,91,275199,276727,276727,277734,277734,278341,278374,286374,286374,287003,287035,287069,290163,1528,1007,607,8000,629,123,0,600,2306,3128,3094,1706,274.001935,14.96611073,1,7,13,190,1,1,51,20,7,2.0
35,3,92,290166,291687,291687,292693,292693,293299,293331,301831,301831,302463,302495,302529,305610,1521,1006,606,8500,632,505,0,600,1930,3115,3081,1330,289.4496614,15.44772639,1,20,-10,180,-1,-1,49,10,20,1.0
35,3,93,305613,307134,307134,308138,308138,308743,308775,315775,315775,316376,316408,316442,319550,1521,1004,605,7000,601,531,0,600,1938,3142,3108,1338,303.3890465,13.93938515,1,40,-20,190,-1,-1,49,20,40,1.0
35,3,94,319553,321077,321077,322082,322082,322688,322720,328720,328720,329352,329384,329418,332492,1524,1005,606,6000,632,565,0,600,1868,3108,3074,1268,316.3310799,12.94203342,1,5,9,170,1,1,51,14,5,2.0
35,3,95,332495,334014,334014,335016,335016,335620,335653,344153,344153,344754,344787,344820,347952,1519,1002,604,8500,601,558,0,600,1916,3165,3132,1316,331.7913292,15.46024931,1,14,-4,150,-1,-1,49,10,14,1.0
35,3,96,347954,349474,349474,350480,350480,351099,351132,359132,359132,359748,359781,359815,362893,1520,1006,619,8000,616,500,0,600,1939,3112,3078,1339,346.7316525,14.94032326,1,2,3,200,1,1,51,5,2,2.0
35,3,97,362895,364416,364416,365420,365420,366040,366073,375073,375073,375692,375724,375758,378842,1521,1004,620,9000,619,932,0,600,1504,3118,3084,904,362.6814135,15.94976095,1,3,2,170,1,1,51,5,3,2.0
35,3,98,378845,380366,380366,381370,381370,381975,382007,389507,389507,390123,390155,390188,393286,1521,1004,605,7500,616,368,0,600,2086,3131,3098,1486,377.1256547,14.44424127,1,4,3,200,1,1,51,7,4,2.0
35,3,99,393289,394812,394812,395816,395816,396422,396455,402955,402955,403557,403589,403623,406725,1523,1004,606,6500,602,850,0,600,1615,3136,3102,1015,390.5639802,13.43832546,1,10,-3,180,-1,-1,49,7,10,1.0
35,3,100,406728,408248,408248,409252,409252,409858,409891,416891,416891,417492,417525,417559,420662,1520,1004,606,7000,601,296,0,600,2173,3137,3103,1573,404.5013927,13.93741251,1,14,14,210,1,1,51,28,14,2.0
35,3,101,420665,422192,422192,423196,423196,423800,423833,430833,430833,431433,431466,431499,434614,1527,1004,604,7000,600,960,0,600,1505,3148,3115,905,418.453478,13.95208527,1,29,-1,170,-1,-1,49,28,29,1.0
35,3,102,434617,436136,436136,437138,437138,437744,437777,445777,445777,446379,446411,446444,449576,1519,1002,606,8000,602,459,0,600,2012,3165,3132,1412,433.4153553,14.96187735,1,21,-1,160,-1,-1,49,20,21,1.0
35,3,103,449579,451103,451103,452106,452106,452710,452742,461242,461242,461842,461875,461909,465016,1524,1003,604,8500,600,888,0,600,1581,3141,3107,981,448.855491,15.44013567,1,28,-14,200,-1,-1,49,14,28,1.0
35,3,104,465019,466542,466542,467545,467545,468151,468184,475684,475684,476284,476316,476349,479455,1523,1003,606,7500,600,563,0,600,1905,3139,3106,1305,463.2936504,14.43815941,1,40,-12,160,-1,-1,49,28,40,1.0
35,3,105,479458,480978,480978,481982,481982,482586,482618,491618,491618,492223,492255,492288,495408,1520,1004,604,9000,605,607,0,600,1860,3153,3120,1260,479.2473681,15.95371769,1,40,-26,180,-1,-1,49,14,40,1.0
35,3,106,495411,496934,496934,497938,497938,498543,498575,505075,505075,505702,505734,505768,508859,1523,1004,605,6500,627,320,0,600,2121,3125,3091,1521,492.697633,13.45026496,1,5,2,160,1,1,51,7,5,2.0
35,3,107,508862,510386,510386,511391,511391,511992,512025,518025,518025,518655,518688,518721,521797,1524,1005,601,6000,630,398,0,600,2042,3109,3076,1442,505.6360994,12.93846634,1,7,3,170,1,1,51,10,7,2.0
35,3,108,521799,523322,523322,524328,524328,524931,524963,531463,531463,532095,532128,532163,535250,1523,1006,603,6500,632,450,0,600,1986,3122,3087,1386,519.0889111,13.45281168,1,20,-10,150,-1,-1,49,10,20,1.0
35,4,109,50691,52214,52214,53236,53236,53869,53903,62403,62403,63005,63037,63073,66148,1523,1022,633,8500,602,976,0,600,1444,3111,3075,844,15.47002813,15.47002813,0,15,-1,180,-1,1,51,14,15,2.0
35,4,110,66153,67681,67681,68688,68688,69290,69322,77322,77322,77923,77955,77989,81111,1528,1007,602,8000,601,1351,0,600,1111,3156,3122,511,30.43107044,14.96104231,1,8,-1,180,-1,-1,49,7,8,1.0
35,4,111,81114,82640,82640,83645,83645,84261,84293,90793,90793,91395,91427,91461,94557,1526,1005,616,6500,602,446,0,600,2005,3130,3096,1405,43.87696733,13.44589689,1,7,7,190,1,1,51,14,7,2.0
35,4,112,94560,96083,96083,97090,97090,97694,97727,104727,104727,105355,105388,105422,108523,1523,1007,604,7000,628,40,0,600,2398,3135,3101,1798,57.84398452,13.96701719,1,4,3,150,1,1,51,7,4,2.0
35,4,113,108526,110049,110049,111057,111057,111663,111695,120695,120695,121296,121329,121362,124458,1523,1008,606,9000,601,484,0,600,1978,3129,3096,1378,73.77827775,15.93429324,1,10,18,190,1,1,51,28,10,2.0
35,4,114,124461,125978,125978,126983,126983,127587,127619,133619,133619,134220,134252,134285,137390,1517,1005,604,6000,601,657,0,600,1816,3138,3105,1216,86.70995798,12.93168022,1,14,-9,160,-1,-1,49,5,14,1.0
35,4,115,137393,138921,138921,139928,139928,140534,140566,148066,148066,148667,148700,148733,151841,1528,1007,606,7500,601,294,0,600,2164,3141,3108,1564,101.1609468,14.45098881,1,7,3,170,1,1,51,10,7,2.0
35,4,116,151844,153366,153366,154371,154371,154977,155011,162011,162011,162612,162645,162680,165806,1522,1005,606,7000,601,258,0,600,2208,3161,3126,1608,115.1267869,13.96584011,1,20,8,150,1,1,51,28,20,2.0
35,4,117,165809,167336,167336,168340,168340,168968,169001,177501,177501,178118,178150,178185,181247,1527,1004,628,8500,617,226,0,600,2198,3097,3062,1598,130.5674683,15.44068141,1,2,3,160,1,1,51,5,2,2.0
35,4,118,181250,182772,182772,183778,183778,184384,184416,190416,190416,191018,191052,191086,194189,1522,1006,606,6000,602,460,0,600,2004,3137,3103,1404,143.5086534,12.94118512,1,28,-8,190,-1,-1,49,20,28,1.0
35,4,119,194192,195718,195718,196726,196726,197331,197364,203864,203864,204496,204530,204564,207627,1526,1008,605,6500,632,190,0,600,2239,3097,3063,1639,156.9469469,13.43829351,0,21,-1,210,-1,1,51,20,21,2.0
35,4,120,207630,209155,209155,210163,210163,210768,210802,218302,218302,218903,218935,218968,222061,1525,1008,605,7500,601,775,0,600,1686,3126,3093,1086,171.3807332,14.43378621,1,40,-26,210,-1,-1,49,14,40,1.0
35,4,121,222064,223584,223584,224591,224591,225194,225226,233226,233226,233826,233858,233892,237018,1520,1007,603,8000,600,1293,0,600,1177,3160,3126,577,186.3376536,14.95692044,1,8,-1,200,-1,-1,49,7,8,1.0
35,4,122,237021,238547,238547,239555,239555,240159,240191,249191,249191,249792,249824,249857,252963,1526,1008,604,9000,601,363,0,600,2098,3139,3106,1498,202.2825119,15.94485828,1,14,-7,210,-1,-1,49,7,14,1.0
35,4,123,252965,254489,254489,255500,255500,256103,256136,263136,263136,263755,263787,263820,266899,1524,1011,603,7000,619,601,0,600,1842,3112,3079,1242,216.2187564,13.93624448,1,7,7,170,1,1,51,14,7,2.0
35,4,124,266902,268425,268425,269430,269430,270036,270068,278568,278568,279185,279218,279251,282345,1523,1005,606,8500,617,708,0,600,1741,3127,3094,1141,231.6645571,15.44580076,1,57,-37,180,-1,-1,49,20,57,1.0
35,4,125,282348,283873,283873,284880,284880,285483,285516,293516,293516,294131,294164,294197,297295,1525,1007,603,8000,615,326,0,600,2124,3131,3098,1524,246.6148183,14.9502612,1,57,-37,200,-1,-1,49,20,57,1.0
35,4,126,297297,298818,298818,299826,299826,300431,300463,306963,306963,307567,307600,307634,310751,1521,1008,605,6500,604,565,0,600,1897,3151,3117,1297,260.071047,13.45622869,1,21,-1,210,-1,-1,49,20,21,1.0
35,4,127,310754,312278,312278,313285,313285,313890,313922,321422,321422,322024,322057,322090,325206,1524,1007,605,7500,602,212,0,600,2250,3149,3116,1650,274.5262056,14.45515859,1,28,-18,160,-1,-1,49,10,28,1.0
35,4,128,325209,326735,326735,327741,327741,328343,328376,337376,337376,338008,338042,338076,341171,1526,1006,602,9000,632,357,0,600,2077,3129,3095,1477,290.490485,15.96427942,1,14,-9,200,-1,-1,49,5,14,1.0
35,4,129,341174,342696,342696,343703,343703,344304,344336,350336,350336,350936,350968,351002,354090,1522,1007,601,6000,600,-1,2501,0,569,3122,3088,-31,303.4093786,12.91889362,-1,10,-5,190,-1,-2,-1,5,10,
35,4,130,354093,355618,355618,356623,356623,357229,357263,364763,364763,365378,365411,365445,368541,1525,1005,606,7500,615,355,0,600,2094,3130,3096,1494,317.8599603,14.45058168,1,79,-51,200,-1,-1,49,28,79,1.0
35,4,131,368543,370065,370065,371072,371072,371695,371727,379727,379727,380358,380390,380423,383493,1522,1007,623,8000,631,1498,0,600,919,3103,3070,319,332.8126655,14.95270515,1,28,-14,210,-1,-1,49,14,28,1.0
35,4,132,383495,385020,385020,386026,386026,386657,386690,395190,395190,395791,395823,395857,398936,1525,1006,631,8500,601,1085,0,600,1352,3113,3079,752,348.2550709,15.44240544,1,14,-9,210,-1,-1,49,5,14,1.0
35,4,133,398938,400465,400465,401472,401472,402076,402109,411109,411109,411710,411742,411777,414890,1527,1007,604,9000,601,338,0,600,2123,3148,3113,1523,364.2096179,15.954547,1,14,-4,170,-1,-1,49,10,14,1.0
35,4,134,414893,416417,416417,417425,417425,418033,418065,425065,425065,425697,425730,425764,428841,1524,1008,608,7000,632,368,0,600,2060,3111,3077,1460,378.1601524,13.95053452,1,7,7,200,1,1,51,14,7,2.0
35,4,135,428844,430366,430366,431373,431373,431996,432028,438528,438528,439161,439193,439226,442276,1522,1007,623,6500,633,634,0,600,1781,3083,3050,1181,391.5962235,13.43607105,1,14,-9,200,-1,-1,49,5,14,1.0
35,4,136,442279,443803,443803,444807,444807,445412,445445,451445,451445,452075,452107,452140,455217,1524,1004,605,6000,630,535,0,600,1902,3110,3077,1302,404.5369719,12.94074846,1,5,5,170,1,1,51,10,5,2.0
35,4,137,455220,456746,456746,457751,457751,458356,458388,465388,465388,466003,466036,466069,469181,1526,1005,605,7000,615,662,0,600,1787,3145,3112,1187,418.500335,13.96336301,1,57,-37,210,-1,-1,49,20,57,1.0
35,4,138,469184,470704,470704,471711,471711,472317,472349,480849,480849,481451,481483,481516,484643,1520,1007,606,8500,602,934,0,600,1531,3160,3127,931,433.9623381,15.46200317,1,20,-13,190,-1,-1,49,7,20,1.0
35,4,139,484646,486164,486164,487170,487170,487773,487805,496805,496805,497406,497440,497473,500591,1518,1006,603,9000,601,899,0,600,1573,3151,3118,973,449.9102171,15.94787902,1,7,3,180,1,1,51,10,7,2.0
35,4,140,500594,502120,502120,503148,503148,503763,503795,509795,509795,510423,510456,510489,513546,1526,1028,615,6000,628,547,0,600,1856,3090,3057,1256,462.8658761,12.95565899,1,14,14,170,1,1,51,28,14,2.0
35,4,141,513549,515073,515073,516081,516081,516686,516719,524219,524219,524821,524853,524886,528008,1524,1008,605,7500,602,449,0,600,2012,3155,3122,1412,477.3271741,14.46129801,0,8,-1,180,-1,1,51,7,8,2.0
35,4,142,528011,529537,529537,530540,530540,531143,531175,539175,539175,539808,539840,539873,542949,1526,1003,603,8000,633,2118,0,600,317,3109,3076,-283,492.2684045,14.94123032,1,5,5,150,1,1,51,10,5,2.0
35,4,143,542951,544476,544476,545482,545482,546087,546119,552619,552619,553237,553270,553305,556388,1525,1006,605,6500,618,413,0,600,2033,3118,3083,1433,505.7070852,13.43868075,1,56,-28,150,-1,-1,49,28,56,1.0
35,4,144,556390,557913,557913,558917,558917,559523,559557,568057,568057,568663,568695,568728,571847,1523,1004,606,8500,606,606,0,600,1855,3152,3119,1255,521.1654731,15.45838787,1,29,-1,170,-1,-1,49,28,29,1.0
35,5,145,20348,21875,21875,22889,22889,23501,23534,31534,31534,32168,32201,32235,35305,1527,1014,612,8000,634,454,0,600,1959,3104,3070,1359,14.96891148,14.96891148,1,28,-8,190,-1,-1,49,20,28,1.0
35,5,146,35310,36830,36830,37834,37834,38450,38482,45982,45982,46599,46631,46665,49758,1520,1004,616,7500,617,1001,0,600,1442,3127,3093,842,29.41995001,14.45103853,1,2,5,160,1,1,51,7,2,2.0
35,5,147,49761,51286,51286,52288,52288,52888,52920,61920,61920,62520,62552,62585,65694,1525,1002,600,9000,600,571,0,600,1902,3142,3109,1302,45.35623396,15.93628396,1,10,-5,200,-1,-1,49,5,10,1.0
35,5,148,65697,67221,67221,68228,68228,68835,68867,75367,75367,75967,75999,76034,79148,1524,1007,607,6500,600,309,0,600,2153,3149,3114,1553,58.80984723,13.45361327,1,7,7,210,1,1,51,14,7,2.0
35,5,149,79150,80674,80674,81681,81681,82286,82318,90818,90818,91435,91467,91500,94586,1524,1007,605,8500,617,314,0,600,2133,3119,3086,1533,74.24810217,15.43825494,1,5,5,190,1,1,51,10,5,2.0
35,5,150,94588,96109,96109,97116,97116,97733,97767,103767,103767,104391,104424,104458,107532,1521,1007,617,6000,624,304,0,600,2127,3108,3074,1527,87.19338837,12.9452862,1,4,6,150,1,1,51,10,4,2.0
35,5,151,107534,109054,109054,110057,110057,110674,110706,117706,117706,118310,118343,118376,121467,1520,1003,617,7000,604,677,0,600,1779,3124,3091,1179,101.129242,13.93585363,1,20,-10,150,-1,-1,49,10,20,1.0
35,5,152,121469,122989,122989,123994,123994,124598,124630,133630,133630,134231,134264,134298,137426,1520,1005,604,9000,601,327,0,600,2143,3162,3128,1543,117.0883373,15.95909529,1,56,-28,170,-1,-1,49,28,56,1.0
35,5,153,137429,138954,138954,139960,139960,140564,140598,146598,146598,147204,147237,147270,150389,1525,1006,604,6000,606,346,0,600,2113,3152,3119,1513,130.0515575,12.96322017,1,40,-12,190,-1,-1,49,28,40,1.0
35,5,154,150392,151919,151919,152926,152926,153535,153567,161067,161067,161699,161731,161765,164845,1527,1007,609,7500,632,502,0,600,1923,3114,3080,1323,144.5067393,14.4551818,1,7,13,210,1,1,51,20,7,2.0
35,5,155,164848,166369,166369,167372,167372,168002,168035,176035,176035,176651,176684,176717,179787,1521,1003,630,8000,616,395,0,600,2035,3103,3070,1435,159.4489441,14.94220489,1,2,5,190,1,1,51,7,2,2.0
35,5,156,179790,181316,181316,182321,182321,182928,182960,191460,191460,192062,192095,192128,195238,1526,1005,607,8500,602,434,0,600,2026,3143,3110,1426,174.9004944,15.45155022,1,5,9,200,1,1,51,14,5,2.0
35,5,157,195241,196763,196763,197769,197769,198374,198407,204907,204907,205525,205558,205591,208679,1522,1006,605,6500,618,348,0,600,2101,3121,3088,1501,188.3415187,13.44102435,1,79,-51,160,-1,-1,49,28,79,1.0
35,5,158,208682,210210,210210,211217,211217,211821,211854,218854,218854,219457,219489,219523,222624,1528,1007,604,7000,603,459,0,600,1999,3135,3101,1399,202.2861911,13.94467235,1,40,-12,150,-1,-1,49,28,40,1.0
35,5,159,222627,224147,224147,225155,225155,225758,225790,234790,234790,235390,235423,235457,238591,1520,1008,603,9000,600,426,0,600,2043,3168,3134,1443,218.2528759,15.9666848,1,28,-18,170,-1,-1,49,10,28,1.0
35,5,160,238594,240119,240119,241122,241122,241727,241760,247760,247760,248390,248423,248458,251530,1525,1003,605,6000,630,2180,0,600,257,3107,3072,-343,231.1918632,12.93898737,0,8,-1,190,-1,1,51,7,8,2.0
35,5,161,251533,253059,253059,254066,254066,254695,254727,262227,262227,262846,262879,262913,265985,1526,1007,629,7500,619,918,0,600,1501,3106,3072,901,245.6467265,14.45486327,1,3,2,190,1,1,51,5,3,2.0
35,5,162,265988,267515,267515,268520,268520,269149,269181,276181,276181,276802,276835,276869,279937,1527,1005,629,7000,621,784,0,600,1634,3102,3068,1034,259.598555,13.95182852,1,3,2,150,1,1,51,5,3,2.0
35,5,163,279940,281462,281462,282467,282467,283074,283107,291607,291607,292208,292240,292274,295381,1522,1005,607,8500,601,268,0,600,2197,3141,3107,1597,275.0433701,15.44481504,0,15,-1,180,-1,1,51,14,15,2.0
35,5,164,295384,296907,296907,297913,297913,298517,298549,305049,305049,305678,305710,305743,308816,1523,1006,604,6500,629,624,0,600,1814,3106,3073,1214,288.4774838,13.43411378,1,15,-1,210,-1,-1,49,14,15,1.0
35,5,165,308819,310344,310344,311349,311349,311953,311986,319986,319986,320586,320619,320653,323781,1525,1005,604,8000,600,289,0,600,2177,3162,3128,1577,303.4432736,14.96578979,1,10,10,210,1,1,51,20,10,2.0
35,5,166,323784,325305,325305,326311,326311,326937,326970,334970,334970,335588,335621,335655,338731,1521,1006,626,8000,618,370,0,600,2059,3110,3076,1459,318.3923891,14.94911546,1,3,2,200,1,1,51,5,3,2.0
35,5,167,338734,340258,340258,341266,341266,341871,341903,348903,348903,349503,349537,349570,352676,1524,1008,605,7000,600,272,0,600,2191,3139,3106,1591,332.3374818,13.94509273,0,14,6,180,1,-1,49,20,14,1.0
35,5,168,352679,354205,354205,355211,355211,355841,355874,362374,362374,362991,363024,363057,366133,1526,1006,630,6500,617,271,0,600,2150,3109,3076,1550,345.7946821,13.45720024,1,4,3,180,1,1,51,7,4,2.0
35,5,169,366136,367653,367653,368659,368659,369283,369316,378316,378316,378947,378980,379013,382100,1517,1006,624,9000,631,578,0,600,1844,3120,3087,1244,361.7616224,15.96694034,1,7,7,170,1,1,51,14,7,2.0
35,5,170,382102,383623,383623,384627,384627,385234,385267,392767,392767,393373,393405,393438,396535,1521,1004,607,7500,606,34,0,600,2428,3130,3097,1828,376.1964079,14.43478549,1,79,-51,180,-1,-1,49,28,79,1.0
35,5,171,396538,398059,398059,399066,399066,399668,399700,405700,405700,406300,406332,406365,409476,1521,1007,602,6000,600,824,0,600,1646,3144,3111,1046,389.1373022,12.94089432,1,14,-9,160,-1,-1,49,5,14,1.0
35,5,172,409478,411000,411000,412007,412007,412625,412658,421158,421158,421790,421822,421856,424915,1522,1007,618,8500,632,551,0,600,1870,3093,3059,1270,404.5763663,15.43906407,1,15,-1,210,-1,-1,49,14,15,1.0
35,5,173,424917,426438,426438,427442,427442,428045,428077,437077,437077,437677,437709,437742,440877,1521,1004,603,9000,600,494,0,600,1978,3168,3135,1378,420.538592,15.96222571,1,28,-18,210,-1,-1,49,10,28,1.0
35,5,174,440880,442401,442401,443407,443407,444036,444069,452569,452569,453185,453217,453250,456332,1521,1006,629,8500,616,251,0,600,2177,3115,3082,1577,435.9940272,15.45543523,1,2,5,170,1,1,51,7,2,2.0
35,5,175,456335,457862,457862,458865,458865,459466,459498,466498,466498,467129,467161,467195,470273,1527,1003,601,7000,631,435,0,600,2003,3112,3078,1403,449.9344391,13.94041186,1,14,-9,210,-1,-1,49,5,14,1.0
35,5,176,470275,471797,471797,472826,472826,473428,473461,479961,479961,480561,480593,480627,483718,1522,1029,602,6500,600,281,0,600,2166,3125,3091,1566,463.3792936,13.44485452,1,20,-10,150,-1,-1,49,10,20,1.0
35,5,177,483721,485242,485242,486250,486250,486853,486886,492886,492886,493486,493519,493553,496667,1521,1008,603,6000,600,765,0,600,1703,3148,3114,1103,476.3280857,12.94879211,0,21,-1,210,-1,1,51,20,21,2.0
35,5,178,496670,498193,498193,499202,499202,499802,499834,507334,507334,507951,507984,508018,511105,1523,1009,600,7500,617,645,0,600,1806,3121,3087,1206,490.7667387,14.43865302,1,5,2,210,1,1,51,7,5,2.0
35,5,179,511108,512630,512630,513636,513636,514246,514278,522278,522278,522890,522923,522957,526069,1522,1006,610,8000,612,375,0,600,2075,3146,3112,1475,505.7302039,14.96346517,1,79,-51,180,-1,-1,49,28,79,1.0
35,5,180,526072,527596,527596,528599,528599,529204,529236,535236,535236,535838,535871,535904,539011,1524,1003,605,6000,602,1110,0,600,1356,3140,3107,756,518.6720906,12.94188667,1,14,6,160,1,1,51,20,14,2.0
35,6,181,14242,15767,15767,16785,16785,17386,17418,23418,23418,24038,24071,24106,27186,1525,1018,601,6000,620,206,0,600,2230,3115,3080,1630,12.95683064,12.95683064,1,4,1,170,1,1,51,5,4,2.0
35,6,182,27191,28713,28713,29718,29718,30323,30356,36856,36856,37457,37489,37523,40643,1522,1005,605,6500,601,1254,0,600,1213,3154,3120,613,26.41173037,13.45489973,1,10,4,190,1,1,51,14,10,2.0
35,6,183,40646,42169,42169,43175,43175,43780,43812,51312,51312,51937,51971,52005,55083,1523,1006,605,7500,625,212,0,600,2229,3112,3078,1629,40.85219361,14.44046324,1,7,13,180,1,1,51,20,7,2.0
35,6,184,55085,56605,56605,57609,57609,58210,58243,66243,66243,66844,66876,66909,70037,1520,1004,601,8000,601,585,0,600,1889,3161,3128,1289,55.80561928,14.95342568,1,40,-26,190,-1,-1,49,14,40,1.0
35,6,185,70040,71558,71558,72565,72565,73170,73202,80202,80202,80835,80868,80902,83994,1518,1007,605,7000,633,551,0,600,1886,3126,3092,1286,69.76357787,13.95795859,1,9,1,170,1,1,51,10,9,2.0
35,6,186,83998,85520,85520,86526,86526,87153,87186,96186,96186,96803,96835,96868,99955,1522,1006,627,9000,617,991,0,600,1437,3120,3087,837,85.7232614,15.95968352,1,3,2,210,1,1,51,5,3,2.0
35,6,187,99957,101480,101480,102486,102486,103107,103140,111640,111640,112241,112274,112308,115391,1523,1006,621,8500,601,472,0,600,1977,3117,3083,1377,101.1599665,15.43670509,1,40,-26,160,-1,-1,49,14,40,1.0
35,6,188,115394,116916,116916,117924,117924,118528,118560,124560,124560,125163,125196,125229,128341,1522,1008,604,6000,603,632,0,600,1831,3145,3112,1231,114.1104513,12.9504848,0,14,-4,180,-1,1,51,10,14,2.0
35,6,189,128344,129868,129868,130876,130876,131482,131514,138514,138514,139146,139178,139211,142294,1524,1008,606,7000,632,568,0,600,1862,3116,3083,1262,128.062872,13.95242067,1,10,10,180,1,1,51,20,10,2.0
35,6,190,142297,143819,143819,144823,144823,145445,145477,151977,151977,152609,152642,152676,155733,1522,1004,622,6500,632,674,0,600,1746,3091,3057,1146,141.5016793,13.43880731,1,14,-9,150,-1,-1,49,5,14,1.0
35,6,191,155736,157259,157259,158267,158267,158871,158903,166403,166403,167035,167067,167100,170186,1523,1008,604,7500,632,1093,0,600,1340,3119,3086,740,155.9548818,14.45320253,1,10,-3,210,-1,-1,49,7,10,1.0
35,6,192,170189,171713,171713,172719,172719,173323,173356,181356,181356,181989,182022,182055,185130,1524,1006,604,8000,633,463,0,600,1970,3108,3075,1370,170.8989511,14.94406935,1,9,1,160,1,1,51,10,9,2.0
35,6,193,185133,186652,186652,187656,187656,188261,188295,197295,197295,197928,197961,197996,201067,1519,1004,605,9000,633,978,0,600,1461,3106,3071,861,186.836565,15.93761382,1,14,14,210,1,1,51,28,14,2.0
35,6,194,201070,202590,202590,203597,203597,204204,204236,212736,212736,213367,213401,213435,216513,1520,1007,607,8500,631,599,0,600,1836,3112,3078,1236,202.2809825,15.44441756,1,14,6,150,1,1,51,20,14,2.0
35,6,195,216515,218039,218039,219042,219042,219650,219682,227182,227182,227783,227815,227848,230974,1524,1003,608,7500,601,418,0,600,2046,3159,3126,1446,216.7424195,14.46143693,1,10,10,190,1,1,51,20,10,2.0
35,6,196,230977,232504,232504,233511,233511,234117,234149,241149,241149,241750,241782,241815,244937,1527,1007,606,7000,601,64,0,600,2395,3155,3122,1795,230.7053832,13.96296372,1,10,18,200,1,1,51,28,10,2.0
35,6,197,244940,246464,246464,247467,247467,248070,248103,254103,254103,254736,254769,254802,257899,1524,1003,603,6000,633,425,0,600,2012,3130,3097,1412,243.6687447,12.9633615,1,14,-7,210,-1,-1,49,7,14,1.0
35,6,198,257903,259423,259423,260428,260428,261034,261065,267565,267565,268167,268199,268233,271358,1520,1005,606,6500,602,415,0,600,2052,3159,3125,1452,257.1271913,13.45844663,1,40,-26,200,-1,-1,49,14,40,1.0
35,6,199,271361,272887,272887,273893,273893,274520,274553,283553,283553,284176,284208,284242,287297,1526,1006,627,9000,623,607,0,600,1811,3089,3055,1211,273.0656393,15.93844795,1,4,1,150,1,1,51,5,4,2.0
35,6,200,287300,288824,288824,289830,289830,290436,290468,298468,298468,299100,299134,299167,302259,1524,1006,606,8000,632,126,0,600,2306,3125,3092,1706,288.0280024,14.96236313,1,14,-4,200,-1,-1,49,10,14,1.0
35,6,201,302262,303784,303784,304786,304786,305393,305425,313925,313925,314543,314575,314608,317714,1522,1002,607,8500,618,304,0,600,2147,3139,3106,1547,303.4822892,15.45428679,1,2,5,160,1,1,51,7,2,2.0
35,6,202,317717,319244,319244,320254,320254,320864,320897,329397,329397,330015,330047,330082,333172,1527,1010,610,8500,618,607,0,600,1828,3125,3090,1228,318.9404333,15.45814407,1,79,-51,210,-1,-1,49,28,79,1.0
35,6,203,333176,334697,334697,335699,335699,336302,336335,342835,342835,343452,343485,343519,346619,1521,1002,603,6500,617,394,0,600,2063,3134,3100,1463,332.3872047,13.44677141,1,2,5,180,1,1,51,7,2,2.0
35,6,204,346622,348145,348145,349150,349150,349756,349789,355789,355789,356390,356424,356458,359567,1523,1005,606,6000,601,313,0,600,2152,3143,3109,1552,345.3350945,12.94788987,1,10,18,180,1,1,51,28,10,2.0
35,6,205,359570,361090,361090,362093,362093,362696,362728,370728,370728,371362,371394,371427,374500,1520,1003,603,8000,634,300,0,600,2140,3106,3073,1540,360.2679443,14.93284977,1,5,2,150,1,1,51,7,5,2.0
35,6,206,374503,376025,376025,377032,377032,377664,377697,385197,385197,385797,385829,385863,388965,1522,1007,632,7500,600,950,0,600,1489,3136,3102,889,374.7335058,14.46556151,1,7,3,150,1,1,51,10,7,2.0
35,6,207,388968,390490,390490,391494,391494,392098,392131,399131,399131,399732,399764,399797,402929,1522,1004,604,7000,601,493,0,600,1976,3165,3132,1376,388.6972838,13.96377797,1,28,-18,180,-1,-1,49,10,28,1.0
35,6,208,402931,404449,404449,405452,405452,406071,406103,415103,415103,415703,415736,415769,418882,1518,1003,619,9000,600,959,0,600,1501,3146,3113,901,404.650221,15.95293719,1,28,-14,210,-1,-1,49,14,28,1.0
35,6,209,418885,420408,420408,421416,421416,422022,422054,429554,429554,430187,430220,430254,433338,1523,1008,606,7500,633,671,0,600,1759,3118,3084,1159,419.1064653,14.45624436,1,7,13,210,1,1,51,20,7,2.0
35,6,210,433341,434864,434864,435867,435867,436470,436503,443503,443503,444110,444142,444175,447278,1523,1003,603,7000,607,495,0,600,1969,3136,3103,1369,433.0466897,13.94022442,1,40,-12,150,-1,-1,49,28,40,1.0
35,6,211,447281,448801,448801,449805,449805,450412,450444,456944,456944,457544,457576,457610,460712,1520,1004,607,6500,600,582,0,600,1887,3136,3102,1287,446.4794065,13.43271672,1,20,-6,150,-1,-1,49,14,20,1.0
35,6,212,460714,462239,462239,463245,463245,463863,463895,472895,472895,473526,473559,473593,476678,1525,1006,618,9000,631,347,0,600,2073,3119,3085,1473,462.4452547,15.96584825,0,19,1,160,1,-1,49,20,19,1.0
35,6,213,476680,478204,478204,479209,479209,479830,479862,488362,488362,488994,489027,489060,492142,1524,1005,621,8500,632,507,0,600,1911,3115,3082,1311,477.9095533,15.46429855,1,10,-3,210,-1,-1,49,7,10,1.0
35,6,214,492144,493669,493669,494675,494675,495283,495315,501315,501315,501915,501948,501982,505097,1525,1006,608,6000,600,1543,0,600,918,3149,3115,318,490.8646873,12.95513403,1,14,14,210,1,1,51,28,14,2.0
35,6,215,505100,506625,506625,507634,507634,508253,508286,516287,516287,516902,516934,516967,520061,1525,1009,619,8001,615,425,0,600,2006,3127,3094,1406,505.8290252,14.96433788,1,4,1,170,1,1,51,5,4,2.0
35,6,216,520063,521587,521587,522592,522592,523214,523246,529746,529746,530367,530400,530433,533509,1524,1005,622,6500,621,632,0,600,1796,3109,3076,1196,519.277482,13.44845686,1,4,1,180,1,1,51,5,4,2.0
36,1,1,78783,80313,80313,81342,81342,81962,81994,89494,89494,90116,90149,90185,93262,1530,1029,620,7500,622,873,0,600,1526,3113,3077,926,14.51630351,14.51630351,1,2,3,170,1,1,51,5,2,2.0
36,1,2,93313,94834,94834,95846,95846,96470,96502,105502,105502,106118,106151,106185,109272,1521,1012,624,9000,616,1025,0,600,1402,3121,3087,802,30.4768483,15.96054478,1,57,-37,200,-1,-1,49,20,57,1.0
36,1,3,109275,110805,110805,111812,111812,112417,112449,120949,120949,121551,121585,121618,124715,1530,1007,605,8500,602,615,0,600,1841,3130,3097,1241,45.91999988,15.44315158,1,14,-7,210,-1,-1,49,7,14,1.0
36,1,4,124718,126246,126246,127255,127255,127861,127893,134393,134393,134993,135027,135060,138181,1528,1009,606,6500,600,899,0,600,1558,3154,3121,958,59.38520942,13.46520954,1,20,8,210,1,1,51,28,20,2.0
36,1,5,138183,139704,139704,140709,140709,141332,141364,148364,148364,148997,149029,149062,152134,1521,1005,623,7000,633,1206,0,600,1212,3105,3072,612,73.33903197,13.95382256,1,7,3,170,1,1,51,10,7,2.0
36,1,6,152137,153659,153659,154667,154667,155271,155303,163303,163303,163934,163966,163999,167089,1522,1008,604,8000,631,1257,0,600,1178,3123,3090,578,88.29368806,14.95465609,1,5,2,190,1,1,51,7,5,2.0
36,1,7,167092,168619,168619,169626,169626,170230,170263,176263,176263,176869,176902,176936,180048,1527,1007,604,6000,606,503,0,600,1953,3146,3112,1353,101.252683,12.95899494,1,40,-26,180,-1,-1,49,14,40,1.0
36,1,8,180051,181574,181574,182579,182579,183184,183217,191717,191717,192318,192351,192385,195492,1523,1005,605,8500,601,630,0,600,1836,3141,3107,1236,116.6960859,15.44340291,1,5,5,170,1,1,51,10,5,2.0
36,1,9,195494,197018,197018,198023,198023,198640,198672,206172,206172,206787,206819,206853,209930,1524,1005,617,7500,615,823,0,600,1616,3111,3077,1016,131.1345006,14.43841466,1,3,2,170,1,1,51,5,3,2.0
36,1,10,209933,211456,211456,212460,212460,213064,213096,222096,222096,222697,222730,222764,225892,1523,1004,604,9000,601,1234,0,600,1234,3162,3128,634,147.0972298,15.96272927,1,10,4,180,1,1,51,14,10,2.0
36,1,11,225895,227420,227420,228425,228425,229050,229082,237082,237082,237683,237716,237749,240853,1525,1005,625,8000,601,461,0,600,1983,3137,3104,1383,162.0575031,14.96027326,1,10,-5,170,-1,-1,49,5,10,1.0
36,1,12,240856,242384,242384,243388,243388,243993,244025,251025,251025,251630,251663,251697,254796,1528,1004,605,7000,605,1456,0,600,1002,3133,3099,402,176.0009239,13.94342084,0,40,-12,160,-1,1,51,28,40,2.0
36,1,13,254799,256322,256322,257327,257327,257930,257963,264463,264463,265064,265097,265131,268254,1523,1005,603,6500,601,832,0,600,1636,3157,3123,1036,189.4590011,13.45807717,1,14,6,200,1,1,51,20,14,2.0
36,1,14,268257,269757,269757,270767,270767,271373,271406,277406,277406,278037,278069,278102,281192,1500,1010,606,6000,631,1033,0,600,1420,3123,3090,820,202.39673,12.93772893,1,13,1,190,1,1,51,14,13,2.0
36,1,15,281195,282719,282719,283727,283727,284330,284362,290362,290362,290963,290997,291031,294157,1524,1008,603,6000,601,1073,0,600,1391,3160,3126,791,215.3617387,12.96500869,1,14,6,180,1,1,51,20,14,2.0
36,1,16,294160,295678,295678,296683,296683,297284,297317,305317,305317,305935,305967,306001,309119,1518,1005,601,8000,618,539,0,600,1919,3152,3118,1319,230.3235679,14.96182914,1,2,3,200,1,1,51,5,2,2.0
36,1,17,309122,310649,310649,311655,311655,312262,312295,319795,319795,320423,320455,320489,323554,1527,1006,607,7500,628,611,0,600,1821,3099,3065,1221,244.7587403,14.43517243,1,14,14,160,1,1,51,28,14,2.0
36,1,18,323557,325082,325082,326088,326088,326692,326725,335725,335725,336327,336360,336393,339518,1525,1006,604,9000,602,579,0,600,1884,3158,3125,1284,260.7222516,15.96351128,1,56,-28,180,-1,-1,49,28,56,1.0
36,1,19,339521,341048,341048,342057,342057,342658,342691,349691,349691,350323,350357,350391,353473,1527,1009,601,7000,632,1445,0,600,986,3116,3082,386,274.677715,13.95546341,1,27,1,150,1,1,51,28,27,2.0
36,1,20,353476,354999,354999,356006,356006,356614,356647,363147,363147,363747,363780,363814,366911,1523,1007,608,6500,600,646,0,600,1816,3131,3097,1216,288.1159793,13.43826428,1,7,13,170,1,1,51,20,7,2.0
36,1,21,366914,368442,368442,369450,369450,370058,370090,378590,378590,379222,379254,379287,382347,1528,1008,608,8500,632,645,0,600,1779,3093,3060,1179,303.5519912,15.43601199,1,7,7,170,1,1,51,14,7,2.0
36,1,22,382350,383876,383876,384880,384880,385487,385520,394520,394520,395153,395187,395221,398307,1526,1004,607,9000,633,1387,0,600,1043,3120,3086,443,319.5112547,15.95926344,1,28,-8,210,-1,-1,49,20,28,1.0
36,1,23,398310,399829,399829,400834,400834,401461,401494,407994,407994,408595,408628,408661,411763,1519,1005,627,6500,601,1011,0,600,1437,3135,3102,837,332.9670482,13.45579354,1,4,1,160,1,1,51,5,4,2.0
36,1,24,411766,413294,413294,414299,414299,414903,414935,421935,421935,422567,422600,422633,425723,1528,1005,604,7000,632,449,0,600,1982,3123,3090,1382,346.9279405,13.96089224,1,14,-7,200,-1,-1,49,7,14,1.0
36,1,25,425726,427250,427250,428254,428254,428873,428905,434905,434905,435519,435551,435583,438666,1524,1004,619,6000,614,470,0,600,1969,3115,3083,1369,359.8701312,12.94219073,1,20,-10,180,-1,-1,49,10,20,1.0
36,1,26,438669,440193,440193,441197,441197,441803,441836,450336,450336,450967,450999,451033,454112,1524,1004,606,8500,631,923,0,600,1512,3113,3079,912,375.3160841,15.44595294,1,7,7,170,1,1,51,14,7,2.0
36,1,27,454115,455643,455643,456650,456650,457281,457313,465313,465313,465945,465977,466011,469047,1528,1007,631,8000,632,1755,0,600,647,3070,3036,47,390.250525,14.9344409,1,14,-9,210,-1,-1,49,5,14,1.0
36,1,28,469049,470571,470571,471580,471580,472203,472235,479735,479735,480335,480368,480401,483508,1522,1009,623,7500,600,819,0,600,1627,3140,3107,1027,404.7120707,14.46154572,1,7,3,190,1,1,51,10,7,2.0
36,1,29,483511,485035,485035,486044,486044,486652,486684,492684,492684,493287,493320,493353,496448,1524,1009,608,6000,603,810,0,600,1646,3128,3095,1046,417.6516653,12.93959459,1,28,-14,180,-1,-1,49,14,28,1.0
36,1,30,496450,497974,497974,498976,498976,499595,499628,508128,508128,508745,508778,508812,511904,1524,1002,619,8500,617,838,0,600,1600,3126,3092,1000,433.1087038,15.45703842,1,4,6,180,1,1,51,10,4,2.0
36,1,31,511907,513429,513429,514434,514434,515038,515071,524071,524071,524701,524734,524768,527859,1522,1005,604,9000,630,547,0,600,1892,3125,3091,1292,449.0632092,15.95450542,1,5,2,210,1,1,51,7,5,2.0
36,1,32,527861,529384,529384,530394,530394,530997,531030,539030,539030,539644,539677,539710,542809,1523,1010,603,8000,614,396,0,600,2054,3132,3099,1454,464.0125826,14.94937342,1,2,5,170,1,1,51,7,2,2.0
36,1,33,542811,544334,544334,545337,545337,545956,545989,553489,553489,554109,554141,554174,557260,1523,1003,619,7500,620,638,0,600,1797,3119,3086,1197,478.4645225,14.45193987,1,2,5,210,1,1,51,7,2,2.0
36,1,34,557263,558789,558789,559796,559796,560403,560435,567435,567435,568036,568069,568103,571223,1526,1007,607,7000,601,993,0,600,1466,3154,3120,866,492.4267458,13.9622233,1,19,1,210,1,1,51,20,19,2.0
36,1,35,571226,572750,572750,573756,573756,574360,574392,580892,580892,581493,581525,581558,584662,1524,1006,604,6500,601,392,0,600,2073,3137,3104,1473,505.8665322,13.4397864,1,20,8,210,1,1,51,28,20,2.0
36,1,36,584665,586186,586186,587189,587189,587792,587824,594324,594324,594925,594957,594991,598112,1521,1003,603,6500,601,1259,0,600,1213,3155,3121,613,519.3157994,13.44926719,1,14,-4,170,-1,-1,49,10,14,1.0
36,2,37,48351,49878,49878,50899,50899,51511,51543,60543,60543,61147,61179,61215,64293,1527,1021,612,9000,604,749,0,600,1687,3114,3078,1087,15.95394852,15.95394852,1,10,4,170,1,1,51,14,10,2.0
36,2,38,64298,65828,65828,66834,66834,67442,67474,75474,75474,76105,76138,76172,79248,1530,1006,608,8000,631,529,0,600,1896,3110,3076,1296,30.90667145,14.95272293,1,7,3,180,1,1,51,10,7,2.0
36,2,39,79251,80777,80777,81783,81783,82388,82420,88920,88920,89552,89585,89621,92706,1526,1006,605,6500,632,830,0,600,1601,3121,3085,1001,44.36432522,13.45765378,0,13,1,160,1,-1,49,14,13,1.0
36,2,40,92709,94228,94228,95232,95232,95837,95870,101870,101870,102473,102506,102539,105672,1519,1004,605,6000,603,172,0,600,2297,3166,3133,1697,57.33046639,12.96614116,1,14,-7,150,-1,-1,49,7,14,1.0
36,2,41,105674,107195,107195,108202,108202,108806,108838,116338,116338,116964,116996,117029,120130,1521,1007,604,7500,626,653,0,600,1789,3134,3101,1189,71.78891542,14.45844904,1,4,6,200,1,1,51,10,4,2.0
36,2,42,120133,121656,121656,122659,122659,123264,123296,130297,130297,130899,130931,130967,134096,1523,1003,605,7001,602,1099,0,600,1367,3165,3129,767,85.75472842,13.96581299,1,14,6,150,1,1,51,20,14,2.0
36,2,43,134099,135623,135623,136629,136629,137233,137266,145766,145766,146366,146399,146432,149543,1524,1006,604,8500,600,466,0,600,2000,3144,3111,1400,101.2012955,15.44656709,1,5,5,190,1,1,51,10,5,2.0
36,2,44,149546,151073,151073,152078,152078,152680,152713,161713,161713,162340,162374,162407,165486,1527,1005,602,9000,627,436,0,600,2003,3112,3079,1403,117.1438343,15.94253879,1,7,13,210,1,1,51,20,7,2.0
36,2,45,165488,167014,167014,168019,168019,168623,168655,177155,177155,177756,177788,177822,180946,1526,1005,604,8500,601,676,0,600,1788,3158,3124,1188,132.6040951,15.46026076,1,40,-26,210,-1,-1,49,14,40,1.0
36,2,46,180949,182472,182472,183478,183478,184100,184133,191633,191633,192233,192265,192299,195410,1523,1006,622,7500,600,790,0,600,1659,3145,3111,1059,147.0688715,14.4647765,1,14,-9,200,-1,-1,49,5,14,1.0
36,2,47,195413,196934,196934,197936,197936,198543,198576,205576,205576,206189,206221,206255,209364,1521,1002,607,7000,613,1116,0,600,1341,3143,3109,741,161.021649,13.95277747,1,10,18,150,1,1,51,28,10,2.0
36,2,48,209366,210891,210891,211892,211892,212499,212531,219031,219031,219634,219667,219700,222813,1525,1001,607,6500,603,536,0,600,1928,3146,3113,1328,174.4711745,13.44952545,1,20,-6,180,-1,-1,49,14,20,1.0
36,2,49,222816,224339,224339,225344,225344,225948,225981,231981,231981,232581,232613,232647,235776,1523,1005,604,6000,600,813,0,600,1655,3163,3129,1055,187.4343329,12.96315839,1,14,-7,170,-1,-1,49,7,14,1.0
36,2,50,235779,237301,237301,238308,238308,238938,238970,246970,246970,247593,247625,247659,250733,1522,1007,630,8000,623,823,0,600,1595,3108,3074,995,202.3911508,14.95681798,1,4,1,170,1,1,51,5,4,2.0
36,2,51,250736,252262,252262,253270,253270,253875,253908,260408,260408,261038,261070,261103,264184,1526,1008,605,6500,630,534,0,600,1897,3114,3081,1297,215.8419878,13.45083693,1,10,18,190,1,1,51,28,10,2.0
36,2,52,264187,265707,265707,266714,266714,267319,267352,274852,274852,275452,275485,275518,278619,1520,1007,605,7500,600,493,0,600,1975,3134,3101,1375,230.2771234,14.43513566,1,14,-7,150,-1,-1,49,7,14,1.0
36,2,53,278622,280149,280149,281156,281156,281760,281792,289792,289792,290394,290427,290460,293581,1527,1007,604,8000,602,575,0,600,1885,3154,3121,1285,245.2398901,14.96276664,1,10,18,160,1,1,51,28,10,2.0
36,2,54,293584,295110,295110,296113,296113,296719,296751,303751,303751,304356,304388,304421,307535,1526,1003,606,7000,605,765,0,600,1695,3147,3114,1095,259.1928878,13.95299776,1,20,-13,180,-1,-1,49,7,20,1.0
36,2,55,307538,309058,309058,310065,310065,310672,310704,319704,319704,320307,320340,320373,323501,1520,1007,607,9000,603,1425,0,600,1038,3161,3128,438,275.1587611,15.96587326,0,20,8,200,1,-1,49,28,20,1.0
36,2,56,323504,325031,325031,326038,326038,326643,326675,335175,335175,335785,335817,335851,338962,1527,1007,605,8500,610,333,0,600,2118,3145,3111,1518,290.6198246,15.46106356,1,40,-26,210,-1,-1,49,14,40,1.0
36,2,57,338965,340488,340488,341497,341497,342099,342131,348131,348131,348752,348785,348819,351898,1523,1009,602,6000,621,1083,0,600,1362,3113,3079,762,303.5559453,12.93612062,1,4,3,180,1,1,51,7,4,2.0
36,2,58,351900,353422,353422,354432,354432,355048,355080,361580,361580,362200,362233,362267,365346,1522,1010,616,6500,620,696,0,600,1736,3113,3079,1136,317.0031334,13.44718817,1,3,2,160,1,1,51,5,3,2.0
36,2,59,365348,366873,366873,367879,367879,368485,368518,376518,376518,377138,377170,377202,380302,1525,1006,606,8000,620,875,0,600,1568,3132,3100,968,331.9601925,14.95705906,1,56,-28,210,-1,-1,49,28,56,1.0
36,2,60,380305,381830,381830,382836,382836,383454,383487,389487,389487,390087,390120,390153,393238,1525,1006,618,6000,600,2420,0,600,31,3118,3085,-569,344.8954184,12.93522591,1,6,1,210,1,1,51,7,6,2.0
36,2,61,393239,394760,394760,395768,395768,396373,396406,404906,404906,405508,405542,405575,408703,1521,1008,605,8500,602,803,0,600,1661,3161,3128,1061,360.3605463,15.46512787,1,10,10,190,1,1,51,20,10,2.0
36,2,62,408706,410232,410232,411244,411244,411874,411906,420906,420906,421522,421555,421589,424638,1526,1012,630,9000,616,502,0,600,1914,3083,3049,1314,376.2954226,15.93487635,1,2,3,190,1,1,51,5,2,2.0
36,2,63,424640,426166,426166,427173,427173,427778,427811,434811,434811,435411,435444,435477,438581,1526,1007,605,7000,600,594,0,600,1868,3137,3104,1268,390.2390577,13.9436351,1,28,-8,170,-1,-1,49,20,28,1.0
36,2,64,438584,440108,440108,441116,441116,441722,441754,449254,449254,449859,449892,449927,453042,1524,1008,606,7500,605,309,0,600,2148,3150,3115,1548,404.6998899,14.46083212,1,28,-14,200,-1,-1,49,14,28,1.0
36,2,65,453045,454569,454569,455576,455576,456208,456241,462741,462741,463360,463393,463427,466508,1524,1007,632,6500,619,337,0,600,2081,3115,3081,1481,418.1653387,13.46544881,1,2,3,150,1,1,51,5,2,2.0
36,2,66,466511,468038,468038,469043,469043,469649,469681,478681,478681,479281,479313,479347,482454,1527,1005,606,9000,600,1018,0,600,1444,3141,3107,844,434.1112981,15.94595942,1,7,3,160,1,1,51,10,7,2.0
36,2,67,482457,483983,483983,484988,484988,485595,485627,492627,492627,493259,493291,493325,496395,1526,1005,607,7000,632,459,0,600,1971,3104,3070,1371,448.0523346,13.94103656,1,7,13,160,1,1,51,20,7,2.0
36,2,68,496398,497918,497918,498929,498929,499534,499567,507067,507067,507669,507701,507735,510857,1520,1011,605,7500,602,315,0,600,2147,3156,3122,1547,462.5147606,14.46242596,1,28,-8,200,-1,-1,49,20,28,1.0
36,2,69,510859,512381,512381,513386,513386,514006,514038,522538,522538,523155,523188,523221,526303,1522,1005,620,8500,617,404,0,600,2032,3115,3082,1432,477.960502,15.44574139,1,2,3,160,1,1,51,5,2,2.0
36,2,70,526306,527830,527830,528837,528837,529455,529488,537488,537488,538088,538121,538154,541244,1524,1007,618,8000,600,936,0,600,1515,3123,3090,915,492.901377,14.94087503,1,9,1,180,1,1,51,10,9,2.0
36,2,71,541246,542767,542767,543773,543773,544395,544427,550427,550427,551030,551063,551097,554195,1521,1006,622,6000,603,648,0,600,1800,3132,3098,1200,505.8529205,12.95154344,1,9,1,190,1,1,51,10,9,2.0
36,2,72,554198,555724,555724,556731,556731,557339,557372,565872,565872,566504,566537,566570,569641,1526,1007,608,8500,632,721,0,600,1706,3104,3071,1106,521.2979778,15.44505732,1,40,-12,190,-1,-1,49,28,40,1.0
36,3,73,36825,38355,38355,39370,39370,39979,40012,47512,47512,48144,48177,48215,51273,1530,1015,609,7500,632,437,0,600,1977,3096,3058,1377,14.45958242,14.45958242,1,40,-20,190,-1,-1,49,20,40,1.0
36,3,74,51278,52801,52801,53807,53807,54411,54444,60444,60444,61046,61080,61114,64215,1523,1006,604,6000,602,554,0,600,1911,3135,3101,1311,27.39990718,12.94032477,1,14,14,180,1,1,51,28,14,2.0
36,3,75,64218,65740,65740,66743,66743,67344,67377,76377,76377,76995,77027,77061,80177,1522,1003,601,9000,618,1253,0,600,1203,3150,3116,603,43.36197589,15.96206871,1,10,-3,180,-1,-1,49,7,10,1.0
36,3,76,80179,81701,81701,82710,82710,83316,83349,91349,91349,91979,92011,92044,95134,1522,1009,606,8000,630,1162,0,600,1271,3123,3090,671,58.3189108,14.9569349,1,27,1,210,1,1,51,28,27,2.0
36,3,77,95136,96665,96665,97675,97675,98279,98312,106812,106812,107445,107478,107512,110577,1529,1010,604,8500,633,425,0,600,1999,3099,3065,1399,73.7619316,15.4430208,1,7,7,170,1,1,51,14,7,2.0
36,3,78,110580,112104,112104,113111,113111,113717,113749,120249,120249,120850,120883,120916,124014,1524,1007,606,6500,601,619,0,600,1843,3131,3098,1243,87.19862886,13.43669726,1,20,8,200,1,1,51,28,20,2.0
36,3,79,124017,125542,125542,126550,126550,127153,127185,134185,134185,134785,134818,134853,137973,1525,1008,603,7000,600,932,0,600,1532,3155,3120,932,101.158036,13.95940718,1,6,1,160,1,1,51,7,6,2.0
36,3,80,137975,139505,139505,140510,140510,141139,141171,147171,147171,147802,147834,147867,150935,1530,1005,629,6000,631,524,0,600,1881,3101,3068,1281,114.1194852,12.96144913,1,5,5,180,1,1,51,10,5,2.0
36,3,81,150938,152469,152469,153472,153472,154080,154113,163113,163113,163719,163752,163786,166900,1531,1003,608,9000,606,628,0,600,1824,3148,3114,1224,130.084775,15.96528985,1,40,-20,150,-1,-1,49,20,40,1.0
36,3,82,166903,168426,168426,169432,169432,170038,170071,178571,178571,179187,179219,179253,182355,1523,1006,606,8500,616,786,0,600,1663,3136,3102,1063,145.5403549,15.45557988,1,2,5,180,1,1,51,7,2,2.0
36,3,83,182358,183880,183880,184885,184885,185490,185523,192023,192023,192624,192657,192690,195791,1522,1005,605,6500,601,362,0,600,2105,3134,3101,1505,158.9755599,13.43520497,1,5,9,150,1,1,51,14,5,2.0
36,3,84,195794,197320,197320,198326,198326,198933,198967,206967,206967,207599,207631,207665,210746,1526,1006,607,8000,632,701,0,600,1728,3115,3081,1128,173.9299812,14.95442134,1,10,18,150,1,1,51,28,10,2.0
36,3,85,210748,212271,212271,213279,213279,213884,213916,221416,221416,222017,222049,222082,225199,1523,1008,605,7500,601,798,0,600,1665,3150,3117,1065,188.3834414,14.45346018,1,14,-4,170,-1,-1,49,10,14,1.0
36,3,86,225202,226725,226725,227731,227731,228340,228373,235373,235373,235975,236008,236041,239142,1523,1006,609,7000,602,588,0,600,1872,3134,3101,1272,202.3265973,13.94315595,1,40,-26,200,-1,-1,49,14,40,1.0
36,3,87,239144,240671,240671,241679,241679,242308,242340,249840,249840,250473,250505,250538,253604,1527,1008,629,7500,633,1137,0,600,1266,3099,3066,666,216.7891282,14.46253083,1,4,1,170,1,1,51,5,4,2.0
36,3,88,253607,255129,255129,256136,256136,256738,256769,265769,265769,266401,266434,266467,269558,1522,1007,602,9000,632,545,0,600,1892,3124,3091,1292,232.7423028,15.95317465,1,28,-8,160,-1,-1,49,20,28,1.0
36,3,89,269561,271085,271085,272095,272095,272727,272759,278759,278759,279378,279410,279444,282516,1524,1010,632,6000,619,430,0,600,1985,3106,3072,1385,245.7003711,12.95806828,1,3,2,160,1,1,51,5,3,2.0
36,3,90,282518,284041,284041,285045,285045,285649,285681,292181,292181,292782,292814,292847,295969,1523,1004,604,6500,601,967,0,600,1501,3155,3122,901,259.1535525,13.45318143,1,7,13,170,1,1,51,20,7,2.0
36,3,91,295971,297495,297495,298499,298499,299105,299137,307137,307137,307767,307799,307832,310905,1524,1004,606,8000,630,627,0,600,1809,3106,3073,1209,274.0893905,14.93583796,1,4,6,200,1,1,51,10,4,2.0
36,3,92,310908,312430,312430,313437,313437,314039,314071,322571,322571,323172,323206,323240,326357,1522,1007,602,8500,601,991,0,600,1477,3151,3117,877,289.54128,15.45188954,1,6,1,200,1,1,51,7,6,2.0
36,3,93,326360,327883,327883,328889,328889,329518,329550,336550,336550,337168,337200,337233,340302,1523,1006,629,7000,618,423,0,600,2001,3102,3069,1401,303.4871882,13.94590819,1,3,2,150,1,1,51,5,3,2.0
36,3,94,340305,341829,341829,342835,342835,343464,343496,352496,352496,353117,353150,353183,356248,1524,1006,629,9000,621,1624,0,600,796,3098,3065,196,319.4322761,15.94508791,1,14,-9,150,-1,-1,49,5,14,1.0
36,3,95,356251,357770,357770,358774,358774,359379,359412,367912,367912,368512,368545,368579,371704,1519,1004,605,8500,600,1009,0,600,1463,3159,3125,863,334.8880622,15.455786,1,20,-6,190,-1,-1,49,14,20,1.0
36,3,96,371706,373225,373225,374230,374230,374833,374866,380866,380866,381498,381531,381564,384669,1519,1005,603,6000,632,591,0,600,1850,3138,3105,1250,347.8540647,12.96600254,1,10,4,200,1,1,51,14,10,2.0
36,3,97,384672,386196,386196,387202,387202,387833,387866,395366,395366,395966,395998,396031,399121,1524,1006,631,7500,600,675,0,600,1764,3123,3090,1164,362.3049977,14.45093306,1,10,-5,210,-1,-1,49,5,10,1.0
36,3,98,399123,400644,400644,401646,401646,402265,402298,408798,408798,409430,409462,409496,412562,1521,1002,619,6500,632,555,0,600,1871,3100,3066,1271,375.7467538,13.44175603,1,4,6,200,1,1,51,10,4,2.0
36,3,99,412564,414089,414089,415095,415095,415699,415732,422732,422732,423334,423367,423400,426513,1525,1006,604,7000,602,338,0,600,2125,3146,3113,1525,389.6969408,13.95018706,1,20,-6,200,-1,-1,49,14,20,1.0
36,3,100,426515,428038,428038,429042,429042,429659,429691,437691,437691,438295,438328,438362,441476,1523,1004,617,8000,604,180,0,600,2272,3148,3114,1672,404.6606121,14.96367129,1,14,-9,210,-1,-1,49,5,14,1.0
36,3,101,441479,443005,443005,444010,444010,444614,444647,453647,453647,454275,454307,454340,457437,1526,1005,604,9000,628,515,0,600,1922,3130,3097,1322,420.621621,15.96100886,1,10,10,210,1,1,51,20,10,2.0
36,3,102,457440,458963,458963,459969,459969,460575,460608,468108,468108,468739,468772,468805,471899,1523,1006,606,7500,631,937,0,600,1497,3127,3094,897,435.0826026,14.46098159,1,10,18,180,1,1,51,28,10,2.0
36,3,103,471900,473426,473426,474434,474434,475038,475070,481070,481070,481690,481723,481756,484853,1526,1008,604,6000,620,324,0,600,2118,3130,3097,1518,448.0371622,12.95455966,1,79,-51,170,-1,-1,49,28,79,1.0
36,3,104,484856,486380,486380,487386,487386,488008,488040,496040,496040,496640,496673,496706,499812,1524,1006,622,8000,600,723,0,600,1725,3139,3106,1125,462.9961041,14.9589419,1,7,3,170,1,1,51,10,7,2.0
36,3,105,499815,501337,501337,502346,502346,502953,502985,509485,509485,510101,510133,510167,513280,1522,1009,607,6500,616,404,0,600,2042,3147,3113,1442,476.4645137,13.46840958,1,2,5,190,1,1,51,7,2,2.0
36,3,106,513283,514808,514808,515816,515816,516419,516452,524952,524952,525572,525606,525639,528721,1525,1008,603,8500,620,313,0,600,2131,3115,3082,1531,491.9049197,15.44040598,1,57,-37,190,-1,-1,49,20,57,1.0
36,3,107,528723,530245,530245,531250,531250,531870,531902,538902,538902,539505,539538,539571,542657,1522,1005,620,7000,603,764,0,600,1686,3119,3086,1086,505.8410051,13.93608537,1,20,-10,200,-1,-1,49,10,20,1.0
36,3,108,542660,544182,544182,545187,545187,545790,545823,554823,554823,555453,555485,555519,558598,1522,1005,603,9000,630,563,0,600,1877,3113,3079,1277,521.7823282,15.94132314,1,4,3,200,1,1,51,7,4,2.0
36,4,109,47908,49435,49435,50449,50449,51066,51099,59099,59099,59729,59761,59798,62876,1527,1014,617,8000,630,1368,0,600,1044,3115,3078,444,14.98077776,14.98077776,1,7,-2,190,-1,-1,49,5,7,1.0
36,4,110,62880,64404,64404,65409,65409,66014,66047,72047,72047,72680,72712,72745,75830,1524,1005,605,6000,633,1385,0,600,1048,3118,3085,448,27.93318155,12.9524038,0,11,-1,210,-1,1,51,10,11,2.0
36,4,111,75832,77354,77354,78365,78365,78994,79027,86027,86027,86643,86675,86710,89777,1522,1011,629,7000,616,1525,0,600,897,3102,3067,297,41.87994166,13.94676011,1,6,-1,200,-1,-1,49,5,6,1.0
36,4,112,89779,91306,91306,92311,92311,92918,92951,100451,100451,101052,101084,101119,104211,1527,1005,607,7500,601,453,0,600,2007,3127,3092,1407,56.31387825,14.43393659,1,28,-8,180,-1,-1,49,20,28,1.0
36,4,113,104213,105737,105737,106740,106740,107342,107374,116374,116374,116998,117031,117064,120171,1524,1003,602,9000,624,1018,0,600,1429,3140,3107,829,72.27471534,15.96083709,0,11,-1,190,-1,1,51,10,11,2.0
36,4,114,120174,121692,121692,122697,122697,123302,123334,129834,129834,130449,130482,130515,133613,1518,1005,605,6500,615,616,0,600,1841,3131,3098,1241,85.7163005,13.44158516,1,5,9,210,1,1,51,14,5,2.0
36,4,115,133616,135140,135140,136148,136148,136750,136782,145282,145282,145882,145915,145949,149054,1524,1008,602,8500,600,106,0,600,2360,3139,3105,1760,101.1577091,15.44140857,1,28,-18,170,-1,-1,49,10,28,1.0
36,4,116,149057,150581,150581,151584,151584,152191,152223,158223,158223,158823,158856,158889,162004,1524,1003,607,6000,600,474,0,600,1992,3148,3115,1392,114.1068167,12.94910763,1,40,-12,210,-1,-1,49,28,40,1.0
36,4,117,162006,163531,163531,164540,164540,165155,165187,173687,173687,174288,174320,174354,177442,1525,1009,615,8500,601,415,0,600,2035,3122,3088,1435,129.5451518,15.4383351,1,14,-9,170,-1,-1,49,5,14,1.0
36,4,118,177445,178969,178969,179974,179974,180578,180610,188110,188110,188727,188760,188793,191895,1524,1005,604,7500,617,457,0,600,1993,3135,3102,1393,143.9986518,14.45349996,1,10,-3,190,-1,-1,49,7,10,1.0
36,4,119,191898,193424,193424,194430,194430,195036,195070,202070,202070,202671,202704,202739,205845,1526,1006,606,7000,601,730,0,600,1731,3141,3106,1131,157.9481707,13.94951897,1,20,-6,170,-1,-1,49,14,20,1.0
36,4,120,205848,207374,207374,208379,208379,208984,209016,215516,215516,216116,216148,216182,219265,1526,1005,605,6500,600,-1,2501,0,563,3117,3083,-37,171.368523,13.42035231,-1,7,7,170,1,-2,-1,14,7,
36,4,121,219268,220788,220788,221795,221795,222401,222433,230433,230433,231033,231065,231099,234228,1520,1007,606,8000,600,611,0,600,1856,3163,3129,1256,186.3305583,14.96203526,1,10,4,160,1,1,51,14,10,2.0
36,4,122,234231,235756,235756,236765,236765,237383,237415,246415,246415,247017,247050,247084,250168,1525,1009,618,9000,602,769,0,600,1677,3118,3084,1077,202.2708984,15.94034013,1,5,2,150,1,1,51,7,5,2.0
36,4,123,250171,251687,251687,252693,252693,253300,253332,259832,259832,260432,260464,260499,263621,1516,1006,607,6500,600,1450,0,600,1021,3157,3122,421,215.7238662,13.45296778,1,14,6,180,1,1,51,20,14,2.0
36,4,124,263623,265147,265147,266153,266153,266759,266792,275792,275792,276394,276427,276461,279562,1524,1006,606,9000,602,1042,0,600,1420,3135,3101,820,231.6641253,15.94025907,0,29,-1,210,-1,1,51,28,29,2.0
36,4,125,279564,281089,281089,282099,282099,282715,282747,290247,290247,290847,290880,290913,293998,1525,1010,616,7500,600,604,0,600,1845,3118,3085,1245,246.1003916,14.43626633,1,14,-7,210,-1,-1,49,7,14,1.0
36,4,126,294000,295519,295519,296527,296527,297146,297178,303178,303178,303810,303842,303876,306940,1519,1008,619,6000,632,1233,0,600,1189,3098,3064,589,259.0420167,12.94162509,1,7,-2,190,-1,-1,49,5,7,1.0
36,4,127,306942,308463,308463,309467,309467,310071,310105,318605,318605,319210,319242,319275,322377,1521,1004,604,8500,605,396,0,600,2070,3135,3102,1470,274.4794312,15.43741447,1,40,-12,160,-1,-1,49,28,40,1.0
36,4,128,322379,323902,323902,324909,324909,325510,325542,333542,333542,334143,334175,334209,337329,1523,1007,601,8000,601,2033,0,600,435,3154,3120,-165,289.4311461,14.95171491,1,8,-1,160,-1,-1,49,7,8,1.0
36,4,129,337331,338859,338859,339868,339868,340472,340505,347505,347505,348107,348139,348172,351286,1528,1009,604,7000,602,310,0,600,2147,3147,3114,1547,303.389026,13.95787994,1,20,-6,210,-1,-1,49,14,20,1.0
36,4,130,351289,352812,352812,353818,353818,354420,354452,362452,362452,363068,363101,363134,366249,1523,1006,602,8000,616,797,0,600,1656,3148,3115,1056,318.3511059,14.96207986,1,3,2,200,1,1,51,5,3,2.0
36,4,131,366251,367774,367774,368782,368782,369386,369418,376418,376418,377020,377053,377086,380213,1523,1008,604,7000,602,1068,0,600,1395,3160,3127,795,332.3162414,13.96513555,1,10,10,160,1,1,51,20,10,2.0
36,4,132,380216,381741,381741,382747,382747,383355,383388,390888,390888,391521,391554,391587,394650,1525,1006,608,7500,633,234,0,600,2194,3096,3063,1594,346.7520307,14.43578929,1,29,-1,180,-1,-1,49,28,29,1.0
36,4,133,394653,396174,396174,397179,397179,397780,397812,406312,406312,406913,406945,406979,410085,1521,1005,601,8500,601,593,0,600,1879,3140,3106,1279,362.1874521,15.43542134,1,7,13,180,1,1,51,20,7,2.0
36,4,134,410088,411609,411609,412613,412613,413220,413253,422253,422253,422856,422890,422923,426039,1521,1004,607,9000,603,1964,0,600,501,3149,3116,-99,378.141626,15.95417393,1,14,6,210,1,1,51,20,14,2.0
36,4,135,426042,427566,427566,428569,428569,429177,429210,435710,435710,436310,436343,436376,439482,1524,1003,608,6500,600,628,0,600,1837,3139,3106,1237,391.5844829,13.44285686,1,10,4,200,1,1,51,14,10,2.0
36,4,136,439484,441007,441007,442015,442015,442631,442663,448663,448663,449264,449296,449330,452447,1523,1008,616,6000,601,1223,0,600,1229,3151,3117,629,404.5502157,12.96573283,0,11,-1,160,-1,1,51,10,11,2.0
36,4,137,452450,453975,453975,454977,454977,455580,455612,462112,462112,462713,462746,462780,465892,1525,1002,603,6500,601,664,0,600,1805,3146,3112,1205,417.9941824,13.44396674,1,8,-1,160,-1,-1,49,7,8,1.0
36,4,138,465894,467419,467419,468425,468425,469029,469061,476561,476561,477177,477210,477243,480337,1525,1006,604,7500,616,485,0,600,1964,3127,3094,1364,432.439341,14.44515858,1,10,18,160,1,1,51,28,10,2.0
36,4,139,480340,481868,481868,482874,482874,483503,483535,489535,489535,490138,490170,490203,493298,1528,1006,629,6000,603,1782,0,600,652,3128,3095,52,445.4001835,12.96084252,0,11,-1,190,-1,1,51,10,11,2.0
36,4,140,493301,494825,494825,495832,495832,496437,496469,503469,503469,504070,504103,504137,507242,1524,1007,605,7000,601,207,0,600,2256,3139,3105,1656,459.3446097,13.94442615,1,28,-8,180,-1,-1,49,20,28,1.0
36,4,141,507245,508771,508771,509778,509778,510382,510415,518416,518416,519028,519059,519094,522183,1526,1007,604,8001,612,285,0,600,2165,3124,3089,1565,474.2861579,14.94154825,1,79,-51,160,-1,-1,49,28,79,1.0
36,4,142,522186,523711,523711,524719,524719,525323,525355,533855,533855,534485,534518,534551,537624,1525,1008,604,8500,630,821,0,600,1612,3106,3073,1012,489.7262776,15.4401197,1,5,5,180,1,1,51,10,5,2.0
36,4,143,537627,539149,539149,540157,540157,540788,540821,549821,549821,550438,550470,550504,553568,1522,1008,631,9000,617,587,0,600,1835,3098,3064,1235,505.6701529,15.94387528,1,4,1,210,1,1,51,5,4,2.0
36,4,144,553571,555095,555095,556096,556096,556698,556731,564231,564231,564833,564865,564898,568017,1524,1001,602,7500,602,377,0,600,2094,3152,3119,1494,520.1191498,14.44899688,1,20,-13,210,-1,-1,49,7,20,1.0
36,5,145,17561,19087,19087,20101,20101,20708,20742,29242,29242,29860,29893,29929,33036,1526,1014,607,8500,618,323,0,600,2112,3143,3107,1512,15.48644299,15.48644299,1,57,-37,160,-1,-1,49,20,57,1.0
36,5,146,33041,34564,34564,35572,35572,36177,36210,43210,43210,43810,43842,43875,46976,1523,1008,605,7000,600,292,0,600,2172,3134,3101,1572,29.42428011,13.93783712,1,40,-12,150,-1,-1,49,28,40,1.0
36,5,147,46979,48499,48499,49504,49504,50106,50139,57639,57639,58269,58302,58335,61419,1520,1005,602,7500,630,349,0,600,2094,3117,3084,1494,43.86737836,14.44309824,1,5,2,190,1,1,51,7,5,2.0
36,5,148,61421,62947,62947,63955,63955,64558,64590,72590,72590,73206,73240,73273,76368,1526,1008,603,8000,616,417,0,600,2030,3128,3095,1430,58.81635911,14.94898076,1,79,-51,190,-1,-1,49,28,79,1.0
36,5,149,76370,77900,77900,78904,78904,79535,79567,86067,86067,86695,86727,86760,89830,1530,1004,631,6500,628,205,0,600,2202,3103,3070,1602,72.27875163,13.46239251,1,4,1,170,1,1,51,5,4,2.0
36,5,150,89833,91356,91356,92361,92361,92961,92993,101993,101993,102594,102628,102661,105765,1523,1005,600,9000,601,851,0,600,1620,3137,3104,1020,88.21288424,15.93413262,1,6,-1,190,-1,-1,49,5,6,1.0
36,5,151,105768,107289,107289,108297,108297,108915,108948,114948,114948,115580,115612,115646,118699,1521,1008,618,6000,632,635,0,600,1786,3087,3053,1186,101.1471766,12.93429233,1,4,6,210,1,1,51,10,4,2.0
36,5,152,118702,120225,120225,121230,121230,121832,121864,127864,127864,128496,128527,128562,131632,1523,1005,602,6000,632,1142,0,600,1296,3105,3070,696,114.0804476,12.93327105,1,11,-1,180,-1,-1,49,10,11,1.0
36,5,153,131635,133159,133159,134165,134165,134765,134798,143798,143798,144398,144431,144464,147567,1524,1006,600,9000,600,327,0,600,2143,3136,3103,1543,130.0151019,15.93465425,1,20,-13,170,-1,-1,49,7,20,1.0
36,5,154,147570,149094,149094,150099,150099,150705,150737,158737,158737,159338,159371,159404,162519,1524,1005,606,8000,601,247,0,600,2217,3148,3115,1617,144.9672167,14.9521148,1,40,-12,150,-1,-1,49,28,40,1.0
36,5,155,162522,164041,164041,165044,165044,165650,165682,172682,172682,173285,173317,173351,176476,1519,1003,606,7000,603,120,0,600,2349,3159,3125,1749,158.9237146,13.95649795,1,40,-26,170,-1,-1,49,14,40,1.0
36,5,156,176479,178005,178005,179011,179011,179616,179648,188148,188148,188751,188785,188818,191939,1526,1006,605,8500,603,542,0,600,1918,3154,3121,1318,174.3869717,15.46325709,1,11,-1,210,-1,-1,49,10,11,1.0
36,5,157,191942,193466,193466,194470,194470,195074,195107,202607,202607,203240,203272,203306,206387,1524,1004,604,7500,633,765,0,600,1670,3115,3081,1070,188.8346282,14.44765647,0,21,-1,160,-1,1,51,20,21,2.0
36,5,158,206390,207908,207908,208914,208914,209517,209549,216049,216049,216649,216681,216715,219821,1518,1006,603,6500,600,982,0,600,1491,3140,3106,891,202.2682984,13.43367019,0,20,-10,150,-1,1,51,10,20,2.0
36,5,159,219823,221347,221347,222353,222353,222954,222987,228987,228987,229618,229650,229684,232786,1524,1006,601,6000,631,1690,0,600,748,3136,3102,148,215.2338275,12.96552912,1,14,14,150,1,1,51,28,14,2.0
36,5,160,232789,234309,234309,235316,235316,235944,235977,243477,243477,244109,244141,244174,247246,1520,1007,628,7500,632,885,0,600,1528,3105,3072,928,229.6940952,14.46026769,1,10,-5,190,-1,-1,49,5,10,1.0
36,5,161,247249,248775,248775,249782,249782,250386,250418,257418,257418,258052,258084,258118,261204,1526,1007,604,7000,634,673,0,600,1756,3120,3086,1156,243.6519462,13.95785101,1,14,-7,150,-1,-1,49,7,14,1.0
36,5,162,261207,262732,262732,263742,263742,264349,264382,273382,273382,274016,274048,274082,277164,1525,1010,607,9000,634,893,0,600,1531,3116,3082,931,259.6118265,15.9598803,0,29,-1,200,-1,1,51,28,29,2.0
36,5,163,277167,278685,278685,279686,279686,280294,280326,288326,288326,288944,288976,289009,292109,1518,1001,608,8000,618,1104,0,600,1351,3133,3100,751,274.55733,14.94550347,1,11,-1,170,-1,-1,49,10,11,1.0
36,5,164,292112,293636,293636,294644,294644,295249,295282,301782,301782,302382,302414,302447,305544,1524,1008,605,6500,600,588,0,600,1875,3130,3097,1275,287.9920202,13.43469026,1,5,9,210,1,1,51,14,5,2.0
36,5,165,305547,307068,307068,308074,308074,308698,308732,317232,317232,317856,317888,317921,321005,1521,1006,624,8500,624,572,0,600,1853,3117,3084,1253,303.452542,15.46052173,1,3,2,180,1,1,51,5,3,2.0
36,5,166,321008,322532,322532,323537,323537,324143,324175,331175,331175,331807,331839,331873,334951,1524,1005,606,7000,632,113,0,600,2320,3112,3078,1720,317.3984483,13.94590638,1,40,-20,180,-1,-1,49,20,40,1.0
36,5,167,334954,336476,336476,337483,337483,338088,338120,346620,346620,347252,347285,347318,350388,1522,1007,605,8500,632,297,0,600,2137,3103,3070,1537,332.8357103,15.43726199,1,7,7,200,1,1,51,14,7,2.0
36,5,168,350390,351916,351916,352919,352919,353536,353568,360068,360068,360672,360705,360739,363824,1526,1003,617,6500,604,993,0,600,1457,3119,3085,857,346.271854,13.43614368,1,6,-1,180,-1,-1,49,5,6,1.0
36,5,169,363827,365350,365350,366355,366355,366962,366995,375995,375995,376596,376628,376662,379777,1523,1005,607,9000,601,701,0,600,1763,3149,3115,1163,362.2246866,15.95283262,1,7,13,150,1,1,51,20,7,2.0
36,5,170,379780,381304,381304,382308,382308,382931,382964,388964,388964,389594,389626,389661,392728,1524,1004,623,6000,630,299,0,600,2120,3102,3067,1520,375.1756798,12.95099318,1,5,9,200,1,1,51,14,5,2.0
36,5,171,392730,394256,394256,395261,395261,395867,395900,403400,403400,404033,404066,404100,407174,1526,1005,606,7500,633,1277,0,600,1153,3108,3074,553,389.6213887,14.44570884,1,20,-6,160,-1,-1,49,14,20,1.0
36,5,172,407177,408701,408701,409708,409708,410335,410367,418367,418367,418998,419031,419065,422120,1524,1007,627,8000,631,1936,0,600,475,3089,3055,-125,404.5680804,14.9466917,1,14,-9,160,-1,-1,49,5,14,1.0
36,5,173,422123,423648,423648,424653,424653,425257,425290,434290,434290,434891,434923,434957,438080,1525,1005,604,9000,601,836,0,600,1629,3157,3123,1029,420.5271006,15.95902025,1,10,10,150,1,1,51,20,10,2.0
36,5,174,438083,439605,439605,440612,440612,441214,441246,447246,447246,447871,447904,447937,451017,1522,1007,602,6000,625,477,0,600,1967,3113,3080,1367,433.4643028,12.93720217,1,8,-1,170,-1,-1,49,7,8,1.0
36,5,175,451020,452544,452544,453553,453553,454159,454191,462691,462691,463324,463356,463390,466474,1524,1009,606,8500,633,607,0,600,1821,3118,3084,1221,448.9217474,15.45744464,1,10,4,150,1,1,51,14,10,2.0
36,5,176,466477,467997,467997,469000,469000,469605,469637,476137,476137,476751,476783,476817,479935,1520,1003,605,6500,614,742,0,600,1716,3152,3118,1116,462.3830433,13.4612959,1,2,5,150,1,1,51,7,2,2.0
36,5,177,479938,481464,481464,482468,482468,483075,483107,490107,490107,490728,490760,490795,493884,1526,1004,607,7000,621,185,0,600,2257,3124,3089,1657,476.3314298,13.94838649,1,79,-51,160,-1,-1,49,28,79,1.0
36,5,178,493887,495408,495408,496415,496415,497017,497050,504550,504550,505167,505199,505233,508338,1521,1007,602,7500,617,1177,0,600,1276,3139,3105,676,490.7858474,14.45441757,1,5,5,160,1,1,51,10,5,2.0
36,5,179,508341,509864,509864,510869,510869,511475,511507,519508,519508,520138,520169,520203,523270,1523,1005,606,8001,630,202,0,600,2233,3101,3067,1633,505.7181143,14.93226695,1,40,-20,160,-1,-1,49,20,40,1.0
36,5,180,523274,524799,524799,525803,525803,526408,526441,533941,533941,534558,534591,534624,537710,1525,1004,605,7500,617,410,0,600,2039,3119,3086,1439,520.1578438,14.43972945,1,2,5,160,1,1,51,7,2,2.0
36,6,181,23790,25311,25311,26331,26331,26939,26972,33472,33472,34075,34107,34142,37230,1521,1020,608,6500,603,827,0,600,1621,3123,3088,1021,13.45228672,13.45228672,1,7,-2,150,-1,-1,49,5,7,1.0
36,6,182,37235,38757,38757,39764,39764,40368,40400,49400,49400,50032,50065,50099,53176,1522,1007,604,9000,632,301,0,600,2134,3111,3077,1534,29.39692894,15.94464221,1,28,-18,150,-1,-1,49,10,28,1.0
36,6,183,53179,54701,54701,55705,55705,56310,56342,62342,62342,62975,63008,63042,66113,1522,1004,605,6000,633,366,0,600,2070,3105,3071,1470,42.33360164,12.9366727,1,5,9,200,1,1,51,14,5,2.0
36,6,184,66115,67642,67642,68644,68644,69250,69283,77783,77783,78415,78448,78481,81550,1527,1002,606,8500,632,1073,0,600,1360,3102,3069,760,57.7698975,15.43629586,1,10,-3,200,-1,-1,49,7,10,1.0
36,6,185,81552,83076,83076,84084,84084,84690,84722,92722,92722,93340,93372,93405,96483,1524,1008,606,8000,618,1212,0,600,1232,3111,3078,632,72.70408134,14.93418384,1,10,4,190,1,1,51,14,10,2.0
36,6,186,96486,98010,98010,99013,99013,99624,99656,107156,107156,107777,107809,107842,110919,1524,1003,611,7500,621,1051,0,600,1390,3110,3077,790,87.13873846,14.43465712,1,3,2,160,1,1,51,5,3,2.0
36,6,187,110921,112450,112450,113454,113454,114085,114117,121117,121117,121738,121770,121803,124876,1529,1004,631,7000,621,690,0,600,1725,3106,3073,1125,101.0965458,13.95780731,1,14,-9,150,-1,-1,49,5,14,1.0
36,6,188,124879,126403,126403,127408,127408,128012,128044,137044,137044,137651,137684,137718,140833,1524,1005,604,9000,607,308,0,600,2152,3149,3115,1552,117.0540834,15.9575376,1,40,-20,160,-1,-1,49,20,40,1.0
36,6,189,140836,142361,142361,143368,143368,143975,144008,151008,151008,151608,151640,151673,154796,1525,1007,607,7000,600,771,0,600,1690,3156,3123,1090,131.016417,13.9623336,1,10,18,160,1,1,51,28,10,2.0
36,6,190,154799,156317,156317,157321,157321,157946,157978,164478,164478,165080,165113,165146,168241,1518,1004,625,6500,602,555,0,600,1896,3128,3095,1296,144.4619974,13.44558047,1,40,-26,150,-1,-1,49,14,40,1.0
36,6,191,168244,169767,169767,170770,170770,171373,171405,179405,179405,180007,180041,180074,183185,1523,1003,603,8000,602,2056,0,600,413,3144,3111,-187,159.4058968,14.94389939,0,9,1,190,1,-1,49,10,9,1.0
36,6,192,183189,184709,184709,185715,185715,186318,186350,192350,192350,192971,193003,193037,196132,1520,1006,603,6000,621,222,0,600,2228,3129,3095,1628,172.3530948,12.94719797,1,14,-7,170,-1,-1,49,7,14,1.0
36,6,193,196135,197657,197657,198661,198661,199265,199298,206798,206798,207399,207432,207465,210594,1522,1004,604,7500,601,487,0,600,1982,3162,3129,1382,186.814539,14.46144416,1,27,1,200,1,1,51,28,27,2.0
36,6,194,210597,212124,212124,213132,213132,213733,213765,222265,222265,222892,222925,222958,226053,1527,1008,601,8500,627,357,0,600,2080,3128,3095,1480,202.2738215,15.45928257,1,10,4,210,1,1,51,14,10,2.0
36,6,195,226056,227581,227581,228592,228592,229199,229231,235731,235731,236361,236393,236427,239492,1525,1011,607,6500,630,783,0,600,1644,3099,3065,1044,215.7126349,13.43881334,1,5,2,180,1,1,51,7,5,2.0
36,6,196,239495,241016,241016,242023,242023,242626,242658,251658,251658,252259,252292,252325,255443,1521,1007,603,9000,601,81,0,600,2387,3151,3118,1787,231.6637573,15.95112246,1,20,-10,190,-1,-1,49,10,20,1.0
36,6,197,255446,256974,256974,257982,257982,258586,258618,265618,265618,266218,266252,266285,269392,1528,1008,604,7000,600,240,0,600,2220,3140,3107,1620,245.6120986,13.94834129,1,28,-18,170,-1,-1,49,10,28,1.0
36,6,198,269395,270917,270917,271922,271922,272526,272558,280058,280058,280660,280692,280726,283843,1522,1005,604,7500,602,179,0,600,2288,3151,3117,1688,260.0629753,14.4508767,1,57,-37,210,-1,-1,49,20,57,1.0
36,6,199,283846,285374,285374,286381,286381,286984,287017,295517,295517,296117,296149,296183,299306,1528,1007,603,8500,600,841,0,600,1621,3157,3123,1021,275.5258816,15.46290631,1,5,2,180,1,1,51,7,5,2.0
36,6,200,299309,300834,300834,301840,301840,302447,302480,308480,308480,309080,309113,309147,312262,1525,1006,607,6000,600,541,0,600,1921,3149,3115,1321,288.4819743,12.95609263,1,20,-13,200,-1,-1,49,7,20,1.0
36,6,201,312264,313786,313786,314792,314792,315396,315429,323429,323429,324029,324063,324096,327214,1522,1006,604,8000,600,2192,0,600,276,3151,3118,-324,303.4347147,14.95274041,0,13,1,210,1,-1,49,14,13,1.0
36,6,202,327217,328742,328742,329749,329749,330355,330387,338387,338387,339017,339050,339083,342154,1525,1007,606,8000,630,304,0,600,2128,3104,3071,1528,318.3742128,14.93949816,1,14,14,170,1,1,51,28,14,2.0
36,6,203,342157,343678,343678,344682,344682,345286,345318,351818,351818,352450,352484,352518,355617,1521,1004,604,6500,632,1913,0,600,526,3133,3099,-74,331.8368136,13.46260075,1,5,2,190,1,1,51,7,5,2.0
36,6,204,355620,357145,357145,358152,358152,358773,358806,367306,367306,367934,367966,367999,371057,1525,1007,621,8500,628,903,0,600,1516,3091,3058,916,347.276383,15.43956943,1,4,1,160,1,1,51,5,4,2.0
36,6,205,371059,372586,372586,373590,373590,374195,374228,381228,381228,381845,381877,381911,385009,1527,1004,605,7000,617,94,0,600,2353,3132,3098,1753,361.2282899,13.95190687,0,19,1,150,1,-1,49,20,19,1.0
36,6,206,385011,386534,386534,387535,387535,388167,388200,394200,394200,394800,394832,394865,397947,1523,1001,632,6000,600,892,0,600,1552,3115,3082,952,374.1664323,12.93814239,1,20,8,170,1,1,51,28,20,2.0
36,6,207,397949,399474,399474,400481,400481,401087,401119,408619,408619,409221,409253,409286,412404,1525,1007,606,7500,602,1514,0,600,946,3151,3118,346,388.6234086,14.45697634,1,28,-8,200,-1,-1,49,20,28,1.0
36,6,208,412407,413926,413926,414933,414933,415560,415592,424592,424592,425209,425242,425275,428359,1519,1007,627,9000,617,1058,0,600,1372,3117,3084,772,404.5792074,15.95579881,1,2,3,210,1,1,51,5,2,2.0
36,6,209,428362,429884,429884,430889,430889,431495,431527,437527,437527,438159,438191,438225,441294,1522,1005,606,6000,632,496,0,600,1939,3103,3069,1339,417.5146169,12.93540944,1,20,8,200,1,1,51,28,20,2.0
36,6,210,441297,442820,442820,443827,443827,444428,444460,452460,452460,453077,453109,453143,456232,1523,1007,601,8000,617,419,0,600,2033,3123,3089,1433,432.4518106,14.93719373,1,2,3,190,1,1,51,5,2,2.0
36,6,211,456235,457759,457759,458765,458765,459370,459403,466903,466903,467504,467538,467571,470694,1524,1006,605,7500,601,1003,0,600,1461,3156,3123,861,446.9143601,14.46254952,1,10,4,150,1,1,51,14,10,2.0
36,6,212,470697,472221,472221,473231,473231,473840,473872,482372,482372,482974,483007,483041,486149,1524,1010,609,8500,602,1016,0,600,1439,3142,3108,839,462.368853,15.45449291,1,19,1,170,1,1,51,20,19,2.0
36,6,213,486152,487678,487678,488685,488685,489289,489322,498322,498322,498941,498974,499007,502086,1526,1007,604,9000,619,472,0,600,1972,3112,3079,1372,478.3058888,15.93703583,1,4,6,190,1,1,51,10,4,2.0
36,6,214,502089,503613,503613,504620,504620,505223,505255,512255,512255,512855,512886,512921,516042,1524,1007,603,7000,600,219,0,600,2247,3156,3121,1647,492.2615617,13.95567285,1,10,10,180,1,1,51,20,10,2.0
36,6,215,516044,517568,517568,518573,518573,519178,519211,525711,525711,526340,526372,526405,529474,1524,1005,605,6500,629,360,0,600,2077,3102,3069,1477,505.6939285,13.43236685,1,5,5,180,1,1,51,10,5,2.0
36,6,216,529477,530998,530998,532002,532002,532606,532639,541639,541639,542256,542289,542322,545434,1521,1004,604,9000,617,77,0,600,2377,3145,3112,1777,521.6529756,15.95904707,1,79,-51,150,-1,-1,49,28,79,1.0
37,1,1,59285,60817,60817,61847,61847,62470,62502,71502,71502,72106,72138,72173,75257,1532,1030,623,9000,604,625,0,600,1786,3119,3084,1186,16.00315484,16.00315484,1,10,18,190,1,1,51,28,10,2.0
37,1,2,75304,76825,76825,77843,77843,78449,78481,86481,86481,87114,87147,87181,90259,1521,1018,606,8000,633,499,0,600,1923,3112,3078,1323,30.96020064,14.9570458,1,10,18,170,1,1,51,28,10,2.0
37,1,3,90262,91788,91788,92793,92793,93400,93434,100434,100434,101063,101096,101129,104211,1526,1005,607,7000,629,442,0,600,1991,3115,3082,1391,44.91219791,13.95199728,1,5,9,180,1,1,51,14,5,2.0
37,1,4,104214,105742,105742,106750,106750,107354,107387,113887,113887,114511,114543,114577,117669,1528,1008,604,6500,624,614,0,600,1822,3126,3092,1222,58.37581813,13.46362021,1,4,3,170,1,1,51,7,4,2.0
37,1,5,117678,119202,119202,120209,120209,120815,120847,128347,128347,128948,128979,129013,132133,1524,1007,606,7500,601,442,0,600,2020,3154,3120,1420,72.83355116,14.45773303,1,14,14,170,1,1,51,28,14,2.0
37,1,6,132134,133656,133656,134661,134661,135262,135294,143794,143794,144394,144427,144460,147592,1522,1005,601,8500,600,879,0,600,1593,3165,3132,993,88.2932273,15.45967614,1,7,-2,200,-1,-1,49,5,7,1.0
37,1,7,147595,149121,149121,150130,150130,150737,150770,156770,156770,157370,157402,157435,160532,1526,1009,607,6000,600,907,0,600,1551,3130,3097,951,101.2332857,12.94005837,1,10,10,150,1,1,51,20,10,2.0
37,1,8,160535,162059,162059,163064,163064,163670,163702,171202,171202,171832,171865,171899,174978,1524,1005,606,7500,630,791,0,600,1644,3113,3079,1044,115.678827,14.44554129,1,14,6,150,1,1,51,20,14,2.0
37,1,9,174981,176507,176507,177511,177511,178116,178148,186148,186148,186781,186814,186847,189946,1526,1004,605,8000,633,1162,0,600,1270,3132,3099,670,130.6472084,14.9683814,0,19,1,180,1,-1,49,20,19,1.0
37,1,10,189949,191471,191471,192476,192476,193104,193137,200137,200137,200766,200799,200832,203897,1522,1005,628,7000,629,584,0,600,1832,3098,3065,1232,144.5976175,13.95040916,1,4,1,160,1,1,51,5,4,2.0
37,1,11,203900,205428,205428,206432,206432,207037,207069,216069,216069,216693,216726,216759,219856,1528,1004,605,9000,624,712,0,600,1727,3130,3097,1127,160.5566537,15.95903622,1,4,3,180,1,1,51,7,4,2.0
37,1,12,219859,221381,221381,222386,222386,223016,223048,229048,229048,229674,229706,229739,232799,1522,1005,630,6000,626,1550,0,600,867,3093,3060,267,173.5003723,12.94371857,0,9,1,180,1,-1,49,10,9,1.0
37,1,13,232802,234329,234329,235332,235332,235941,235974,242474,242474,243077,243109,243142,246241,1527,1003,609,6500,603,972,0,600,1486,3132,3099,886,186.9416248,13.44125247,1,40,-12,180,-1,-1,49,28,40,1.0
37,1,14,246244,247768,247768,248775,248775,249378,249410,257910,257910,258527,258559,258591,261692,1524,1007,603,8500,617,522,0,600,1927,3133,3101,1327,202.3939992,15.45237442,1,57,-37,190,-1,-1,49,20,57,1.0
37,1,15,261696,263220,263220,264226,264226,264831,264864,273364,273364,273965,273998,274031,277151,1524,1006,605,8500,601,673,0,600,1791,3153,3120,1191,217.8522991,15.45829987,1,28,-14,170,-1,-1,49,14,28,1.0
37,1,16,277154,278680,278680,279683,279683,280289,280321,287321,287321,287921,287953,287987,291089,1526,1003,606,7000,600,430,0,600,2035,3136,3102,1435,231.7894723,13.93717324,1,5,5,180,1,1,51,10,5,2.0
37,1,17,291092,292615,292615,293623,293623,294228,294260,302260,302260,302883,302915,302948,306043,1523,1008,605,8000,623,452,0,600,1989,3128,3095,1389,246.7442369,14.95476458,1,4,3,210,1,1,51,7,4,2.0
37,1,18,306046,307570,307570,308578,308578,309181,309213,316713,316713,317345,317377,317411,320494,1524,1008,603,7500,632,501,0,600,1932,3117,3083,1332,261.1943985,14.4501616,1,4,3,160,1,1,51,7,4,2.0
37,1,19,320497,322019,322019,323024,323024,323629,323661,330161,330161,330762,330795,330829,333938,1522,1005,605,6500,601,398,0,600,2069,3143,3109,1469,274.6382281,13.44382962,1,28,-18,180,-1,-1,49,10,28,1.0
37,1,20,333940,335463,335463,336471,336471,337074,337107,343107,343107,343707,343741,343774,346873,1523,1008,603,6000,600,490,0,600,1976,3132,3099,1376,287.573382,12.93515389,1,20,-6,170,-1,-1,49,14,20,1.0
37,1,21,346876,348402,348402,349410,349410,350012,350044,359044,359044,359674,359706,359740,362832,1526,1008,602,9000,630,450,0,600,1984,3126,3092,1384,303.5325502,15.95916821,1,4,1,190,1,1,51,5,4,2.0
37,1,22,362835,364361,364361,365372,365372,365979,366012,372012,372012,372632,372664,372699,375791,1526,1011,607,6000,620,315,0,600,2121,3127,3092,1521,316.4914731,12.95892291,1,79,-51,210,-1,-1,49,28,79,1.0
37,1,23,375794,377320,377320,378324,378324,378929,378962,385462,385462,386086,386118,386152,389244,1526,1004,605,6500,624,414,0,600,2027,3126,3092,1427,329.9447754,13.45330227,1,7,7,170,1,1,51,14,7,2.0
37,1,24,389247,390775,390775,391779,391779,392408,392440,399940,399940,400541,400573,400607,403703,1528,1004,629,7500,601,393,0,600,2045,3130,3096,1445,344.4035885,14.45881307,1,10,10,200,1,1,51,20,10,2.0
37,1,25,403706,405226,405226,406233,406233,406862,406894,415894,415894,416509,416541,416575,419663,1520,1007,629,9000,615,350,0,600,2079,3122,3088,1479,360.3639398,15.96035131,1,2,3,200,1,1,51,5,2,2.0
37,1,26,419666,421188,421188,422194,422194,422816,422849,429849,429849,430473,430506,430539,433619,1522,1006,622,7000,624,371,0,600,2055,3113,3080,1455,374.320058,13.95611824,1,4,1,210,1,1,51,5,4,2.0
37,1,27,433622,435144,435144,436154,436154,436757,436789,444789,444789,445420,445452,445485,448561,1522,1010,603,8000,631,438,0,600,1996,3109,3076,1396,389.2614508,14.94139275,1,5,5,180,1,1,51,10,5,2.0
37,1,28,448564,450086,450086,451094,451094,451720,451752,460252,460252,460867,460900,460934,464016,1522,1008,626,8500,615,338,0,600,2091,3116,3082,1491,404.7164768,15.455026,1,2,3,210,1,1,51,5,2,2.0
37,1,29,464019,465545,465545,466553,466553,467157,467189,473689,473689,474290,474324,474357,477466,1526,1008,604,6500,601,469,0,600,1992,3142,3109,1392,418.1663608,13.44988406,1,14,-4,180,-1,-1,49,10,14,1.0
37,1,30,477468,478992,478992,479996,479996,480617,480650,489650,489650,490281,490313,490347,493418,1524,1004,621,9000,631,363,0,600,2057,3105,3071,1457,434.1181481,15.95178723,1,5,2,210,1,1,51,7,5,2.0
37,1,31,493421,494946,494946,495950,495950,496557,496589,504589,504589,505220,505252,505286,508375,1525,1004,607,8000,631,805,0,600,1628,3123,3089,1028,449.0751788,14.95703073,1,10,4,160,1,1,51,14,10,2.0
37,1,32,508378,509899,509899,510905,510905,511509,511541,518541,518541,519174,519207,519241,522333,1521,1006,604,7000,633,385,0,600,2051,3126,3092,1451,463.0349877,13.95980888,1,20,-10,170,-1,-1,49,10,20,1.0
37,1,33,522337,523857,523857,524864,524864,525469,525501,531501,531501,532122,532154,532187,535292,1520,1007,605,6000,621,330,0,600,2117,3138,3105,1517,475.9928598,12.9578721,1,56,-28,200,-1,-1,49,28,56,1.0
37,1,34,535295,536822,536822,537830,537830,538436,538468,546968,546968,547597,547630,547664,550731,1527,1008,606,8500,629,363,0,600,2067,3101,3067,1467,491.4317747,15.4389149,1,7,13,170,1,1,51,20,7,2.0
37,1,35,550734,552256,552256,553260,553260,553865,553899,561399,561399,562031,562063,562097,565187,1522,1004,605,7500,632,546,0,600,1891,3124,3090,1291,505.8868769,14.45510224,1,10,-3,200,-1,-1,49,7,10,1.0
37,1,36,565190,566711,566711,567714,567714,568319,568352,575852,575852,576485,576517,576551,579624,1521,1003,605,7500,633,365,0,600,2073,3107,3073,1473,520.3248634,14.43798644,1,28,-14,150,-1,-1,49,14,28,1.0
37,2,37,13889,15417,15417,16433,16433,17044,17076,23576,23576,24209,24241,24278,27359,1528,1016,611,6500,633,689,0,600,1723,3118,3081,1123,13.48261403,13.48261403,1,10,4,170,1,1,51,14,10,2.0
37,2,38,27364,28888,28888,29897,29897,30502,30535,39535,39535,40167,40200,40233,43328,1524,1009,605,9000,632,841,0,600,1589,3128,3095,989,29.44908819,15.96647415,1,40,-12,180,-1,-1,49,28,40,1.0
37,2,39,43330,44856,44856,45860,45860,46462,46494,53994,53994,54625,54657,54690,57778,1526,1004,602,7500,631,1028,0,600,1409,3121,3088,809,43.89898701,14.44989882,1,8,-1,180,-1,-1,49,7,8,1.0
37,2,40,57781,59301,59301,60309,60309,60915,60947,66947,66947,67579,67611,67645,70715,1520,1008,606,6000,632,366,0,600,2068,3104,3070,1468,56.83642243,12.93743542,1,7,7,180,1,1,51,14,7,2.0
37,2,41,70718,72241,72241,73247,73247,73855,73888,82388,82388,83004,83037,83070,86175,1523,1006,608,8500,616,339,0,600,2108,3138,3105,1508,72.29668771,15.46026528,1,10,18,170,1,1,51,28,10,2.0
37,2,42,86178,87706,87706,88715,88715,89318,89351,97351,97351,97983,98015,98048,101131,1528,1009,603,8000,632,251,0,600,2177,3116,3083,1577,87.25253925,14.95585155,1,7,3,190,1,1,51,10,7,2.0
37,2,43,101134,102660,102660,103663,103663,104269,104302,111302,111302,111920,111953,111988,115081,1526,1003,606,7000,618,285,0,600,2162,3128,3093,1562,101.2026549,13.95011564,1,57,-37,180,-1,-1,49,20,57,1.0
37,2,44,115084,116609,116609,117616,117616,118247,118279,127279,127279,127879,127911,127945,131035,1525,1007,631,9000,600,253,0,600,2184,3124,3090,1584,117.1566926,15.95403772,1,10,-5,160,-1,-1,49,5,10,1.0
37,2,45,131038,132563,132563,133572,133572,134180,134212,142212,142212,142831,142863,142897,145969,1525,1009,608,8000,619,976,0,600,1463,3106,3072,863,132.0907644,14.93407174,1,56,-28,190,-1,-1,49,28,56,1.0
37,2,46,145972,147494,147494,148497,148497,149105,149137,155637,155637,156239,156271,156304,159416,1522,1003,608,6500,602,1114,0,600,1351,3145,3112,751,145.5367541,13.4459897,0,11,-1,170,-1,1,51,10,11,2.0
37,2,47,159419,160941,160941,161948,161948,162553,162585,170085,170085,170687,170719,170753,173864,1522,1007,605,7500,602,1121,0,600,1343,3145,3111,743,159.9848852,14.4481311,1,14,6,160,1,1,51,20,14,2.0
37,2,48,173867,175390,175390,176392,176392,177023,177055,185555,185555,186187,186219,186253,189320,1523,1002,631,8500,632,399,0,600,2013,3101,3067,1413,175.4407872,15.45590202,1,4,1,170,1,1,51,5,4,2.0
37,2,49,189323,190842,190842,191848,191848,192478,192511,198511,198511,199125,199157,199190,202266,1519,1006,630,6000,614,339,0,600,2092,3109,3076,1492,188.3872025,12.94641536,1,2,3,150,1,1,51,5,2,2.0
37,2,50,202269,203789,203789,204797,204797,205404,205436,212436,212436,213051,213084,213117,216222,1520,1008,607,7000,615,554,0,600,1896,3138,3105,1296,202.3428344,13.95563186,1,7,13,210,1,1,51,20,7,2.0
37,2,51,216225,217750,217750,218755,218755,219371,219404,225904,225904,226504,226537,226572,229674,1525,1005,616,6500,600,395,0,600,2059,3137,3102,1459,215.7948942,13.45205981,1,10,4,150,1,1,51,14,10,2.0
37,2,52,229677,231200,231200,232205,232205,232808,232841,240841,240841,241441,241475,241508,244617,1523,1005,603,8000,600,407,0,600,2062,3142,3109,1462,230.7383612,14.94346695,1,14,-7,180,-1,-1,49,7,14,1.0
37,2,53,244620,246143,246143,247149,247149,247753,247785,255285,255285,255885,255918,255951,259065,1523,1006,604,7500,600,335,0,600,2132,3147,3114,1532,245.1859993,14.44763809,1,5,5,150,1,1,51,10,5,2.0
37,2,54,259067,260593,260593,261599,261599,262206,262238,268238,268238,268855,268887,268920,272020,1526,1006,607,6000,617,263,0,600,2181,3133,3100,1581,258.1406855,12.95468623,1,7,7,160,1,1,51,14,7,2.0
37,2,55,272022,273542,273542,274544,274544,275162,275195,282195,282195,282818,282851,282885,285970,1520,1002,618,7000,623,312,0,600,2125,3119,3085,1525,272.0906068,13.94992127,1,4,3,160,1,1,51,7,4,2.0
37,2,56,285973,287492,287492,288497,288497,289102,289135,297635,297635,298268,298302,298336,301421,1519,1005,605,8500,633,995,0,600,1443,3119,3085,843,287.5422823,15.45167558,1,10,18,160,1,1,51,28,10,2.0
37,2,57,301424,302947,302947,303947,303947,304570,304602,313602,313602,314230,314262,314296,317378,1523,1000,623,9000,628,216,0,600,2210,3116,3082,1610,303.498833,15.95655068,1,4,1,150,1,1,51,5,4,2.0
37,2,58,317381,318892,318892,319898,319898,320498,320531,329031,329031,329631,329665,329698,332822,1511,1006,600,8500,600,354,0,600,2129,3157,3124,1529,318.94275,15.44391701,1,20,-13,200,-1,-1,49,7,20,1.0
37,2,59,332825,334347,334347,335354,335354,335958,335990,343490,343490,344121,344156,344189,347279,1522,1007,604,7500,631,1163,0,600,1273,3123,3090,673,333.4003378,14.45758778,1,11,-1,160,-1,-1,49,10,11,1.0
37,2,60,347282,348803,348803,349808,349808,350412,350445,357445,357445,358048,358080,358113,361231,1521,1005,604,7000,603,91,0,600,2376,3151,3118,1776,347.3518252,13.95148739,1,40,-26,170,-1,-1,49,14,40,1.0
37,2,61,361233,362755,362755,363759,363759,364362,364395,372395,372395,373010,373042,373075,376191,1522,1004,603,8000,615,671,0,600,1785,3149,3116,1185,362.3122959,14.96047065,1,79,-51,210,-1,-1,49,28,79,1.0
37,2,62,376194,377717,377717,378722,378722,379328,379360,385860,385860,386461,386495,386528,389647,1523,1005,606,6500,601,1419,0,600,1046,3152,3119,446,375.7678757,13.45557988,0,29,-1,200,-1,1,51,28,29,2.0
37,2,63,389650,391175,391175,392181,392181,392788,392821,401821,401821,402439,402471,402504,405610,1525,1006,607,9000,618,398,0,600,2046,3139,3106,1446,391.7311514,15.96327562,1,10,10,190,1,1,51,20,10,2.0
37,2,64,405613,407139,407139,408142,408142,408768,408801,414801,414801,415402,415435,415469,418555,1526,1003,626,6000,601,608,0,600,1836,3120,3086,1236,404.6754705,12.94431917,1,10,-5,170,-1,-1,49,5,10,1.0
37,2,65,418558,420081,420081,421087,421087,421692,421725,429225,429225,429857,429889,429922,432991,1523,1006,605,7500,632,881,0,600,1553,3102,3069,953,419.1117034,14.43623288,1,15,-1,160,-1,-1,49,14,15,1.0
37,2,66,432994,434514,434514,435517,435517,436119,436151,444651,444651,445253,445285,445318,448443,1520,1003,602,8500,602,352,0,600,2121,3158,3125,1521,434.563275,15.45157162,1,14,-7,190,-1,-1,49,7,14,1.0
37,2,67,448446,449969,449969,450973,450973,451578,451610,459610,459610,460210,460242,460276,463400,1523,1004,605,8000,600,386,0,600,2082,3158,3124,1482,449.5205815,14.95730647,1,10,10,160,1,1,51,20,10,2.0
37,2,68,463403,464924,464924,465930,465930,466533,466566,473566,473566,474198,474230,474263,477358,1521,1006,603,7000,632,520,0,600,1918,3128,3095,1318,463.4787815,13.95819997,1,7,3,200,1,1,51,10,7,2.0
37,2,69,477361,478883,478883,479887,479887,480513,480546,486546,486546,487179,487211,487245,490309,1522,1004,626,6000,633,552,0,600,1863,3098,3064,1263,476.4291044,12.95032297,1,14,-9,210,-1,-1,49,5,14,1.0
37,2,70,490312,491837,491837,492843,492843,493447,493479,499979,499979,500600,500632,500665,503749,1525,1006,604,6500,621,342,0,600,2102,3117,3084,1502,489.8695484,13.44044395,1,7,13,150,1,1,51,20,7,2.0
37,2,71,503752,505273,505273,506277,506277,506883,506915,515916,515916,516517,516549,516582,519697,1521,1004,606,9001,601,369,0,600,2098,3148,3115,1498,505.8178879,15.94833948,1,28,-18,170,-1,-1,49,10,28,1.0
37,2,72,519700,521227,521227,522234,522234,522837,522869,531369,531369,531969,532002,532036,535139,1527,1007,603,8500,600,818,0,600,1645,3137,3103,1045,521.2592503,15.44136247,1,20,-13,190,-1,-1,49,7,20,1.0
37,3,73,14749,16277,16277,17293,17293,17906,17939,26939,26939,27540,27572,27607,30710,1528,1016,613,9000,601,421,0,600,2021,3138,3103,1421,15.97373218,15.97373218,1,7,13,150,1,1,51,20,7,2.0
37,3,74,30715,32241,32241,33246,33246,33854,33886,40886,40886,41488,41521,41555,44673,1526,1005,608,7000,602,349,0,600,2110,3152,3118,1510,29.93558543,13.96185325,1,20,8,150,1,1,51,28,20,2.0
37,3,75,44676,46200,46200,47207,47207,47813,47846,55346,55346,55947,55981,56014,59134,1524,1007,606,7500,601,1025,0,600,1437,3153,3120,837,44.39648113,14.4608957,1,29,-1,200,-1,-1,49,28,29,1.0
37,3,76,59137,60664,60664,61671,61671,62277,62310,68310,68310,68910,68942,68976,72077,1527,1007,606,6000,600,1105,0,600,1355,3135,3101,755,57.33928902,12.94280789,1,10,4,150,1,1,51,14,10,2.0
37,3,77,72079,73602,73602,74609,74609,75217,75249,83249,83249,83863,83895,83928,87034,1523,1007,608,8000,614,428,0,600,2020,3139,3106,1420,72.29644964,14.95716062,1,10,10,180,1,1,51,20,10,2.0
37,3,78,87037,88565,88565,89574,89574,90179,90211,96711,96711,97312,97345,97379,100497,1528,1009,605,6500,601,700,0,600,1757,3152,3118,1157,85.75863633,13.46218669,1,21,-1,180,-1,-1,49,20,21,1.0
37,3,79,100500,102029,102029,103037,103037,103638,103670,112170,112170,112802,112836,112871,115937,1529,1008,601,8500,632,329,0,600,2101,3101,3066,1501,101.19934,15.44070371,1,14,-9,150,-1,-1,49,5,14,1.0
37,3,80,115940,117464,117464,118467,118467,119068,119100,125600,125600,126216,126249,126282,129389,1524,1003,601,6500,616,435,0,600,2021,3140,3107,1421,114.6505735,13.4512335,1,3,2,160,1,1,51,5,3,2.0
37,3,81,129390,130919,130919,131926,131926,132530,132564,141064,141064,141665,141699,141733,144852,1529,1007,604,8500,601,904,0,600,1555,3153,3119,955,130.1138421,15.46326854,1,14,6,180,1,1,51,20,14,2.0
37,3,82,144855,146374,146374,147382,147382,147988,148021,155021,155021,155624,155656,155690,158794,1519,1008,606,7000,603,426,0,600,2038,3138,3104,1438,144.0562938,13.9424517,1,14,14,170,1,1,51,28,14,2.0
37,3,83,158797,160321,160321,161329,161329,161937,161969,170969,170969,171601,171633,171666,174749,1524,1008,608,9000,632,342,0,600,2086,3116,3083,1486,160.0114839,15.95519008,1,14,14,160,1,1,51,28,14,2.0
37,3,84,174752,176279,176279,177287,177287,177895,177927,185927,185927,186528,186561,186594,189694,1527,1008,608,8000,601,266,0,600,2190,3133,3100,1590,174.9558889,14.94440505,1,40,-26,200,-1,-1,49,14,40,1.0
37,3,85,189697,191222,191222,192231,192231,192863,192895,200395,200395,201020,201052,201086,204137,1525,1009,632,7500,625,570,0,600,1839,3085,3051,1239,189.3989543,14.4430654,1,4,1,160,1,1,51,5,4,2.0
37,3,86,204139,205664,205664,206669,206669,207276,207309,213309,213309,213924,213956,213990,217082,1525,1005,607,6000,615,544,0,600,1904,3126,3092,1304,202.3433799,12.94442554,1,5,5,160,1,1,51,10,5,2.0
37,3,87,217085,218609,218609,219617,219617,220222,220254,228754,228754,229356,229390,229424,232526,1524,1008,605,8500,602,334,0,600,2127,3136,3102,1527,217.7879957,15.44461585,1,10,-3,170,-1,-1,49,7,10,1.0
37,3,88,232529,234057,234057,235062,235062,235683,235716,243716,243716,244317,244349,244383,247469,1528,1005,621,8000,601,316,0,600,2129,3120,3086,1529,232.7302657,14.94226998,1,14,-9,210,-1,-1,49,5,14,1.0
37,3,89,247472,248997,248997,250003,250003,250608,250640,256640,256640,257242,257274,257308,260416,1525,1006,605,6000,602,591,0,600,1871,3142,3108,1271,245.6792196,12.94895394,1,28,-14,160,-1,-1,49,14,28,1.0
37,3,90,260420,261942,261942,262952,262952,263581,263613,271113,271113,271744,271778,271813,274879,1522,1010,629,7500,631,453,0,600,1955,3101,3066,1355,260.141202,14.46198237,1,14,-9,150,-1,-1,49,5,14,1.0
37,3,91,274882,276409,276409,277416,277416,278022,278054,287054,287054,287674,287706,287740,290842,1527,1007,606,9000,620,361,0,600,2079,3136,3102,1479,276.1034069,15.96220492,1,79,-51,210,-1,-1,49,28,79,1.0
37,3,92,290845,292369,292369,293375,293375,294003,294036,301036,301036,301655,301687,301721,304789,1524,1006,628,7000,619,452,0,600,1971,3102,3068,1371,290.0502993,13.9468924,1,2,3,180,1,1,51,5,2,2.0
37,3,93,304792,306318,306318,307324,307324,307928,307961,314461,314461,315078,315110,315142,318251,1526,1006,604,6500,617,1142,0,600,1305,3141,3109,705,303.5127886,13.46248925,1,10,4,160,1,1,51,14,10,2.0
37,3,94,318253,319778,319778,320784,320784,321403,321435,328435,328435,329068,329100,329133,332194,1525,1006,619,7000,633,1293,0,600,1124,3094,3061,524,317.4554102,13.94262166,1,8,-1,180,-1,-1,49,7,8,1.0
37,3,95,332196,333723,333723,334732,334732,335336,335369,342869,342869,343471,343504,343537,346641,1527,1009,604,7500,602,329,0,600,2129,3137,3104,1529,331.9026569,14.44724664,1,20,-6,180,-1,-1,49,14,20,1.0
37,3,96,346644,348171,348171,349178,349178,349786,349818,355818,355818,356446,356479,356512,359576,1527,1007,608,6000,628,649,0,600,1781,3097,3064,1181,344.8379262,12.93526931,1,20,-10,180,-1,-1,49,10,20,1.0
37,3,97,359579,361105,361105,362113,362113,362717,362749,371249,371249,371878,371910,371943,375018,1526,1008,604,8500,629,791,0,600,1642,3108,3075,1042,360.2794095,15.44148331,1,5,5,160,1,1,51,10,5,2.0
37,3,98,375021,376538,376538,377548,377548,378168,378200,384700,384700,385319,385352,385385,388456,1517,1010,620,6500,619,393,0,600,2041,3104,3071,1441,373.7177825,13.43837307,1,20,-10,210,-1,-1,49,10,20,1.0
37,3,99,388459,389985,389985,390993,390993,391600,391633,399633,399633,400252,400284,400318,403393,1526,1008,607,8000,619,492,0,600,1948,3109,3075,1348,388.6549793,14.93719675,1,10,18,160,1,1,51,28,10,2.0
37,3,100,403396,404921,404921,405929,405929,406533,406565,415565,415565,416166,416199,416233,419351,1525,1008,604,9000,601,699,0,600,1763,3152,3118,1163,404.6128613,15.95788205,1,14,-7,150,-1,-1,49,7,14,1.0
37,3,101,419354,420883,420883,421891,421891,422497,422529,431529,431529,432161,432193,432227,435309,1529,1008,606,9000,632,828,0,600,1597,3116,3082,997,420.5699111,15.95704972,1,5,2,210,1,1,51,7,5,2.0
37,3,102,435311,436834,436834,437842,437842,438446,438479,445979,445979,446606,446639,446672,449761,1523,1008,604,7500,627,607,0,600,1831,3122,3089,1231,435.0223457,14.45243469,1,10,4,180,1,1,51,14,10,2.0
37,3,103,449764,451291,451291,452303,452303,452923,452955,461455,461455,462055,462088,462122,465216,1527,1012,620,8500,600,617,0,600,1824,3128,3094,1224,450.4776529,15.45530716,1,14,-7,190,-1,-1,49,7,14,1.0
37,3,104,465219,466746,466746,467754,467754,468357,468390,476390,476390,476992,477024,477059,480173,1527,1008,603,8000,602,469,0,600,1991,3149,3114,1391,465.4347912,14.95713832,1,5,2,200,1,1,51,7,5,2.0
37,3,105,480176,481703,481703,482713,482713,483317,483349,490349,490349,490977,491009,491042,494132,1527,1010,604,7000,628,415,0,600,2016,3123,3090,1416,479.3929963,13.9582051,1,4,6,150,1,1,51,10,4,2.0
37,3,106,494135,495661,495661,496666,496666,497272,497304,503804,503804,504404,504436,504470,507570,1526,1005,606,6500,600,324,0,600,2139,3134,3100,1539,492.8308098,13.43781346,1,20,-10,200,-1,-1,49,10,20,1.0
37,3,107,507573,509094,509094,510101,510101,510706,510739,516739,516739,517340,517373,517407,520539,1521,1007,605,6000,601,1334,0,600,1132,3166,3132,532,505.8002525,12.96944276,1,14,6,210,1,1,51,20,14,2.0
37,3,108,520542,522066,522066,523071,523071,523678,523711,530211,530211,530811,530843,530877,534002,1524,1005,607,6500,600,771,0,600,1693,3159,3125,1093,519.2628686,13.46261611,1,14,6,200,1,1,51,20,14,2.0
37,4,109,48343,49873,49873,50885,50885,51501,51533,59533,59533,60135,60167,60203,63303,1530,1012,616,8000,602,455,0,600,1985,3136,3100,1385,14.9714169,14.9714169,1,14,-4,150,-1,-1,49,10,14,1.0
37,4,110,63306,64834,64834,65843,65843,66463,66496,73996,73996,74612,74644,74678,77740,1528,1009,620,7500,616,871,0,600,1556,3096,3062,956,29.40677918,14.43536228,0,13,1,160,1,-1,49,14,13,1.0
37,4,111,77743,79268,79268,80277,80277,80899,80932,87432,87432,88059,88091,88124,91197,1525,1009,622,6500,627,849,0,600,1568,3106,3073,968,42.86431905,13.45753986,1,7,-2,170,-1,-1,49,5,7,1.0
37,4,112,91200,92723,92723,93730,93730,94330,94362,100362,100362,100992,101024,101057,104159,1523,1007,600,6000,630,460,0,600,1980,3135,3102,1380,55.82624009,12.96192105,1,28,-18,170,-1,-1,49,10,28,1.0
37,4,113,104162,105685,105685,106690,106690,107296,107329,116329,116329,116929,116961,116995,120106,1523,1005,606,9000,600,373,0,600,2093,3145,3111,1493,71.77256716,15.94632706,1,14,-7,200,-1,-1,49,7,14,1.0
37,4,114,120109,121631,121631,122637,122637,123243,123275,130275,130275,130907,130940,130973,134055,1522,1006,606,7000,632,1248,0,600,1186,3115,3082,586,85.72158137,13.94901421,1,20,8,180,1,1,51,28,20,2.0
37,4,115,134058,135578,135578,136587,136587,137193,137225,145725,145725,146343,146376,146409,149520,1520,1009,606,8500,618,468,0,600,1979,3144,3111,1379,101.1871968,15.46561546,1,7,13,210,1,1,51,20,7,2.0
37,4,116,149523,151043,151043,152048,152048,152675,152707,161207,161207,161826,161858,161892,164973,1520,1005,627,8500,619,927,0,600,1502,3115,3081,902,116.6392497,15.45205287,1,2,5,170,1,1,51,7,2,2.0
37,4,117,164975,166499,166499,167505,167505,168111,168143,175643,175643,176261,176293,176326,179428,1524,1006,606,7500,618,1105,0,600,1341,3135,3102,741,131.095256,14.45600629,0,19,1,200,1,-1,49,20,19,1.0
37,4,118,179431,180953,180953,181961,181961,182564,182597,189597,189597,190197,190230,190264,193376,1522,1008,603,7000,600,270,0,600,2197,3146,3112,1597,145.0423804,13.94712444,1,28,-18,160,-1,-1,49,10,28,1.0
37,4,119,193379,194905,194905,195910,195910,196515,196547,203047,203047,203647,203680,203713,206813,1526,1005,605,6500,600,519,0,600,1945,3133,3100,1345,158.4792784,13.43689796,1,10,4,150,1,1,51,14,10,2.0
37,4,120,206816,208342,208342,209348,209348,209970,210002,219002,219002,219620,219653,219686,222760,1526,1006,622,9000,618,980,0,600,1448,3107,3074,848,174.4263591,15.94708074,1,14,-9,190,-1,-1,49,5,14,1.0
37,4,121,222763,224287,224287,225293,225293,225898,225930,231930,231930,232553,232585,232618,235716,1524,1006,605,6000,623,555,0,600,1887,3131,3098,1287,187.3827597,12.95640061,1,5,9,210,1,1,51,14,5,2.0
37,4,122,235719,237245,237245,238250,238250,238875,238908,246908,246908,247527,247559,247593,250675,1526,1005,625,8000,619,537,0,600,1888,3116,3082,1288,202.341513,14.95875325,1,4,3,160,1,1,51,7,4,2.0
37,4,123,250678,252196,252196,253203,253203,253807,253839,262339,262339,262941,262974,263007,266115,1518,1007,604,8500,602,392,0,600,2077,3141,3108,1477,217.7814088,15.43989579,1,40,-12,190,-1,-1,49,28,40,1.0
37,4,124,266118,267645,267645,268653,268653,269283,269316,278316,278316,278947,278980,279014,282073,1527,1008,630,9000,631,414,0,600,1990,3093,3059,1390,233.7400566,15.95864778,1,10,-3,200,-1,-1,49,7,10,1.0
37,4,125,282076,283605,283605,284610,284610,285214,285247,292747,292747,293380,293413,293446,296516,1529,1005,604,7500,633,304,0,600,2125,3103,3070,1525,248.181846,14.44178948,1,28,-8,190,-1,-1,49,20,28,1.0
37,4,126,296518,298043,298043,299048,299048,299673,299705,306705,306705,307329,307362,307396,310476,1525,1005,625,7000,624,895,0,600,1526,3114,3080,926,262.1422465,13.96040043,1,7,-2,150,-1,-1,49,5,7,1.0
37,4,127,310480,312006,312006,313011,313011,313620,313653,321653,321653,322271,322304,322338,325435,1526,1005,609,8000,618,455,0,600,1987,3131,3097,1387,277.1014686,14.95922215,1,56,-28,190,-1,-1,49,28,56,1.0
37,4,128,325438,326964,326964,327974,327974,328578,328610,335110,335110,335730,335763,335796,338877,1526,1010,604,6500,620,795,0,600,1645,3114,3081,1045,290.5431544,13.44168581,1,5,5,170,1,1,51,10,5,2.0
37,4,129,338880,340406,340406,341414,341414,342017,342049,348049,348049,348651,348684,348717,351821,1526,1008,603,6000,602,1404,0,600,1057,3137,3104,457,303.4878244,12.94466994,0,13,1,160,1,-1,49,14,13,1.0
37,4,130,351824,353347,353347,354353,354353,354962,354994,361494,361494,362127,362160,362193,365267,1523,1006,609,6500,633,1306,0,600,1123,3107,3074,523,316.9333235,13.4454991,0,20,8,210,1,-1,49,28,20,1.0
37,4,131,365270,366793,366793,367797,367797,368400,368432,374432,374432,375053,375086,375119,378210,1523,1004,603,6000,621,997,0,600,1452,3124,3091,852,329.8766886,12.94336509,1,7,3,210,1,1,51,10,7,2.0
37,4,132,378213,379741,379741,380746,380746,381348,381380,390380,390380,391002,391034,391067,394168,1528,1005,602,9000,622,1175,0,600,1268,3134,3101,668,345.8345408,15.95785221,1,6,1,210,1,1,51,7,6,2.0
37,4,133,394171,395693,395693,396696,396696,397323,397356,404356,404356,404975,405008,405041,408104,1522,1003,627,7000,619,456,0,600,1973,3096,3063,1373,359.7705569,13.93601606,1,2,3,170,1,1,51,5,2,2.0
37,4,134,408107,409632,409632,410636,410636,411242,411275,419775,419775,420397,420430,420464,423545,1525,1004,606,8500,622,433,0,600,2010,3115,3081,1410,375.2113495,15.44079261,1,5,9,200,1,1,51,14,5,2.0
37,4,135,423548,425073,425073,426081,426081,426684,426716,434216,434216,434834,434866,434899,437990,1525,1008,603,7500,618,257,0,600,2189,3124,3091,1589,389.6557619,14.44441243,1,57,-37,150,-1,-1,49,20,57,1.0
37,4,136,437993,439513,439513,440518,440518,441121,441153,449153,449153,449754,449787,449820,452949,1520,1005,603,8000,601,776,0,600,1695,3162,3129,1095,404.6155412,14.95977935,1,40,-20,150,-1,-1,49,20,40,1.0
37,4,137,452952,454475,454475,455481,455481,456086,456118,465118,465118,465719,465751,465785,468914,1523,1006,605,9000,601,291,0,600,2174,3163,3129,1574,420.5797019,15.96416069,1,57,-37,170,-1,-1,49,20,57,1.0
37,4,138,468917,470446,470446,471453,471453,472057,472090,478090,478090,478718,478750,478783,481851,1529,1007,604,6000,628,398,0,600,2034,3101,3068,1434,433.517671,12.93796911,1,7,3,210,1,1,51,10,7,2.0
37,4,139,481855,483378,483378,484381,484381,485010,485043,491543,491543,492164,492196,492229,495288,1523,1003,629,6500,621,841,0,600,1583,3092,3059,983,446.9534215,13.43575042,1,4,1,210,1,1,51,5,4,2.0
37,4,140,495290,496817,496817,497820,497820,498439,498472,505972,505972,506594,506626,506660,509723,1527,1003,619,7500,622,228,0,600,2201,3097,3063,1601,461.3886939,14.43527247,1,4,1,160,1,1,51,5,4,2.0
37,4,141,509726,511247,511247,512255,512255,512860,512893,521393,521393,521994,522027,522059,525158,1521,1008,605,8500,601,229,0,600,2236,3131,3099,1636,476.8241394,15.43544545,1,14,-7,200,-1,-1,49,7,14,1.0
37,4,142,525161,526678,526678,527684,527684,528290,528322,535322,535322,535953,535985,536018,539098,1517,1006,606,7000,631,566,0,600,1874,3113,3080,1274,490.7635532,13.93941378,1,7,7,150,1,1,51,14,7,2.0
37,4,143,539101,540621,540621,541624,541624,542233,542266,550266,550266,550884,550916,550950,554043,1520,1003,609,8000,618,970,0,600,1480,3127,3093,880,505.70911,14.94555681,1,79,-51,170,-1,-1,49,28,79,1.0
37,4,144,554046,555566,555566,556574,556574,557180,557213,564713,564713,565330,565362,565396,568478,1520,1008,606,7500,617,762,0,600,1687,3116,3082,1087,520.1442661,14.43515615,1,56,-28,170,-1,-1,49,28,56,1.0
37,5,145,15610,17135,17135,18150,18150,18754,18786,25286,25286,25886,25918,25953,29050,1525,1015,604,6500,600,221,0,600,2235,3132,3097,1635,13.45142215,13.45142215,1,28,-14,200,-1,-1,49,14,28,1.0
37,5,146,29054,30576,30576,31581,31581,32186,32219,39719,39719,40351,40383,40416,43507,1522,1005,605,7500,632,479,0,600,1957,3124,3091,1357,27.90647346,14.45505131,1,10,18,180,1,1,51,28,10,2.0
37,5,147,43510,45031,45031,46037,46037,46657,46689,53689,53689,54290,54322,54355,57468,1521,1006,620,7000,601,314,0,600,2138,3146,3113,1538,41.86837191,13.96189845,1,20,-13,190,-1,-1,49,7,20,1.0
37,5,148,57471,58998,58998,60006,60006,60612,60644,69144,69144,69746,69778,69811,72928,1527,1008,606,8500,602,388,0,600,2069,3150,3117,1469,57.32753907,15.45916716,1,28,-8,160,-1,-1,49,20,28,1.0
37,5,149,72929,74443,74443,75450,75450,76071,76104,82104,82104,82735,82768,82802,85879,1514,1007,621,6000,631,789,0,600,1638,3111,3077,1038,70.27922233,12.95168327,1,10,-5,170,-1,-1,49,5,10,1.0
37,5,150,85882,87409,87409,88414,88414,89021,89054,98054,98054,98654,98686,98719,101828,1527,1005,607,9000,600,365,0,600,2096,3142,3109,1496,86.22743646,15.94821412,1,57,-37,180,-1,-1,49,20,57,1.0
37,5,151,101831,103356,103356,104364,104364,104987,105020,113020,113020,113637,113669,113703,116767,1525,1008,623,8000,617,522,0,600,1905,3098,3064,1305,101.1665561,14.93911966,1,4,1,160,1,1,51,5,4,2.0
37,5,152,116770,118294,118294,119301,119301,119922,119955,125955,125955,126567,126600,126634,129713,1524,1007,621,6000,612,339,0,600,2097,3113,3079,1497,114.1130658,12.94650968,1,2,3,150,1,1,51,5,2,2.0
37,5,153,129715,131238,131238,132245,132245,132866,132898,139898,139898,140531,140563,140598,143651,1523,1007,621,7000,633,246,0,600,2170,3088,3053,1570,128.0510449,13.93797905,1,14,-7,200,-1,-1,49,7,14,1.0
37,5,154,143654,145180,145180,146185,146185,146790,146823,154323,154323,154955,154988,155022,158114,1526,1005,605,7500,632,220,0,600,2212,3126,3092,1612,142.5138611,14.46281621,1,28,-18,190,-1,-1,49,10,28,1.0
37,5,155,158117,159640,159640,160647,160647,161278,161310,170310,170310,170914,170947,170981,174067,1523,1007,631,9000,604,738,0,600,1697,3120,3086,1097,158.4671758,15.95331478,1,20,-10,200,-1,-1,49,10,20,1.0
37,5,156,174070,175593,175593,176595,176595,177201,177234,185734,185734,186352,186385,186418,189512,1523,1002,606,8500,618,229,0,600,2222,3127,3094,1622,173.911434,15.44425814,1,7,7,180,1,1,51,14,7,2.0
37,5,157,189515,191037,191037,192044,192044,192648,192681,199181,199181,199811,199844,199878,202959,1522,1007,604,6500,630,1406,0,600,1031,3115,3081,431,187.3585953,13.44716135,1,13,1,170,1,1,51,14,13,2.0
37,5,158,202961,204487,204487,205490,205490,206096,206128,214128,214128,214728,214761,214794,217914,1526,1003,606,8000,600,613,0,600,1852,3153,3120,1252,202.3131812,14.95458588,1,28,-8,190,-1,-1,49,20,28,1.0
37,5,159,217917,219445,219445,220449,220449,221068,221101,230101,230101,230701,230733,230767,233856,1528,1004,619,9000,600,414,0,600,2035,3123,3089,1435,218.2554033,15.94222207,1,14,-9,150,-1,-1,49,5,14,1.0
37,5,160,233859,235382,235382,236387,236387,237018,237051,244551,244551,245171,245203,245237,248309,1523,1005,631,7500,620,658,0,600,1763,3106,3072,1163,232.709069,14.4536657,1,4,6,170,1,1,51,10,4,2.0
37,5,161,248312,249836,249836,250843,250843,251452,251485,258485,258485,259091,259124,259158,262267,1524,1007,609,7000,606,244,0,600,2210,3143,3109,1610,246.6667419,13.95767291,1,40,-20,210,-1,-1,49,20,40,1.0
37,5,162,262270,263790,263790,264797,264797,265402,265435,273435,273435,274036,274068,274101,277217,1520,1007,605,8000,601,1382,0,600,1085,3149,3116,485,261.6167509,14.95000897,0,40,-12,150,-1,1,51,28,40,2.0
37,5,163,277220,278745,278745,279753,279753,280358,280391,288891,288891,289493,289526,289560,292657,1525,1008,605,8500,602,873,0,600,1587,3131,3097,987,277.0562887,15.43953779,1,14,14,210,1,1,51,28,14,2.0
37,5,164,292660,294181,294181,295188,295188,295809,295842,301842,301842,302458,302491,302524,305600,1521,1007,621,6000,616,1343,0,600,1092,3109,3076,492,289.9989441,12.94265541,1,4,1,160,1,1,51,5,4,2.0
37,5,165,305602,307124,307124,308132,308132,308758,308790,315290,315290,315893,315925,315959,319061,1522,1008,626,6500,603,624,0,600,1817,3136,3102,1217,303.4607697,13.46182567,1,20,-13,210,-1,-1,49,7,20,1.0
37,5,166,319064,320587,320587,321593,321593,322199,322231,329231,329231,329851,329883,329916,333006,1523,1006,606,7000,620,383,0,600,2062,3123,3090,1462,317.4051395,13.94436979,1,57,-37,210,-1,-1,49,20,57,1.0
37,5,167,333009,334535,334535,335540,335540,336164,336196,342196,342196,342822,342854,342887,345941,1526,1005,624,6000,626,1545,0,600,874,3087,3054,274,330.3405535,12.93541396,1,6,1,200,1,1,51,7,6,2.0
37,5,168,345944,347467,347467,348475,348475,349075,349107,358107,358107,358738,358770,358804,361889,1523,1008,600,9000,631,190,0,600,2248,3119,3085,1648,346.2888267,15.94827319,1,14,-4,210,-1,-1,49,10,14,1.0
37,5,169,361892,363410,363410,364415,364415,365043,365076,372576,372576,373205,373237,373270,376345,1518,1005,628,7500,629,303,0,600,2117,3108,3075,1517,360.7445449,14.4557182,1,14,-7,200,-1,-1,49,7,14,1.0
37,5,170,376348,377869,377869,378872,378872,379476,379509,387509,387509,388127,388160,388194,391300,1521,1003,604,8000,618,204,0,600,2250,3140,3106,1650,375.6990364,14.95449155,1,56,-28,210,-1,-1,49,28,56,1.0
37,5,171,391303,392825,392825,393827,393827,394430,394462,402962,402962,403589,403621,403654,406736,1522,1002,603,8500,627,407,0,600,2039,3115,3082,1439,391.1349556,15.43591917,1,7,7,170,1,1,51,14,7,2.0
37,5,172,406739,408258,408258,409266,409266,409875,409907,416407,416407,417039,417072,417106,420197,1519,1008,609,6500,632,192,0,600,2240,3125,3091,1640,404.5960803,13.46112473,1,40,-12,200,-1,-1,49,28,40,1.0
37,5,173,420200,421721,421721,422725,422725,423331,423363,432363,432363,432992,433024,433058,436148,1521,1004,606,9000,629,313,0,600,2127,3124,3090,1527,420.5475704,15.9514901,1,7,13,170,1,1,51,20,7,2.0
37,5,174,436151,437679,437679,438686,438686,439291,439323,446823,446823,447428,447460,447493,450596,1528,1007,605,7500,605,683,0,600,1772,3136,3103,1172,434.99516,14.44758957,1,20,8,190,1,1,51,28,20,2.0
37,5,175,450599,452125,452125,453128,453128,453733,453765,461765,461765,462385,462417,462451,465535,1526,1003,605,8000,620,279,0,600,2167,3118,3084,1567,449.9339045,14.93874448,1,7,3,200,1,1,51,10,7,2.0
37,5,176,465538,467061,467061,468064,468064,468687,468720,475220,475220,475821,475853,475886,478983,1523,1003,623,6500,601,196,0,600,2254,3130,3097,1654,463.3826356,13.44873109,1,20,-13,170,-1,-1,49,7,20,1.0
37,5,177,478986,480505,480505,481512,481512,482116,482148,488148,488148,488781,488813,488847,491933,1519,1007,604,6000,633,277,0,600,2160,3120,3086,1560,476.3320265,12.9493909,1,20,-6,210,-1,-1,49,14,20,1.0
37,5,178,491935,493457,493457,494462,494462,495082,495115,502115,502115,502730,502762,502796,505890,1522,1005,620,7000,615,318,0,600,2120,3128,3094,1520,490.2895213,13.95749481,1,3,2,200,1,1,51,5,3,2.0
37,5,179,505893,507419,507419,508425,508425,509029,509062,517562,517562,518193,518225,518258,521352,1526,1006,604,8500,631,550,0,600,1883,3127,3094,1283,505.7508422,15.46132091,1,10,4,160,1,1,51,14,10,2.0
37,5,180,521355,522875,522875,523878,523878,524480,524513,531013,531013,531614,531646,531680,534788,1520,1003,602,6500,601,207,0,600,2267,3142,3108,1667,519.1867761,13.43593394,1,20,-10,180,-1,-1,49,10,20,1.0
37,6,181,20221,21748,21748,22763,22763,23372,23404,29904,29904,30525,30558,30593,33686,1527,1015,609,6500,621,280,0,600,2148,3128,3093,1548,13.4778982,13.4778982,1,3,2,190,1,1,51,5,3,2.0
37,6,182,33691,35219,35219,36225,36225,36825,36857,45357,45357,45988,46020,46055,49153,1528,1006,600,8500,631,487,0,600,1948,3133,3098,1348,28.94347478,15.46557658,1,6,-1,160,-1,-1,49,5,6,1.0
37,6,183,49157,50677,50677,51680,51680,52288,52320,59320,59320,59952,59986,60019,63096,1520,1003,608,7000,632,1117,0,600,1320,3110,3077,720,42.8859093,13.94243452,1,14,14,190,1,1,51,28,14,2.0
37,6,184,63099,64622,64622,65629,65629,66236,66269,74269,74269,74884,74918,74951,78035,1523,1007,607,8000,615,345,0,600,2103,3117,3084,1503,57.82549214,14.93958284,1,21,-1,180,-1,-1,49,20,21,1.0
37,6,185,78038,79561,79561,80568,80568,81172,81205,90205,90205,90838,90871,90904,93990,1523,1007,604,9000,633,410,0,600,2023,3119,3086,1423,73.78005632,15.95456418,0,15,-1,150,-1,1,51,14,15,2.0
37,6,186,93993,95518,95518,96520,96520,97123,97155,103155,103155,103782,103814,103847,106944,1525,1002,603,6000,627,319,0,600,2124,3130,3097,1524,86.73368873,12.9536324,1,4,6,170,1,1,51,10,4,2.0
37,6,187,106947,108470,108470,109473,109473,110078,110110,117610,117610,118243,118275,118308,121388,1523,1003,605,7500,633,957,0,600,1479,3113,3080,879,101.1780605,14.44437175,1,11,-1,170,-1,-1,49,10,11,1.0
37,6,188,121391,122918,122918,123920,123920,124525,124558,132558,132558,133162,133195,133229,136352,1527,1002,605,8000,604,220,0,600,2242,3157,3123,1642,116.1417396,14.96367913,1,40,-12,190,-1,-1,49,28,40,1.0
37,6,189,136355,137874,137874,138881,138881,139512,139544,145544,145544,146168,146200,146233,149293,1519,1007,631,6000,624,744,0,600,1675,3093,3060,1075,129.0830365,12.94129692,1,2,3,150,1,1,51,5,2,2.0
37,6,190,149296,150817,150817,151820,151820,152420,152453,158953,158953,159572,159605,159639,162743,1521,1003,600,6500,619,304,0,600,2153,3138,3104,1553,142.5333226,13.45028606,1,3,2,200,1,1,51,5,3,2.0
37,6,191,162746,164272,164272,165277,165277,165883,165917,174917,174917,175549,175581,175615,178698,1526,1005,606,9000,632,438,0,600,1993,3117,3083,1393,158.4875767,15.95425409,1,7,13,190,1,1,51,20,7,2.0
37,6,192,178701,180223,180223,181229,181229,181860,181892,189392,189392,189992,190025,190060,193140,1522,1006,631,7500,600,15,0,600,2426,3115,3080,1826,172.9300342,14.44245757,1,14,-9,190,-1,-1,49,5,14,1.0
37,6,193,193142,194665,194665,195669,195669,196288,196320,203320,203320,203936,203968,204002,207074,1523,1004,619,7000,616,368,0,600,2070,3106,3072,1470,186.8641132,13.93407897,1,2,5,210,1,1,51,7,2,2.0
37,6,194,207076,208606,208606,209616,209616,210222,210254,218754,218754,219378,219410,219443,222528,1530,1010,606,8500,624,246,0,600,2184,3118,3085,1584,202.3173438,15.45323055,1,4,6,150,1,1,51,10,4,2.0
37,6,195,222531,224051,224051,225059,225059,225666,225699,233699,233699,234301,234335,234368,237480,1520,1008,607,8000,602,342,0,600,2121,3145,3112,1521,217.2697192,14.95237547,1,7,13,210,1,1,51,20,7,2.0
37,6,196,237483,239013,239013,240016,240016,240622,240654,249154,249154,249755,249788,249821,252933,1530,1003,606,8500,601,341,0,600,2119,3145,3112,1519,232.7225041,15.45278486,1,10,4,160,1,1,51,14,10,2.0
37,6,197,252936,254459,254459,255466,255466,256070,256103,265103,265103,265716,265749,265782,268869,1523,1007,604,9000,613,218,0,600,2235,3120,3087,1635,248.6586757,15.93617155,1,4,3,200,1,1,51,7,4,2.0
37,6,198,268872,270393,270393,271404,271404,272006,272038,279038,279038,279669,279701,279735,282804,1521,1011,602,7000,631,398,0,600,2037,3103,3069,1437,262.5940158,13.93534013,1,10,-3,190,-1,-1,49,7,10,1.0
37,6,199,282807,284332,284332,285337,285337,285944,285977,293477,293477,294079,294112,294146,297255,1525,1005,607,7500,602,143,0,600,2318,3143,3109,1718,277.0441937,14.45017787,1,40,-12,180,-1,-1,49,28,40,1.0
37,6,200,297258,298782,298782,299789,299789,300396,300430,306930,306930,307562,307594,307627,310708,1524,1007,607,6500,632,208,0,600,2222,3114,3081,1622,290.4973612,13.45316757,1,5,9,150,1,1,51,14,5,2.0
37,6,201,310711,312235,312235,313241,313241,313842,313874,319874,319874,320491,320524,320557,323662,1524,1006,601,6000,617,107,0,600,2345,3138,3105,1745,303.4518775,12.95451626,1,2,5,170,1,1,51,7,2,2.0
37,6,202,323664,325193,325193,326198,326198,326802,326834,335334,335334,335934,335967,336000,339120,1529,1005,604,8500,600,221,0,600,2241,3153,3120,1641,318.9093414,15.45746392,1,5,5,210,1,1,51,10,5,2.0
37,6,203,339123,340648,340648,341654,341654,342258,342291,349791,349791,350408,350442,350476,353572,1525,1006,604,7500,617,228,0,600,2220,3130,3096,1620,333.3619533,14.45261188,1,56,-28,210,-1,-1,49,28,56,1.0
37,6,204,353575,355102,355102,356110,356110,356710,356742,362742,362742,363355,363388,363422,366537,1527,1008,600,6000,613,249,0,600,2203,3149,3115,1603,346.3264699,12.96451658,1,2,3,170,1,1,51,5,2,2.0
37,6,205,366540,368064,368064,369072,369072,369681,369715,376715,376715,377316,377349,377382,380476,1524,1008,609,7000,601,258,0,600,2200,3127,3094,1600,360.2651285,13.9386586,1,10,10,150,1,1,51,20,10,2.0
37,6,206,380479,382004,382004,383009,383009,383611,383643,390143,390143,390775,390807,390841,393934,1525,1005,602,6500,632,1426,0,600,1010,3127,3093,410,373.723937,13.45880855,1,10,4,200,1,1,51,14,10,2.0
37,6,207,393937,395465,395465,396472,396472,397079,397111,406111,406111,406725,406758,406792,409888,1528,1007,607,9000,614,227,0,600,2217,3130,3096,1617,389.6772211,15.95328404,1,5,9,170,1,1,51,14,5,2.0
37,6,208,409891,411412,411412,412420,412420,413025,413058,421058,421058,421688,421721,421754,424825,1521,1008,605,8000,630,464,0,600,1972,3104,3071,1372,404.6139781,14.93675708,1,14,6,170,1,1,51,20,14,2.0
37,6,209,424828,426354,426354,427362,427362,427965,427998,434998,434998,435600,435632,435666,438767,1526,1008,603,7000,602,917,0,600,1544,3135,3101,944,418.5562948,13.94231669,1,11,-1,200,-1,-1,49,10,11,1.0
37,6,210,438770,440292,440292,441302,441302,441906,441939,450939,450939,451541,451574,451608,454724,1522,1010,604,9000,602,512,0,600,1950,3150,3116,1350,434.5138026,15.95750777,1,14,6,180,1,1,51,20,14,2.0
37,6,211,454727,456250,456250,457251,457251,457858,457890,466390,466390,467022,467054,467087,470181,1523,1001,607,8500,632,157,0,600,2280,3127,3094,1680,449.9698842,15.45608163,1,29,-1,200,-1,-1,49,28,29,1.0
37,6,212,470184,471708,471708,472713,472713,473346,473378,481378,481378,482009,482042,482075,485145,1524,1005,633,8000,631,105,0,600,2302,3103,3070,1702,464.9340793,14.96419504,1,10,18,210,1,1,51,28,10,2.0
37,6,213,485148,486667,486667,487675,487675,488280,488314,494314,494314,494918,494952,494986,498103,1519,1008,605,6000,604,155,0,600,2309,3151,3117,1709,477.8919454,12.95786608,1,28,-14,210,-1,-1,49,14,28,1.0
37,6,214,498106,499633,499633,500639,500639,501241,501274,507774,507774,508376,508409,508444,511570,1527,1006,602,6500,602,585,0,600,1878,3161,3126,1278,491.3590206,13.4670752,1,14,-4,190,-1,-1,49,10,14,1.0
37,6,215,511573,513101,513101,514106,514106,514710,514741,522241,522241,522864,522895,522929,526023,1528,1005,604,7500,623,254,0,600,2186,3128,3094,1586,505.8126284,14.45360784,1,4,3,200,1,1,51,7,4,2.0
37,6,216,526026,527548,527548,528555,528555,529155,529187,538187,538187,538804,538837,538870,541978,1522,1007,600,9000,617,305,0,600,2149,3141,3108,1549,521.7670925,15.95446413,1,2,5,160,1,1,51,7,2,2.0
38,1,1,64696,66223,66223,67255,67255,67875,67908,73908,73908,74512,74545,74580,77647,1527,1032,620,6000,604,667,0,600,1750,3102,3067,1150,12.9882847,12.9882847,1,28,-14,180,-1,-1,49,14,28,1.0
38,1,2,77698,79221,79221,80231,80231,80832,80864,87364,87364,87994,88026,88060,91160,1523,1010,601,6500,630,779,0,600,1657,3134,3100,1057,26.45086164,13.46257694,1,20,-6,190,-1,-1,49,14,20,1.0
38,1,3,91162,92686,92686,93688,93688,94310,94342,102842,102842,103468,103500,103534,106595,1524,1002,622,8500,626,1453,0,600,973,3095,3061,373,41.8858192,15.43495756,1,4,3,190,1,1,51,7,4,2.0
38,1,4,106597,108121,108121,109127,109127,109758,109790,116790,116790,117414,117447,117481,120548,1524,1006,631,7000,624,393,0,600,2022,3101,3067,1422,55.83949409,13.95367489,1,5,2,160,1,1,51,7,5,2.0
38,1,5,120550,122078,122078,123081,123081,123685,123717,131217,131217,131848,131881,131914,134992,1528,1003,604,7500,631,568,0,600,1866,3111,3078,1266,70.28274422,14.44325013,1,14,6,200,1,1,51,20,14,2.0
38,1,6,134994,136519,136519,137525,137525,138130,138163,146163,146163,146764,146796,146830,149957,1525,1006,605,8000,601,840,0,600,1623,3161,3127,1023,85.24858373,14.96583951,1,40,-26,190,-1,-1,49,14,40,1.0
38,1,7,149959,151481,151481,152487,152487,153105,153138,162138,162138,162748,162781,162815,165906,1522,1006,618,9000,610,645,0,600,1799,3125,3091,1199,101.1973888,15.94880507,1,10,-5,190,-1,-1,49,5,10,1.0
38,1,8,165909,167439,167439,168441,168441,169063,169095,177095,177095,177718,177751,177784,180857,1530,1002,622,8000,623,725,0,600,1698,3106,3073,1098,116.1477883,14.95039952,1,7,-2,190,-1,-1,49,5,7,1.0
38,1,9,180858,182370,182370,183378,183378,183984,184016,190516,190516,191148,191181,191215,194312,1512,1008,606,6500,632,683,0,600,1759,3131,3097,1159,129.6037274,13.45593909,1,10,10,180,1,1,51,20,10,2.0
38,1,10,194315,195837,195837,196844,196844,197445,197478,203478,203478,204101,204134,204167,207271,1522,1007,601,6000,623,563,0,600,1884,3137,3104,1284,142.5623267,12.95859926,1,6,1,160,1,1,51,7,6,2.0
38,1,11,207274,208795,208795,209803,209803,210432,210464,218964,218964,219585,219617,219651,222713,1521,1008,629,8500,621,615,0,600,1806,3096,3062,1206,158.0040303,15.44170359,1,5,2,190,1,1,51,7,5,2.0
38,1,12,222716,224241,224241,225245,225245,225848,225880,232880,232880,233497,233529,233563,236668,1525,1004,603,7000,617,496,0,600,1955,3139,3105,1355,171.9599213,13.95589103,1,4,6,150,1,1,51,10,4,2.0
38,1,13,236671,238196,238196,239204,239204,239810,239843,248843,248843,249447,249479,249512,252628,1525,1008,606,9000,604,957,0,600,1500,3149,3116,900,187.9198254,15.95990411,0,27,1,180,1,-1,49,28,27,1.0
38,1,14,252631,254150,254150,255154,255154,255757,255790,263290,263290,263897,263930,263963,267082,1519,1004,603,7500,607,801,0,600,1666,3152,3119,1066,202.3737677,14.45394234,1,20,-10,150,-1,-1,49,10,20,1.0
38,1,15,267085,268607,268607,269612,269612,270219,270252,276752,276752,277372,277405,277438,280531,1522,1005,607,6500,620,748,0,600,1698,3126,3093,1098,215.8219034,13.44813562,1,56,-28,160,-1,-1,49,28,56,1.0
38,1,16,280534,282055,282055,283061,283061,283668,283700,289700,289700,290315,290347,290381,293479,1521,1006,607,6000,615,589,0,600,1862,3132,3098,1262,228.7701223,12.94821894,1,4,6,210,1,1,51,10,4,2.0
38,1,17,293482,295006,295006,296012,296012,296619,296652,304652,304652,305254,305286,305319,308428,1524,1006,607,8000,602,693,0,600,1768,3142,3109,1168,243.7196154,14.94949305,1,20,-6,170,-1,-1,49,14,20,1.0
38,1,18,308431,309954,309954,310961,310961,311570,311603,320103,320103,320734,320767,320801,323890,1523,1007,609,8500,631,1034,0,600,1396,3123,3089,796,259.1817791,15.46216379,1,27,1,210,1,1,51,28,27,2.0
38,1,19,323893,325418,325418,326424,326424,327045,327078,336078,336078,336697,336730,336763,339848,1525,1006,621,9000,619,926,0,600,1503,3118,3085,903,275.1389099,15.95713078,1,4,1,180,1,1,51,5,4,2.0
38,1,20,339851,341376,341376,342382,342382,342986,343018,350518,350518,351136,351168,351201,354311,1525,1006,604,7500,618,1021,0,600,1426,3143,3110,826,289.6025413,14.46363136,1,56,-28,160,-1,-1,49,28,56,1.0
38,1,21,354314,355837,355837,356845,356845,357464,357496,364496,364496,365115,365147,365180,368256,1523,1008,619,7000,619,625,0,600,1806,3109,3076,1206,303.5473417,13.94480042,1,5,5,170,1,1,51,10,5,2.0
38,1,22,368259,369783,369783,370793,370793,371398,371430,377930,377930,378530,378564,378597,381716,1524,1010,605,6500,600,635,0,600,1826,3152,3119,1226,317.0067481,13.45940643,1,28,-14,150,-1,-1,49,14,28,1.0
38,1,23,381719,383242,383242,384247,384247,384854,384886,393386,393386,393986,394019,394053,397180,1523,1005,607,8500,600,940,0,600,1525,3161,3127,925,332.4709765,15.46422834,1,27,1,170,1,1,51,28,27,2.0
38,1,24,397183,398705,398705,399710,399710,400315,400347,407847,407847,408449,408483,408516,411633,1522,1005,605,7500,602,476,0,600,1990,3150,3117,1390,346.9239635,14.45298706,1,40,-12,150,-1,-1,49,28,40,1.0
38,1,25,411636,413159,413159,414164,414164,414782,414814,423814,423814,424435,424467,424500,427583,1523,1005,618,9000,621,312,0,600,2121,3116,3083,1521,362.8740879,15.95012438,1,4,1,160,1,1,51,5,4,2.0
38,1,26,427585,429112,429112,430114,430114,430733,430765,437765,437765,438366,438398,438431,441538,1527,1002,619,7000,601,468,0,600,1983,3140,3107,1383,376.8292608,13.95517291,1,28,-18,170,-1,-1,49,10,28,1.0
38,1,27,441540,443067,443067,444071,444071,444693,444725,452725,452725,453326,453358,453391,456502,1527,1004,622,8000,601,565,0,600,1881,3144,3111,1281,391.7929927,14.96373186,1,10,-5,200,-1,-1,49,5,10,1.0
38,1,28,456505,458029,458029,459034,459034,459637,459670,465670,465670,466271,466303,466336,469457,1524,1005,603,6000,601,543,0,600,1924,3154,3121,1324,404.7484419,12.95544925,1,10,10,200,1,1,51,20,10,2.0
38,1,29,469460,470984,470984,471986,471986,472610,472643,479143,479143,479743,479775,479808,482908,1524,1002,624,6500,600,916,0,600,1534,3133,3100,934,418.1988371,13.45039515,1,14,-9,210,-1,-1,49,5,14,1.0
38,1,30,482911,484434,484434,485442,485442,486047,486080,493080,493080,493697,493731,493765,496866,1523,1008,605,7000,617,528,0,600,1919,3135,3101,1319,432.1570973,13.95826024,1,57,-37,190,-1,-1,49,20,57,1.0
38,1,31,496869,498390,498390,499394,499394,499999,500031,509031,509031,509663,509695,509728,512803,1521,1004,605,9000,632,1565,0,600,873,3108,3075,273,448.0936869,15.93658953,0,9,1,150,1,-1,49,10,9,1.0
38,1,32,512806,514327,514327,515331,515331,515934,515967,523467,523467,524067,524100,524134,527260,1521,1004,603,7500,600,969,0,600,1503,3160,3126,903,462.5503585,14.45667167,1,20,-6,160,-1,-1,49,14,20,1.0
38,1,33,527263,528785,528785,529789,529789,530395,530427,538927,538927,539528,539562,539596,542718,1522,1004,606,8500,601,513,0,600,1954,3156,3122,1354,478.0091945,15.45883597,1,40,-20,210,-1,-1,49,20,40,1.0
38,1,34,542721,544240,544240,545250,545250,545856,545888,551888,551888,552520,552552,552586,555668,1519,1010,606,6000,632,408,0,600,2025,3116,3082,1425,490.9586833,12.94948883,1,14,6,180,1,1,51,20,14,2.0
38,1,35,555671,557196,557196,558201,558201,558803,558835,566835,566835,567459,567491,567524,570619,1525,1005,602,8000,624,845,0,600,1599,3128,3095,999,505.9099022,14.95121889,1,6,1,210,1,1,51,7,6,2.0
38,1,36,570621,572147,572147,573154,573154,573754,573786,582786,582786,583390,583422,583455,586577,1526,1007,600,9000,604,733,0,600,1730,3155,3122,1130,521.8672741,15.95737186,1,20,-13,190,-1,-1,49,7,20,1.0
38,2,37,15406,16932,16932,17951,17951,18579,18611,27611,27611,28214,28246,28282,31376,1526,1019,628,9000,603,445,0,600,1979,3130,3094,1379,15.98201239,15.98201239,1,20,-10,200,-1,-1,49,10,20,1.0
38,2,38,31381,32905,32905,33907,33907,34513,34546,42546,42546,43179,43211,43244,46314,1524,1002,606,8000,633,1170,0,600,1265,3103,3070,665,30.91825175,14.93623936,1,27,1,190,1,1,51,28,27,2.0
38,2,39,46317,47841,47841,48846,48846,49469,49501,57001,57001,57624,57657,57691,60756,1524,1005,623,7500,623,776,0,600,1649,3099,3065,1049,45.3607952,14.44254346,1,4,1,180,1,1,51,5,4,2.0
38,2,40,60759,62283,62283,63290,63290,63895,63928,69928,69928,70560,70592,70626,73695,1524,1007,605,6000,632,1403,0,600,1029,3103,3069,429,58.29892463,12.93812943,1,10,4,190,1,1,51,14,10,2.0
38,2,41,73698,75220,75220,76224,76224,76830,76862,83362,83362,83981,84014,84048,87143,1522,1004,606,6500,619,387,0,600,2062,3129,3095,1462,71.74784708,13.44892245,1,79,-51,150,-1,-1,49,28,79,1.0
38,2,42,87146,88672,88672,89677,89677,90282,90314,98814,98814,99445,99478,99512,102584,1526,1005,605,8500,631,236,0,600,2197,3106,3072,1597,87.18802071,15.44017364,1,10,10,210,1,1,51,20,10,2.0
38,2,43,102587,104112,104112,105118,105118,105725,105757,112757,112757,113358,113390,113423,116540,1525,1006,607,7000,601,256,0,600,2205,3150,3117,1605,101.1441115,13.95609082,1,10,4,150,1,1,51,14,10,2.0
38,2,44,116543,118062,118062,119068,119068,119672,119705,126205,126205,126805,126837,126871,130002,1519,1006,604,6500,600,461,0,600,2010,3165,3131,1410,114.6060168,13.46190523,0,27,1,150,1,-1,49,28,27,1.0
38,2,45,130005,131529,131529,132533,132533,133140,133173,141673,141673,142273,142305,142339,145451,1524,1004,607,8500,600,182,0,600,2283,3146,3112,1683,130.0553756,15.4493588,1,14,6,200,1,1,51,20,14,2.0
38,2,46,145453,146975,146975,147979,147979,148599,148631,155631,155631,156232,156264,156297,159394,1522,1004,620,7000,601,446,0,600,2007,3130,3097,1407,143.9985502,13.94317464,1,14,-7,180,-1,-1,49,7,14,1.0
38,2,47,159397,160917,160917,161921,161921,162525,162558,168558,168558,169172,169205,169239,172332,1520,1004,604,6000,614,451,0,600,2007,3127,3093,1407,156.9365428,12.93799261,1,5,9,190,1,1,51,14,5,2.0
38,2,48,172335,173861,173861,174866,174866,175497,175530,184530,184530,185146,185179,185212,188282,1526,1005,631,9000,616,493,0,600,1929,3103,3070,1329,172.8862281,15.94968531,1,2,3,150,1,1,51,5,2,2.0
38,2,49,188285,189808,189808,190814,190814,191417,191450,198950,198950,199576,199608,199641,202716,1523,1006,603,7500,626,306,0,600,2136,3108,3075,1536,187.3206339,14.43440579,1,4,6,180,1,1,51,10,4,2.0
38,2,50,202720,204247,204247,205254,205254,205860,205892,213892,213892,214492,214524,214558,217678,1527,1007,606,8000,600,155,0,600,2305,3154,3120,1705,202.2816877,14.96105376,1,40,-12,160,-1,-1,49,28,40,1.0
38,2,51,217681,219204,219204,220209,220209,220811,220843,228843,228843,229475,229508,229541,232615,1523,1005,602,8000,632,918,0,600,1520,3107,3074,920,217.2193533,14.93766565,1,14,-7,190,-1,-1,49,7,14,1.0
38,2,52,232618,234141,234141,235146,235146,235751,235783,241783,241783,242383,242415,242449,245578,1523,1005,605,6000,600,295,0,600,2172,3163,3129,1572,230.1816966,12.96234324,1,14,6,180,1,1,51,20,14,2.0
38,2,53,245581,247106,247106,248114,248114,248719,248751,255251,255251,255882,255914,255948,259017,1525,1008,605,6500,631,364,0,600,2067,3103,3069,1467,243.6211195,13.43942297,1,14,6,200,1,1,51,20,14,2.0
38,2,54,259019,260545,260545,261551,261551,262155,262188,269188,269188,269804,269837,269871,272968,1526,1006,604,7000,616,515,0,600,1933,3131,3097,1333,257.5713211,13.95020153,1,20,-13,210,-1,-1,49,7,20,1.0
38,2,55,272970,274492,274492,275499,275499,276119,276151,283651,283651,284252,284285,284319,287406,1522,1007,620,7500,601,476,0,600,1974,3121,3087,1374,272.0098409,14.43851983,1,14,-9,160,-1,-1,49,5,14,1.0
38,2,56,287409,288935,288935,289939,289939,290566,290599,299599,299599,300228,300260,300293,303361,1526,1004,627,9000,629,196,0,600,2218,3101,3068,1618,287.9653381,15.95549716,1,10,-5,150,-1,-1,49,5,10,1.0
38,2,57,303364,304884,304884,305890,305890,306494,306526,315026,315026,315658,315690,315723,318805,1520,1006,604,8500,632,116,0,600,2322,3115,3082,1722,303.4094223,15.44408426,1,20,-10,160,-1,-1,49,10,20,1.0
38,2,58,318808,320335,320335,321339,321339,321940,321972,328472,328472,329073,329105,329139,332268,1527,1004,601,6500,601,1328,0,600,1139,3163,3129,539,316.8718091,13.46238679,1,14,-4,170,-1,-1,49,10,14,1.0
38,2,59,332271,333797,333797,334805,334805,335409,335442,342942,342942,343574,343607,343640,346709,1526,1008,604,7500,632,1433,0,600,997,3102,3069,397,331.3133614,14.44155232,0,13,1,210,1,-1,49,14,13,1.0
38,2,60,346712,348241,348241,349249,349249,349853,349885,355885,355885,356509,356541,356575,359661,1529,1008,604,6000,624,283,0,600,2152,3120,3086,1552,344.2652225,12.95186107,1,5,2,150,1,1,51,7,5,2.0
38,2,61,359664,361182,361182,362185,362185,362785,362817,371317,371317,371917,371949,371982,375111,1518,1003,600,8500,600,582,0,600,1897,3162,3129,1297,359.7151436,15.44992112,1,14,-9,150,-1,-1,49,5,14,1.0
38,2,62,375114,376639,376639,377646,377646,378253,378285,385285,385285,385888,385920,385954,389065,1525,1007,607,7000,603,472,0,600,1986,3145,3111,1386,373.6685612,13.95341754,1,28,-8,190,-1,-1,49,20,28,1.0
38,2,63,389068,390589,390589,391598,391598,392203,392236,401236,401236,401853,401886,401919,405013,1521,1009,605,9000,617,710,0,600,1738,3127,3094,1138,389.6165658,15.94800468,1,5,2,160,1,1,51,7,5,2.0
38,2,64,405016,406539,406539,407544,407544,408160,408192,416192,416192,416825,416858,416891,419980,1523,1005,616,8000,633,892,0,600,1531,3122,3089,931,404.5832841,14.96671825,1,20,-6,150,-1,-1,49,14,20,1.0
38,2,65,419983,421508,421508,422513,422513,423117,423149,432149,432149,432780,432813,432846,435933,1525,1005,604,9000,631,412,0,600,2023,3120,3087,1423,420.537116,15.9538319,1,5,2,200,1,1,51,7,5,2.0
38,2,66,435936,437459,437459,438467,438467,439071,439103,446103,446103,446706,446738,446771,449866,1523,1008,604,7000,603,585,0,600,1877,3128,3095,1277,434.4693181,13.93220216,1,28,-14,150,-1,-1,49,14,28,1.0
38,2,67,449868,451391,451391,452395,452395,453002,453034,460534,460534,461167,461199,461233,464311,1523,1004,607,7500,633,309,0,600,2124,3112,3078,1524,448.9144183,14.44510012,1,14,6,170,1,1,51,20,14,2.0
38,2,68,464314,465838,465838,466845,466845,467453,467485,473485,473485,474103,474136,474170,477253,1524,1007,608,6000,618,376,0,600,2067,3117,3083,1467,461.8562311,12.94181283,1,79,-51,190,-1,-1,49,28,79,1.0
38,2,69,477256,478783,478783,479788,479788,480392,480424,488424,488424,489051,489083,489116,492210,1527,1005,604,8000,627,162,0,600,2275,3127,3094,1675,476.81397,14.95773891,1,7,3,170,1,1,51,10,7,2.0
38,2,70,492213,493736,493736,494738,494738,495363,495396,501896,501896,502519,502551,502585,505669,1523,1002,625,6500,623,573,0,600,1854,3118,3084,1254,490.2722406,13.45827064,1,4,1,160,1,1,51,5,4,2.0
38,2,71,505672,507194,507194,508199,508199,508808,508840,517340,517340,517962,517994,518028,521114,1522,1005,609,8500,622,444,0,600,1998,3120,3086,1398,505.7176575,15.44541684,1,4,6,200,1,1,51,10,4,2.0
38,2,72,521116,522640,522640,523645,523645,524251,524283,530283,530283,530887,530919,530952,534059,1524,1005,606,6000,604,949,0,600,1512,3140,3107,912,518.6625803,12.94492277,1,20,8,160,1,1,51,28,20,2.0
38,3,73,15210,16734,16734,17756,17756,18371,18403,24903,24903,25505,25537,25572,28654,1524,1022,615,6500,602,662,0,600,1775,3117,3082,1175,13.45636821,13.45636821,1,20,-6,180,-1,-1,49,14,20,1.0
38,3,74,28659,30184,30184,31192,31192,31796,31829,40829,40829,41460,41493,41527,44614,1525,1008,604,9000,631,770,0,600,1662,3121,3087,1062,29.41447989,15.95811168,1,14,-4,170,-1,-1,49,10,14,1.0
38,3,75,44618,46144,46144,47145,47145,47754,47786,54786,54786,55386,55419,55454,58567,1526,1001,609,7000,600,1020,0,600,1444,3148,3113,844,43.36731311,13.95283322,1,27,1,200,1,1,51,28,27,2.0
38,3,76,58570,60086,60086,61089,61089,61694,61727,69727,69727,70359,70391,70424,73508,1516,1003,605,8000,632,508,0,600,1936,3117,3084,1336,58.30867543,14.94136232,1,5,5,200,1,1,51,10,5,2.0
38,3,77,73510,75033,75033,76040,76040,76658,76690,85190,85190,85805,85837,85870,88953,1523,1007,618,8500,615,996,0,600,1441,3116,3083,841,73.7538551,15.44517967,1,6,1,160,1,1,51,7,6,2.0
38,3,78,88956,90477,90477,91481,91481,92088,92121,99621,99621,100223,100256,100289,103408,1521,1004,607,7500,602,1060,0,600,1406,3152,3119,806,88.20869999,14.45484489,1,40,-20,190,-1,-1,49,20,40,1.0
38,3,79,103411,104930,104930,105935,105935,106540,106573,112573,112573,113175,113208,113241,116355,1519,1005,605,6000,602,1513,0,600,956,3147,3114,356,101.1555065,12.94680651,1,28,-8,200,-1,-1,49,20,28,1.0
38,3,80,116358,117882,117882,118888,118888,119494,119526,126026,126026,126658,126691,126724,129812,1524,1006,606,6500,632,382,0,600,2050,3121,3088,1450,114.6138115,13.45830499,0,28,-8,170,-1,1,51,20,28,2.0
38,3,81,129816,131338,131338,132346,132346,132952,132984,139984,139984,140585,140617,140652,143774,1522,1008,606,7000,601,579,0,600,1884,3157,3122,1284,128.5747872,13.96097571,1,7,3,160,1,1,51,10,7,2.0
38,3,82,143777,145298,145298,146304,146304,146908,146940,152940,152940,153563,153596,153629,156712,1521,1006,604,6000,623,731,0,600,1715,3116,3083,1115,141.5120979,12.93731066,1,4,6,160,1,1,51,10,4,2.0
38,3,83,156715,158239,158239,159246,159246,159862,159895,167895,167895,168514,168546,168580,171671,1524,1007,616,8000,619,678,0,600,1756,3125,3091,1156,156.4716156,14.95951778,1,14,-4,200,-1,-1,49,10,14,1.0
38,3,84,171674,173196,173196,174203,174203,174830,174863,182363,182363,182964,182997,183030,186136,1522,1007,627,7500,601,371,0,600,2072,3139,3106,1472,170.9359721,14.46435641,1,14,-9,200,-1,-1,49,5,14,1.0
38,3,85,186139,187662,187662,188671,188671,189275,189308,198308,198308,198910,198942,198975,202081,1523,1009,604,9000,602,469,0,600,1993,3139,3106,1393,186.8817386,15.94576655,1,40,-26,150,-1,-1,49,14,40,1.0
38,3,86,202084,203608,203608,204616,204616,205231,205263,213763,213763,214382,214414,214448,217536,1524,1008,615,8500,619,644,0,600,1790,3122,3088,1190,202.3360537,15.45431511,1,2,3,160,1,1,51,5,2,2.0
38,3,87,217539,219056,219056,220062,220062,220664,220696,226696,226696,227308,227341,227375,230483,1517,1006,602,6000,612,853,0,600,1610,3142,3108,1010,215.2829485,12.94689481,1,79,-51,200,-1,-1,49,28,79,1.0
38,3,88,230486,232005,232005,233009,233009,233615,233648,242648,242648,243276,243308,243341,246439,1519,1004,606,9000,628,263,0,600,2180,3131,3098,1580,231.2389975,15.95604893,1,10,10,150,1,1,51,20,10,2.0
38,3,89,246442,247963,247963,248970,248970,249571,249603,256103,256103,256721,256755,256789,259891,1521,1007,601,6500,618,1008,0,600,1445,3136,3102,845,244.6908026,13.45180516,1,10,-5,170,-1,-1,49,5,10,1.0
38,3,90,259894,261418,261418,262422,262422,263023,263056,270056,270056,270656,270689,270722,273844,1524,1004,601,7000,600,415,0,600,2056,3155,3122,1456,258.6438155,13.95301283,1,28,-18,180,-1,-1,49,10,28,1.0
38,3,91,273847,275372,275372,276376,276376,276983,277016,285016,285016,285617,285650,285683,288806,1525,1004,607,8000,601,1099,0,600,1364,3156,3123,764,273.6063052,14.9624897,1,20,-6,170,-1,-1,49,14,20,1.0
38,3,92,288809,290327,290327,291334,291334,291966,291998,300498,300498,301100,301132,301165,304255,1518,1007,632,8500,602,933,0,600,1508,3123,3090,908,289.0551586,15.44885344,1,20,-13,190,-1,-1,49,7,20,1.0
38,3,93,304258,305780,305780,306788,306788,307405,307437,314937,314937,315537,315569,315602,318712,1522,1008,617,7500,600,829,0,600,1624,3143,3110,1024,303.5121627,14.45700406,1,5,2,210,1,1,51,7,5,2.0
38,3,94,318715,320236,320236,321241,321241,321843,321876,330876,330876,331494,331527,331560,334656,1521,1005,602,9000,618,515,0,600,1939,3129,3096,1339,319.4557562,15.94359351,1,2,5,150,1,1,51,7,2,2.0
38,3,95,334659,336181,336181,337184,337184,337792,337824,344824,344824,345424,345456,345490,348621,1522,1003,608,7000,600,614,0,600,1853,3165,3131,1253,333.4206811,13.96492491,1,14,14,150,1,1,51,28,14,2.0
38,3,96,348624,350152,350152,351156,351156,351762,351794,360294,360294,360927,360959,360992,364060,1528,1004,606,8500,633,396,0,600,2033,3101,3068,1433,348.8599302,15.43924909,1,5,9,150,1,1,51,14,5,2.0
38,3,97,364063,365581,365581,366588,366588,367220,367252,374752,374752,375366,375398,375431,378524,1518,1007,632,7500,614,615,0,600,1814,3126,3093,1214,363.3242959,14.46436576,1,14,-9,150,-1,-1,49,5,14,1.0
38,3,98,378527,380046,380046,381053,381053,381660,381694,387694,387694,388327,388359,388392,391478,1519,1007,607,6000,633,218,0,600,2216,3119,3086,1616,376.2777954,12.95349951,1,10,18,200,1,1,51,28,10,2.0
38,3,99,391481,393006,393006,394011,394011,394628,394661,401161,401161,401792,401825,401858,404934,1525,1005,617,6500,631,795,0,600,1627,3109,3076,1027,389.7343134,13.45651799,1,10,-3,200,-1,-1,49,7,10,1.0
38,3,100,404937,406460,406460,407463,407463,408069,408101,416101,416101,416701,416733,416768,419883,1523,1003,606,8000,600,1247,0,600,1221,3150,3115,621,404.6823733,14.94805983,1,10,-3,200,-1,-1,49,7,10,1.0
38,3,101,419886,421411,421411,422417,422417,423044,423076,429076,429076,429692,429725,429758,432838,1525,1006,627,6000,616,311,0,600,2115,3113,3080,1515,417.6379274,12.95555412,1,2,3,210,1,1,51,5,2,2.0
38,3,102,432841,434361,434361,435364,435364,435971,436003,443503,443503,444103,444137,444170,447301,1520,1003,607,7500,600,1365,0,600,1105,3164,3131,505,432.1006306,14.4627032,1,10,4,180,1,1,51,14,10,2.0
38,3,103,447304,448825,448825,449835,449835,450439,450471,457471,457471,458105,458137,458170,461236,1521,1010,604,7000,634,2011,0,600,420,3099,3066,-180,446.0355283,13.93489774,0,10,4,200,1,-1,49,14,10,1.0
38,3,104,461239,462760,462760,463770,463770,464370,464403,473403,473403,474004,474037,474070,477192,1521,1010,600,9000,601,837,0,600,1631,3155,3122,1031,461.9919093,15.95638102,1,7,13,210,1,1,51,20,7,2.0
38,3,105,477195,478720,478720,479724,479724,480330,480363,486863,486863,487467,487501,487535,490640,1525,1004,606,6500,604,1241,0,600,1220,3139,3105,620,475.4402182,13.4483089,1,27,1,170,1,1,51,28,27,2.0
38,3,106,490643,492170,492170,493180,493180,493785,493817,502317,502317,502918,502951,502984,506094,1527,1010,605,8500,601,1472,0,600,985,3143,3110,385,490.8943519,15.4541337,1,28,-8,210,-1,-1,49,20,28,1.0
38,3,107,506098,507619,507619,508625,508625,509235,509267,517267,517267,517870,517902,517936,521038,1521,1006,610,8000,603,464,0,600,1996,3136,3102,1396,505.8375853,14.9432334,1,10,18,200,1,1,51,28,10,2.0
38,3,108,521041,522558,522558,523563,523563,524164,524197,530697,530697,531316,531348,531381,534488,1517,1005,601,6500,619,401,0,600,2057,3140,3107,1457,519.2874775,13.44989219,1,7,-2,150,-1,-1,49,5,7,1.0
38,4,109,47817,49342,49342,50359,50359,50982,51014,57014,57014,57615,57647,57683,60770,1525,1017,623,6000,601,1212,0,600,1222,3123,3087,622,12.96531305,12.96531305,0,15,-1,210,-1,1,51,14,15,2.0
38,4,110,60775,62301,62301,63308,63308,63915,63947,71447,71447,72063,72095,72129,75214,1526,1007,607,7500,616,438,0,600,2006,3119,3085,1406,27.40704979,14.44173674,1,10,10,180,1,1,51,20,10,2.0
38,4,111,75217,76743,76743,77752,77752,78358,78391,87391,87391,87992,88025,88061,91157,1526,1009,606,9000,601,320,0,600,2138,3132,3096,1538,43.34976336,15.94271357,1,10,10,180,1,1,51,20,10,2.0
38,4,112,91158,92681,92681,93687,93687,94292,94325,100825,100825,101442,101476,101510,104596,1523,1006,605,6500,617,736,0,600,1713,3120,3086,1113,56.78909774,13.43933438,1,56,-28,210,-1,-1,49,28,56,1.0
38,4,113,104599,106125,106125,107132,107132,107738,107770,116270,116270,116872,116905,116938,120060,1526,1007,606,8500,602,381,0,600,2078,3155,3122,1478,72.25351171,15.46441397,1,28,-18,200,-1,-1,49,10,28,1.0
38,4,114,120063,121587,121587,122594,122594,123201,123234,130234,130234,130836,130869,130902,133998,1524,1007,607,7000,602,584,0,600,1876,3129,3096,1276,86.19193224,13.93842053,1,7,13,180,1,1,51,20,7,2.0
38,4,115,134001,135526,135526,136533,136533,137152,137185,145185,145185,145789,145822,145856,148940,1525,1007,619,8000,604,407,0,600,2038,3118,3084,1438,101.1342218,14.94228957,0,11,-1,190,-1,1,51,10,11,2.0
38,4,116,148943,150470,150470,151480,151480,152111,152143,158643,158643,159244,159277,159310,162401,1527,1010,631,6500,601,1030,0,600,1401,3124,3091,801,114.5943177,13.46009592,1,14,-9,160,-1,-1,49,5,14,1.0
38,4,117,162404,163924,163924,164932,164932,165537,165569,174569,174569,175202,175235,175268,178337,1520,1008,605,9000,633,1952,0,600,482,3102,3069,-118,130.5302362,15.93591842,0,11,-1,160,-1,1,51,10,11,2.0
38,4,118,178339,179863,179863,180869,180869,181489,181521,188521,188521,189153,189187,189220,192279,1524,1006,620,7000,632,1165,0,600,1253,3092,3059,653,144.4726161,13.94237998,0,8,-1,210,-1,1,51,7,8,2.0
38,4,119,192281,193809,193809,194816,194816,195443,195475,202975,202975,203578,203612,203645,206716,1528,1007,627,7500,603,818,0,600,1617,3104,3071,1017,158.9098368,14.4372207,1,6,-1,190,-1,-1,49,5,6,1.0
38,4,120,206718,208241,208241,209247,209247,209849,209881,217881,217881,218482,218514,218548,221675,1523,1006,602,8000,601,478,0,600,1990,3161,3127,1390,173.8683101,14.9584733,1,28,-8,210,-1,-1,49,20,28,1.0
38,4,121,221678,223204,223204,224211,224211,224817,224850,230850,230850,231452,231484,231518,234639,1526,1007,606,6000,602,772,0,600,1687,3155,3121,1087,186.8326341,12.96432402,1,21,-1,190,-1,-1,49,20,21,1.0
38,4,122,234642,236166,236166,237172,237172,237777,237809,246309,246309,246933,246966,247000,250081,1524,1006,605,8500,624,601,0,600,1840,3115,3081,1240,202.274222,15.44158788,1,10,4,170,1,1,51,14,10,2.0
38,4,123,250084,251607,251607,252614,252614,253222,253255,260755,260755,261355,261389,261423,264549,1523,1007,608,7500,600,807,0,600,1655,3160,3126,1055,216.7415443,14.4673223,1,40,-12,190,-1,-1,49,28,40,1.0
38,4,124,264550,266077,266077,267087,267087,267694,267726,273726,273726,274348,274380,274413,277505,1527,1010,607,6000,622,352,0,600,2082,3125,3092,1482,229.6980703,12.95652597,1,20,-10,160,-1,-1,49,10,20,1.0
38,4,125,277508,279030,279030,280037,280037,280639,280671,287171,287171,287791,287823,287856,290962,1522,1007,602,6500,620,720,0,600,1729,3139,3106,1129,243.1552,13.45712973,1,3,2,170,1,1,51,5,3,2.0
38,4,126,290965,292489,292489,293497,293497,294104,294137,303137,303137,303738,303770,303804,306897,1524,1008,607,9000,601,386,0,600,2074,3127,3093,1474,259.0907999,15.93559989,1,56,-28,210,-1,-1,49,28,56,1.0
38,4,127,306900,308423,308423,309436,309436,310042,310075,318575,318575,319176,319208,319242,322341,1523,1013,606,8500,601,295,0,600,2162,3133,3099,1562,274.5346998,15.44389984,1,10,18,180,1,1,51,28,10,2.0
38,4,128,322344,323868,323868,324876,324876,325477,325509,333509,333509,334109,334142,334175,337278,1524,1008,601,8000,600,914,0,600,1553,3136,3103,953,289.47176,14.93706024,1,14,-4,200,-1,-1,49,10,14,1.0
38,4,129,337281,338804,338804,339809,339809,340440,340472,347472,347472,348088,348120,348153,351233,1523,1005,631,7000,616,764,0,600,1661,3113,3080,1061,303.4259716,13.9542116,1,7,-2,190,-1,-1,49,5,7,1.0
38,4,130,351235,352764,352764,353771,353771,354375,354407,361407,361407,362009,362042,362076,365168,1529,1007,604,7000,602,446,0,600,2012,3126,3092,1412,317.361796,13.9358244,1,28,-14,190,-1,-1,49,14,28,1.0
38,4,131,365171,366698,366698,367705,367705,368310,368343,374343,374343,374946,374979,375013,378111,1527,1007,605,6000,603,718,0,600,1740,3132,3098,1140,330.3046193,12.94282326,0,29,-1,190,-1,1,51,28,29,2.0
38,4,132,378113,379639,379639,380646,380646,381276,381309,388809,388809,389428,389460,389494,392546,1526,1007,630,7500,619,538,0,600,1880,3086,3052,1280,344.7393852,14.4347659,1,2,3,190,1,1,51,5,2,2.0
38,4,133,392548,394072,394072,395076,395076,395679,395711,403711,403711,404311,404344,404378,407492,1524,1004,603,8000,600,539,0,600,1930,3148,3114,1330,359.6852988,14.94591361,0,15,-1,170,-1,1,51,14,15,2.0
38,4,134,407495,409017,409017,410021,410021,410628,410661,419161,419161,419766,419798,419832,422946,1522,1004,607,8500,605,990,0,600,1472,3148,3114,872,375.1393252,15.45402642,0,14,6,150,1,-1,49,20,14,1.0
38,4,135,422949,424476,424476,425481,425481,426084,426117,435117,435117,435749,435782,435815,438905,1527,1005,603,9000,632,900,0,600,1533,3123,3090,933,391.0986028,15.9592776,1,14,-4,170,-1,-1,49,10,14,1.0
38,4,136,438908,440433,440433,441438,441438,442044,442078,448578,448578,449178,449210,449243,452362,1525,1005,606,6500,600,1967,0,600,497,3152,3119,-103,404.5548435,13.45624074,0,15,-1,190,-1,1,51,14,15,2.0
38,4,137,452364,453887,453887,454888,454888,455506,455539,464039,464039,464639,464671,464704,467823,1523,1001,618,8500,600,672,0,600,1786,3152,3119,1186,420.0163835,15.46153999,1,5,2,170,1,1,51,7,5,2.0
38,4,138,467826,469351,469351,470356,470356,470962,470995,479995,479995,480610,480642,480675,483787,1525,1005,606,9000,615,407,0,600,2042,3145,3112,1442,435.9800922,15.96370866,1,56,-28,150,-1,-1,49,28,56,1.0
38,4,139,483789,485317,485317,486320,486320,486951,486984,494984,494984,495584,495617,495652,498731,1528,1003,631,8000,600,315,0,600,2123,3114,3079,1523,450.9241413,14.94404916,1,10,-5,200,-1,-1,49,5,10,1.0
38,4,140,498734,500259,500259,501264,501264,501871,501904,508404,508404,509006,509039,509073,512184,1525,1005,607,6500,602,504,0,600,1957,3145,3111,1357,464.3776491,13.4535078,1,28,-14,160,-1,-1,49,14,28,1.0
38,4,141,512188,513714,513714,514721,514721,515322,515355,522855,522855,523485,523517,523549,526630,1526,1007,601,7500,630,245,0,600,2191,3113,3081,1591,478.8226622,14.44501303,1,4,3,190,1,1,51,7,4,2.0
38,4,142,526633,528156,528156,529161,529161,529767,529800,535800,535800,536432,536465,536499,539585,1523,1005,606,6000,632,513,0,600,1921,3120,3086,1321,491.7777082,12.95504604,1,20,-13,190,-1,-1,49,7,20,1.0
38,4,143,539588,541111,541111,542119,542119,542722,542754,549754,549754,550387,550419,550452,553522,1523,1008,603,7000,633,524,0,600,1909,3103,3070,1309,505.7147431,13.93703492,0,4,3,190,1,-1,49,7,4,1.0
38,4,144,553525,555049,555049,556053,556053,556657,556690,565690,565690,566320,566352,566385,569480,1524,1004,604,9000,630,652,0,600,1786,3128,3095,1186,521.6733927,15.95864959,1,10,-3,200,-1,-1,49,7,10,1.0
38,5,145,20201,21726,21726,22744,22744,23355,23388,29388,29388,29992,30025,30061,33159,1525,1018,611,6000,604,413,0,600,2029,3134,3098,1429,12.96958258,12.96958258,1,14,14,200,1,1,51,28,14,2.0
38,5,146,33164,34688,34688,35695,35695,36299,36332,44832,44832,45432,45464,45497,48599,1524,1007,604,8500,600,616,0,600,1849,3135,3102,1249,28.40741804,15.43783546,1,20,-13,170,-1,-1,49,7,20,1.0
38,5,147,48601,50121,50121,51126,51126,51734,51766,58766,58766,59366,59398,59433,62547,1520,1005,608,7000,600,568,0,600,1899,3149,3114,1299,42.35547396,13.94805591,1,10,10,200,1,1,51,20,10,2.0
38,5,148,62549,64069,64069,65077,65077,65699,65732,73232,73232,73832,73865,73898,76993,1520,1008,622,7500,600,97,0,600,2353,3128,3095,1753,56.80189429,14.44642033,1,14,-9,180,-1,-1,49,5,14,1.0
38,5,149,76996,78518,78518,79527,79527,80127,80160,86660,86660,87261,87293,87327,90436,1522,1009,600,6500,601,726,0,600,1742,3143,3109,1142,70.24498621,13.44309192,1,10,-5,170,-1,-1,49,5,10,1.0
38,5,150,90439,91965,91965,92967,92967,93574,93606,101606,101606,102238,102272,102306,105392,1526,1002,607,8000,632,1415,0,600,1018,3120,3086,418,85.20054544,14.95555924,1,10,4,150,1,1,51,14,10,2.0
38,5,151,105394,106919,106919,107924,107924,108530,108563,117563,117563,118195,118229,118264,121333,1525,1005,606,9000,632,950,0,600,1482,3104,3069,882,101.1415974,15.94105192,1,14,14,190,1,1,51,28,14,2.0
38,5,152,121336,122857,122857,123861,123861,124469,124501,131501,131501,132118,132150,132184,135295,1521,1004,608,7000,617,758,0,600,1692,3145,3111,1092,115.1035953,13.96199789,1,5,9,210,1,1,51,14,5,2.0
38,5,153,135298,136821,136821,137827,137827,138435,138467,146967,146967,147599,147632,147665,150728,1523,1006,608,8500,632,484,0,600,1947,3096,3063,1347,130.5366299,15.43303464,1,7,7,160,1,1,51,14,7,2.0
38,5,154,150731,152258,152258,153261,153261,153868,153900,161900,161900,162501,162535,162568,165670,1527,1003,607,8000,601,430,0,600,2032,3135,3102,1432,145.479216,14.9425861,1,28,-8,170,-1,-1,49,20,28,1.0
38,5,155,165673,167197,167197,168204,168204,168834,168866,176366,176366,176988,177020,177054,180128,1524,1007,630,7500,622,233,0,600,2184,3108,3074,1584,159.9368198,14.45760375,1,7,-2,190,-1,-1,49,5,7,1.0
38,5,156,180130,181657,181657,182664,182664,183283,183316,189316,189316,189917,189950,189983,193067,1527,1007,619,6000,601,570,0,600,1876,3117,3084,1276,172.876028,12.93920826,1,7,7,180,1,1,51,14,7,2.0
38,5,157,193070,194591,194591,195598,195598,196205,196238,202738,202738,203339,203371,203406,206508,1521,1007,607,6500,601,206,0,600,2258,3137,3102,1658,186.3168496,13.44082154,1,7,3,160,1,1,51,10,7,2.0
38,5,158,206510,208031,208031,209037,209037,209658,209690,218690,218690,219290,219322,219356,222467,1521,1006,621,9000,600,596,0,600,1856,3145,3111,1256,202.2755682,15.9587186,1,7,7,150,1,1,51,14,7,2.0
38,5,159,222470,223993,223993,224999,224999,225604,225636,233636,233636,234236,234268,234301,237407,1523,1006,605,8000,600,1077,0,600,1389,3139,3106,789,217.2159327,14.94036454,0,11,-1,160,-1,1,51,10,11,2.0
38,5,160,237410,238933,238933,239940,239940,240547,240579,248079,248079,248697,248729,248763,251852,1523,1007,607,7500,618,153,0,600,2292,3123,3089,1692,231.6603566,14.44442389,1,56,-28,170,-1,-1,49,28,56,1.0
38,5,161,251854,253376,253376,254379,254379,254999,255031,263531,263531,264131,264164,264198,267304,1522,1003,620,8500,600,1240,0,600,1215,3140,3106,615,247.1122618,15.45190521,0,20,-6,200,-1,1,51,14,20,2.0
38,5,162,267307,268835,268835,269843,269843,270451,270483,279483,279483,280084,280116,280149,283245,1528,1008,608,9000,601,457,0,600,1998,3129,3096,1398,263.0531799,15.94091812,1,28,-8,190,-1,-1,49,20,28,1.0
38,5,163,283247,284774,284774,285779,285779,286382,286414,292914,292914,293516,293549,293583,296704,1527,1005,603,6500,602,708,0,600,1755,3155,3121,1155,276.5134539,13.46027402,1,14,-4,180,-1,-1,49,10,14,1.0
38,5,164,296707,298235,298235,299240,299240,299840,299872,306872,306872,307505,307538,307571,310658,1528,1005,600,7000,633,415,0,600,2019,3120,3087,1419,290.4665731,13.9531192,1,10,-5,190,-1,-1,49,5,10,1.0
38,5,165,310661,312186,312186,313189,313189,313794,313826,319826,319826,320428,320462,320496,323623,1525,1003,605,6000,602,2397,0,600,68,3161,3127,-532,303.4314824,12.96490924,1,14,6,170,1,1,51,20,14,2.0
38,5,166,323625,325151,325151,326152,326152,326756,326788,335288,335288,335890,335922,335956,339064,1526,1001,604,8500,602,138,0,600,2329,3142,3108,1729,318.8724326,15.44095022,1,56,-28,160,-1,-1,49,28,56,1.0
38,5,167,339067,340587,340587,341599,341599,342201,342234,348234,348234,348858,348890,348924,352029,1520,1012,602,6000,624,398,0,600,2044,3139,3105,1444,331.837318,12.96488543,1,4,3,190,1,1,51,7,4,2.0
38,5,168,352031,353558,353558,354563,354563,355169,355201,362201,362201,362804,362837,362870,365972,1527,1005,606,7000,603,652,0,600,1807,3135,3102,1207,345.7806479,13.94332983,1,8,-1,170,-1,-1,49,7,8,1.0
38,5,169,365974,367498,367498,368509,368509,369116,369148,377148,377148,377749,377782,377816,380908,1524,1011,607,8000,601,415,0,600,2042,3126,3092,1442,360.7168456,14.93619777,1,21,-1,170,-1,-1,49,20,21,1.0
38,5,170,380911,382436,382436,383441,383441,384046,384078,391578,391578,392182,392215,392248,395373,1525,1005,605,7500,604,353,0,600,2108,3158,3125,1508,375.1819169,14.46507122,1,40,-12,190,-1,-1,49,28,40,1.0
38,5,171,395376,396897,396897,397900,397900,398503,398536,407536,407536,408137,408170,408203,411338,1521,1003,603,9000,601,326,0,600,2146,3168,3135,1546,391.1461131,15.96419625,1,20,-10,170,-1,-1,49,10,20,1.0
38,5,172,411341,412868,412868,413874,413874,414504,414536,421036,421036,421639,421671,421704,424792,1527,1006,630,6500,603,840,0,600,1594,3121,3088,994,404.6004632,13.45435007,1,6,-1,210,-1,-1,49,5,6,1.0
38,5,173,424795,426320,426320,427325,427325,427928,427960,436460,436460,437065,437098,437131,440249,1525,1005,603,8500,605,676,0,600,1786,3151,3118,1186,420.0578635,15.45740034,1,14,-4,200,-1,-1,49,10,14,1.0
38,5,174,440252,441776,441776,442786,442786,443390,443423,451423,451423,452051,452084,452117,455214,1524,1010,604,8000,628,286,0,600,2148,3130,3097,1548,435.021703,14.96383945,1,5,5,190,1,1,51,10,5,2.0
38,5,175,455216,456739,456739,457744,457744,458363,458397,465397,465397,466014,466046,466079,469170,1523,1005,619,7000,617,449,0,600,1987,3124,3091,1387,448.9784845,13.95678152,1,5,2,200,1,1,51,7,5,2.0
38,5,176,469173,470696,470696,471699,471699,472328,472360,481360,481360,481973,482007,482040,485132,1523,1003,629,9000,613,774,0,600,1658,3125,3092,1058,464.9406728,15.96218835,1,4,1,200,1,1,51,5,4,2.0
38,5,177,485135,486654,486654,487660,487660,488266,488298,494798,494798,495415,495447,495481,498577,1519,1006,606,6500,617,320,0,600,2132,3130,3096,1532,478.3851097,13.44443684,1,14,-7,190,-1,-1,49,7,14,1.0
38,5,178,498580,500105,500105,501110,501110,501715,501748,507748,507748,508362,508395,508428,511542,1525,1005,605,6000,614,179,0,600,2272,3147,3114,1672,491.3501874,12.9650777,1,79,-51,200,-1,-1,49,28,79,1.0
38,5,179,511544,513075,513075,514080,514080,514681,514712,522212,522212,522812,522845,522878,525976,1531,1005,601,7500,600,550,0,600,1913,3131,3098,1313,505.7838777,14.43369038,1,14,-7,210,-1,-1,49,7,14,1.0
38,5,180,525979,527498,527498,528503,528503,529110,529143,535143,535143,535745,535778,535812,538912,1519,1005,607,6000,602,681,0,600,1786,3134,3100,1186,518.7202759,12.93639817,1,14,6,170,1,1,51,20,14,2.0
38,6,181,14242,15766,15766,16778,16778,17409,17441,23441,23441,24043,24075,24110,27191,1524,1012,631,6000,602,338,0,600,2093,3116,3081,1493,12.96045136,12.96045136,1,20,-10,170,-1,-1,49,10,20,1.0
38,6,182,27195,28716,28716,29725,29725,30329,30361,37861,37861,38465,38498,38531,41640,1521,1009,604,7500,604,494,0,600,1968,3142,3109,1368,27.40863279,14.44818143,1,20,-10,210,-1,-1,49,10,20,1.0
38,6,183,41643,43169,43169,44179,44179,44783,44816,51816,51816,52433,52466,52500,55599,1526,1010,604,7000,617,227,0,600,2216,3133,3099,1616,41.36683879,13.958206,1,56,-28,160,-1,-1,49,28,56,1.0
38,6,184,55602,57128,57128,58134,58134,58739,58771,67271,67271,67871,67904,67937,71060,1526,1006,605,8500,600,874,0,600,1589,3156,3123,989,56.82815005,15.46131127,1,10,4,180,1,1,51,14,10,2.0
38,6,185,71063,72589,72589,73595,73595,74203,74235,83235,83235,83850,83883,83916,87001,1526,1006,608,9000,615,565,0,600,1880,3118,3085,1280,72.76943191,15.94128185,1,10,4,200,1,1,51,14,10,2.0
38,6,186,87004,88529,88529,89536,89536,90144,90176,98176,98176,98778,98811,98844,101963,1525,1007,608,8000,602,567,0,600,1891,3152,3119,1291,87.73007794,14.96064604,1,5,9,180,1,1,51,14,5,2.0
38,6,187,101965,103490,103490,104496,104496,105103,105135,111635,111635,112238,112270,112303,115396,1525,1006,607,6500,603,451,0,600,2008,3126,3093,1408,101.1631478,13.4330699,1,10,18,160,1,1,51,28,10,2.0
38,6,188,115398,116921,116921,117928,117928,118533,118565,127565,127565,128186,128217,128252,131348,1523,1007,605,9000,621,449,0,600,1995,3131,3096,1395,117.1159744,15.95282659,1,4,3,210,1,1,51,7,4,2.0
38,6,189,131350,132875,132875,133881,133881,134490,134522,143022,143022,143641,143674,143707,146783,1525,1006,609,8500,619,692,0,600,1749,3109,3076,1149,132.5508169,15.43484245,1,79,-51,170,-1,-1,49,28,79,1.0
38,6,190,146786,148313,148313,149319,149319,149924,149956,157956,157956,158556,158589,158623,161734,1527,1006,605,8000,600,210,0,600,2252,3145,3111,1652,147.5023465,14.95152958,1,7,13,170,1,1,51,20,7,2.0
38,6,191,161737,163260,163260,164267,164267,164872,164904,171904,171904,172505,172538,172571,175676,1523,1007,605,7000,601,915,0,600,1549,3138,3105,949,161.4434906,13.94114414,1,28,-8,150,-1,-1,49,20,28,1.0
38,6,192,175679,177206,177206,178210,178210,178810,178842,185342,185342,185959,185991,186025,189113,1527,1004,600,6500,617,543,0,600,1909,3122,3088,1309,174.8811058,13.43761517,1,4,1,150,1,1,51,5,4,2.0
38,6,193,189116,190637,190637,191643,191643,192247,192279,198279,198279,198881,198914,198947,202054,1521,1006,604,6000,602,1048,0,600,1419,3140,3107,819,187.8210346,12.93992879,1,9,1,150,1,1,51,10,9,2.0
38,6,194,202056,203579,203579,204588,204588,205193,205225,212725,212725,213359,213392,213426,216487,1523,1009,605,7500,634,287,0,600,2142,3095,3061,1542,202.2546828,14.43364819,1,27,1,210,1,1,51,28,27,2.0
38,6,195,216489,218014,218014,219021,219021,219653,219686,228186,228186,228788,228820,228854,231944,1525,1007,632,8500,602,380,0,600,2054,3124,3090,1454,217.7114641,15.45678137,1,14,-9,200,-1,-1,49,5,14,1.0
38,6,196,231947,233468,233468,234476,234476,235078,235111,241111,241111,241741,241773,241806,244898,1521,1008,602,6000,630,742,0,600,1697,3125,3092,1097,230.6662094,12.95474529,1,5,2,170,1,1,51,7,5,2.0
38,6,197,244901,246422,246422,247430,247430,248035,248067,254567,254567,255174,255207,255242,258353,1521,1008,605,6500,607,244,0,600,2215,3146,3111,1615,244.1207623,13.45455288,1,40,-20,200,-1,-1,49,20,40,1.0
38,6,198,258355,259875,259875,260880,260880,261499,261531,269531,269531,270149,270181,270215,273294,1520,1005,619,8000,618,338,0,600,2100,3113,3079,1500,259.0613067,14.94054445,1,2,5,170,1,1,51,7,2,2.0
38,6,199,273297,274823,274823,275834,275834,276441,276474,283974,283974,284604,284636,284670,287750,1526,1011,607,7500,630,307,0,600,2119,3114,3080,1519,273.5172033,14.4558966,1,5,9,170,1,1,51,14,5,2.0
38,6,200,287753,289277,289277,290286,290286,290891,290923,299923,299923,300523,300556,300590,303706,1524,1009,605,9000,600,703,0,600,1759,3150,3116,1159,289.4741018,15.95689844,1,28,-8,160,-1,-1,49,20,28,1.0
38,6,201,303709,305231,305231,306239,306239,306842,306874,313874,313874,314475,314509,314543,317658,1522,1008,603,7000,601,376,0,600,2090,3149,3115,1490,303.4257603,13.95165856,1,20,-10,190,-1,-1,49,10,20,1.0
38,6,202,317661,319185,319185,320192,320192,320797,320830,328830,328830,329450,329482,329517,332606,1524,1007,605,8000,620,156,0,600,2288,3124,3089,1688,318.3734354,14.94767501,1,57,-37,170,-1,-1,49,20,57,1.0
38,6,203,332609,334134,334134,335141,335141,335746,335778,344278,344278,344897,344929,344963,348048,1525,1007,605,8500,619,252,0,600,2192,3119,3085,1592,333.815779,15.44234366,1,2,5,170,1,1,51,7,2,2.0
38,6,204,348051,349573,349573,350581,350581,351186,351218,360218,360218,360819,360851,360885,363999,1522,1008,605,9000,601,894,0,600,1570,3148,3114,970,349.7665052,15.95072618,1,40,-12,200,-1,-1,49,28,40,1.0
38,6,205,364002,365526,365526,366531,366531,367135,367168,374168,374168,374787,374819,374853,377958,1524,1005,604,7000,619,527,0,600,1921,3139,3105,1321,363.7258705,13.9593653,1,5,2,150,1,1,51,7,5,2.0
38,6,206,377961,379485,379485,380490,380490,381121,381153,387653,387653,388273,388306,388339,391416,1524,1005,631,6500,620,530,0,600,1890,3110,3077,1290,377.1836355,13.45776497,1,4,1,150,1,1,51,5,4,2.0
38,6,207,391419,392938,392938,393942,393942,394546,394578,400578,400578,401178,401211,401245,404365,1519,1004,604,6000,600,537,0,600,1936,3154,3120,1336,390.1326005,12.94896509,1,20,-10,150,-1,-1,49,10,20,1.0
38,6,208,404368,405891,405891,406896,406896,407502,407534,415034,415034,415635,415668,415703,418813,1523,1005,606,7500,601,952,0,600,1513,3145,3110,913,404.5801446,14.44754407,1,7,7,190,1,1,51,14,7,2.0
38,6,209,418816,420343,420343,421350,421350,421954,421987,427987,427987,428620,428653,428687,431757,1527,1007,604,6000,633,332,0,600,2097,3104,3070,1497,417.5249182,12.9447736,1,10,10,160,1,1,51,20,10,2.0
38,6,210,431760,433283,433283,434290,434290,434894,434926,441926,441926,442526,442560,442593,445709,1523,1007,604,7000,600,1125,0,600,1341,3149,3116,741,431.4768088,13.9518906,1,27,1,200,1,1,51,28,27,2.0
38,6,211,445712,447232,447232,448237,448237,448838,448871,457871,457871,458475,458507,458542,461655,1520,1005,601,9000,604,245,0,600,2225,3148,3113,1625,447.4221236,15.94531483,1,5,5,170,1,1,51,10,5,2.0
38,6,212,461658,463182,463182,464187,464187,464795,464827,472327,472327,472936,472968,473001,476112,1524,1005,608,7500,609,502,0,600,1952,3144,3111,1352,461.879508,14.45738437,1,28,-14,200,-1,-1,49,14,28,1.0
38,6,213,476115,477641,477641,478648,478648,479252,479285,485785,485785,486416,486449,486482,489560,1526,1007,604,6500,631,499,0,600,1933,3111,3078,1333,475.3266905,13.44718245,1,5,2,150,1,1,51,7,5,2.0
38,6,214,489562,491083,491083,492091,492091,492711,492743,501243,501243,501867,501899,501932,505022,1521,1008,620,8500,624,905,0,600,1522,3123,3090,922,490.7888163,15.46212582,1,4,1,210,1,1,51,5,4,2.0
38,6,215,505025,506547,506547,507550,507550,508151,508185,516186,516186,516788,516821,516855,519967,1522,1003,601,8001,602,665,0,600,1806,3146,3112,1206,505.7353067,14.9464904,1,7,-2,160,-1,-1,49,5,7,1.0
38,6,216,519970,521494,521494,522498,522498,523115,523147,530647,530647,531263,531295,531328,534403,1524,1004,617,7500,616,368,0,600,2071,3108,3075,1471,520.169403,14.4340963,1,2,3,170,1,1,51,5,2,2.0
39,1,1,71937,73466,73466,74466,74466,75069,75102,81602,81602,82223,82255,82290,85400,1529,1000,603,6500,621,262,0,600,2185,3145,3110,1585,13.50191282,13.50191282,1,56,-28,200,-1,-1,49,28,56,1.0
39,1,2,85453,86974,86974,87992,87992,88596,88629,94629,94629,95230,95262,95296,98386,1521,1018,604,6000,601,190,0,600,2266,3124,3090,1666,26.43635364,12.93444082,1,19,1,150,1,1,51,20,19,2.0
39,1,3,98389,99914,99914,100919,100919,101526,101558,109058,109058,109659,109691,109725,112841,1525,1005,607,7500,601,186,0,600,2276,3150,3116,1676,40.89084379,14.45449014,1,40,-26,150,-1,-1,49,14,40,1.0
39,1,4,112844,114368,114368,115374,115374,115974,116006,125006,125006,125637,125669,125704,128791,1524,1006,600,9000,631,152,0,600,2287,3122,3087,1687,56.84106213,15.95021834,1,14,14,160,1,1,51,28,14,2.0
39,1,5,128794,130318,130318,131325,131325,131927,131960,139960,139960,140560,140592,140625,143742,1524,1007,602,8000,600,314,0,600,2153,3150,3117,1553,71.79211943,14.9510573,0,10,-3,190,-1,1,51,7,10,2.0
39,1,6,143745,145268,145268,146272,146272,146902,146935,155435,155435,156038,156071,156105,159181,1523,1004,630,8500,603,141,0,600,2299,3110,3076,1699,87.23125876,15.43913933,1,40,-20,150,-1,-1,49,20,40,1.0
39,1,7,159184,160707,160707,161710,161710,162318,162350,169350,169350,169982,170015,170048,173139,1523,1003,608,7000,632,191,0,600,2243,3124,3091,1643,101.1894201,13.95816135,1,13,1,180,1,1,51,14,13,2.0
39,1,8,173142,174662,174662,175672,175672,176291,176324,182824,182824,183456,183488,183522,186604,1520,1010,619,6500,632,215,0,600,2204,3116,3082,1604,114.6534706,13.4640505,1,9,1,200,1,1,51,10,9,2.0
39,1,9,186606,188124,188124,189129,189129,189732,189765,198765,198765,199366,199398,199432,202539,1518,1005,603,9000,601,208,0,600,2265,3141,3107,1665,130.589012,15.93554135,1,14,14,180,1,1,51,28,14,2.0
39,1,10,202542,204067,204067,205073,205073,205676,205709,213709,213709,214339,214371,214405,217486,1525,1006,603,8000,630,280,0,600,2156,3115,3081,1556,145.536133,14.94712106,1,7,3,210,1,1,51,10,7,2.0
39,1,11,217489,219011,219011,220017,220017,220620,220652,226652,226652,227281,227313,227347,230419,1522,1006,603,6000,629,335,0,600,2105,3106,3072,1505,158.4690134,12.93288042,1,6,1,170,1,1,51,7,6,2.0
39,1,12,230422,231949,231949,232954,232954,233560,233593,242093,242093,242693,242725,242759,245876,1527,1005,606,8500,600,1674,0,600,788,3151,3117,188,173.9260792,15.45706579,1,28,-14,150,-1,-1,49,14,28,1.0
39,1,13,245879,247401,247401,248405,248405,249034,249067,256067,256067,256668,256702,256735,259831,1522,1004,629,7000,601,132,0,600,2312,3129,3096,1712,187.8814627,13.9553835,1,10,-5,160,-1,-1,49,5,10,1.0
39,1,14,259834,261356,261356,262359,262359,262962,262994,270494,270494,271094,271127,271160,274291,1522,1003,603,7500,600,96,0,600,2376,3164,3131,1776,202.34088,14.45941723,1,28,-18,160,-1,-1,49,10,28,1.0
39,1,15,274294,275818,275818,276823,276823,277427,277459,284959,284959,285589,285622,285655,288752,1524,1005,604,7500,630,72,0,600,2365,3130,3097,1765,216.8022581,14.46137812,1,7,13,150,1,1,51,20,7,2.0
39,1,16,288755,290279,290279,291281,291281,291901,291934,300934,300934,301566,301598,301631,304716,1524,1002,620,9000,632,347,0,600,2075,3118,3085,1475,232.7653836,15.9631255,0,7,-2,160,-1,1,51,5,7,2.0
39,1,17,304719,306240,306240,307243,307243,307850,307882,314382,314382,314982,315014,315048,318174,1521,1003,607,6500,600,325,0,600,2144,3160,3126,1544,246.2230813,13.45769772,1,40,-26,150,-1,-1,49,14,40,1.0
39,1,18,318177,319697,319697,320706,320706,321310,321342,329842,329842,330459,330491,330525,333608,1520,1009,604,8500,617,248,0,600,2202,3117,3083,1602,261.6576949,15.43461364,1,2,5,160,1,1,51,7,2,2.0
39,1,19,333611,335131,335131,336134,336134,336739,336771,343771,343771,344403,344436,344470,347573,1520,1003,605,7000,632,369,0,600,2071,3137,3103,1471,275.6224902,13.96479529,1,9,1,200,1,1,51,10,9,2.0
39,1,20,347576,349100,349100,350108,350108,350714,350746,358746,358746,359346,359380,359414,362536,1524,1008,606,8000,600,192,0,600,2270,3156,3122,1670,290.5853936,14.96290341,1,20,8,170,1,1,51,28,20,2.0
39,1,21,362539,364064,364064,365070,365070,365699,365731,371731,371731,372346,372378,372411,375498,1525,1006,629,6000,615,118,0,600,2307,3120,3087,1707,303.5473999,12.96200629,1,3,2,210,1,1,51,5,3,2.0
39,1,22,375501,377028,377028,378032,378032,378634,378666,386666,386666,387266,387298,387331,390445,1527,1004,602,8000,600,174,0,600,2293,3147,3114,1693,318.4943272,14.94692729,1,10,-3,210,-1,-1,49,7,10,1.0
39,1,23,390447,391972,391972,392977,392977,393599,393632,400132,400132,400733,400766,400799,403900,1525,1005,622,6500,601,230,0,600,2217,3134,3101,1617,331.9491811,13.45485387,1,28,-18,180,-1,-1,49,10,28,1.0
39,1,24,403903,405418,405418,406421,406421,407027,407060,414560,414560,415192,415224,415258,418359,1515,1003,606,7500,632,204,0,600,2240,3135,3101,1640,346.4085576,14.45937655,1,7,13,160,1,1,51,20,7,2.0
39,1,25,418362,419887,419887,420894,420894,421517,421549,428549,428549,429167,429199,429232,432304,1525,1007,623,7000,618,305,0,600,2122,3105,3072,1522,360.3538893,13.94533164,1,3,2,210,1,1,51,5,3,2.0
39,1,26,432307,433824,433824,434829,434829,435433,435466,443966,443966,444567,444600,444634,447748,1517,1005,604,8500,601,212,0,600,2261,3148,3114,1661,375.7971559,15.44326663,1,14,-7,180,-1,-1,49,7,14,1.0
39,1,27,447751,449274,449274,450280,450280,450886,450918,456918,456918,457549,457581,457615,460696,1523,1006,606,6000,631,277,0,600,2157,3115,3081,1557,388.7451931,12.94803717,1,10,10,180,1,1,51,20,10,2.0
39,1,28,460699,462220,462220,463225,463225,463827,463859,472859,472859,473483,473516,473549,476636,1521,1005,602,9000,624,188,0,600,2260,3120,3087,1660,404.6852673,15.94007427,1,4,3,170,1,1,51,7,4,2.0
39,1,29,476639,478164,478164,479168,479168,479786,479819,486319,486319,486952,486984,487017,490089,1525,1004,618,6500,633,175,0,600,2245,3105,3072,1645,418.1384328,13.4531654,1,10,-5,190,-1,-1,49,5,10,1.0
39,1,30,490092,491612,491612,492618,492618,493224,493256,502256,502256,502889,502921,502955,506027,1520,1006,606,9000,633,333,0,600,2102,3106,3072,1502,434.0762412,15.93780841,1,10,4,170,1,1,51,14,10,2.0
39,1,31,506030,507551,507551,508556,508556,509161,509194,516695,516695,517297,517330,517363,520493,1521,1005,605,7501,602,327,0,600,2139,3163,3130,1539,448.5418617,14.46562054,0,20,8,180,1,-1,49,28,20,1.0
39,1,32,520495,522018,522018,523025,523025,523647,523679,532179,532179,532782,532816,532849,535951,1523,1007,622,8500,603,268,0,600,2177,3135,3102,1577,464.0003924,15.45853066,1,28,-18,210,-1,-1,49,10,28,1.0
39,1,33,535954,537476,537476,538485,538485,539087,539120,547120,547120,547726,547759,547792,550890,1522,1009,602,8000,606,263,0,600,2198,3131,3098,1598,478.9394487,14.93905631,1,40,-26,170,-1,-1,49,14,40,1.0
39,1,34,550893,552412,552412,553416,553416,554022,554054,560054,560054,560685,560717,560750,563841,1519,1004,606,6000,631,259,0,600,2181,3124,3091,1581,491.8905364,12.95108774,1,27,1,180,1,1,51,28,27,2.0
39,1,35,563844,565371,565371,566376,566376,567004,567036,574036,574036,574653,574685,574718,577798,1527,1005,628,7000,617,273,0,600,2150,3113,3080,1550,505.84678,13.95624355,1,4,1,190,1,1,51,5,4,2.0
39,1,36,577801,579320,579320,580324,580324,580930,580962,587962,587962,588573,588605,588637,591732,1519,1004,606,7000,611,328,0,600,2132,3127,3095,1532,519.7810038,13.93422385,1,14,6,160,1,1,51,20,14,2.0
39,2,37,20912,22435,22435,23448,23448,24072,24104,30604,30604,31221,31253,31289,34360,1523,1013,624,6500,617,191,0,600,2232,3107,3071,1632,13.46010973,13.46010973,1,14,6,190,1,1,51,20,14,2.0
39,2,38,34364,35885,35885,36887,36887,37490,37522,46522,46522,47122,47154,47188,50314,1521,1002,603,9000,600,225,0,600,2249,3160,3126,1649,29.4126093,15.95249957,1,14,-4,170,-1,-1,49,10,14,1.0
39,2,39,50317,51838,51838,52843,52843,53449,53481,59481,59481,60081,60113,60146,63276,1521,1005,606,6000,600,328,0,600,2140,3163,3130,1540,42.37454989,12.96194059,1,21,-1,200,-1,-1,49,20,21,1.0
39,2,40,63278,64800,64800,65803,65803,66424,66456,73456,73456,74078,74110,74143,77216,1522,1003,621,7000,622,334,0,600,2098,3106,3073,1498,56.31438971,13.93983982,1,7,-2,150,-1,-1,49,5,7,1.0
39,2,41,77219,78741,78741,79748,79748,80352,80384,87884,87884,88517,88550,88583,91663,1522,1007,604,7500,633,109,0,600,2325,3113,3080,1725,70.76178817,14.44739845,1,40,-12,150,-1,-1,49,28,40,1.0
39,2,42,91666,93192,93192,94195,94195,94798,94830,102830,102830,103450,103483,103516,106605,1526,1003,603,8000,620,508,0,600,1940,3122,3089,1340,85.70387094,14.94208277,1,10,-3,160,-1,-1,49,7,10,1.0
39,2,43,106608,108129,108129,109136,109136,109738,109771,118271,118271,118889,118921,118954,122061,1521,1007,602,8500,618,755,0,600,1697,3140,3107,1097,101.1592501,15.45537913,1,14,-4,180,-1,-1,49,10,14,1.0
39,2,44,122064,123583,123583,124587,124587,125192,125225,133725,133725,134340,134372,134405,137524,1519,1004,605,8500,615,280,0,600,2177,3152,3119,1577,116.6219834,15.46273329,1,56,-28,160,-1,-1,49,28,56,1.0
39,2,45,137527,139053,139053,140057,140057,140660,140692,149692,149692,150313,150345,150379,153473,1526,1004,603,9000,621,804,0,600,1642,3128,3094,1042,132.5718669,15.94988354,0,8,-1,200,-1,1,51,7,8,2.0
39,2,46,153476,155003,155003,156010,156010,156613,156646,164646,164646,165268,165301,165334,168422,1527,1007,603,8000,622,447,0,600,1994,3121,3088,1394,147.5205354,14.9486685,0,15,-1,150,-1,1,51,14,15,2.0
39,2,47,168425,169946,169946,170953,170953,171560,171592,178092,178092,178706,178739,178772,181868,1521,1007,607,6500,614,230,0,600,2221,3129,3096,1621,160.9662888,13.44575338,1,14,14,150,1,1,51,28,14,2.0
39,2,48,181871,183393,183393,184401,184401,185001,185033,191033,191033,191634,191666,191699,194823,1522,1008,600,6000,601,254,0,600,2215,3157,3124,1615,173.9214797,12.95519093,1,20,-13,190,-1,-1,49,7,20,1.0
39,2,49,194826,196346,196346,197354,197354,197957,197990,205490,205490,206119,206151,206185,209271,1520,1008,603,7500,629,602,0,600,1838,3120,3086,1238,188.3689309,14.44745119,1,10,-3,200,-1,-1,49,7,10,1.0
39,2,50,209274,210794,210794,211800,211800,212403,212436,219436,219436,220067,220100,220133,223231,1520,1006,603,7000,631,396,0,600,2044,3131,3098,1444,202.3296489,13.96071801,0,11,-1,170,-1,1,51,10,11,2.0
39,2,51,223234,224760,224760,225761,225761,226364,226396,232396,232396,233011,233043,233076,236180,1526,1001,603,6000,615,174,0,600,2281,3137,3104,1681,215.2786019,12.94895297,1,5,9,160,1,1,51,14,5,2.0
39,2,52,236183,237705,237705,238710,238710,239316,239348,247848,247848,248449,248481,248514,251639,1522,1005,606,8500,601,251,0,600,2215,3158,3125,1615,230.7369466,15.45834472,1,40,-26,150,-1,-1,49,14,40,1.0
39,2,53,251642,253161,253161,254168,254168,254798,254830,261331,261331,261962,261994,262028,265097,1519,1007,630,6501,631,330,0,600,2082,3103,3069,1482,244.195693,13.45874642,1,10,-5,170,-1,-1,49,5,10,1.0
39,2,54,265100,266624,266624,267628,267628,268235,268267,275267,275267,275884,275916,275950,279035,1524,1004,607,7000,617,282,0,600,2166,3119,3085,1566,258.1337275,13.93803443,1,79,-51,170,-1,-1,49,28,79,1.0
39,2,55,279038,280563,280563,281568,281568,282172,282204,291204,291204,291837,291870,291903,294983,1525,1005,604,9000,633,210,0,600,2223,3113,3080,1623,274.0816661,15.94793862,1,28,-14,180,-1,-1,49,14,28,1.0
39,2,56,294986,296513,296513,297518,297518,298120,298152,305652,305652,306253,306286,306319,309447,1527,1005,602,7500,601,356,0,600,2109,3161,3128,1509,288.5450087,14.46334263,1,20,-10,150,-1,-1,49,10,20,1.0
39,2,57,309450,310973,310973,311980,311980,312584,312618,320618,320618,321222,321254,321288,324402,1523,1007,604,8000,604,736,0,600,1726,3148,3114,1126,303.4998338,14.95482509,0,11,-1,180,-1,1,51,10,11,2.0
39,2,58,324404,325929,325929,326934,326934,327542,327574,335574,335574,336175,336208,336241,339353,1525,1005,608,8000,601,570,0,600,1891,3145,3112,1291,318.4514393,14.95160546,1,28,-8,190,-1,-1,49,20,28,1.0
39,2,59,339356,340882,340882,341886,341886,342515,342547,351047,351047,351671,351704,351737,354806,1526,1004,629,8500,624,559,0,600,1858,3102,3069,1258,333.9043648,15.45292553,1,6,-1,200,-1,-1,49,5,6,1.0
39,2,60,354809,356331,356331,357336,357336,357941,357973,364473,364473,365073,365105,365139,368255,1522,1005,605,6500,600,119,0,600,2349,3150,3116,1749,347.353493,13.44912821,1,40,-20,170,-1,-1,49,20,40,1.0
39,2,61,368258,369779,369779,370787,370787,371390,371422,380422,380422,381055,381087,381121,384216,1521,1008,603,9000,633,321,0,600,2114,3129,3095,1514,363.3141516,15.96065864,1,20,-13,160,-1,-1,49,7,20,1.0
39,2,62,384219,385744,385744,386749,386749,387377,387409,394909,394909,395539,395571,395604,398673,1525,1005,628,7500,630,294,0,600,2118,3102,3069,1518,377.7713184,14.45716674,1,10,-5,150,-1,-1,49,5,10,1.0
39,2,63,398676,400199,400199,401204,401204,401808,401840,407840,407840,408472,408505,408538,411616,1523,1005,604,6000,632,213,0,600,2223,3111,3078,1623,390.7143369,12.94301847,1,20,8,210,1,1,51,28,20,2.0
39,2,64,411619,413140,413140,414146,414146,414777,414809,421809,421809,422433,422466,422500,425553,1521,1006,631,7000,624,280,0,600,2138,3087,3053,1538,404.6511722,13.93683535,1,14,-9,200,-1,-1,49,5,14,1.0
39,2,65,425556,427080,427080,428088,428088,428691,428723,434723,434723,435353,435385,435419,438516,1524,1008,603,6000,630,289,0,600,2146,3131,3097,1546,417.6138023,12.96263008,1,28,-14,160,-1,-1,49,14,28,1.0
39,2,66,438518,440045,440045,441051,441051,441654,441687,448187,448187,448789,448821,448854,451954,1527,1006,603,6500,602,396,0,600,2066,3133,3100,1466,431.0522096,13.43840735,0,28,-8,190,-1,1,51,20,28,2.0
39,2,67,451957,453481,453481,454486,454486,455111,455143,463643,463643,464244,464277,464311,467416,1524,1005,625,8500,601,265,0,600,2180,3139,3105,1580,446.5136034,15.46139379,1,14,-9,200,-1,-1,49,5,14,1.0
39,2,68,467419,468940,468940,469944,469944,470550,470582,477582,477582,478183,478216,478250,481358,1521,1004,606,7000,601,272,0,600,2196,3142,3108,1596,460.4556455,13.94204209,1,40,-26,150,-1,-1,49,14,40,1.0
39,2,69,481361,482882,482882,483886,483886,484518,484550,493550,493550,494168,494201,494234,497310,1521,1004,632,9000,618,403,0,600,2022,3109,3076,1422,476.4074613,15.9518158,1,79,-51,210,-1,-1,49,28,79,1.0
39,2,70,497313,498838,498838,499842,499842,500473,500505,508505,508505,509121,509153,509187,512263,1525,1004,631,8000,616,368,0,600,2056,3110,3076,1456,491.3608194,14.95335812,1,5,2,180,1,1,51,7,5,2.0
39,2,71,512265,513785,513785,514794,514794,515397,515429,522929,522929,523546,523578,523611,526701,1520,1009,603,7500,617,317,0,600,2134,3123,3090,1534,505.7982149,14.43739541,1,4,6,200,1,1,51,10,4,2.0
39,2,72,526703,528218,528218,529246,529246,529851,529883,537883,537883,538504,538536,538569,541664,1515,1028,605,8000,621,382,0,600,2049,3128,3095,1449,520.7613527,14.96313786,1,14,6,210,1,1,51,20,14,2.0
39,3,73,20281,21808,21808,22828,22828,23447,23479,30979,30979,31583,31615,31652,34725,1527,1020,619,7500,604,261,0,600,2169,3110,3073,1569,14.45653089,14.45653089,1,40,-20,200,-1,-1,49,20,40,1.0
39,3,74,34730,36256,36256,37262,37262,37869,37902,46902,46902,47534,47567,47602,50667,1526,1006,607,9000,632,745,0,600,1684,3100,3065,1084,30.3971491,15.94061821,1,7,7,170,1,1,51,14,7,2.0
39,3,75,50670,52190,52190,53196,53196,53800,53832,62332,62332,62948,62982,63016,66108,1520,1006,604,8500,616,257,0,600,2197,3126,3092,1597,45.8376201,15.440471,1,56,-28,160,-1,-1,49,28,56,1.0
39,3,76,66111,67635,67635,68638,68638,69240,69273,75273,75273,75906,75940,75974,79057,1524,1003,602,6000,633,439,0,600,1999,3117,3083,1399,58.78628257,12.94866247,0,20,-10,200,-1,1,51,10,20,2.0
39,3,77,79059,80583,80583,81587,81587,82193,82226,88726,88726,89327,89360,89394,92509,1524,1004,606,6500,601,310,0,600,2155,3149,3115,1555,72.23845623,13.45217366,1,56,-28,190,-1,-1,49,28,56,1.0
39,3,78,92511,94036,94036,95043,95043,95674,95707,103707,103707,104332,104364,104399,107452,1525,1007,631,8000,625,640,0,600,1772,3088,3053,1172,87.18209066,14.94363443,1,6,-1,190,-1,-1,49,5,6,1.0
39,3,79,107455,108980,108980,109982,109982,110587,110620,117620,117620,118236,118268,118302,121398,1525,1002,605,7000,616,483,0,600,1969,3130,3096,1369,101.1273054,13.94521471,1,5,2,190,1,1,51,7,5,2.0
39,3,80,121401,122926,122926,123933,123933,124541,124574,130574,130574,131174,131207,131240,134345,1525,1007,608,6000,600,497,0,600,1963,3138,3105,1363,114.0742061,12.94690077,1,21,-1,150,-1,-1,49,20,21,1.0
39,3,81,134348,135868,135868,136873,136873,137475,137508,145508,145508,146123,146155,146189,149297,1520,1005,602,8000,615,277,0,600,2181,3142,3108,1581,129.0265834,14.95237722,1,2,5,190,1,1,51,7,2,2.0
39,3,82,149299,150818,150818,151829,151829,152434,152467,159467,159467,160096,160130,160163,163253,1519,1011,605,7000,629,320,0,600,2116,3123,3090,1516,142.9829288,13.95634541,1,10,10,180,1,1,51,20,10,2.0
39,3,83,163256,164781,164781,165787,165787,166393,166425,173925,173925,174545,174578,174611,177712,1525,1006,606,7500,620,262,0,600,2181,3134,3101,1581,157.4419392,14.45901041,1,5,5,160,1,1,51,10,5,2.0
39,3,84,177715,179238,179238,180240,180240,180842,180875,187375,187375,188000,188033,188066,191175,1523,1002,602,6500,625,236,0,600,2212,3142,3109,1612,170.9045116,13.46257237,1,4,6,180,1,1,51,10,4,2.0
39,3,85,191178,192701,192701,193707,193707,194313,194345,202845,202845,203446,203478,203511,206631,1523,1006,606,8500,601,315,0,600,2149,3153,3120,1549,186.360566,15.45605446,1,40,-26,170,-1,-1,49,14,40,1.0
39,3,86,206634,208159,208159,209165,209165,209769,209802,218802,218802,219404,219436,219471,222574,1525,1006,604,9000,602,229,0,600,2234,3138,3103,1634,202.3030619,15.94249593,1,14,14,180,1,1,51,28,14,2.0
39,3,87,222577,224100,224100,225106,225106,225711,225743,234243,234243,234858,234890,234923,238011,1523,1006,605,8500,615,414,0,600,2037,3121,3088,1437,217.7403284,15.43726643,1,5,2,200,1,1,51,7,5,2.0
39,3,88,238014,239535,239535,240536,240536,241139,241171,248171,248171,248774,248807,248841,251972,1521,1001,603,7000,603,587,0,600,1885,3165,3131,1285,231.7019028,13.96157445,1,14,-4,210,-1,-1,49,10,14,1.0
39,3,89,251975,253497,253497,254501,254501,255107,255140,261140,261140,261742,261774,261808,264910,1522,1004,606,6000,602,463,0,600,2003,3136,3102,1403,244.6392502,12.93734735,1,28,-14,180,-1,-1,49,14,28,1.0
39,3,90,264913,266439,266439,267447,267447,268054,268086,274586,274586,275203,275235,275268,278369,1526,1008,607,6500,617,266,0,600,2176,3134,3101,1576,258.0982229,13.45897274,1,5,9,180,1,1,51,14,5,2.0
39,3,91,278372,279897,279897,280901,280901,281503,281535,290535,290535,291151,291183,291216,294303,1525,1004,602,9000,616,223,0,600,2230,3120,3087,1630,274.0321273,15.93390441,1,4,3,180,1,1,51,7,4,2.0
39,3,92,294306,295831,295831,296835,296835,297440,297473,304973,304973,305573,305605,305638,308767,1525,1004,605,7500,600,750,0,600,1716,3162,3129,1116,288.4961835,14.46405622,0,14,6,150,1,-1,49,20,14,1.0
39,3,93,308770,310298,310298,311300,311300,311907,311940,319940,319940,320540,320574,320608,323722,1528,1002,607,8000,600,444,0,600,2019,3148,3114,1419,303.450983,14.95479948,1,14,6,160,1,1,51,20,14,2.0
39,3,94,323725,325250,325250,326254,326254,326858,326890,334390,334390,335023,335055,335088,338179,1525,1004,604,7500,633,295,0,600,2139,3124,3091,1539,317.9078231,14.45684008,1,14,-7,180,-1,-1,49,7,14,1.0
39,3,95,338181,339703,339703,340710,340710,341310,341342,349342,349342,349944,349978,350012,353130,1522,1007,600,8000,602,349,0,600,2120,3152,3118,1520,332.8588635,14.95104043,1,10,-3,210,-1,-1,49,7,10,1.0
39,3,96,353133,354654,354654,355661,355661,356267,356300,364800,364800,365417,365450,365483,368578,1521,1007,606,8500,617,195,0,600,2254,3128,3095,1654,348.3069512,15.44808764,1,79,-51,180,-1,-1,49,28,79,1.0
39,3,97,368581,370102,370102,371106,371106,371737,371769,378269,378269,378897,378930,378964,382020,1521,1004,631,6500,628,484,0,600,1932,3090,3056,1332,361.7490118,13.44206063,1,6,-1,180,-1,-1,49,5,6,1.0
39,3,98,382023,383542,383542,384549,384549,385155,385187,394187,394187,394787,394820,394853,397970,1519,1007,606,9000,600,280,0,600,2188,3150,3117,1588,377.6986937,15.94968194,1,28,-14,180,-1,-1,49,14,28,1.0
39,3,99,397973,399493,399493,400500,400500,401105,401137,407137,407137,407768,407800,407834,410933,1520,1007,605,6000,631,326,0,600,2111,3133,3099,1511,390.6617557,12.96306192,1,7,13,180,1,1,51,20,7,2.0
39,3,100,410936,412461,412461,413466,413466,414085,414117,421117,421117,421733,421765,421798,424887,1525,1005,619,7000,616,252,0,600,2183,3122,3089,1583,404.615922,13.95416634,1,2,3,170,1,1,51,5,2,2.0
39,3,101,424890,426410,426410,427415,427415,428023,428055,436555,436555,437171,437204,437238,440352,1520,1005,608,8500,616,373,0,600,2078,3148,3114,1478,420.080699,15.46477706,1,56,-28,170,-1,-1,49,28,56,1.0
39,3,102,440355,441880,441880,442888,442888,443517,443549,450049,450049,450680,450713,450746,453791,1525,1008,629,6500,631,374,0,600,2033,3078,3045,1433,433.5196585,13.43895942,1,10,-5,190,-1,-1,49,5,10,1.0
39,3,103,453794,455314,455314,456320,456320,456941,456974,463974,463974,464601,464635,464668,467732,1520,1006,621,7000,627,876,0,600,1550,3097,3064,950,447.4610677,13.94140926,1,6,-1,190,-1,-1,49,5,6,1.0
39,3,104,467735,469264,469264,470266,470266,470871,470904,476904,476904,477506,477539,477573,480689,1529,1002,605,6000,602,446,0,600,2016,3150,3116,1416,460.4176847,12.95661693,1,40,-12,170,-1,-1,49,28,40,1.0
39,3,105,480692,482210,482210,483215,483215,483821,483853,492853,492853,493454,493486,493519,496652,1518,1005,606,9000,601,333,0,600,2137,3166,3133,1537,476.3810609,15.96337623,0,14,-4,170,-1,1,51,10,14,2.0
39,3,106,496654,498176,498176,499178,499178,499783,499816,507816,507816,508417,508450,508483,511596,1522,1002,605,8000,601,465,0,600,2005,3146,3113,1405,491.3246619,14.94360098,1,20,-6,180,-1,-1,49,14,20,1.0
39,3,107,511599,513116,513116,514123,514123,514754,514787,522287,522287,522914,522947,522980,526061,1517,1007,631,7500,627,636,0,600,1782,3114,3081,1182,505.7895022,14.46484034,0,6,-1,170,-1,1,51,5,6,2.0
39,3,108,526064,527584,527584,528588,528588,529190,529222,537222,537222,537824,537858,537891,541023,1520,1004,602,8000,602,230,0,600,2242,3165,3132,1642,520.7515679,14.96206565,1,28,-18,170,-1,-1,49,10,28,1.0
39,4,109,47901,49429,49429,50447,50447,51062,51095,60095,60095,60713,60747,60782,63869,1528,1018,615,9000,618,305,0,600,2116,3122,3087,1516,15.98038899,15.98038899,1,10,4,180,1,1,51,14,10,2.0
39,4,110,63874,65391,65391,66395,66395,66995,67027,73527,73527,74158,74190,74224,77331,1517,1004,600,6500,631,109,0,600,2339,3141,3107,1739,29.44089018,13.46050119,1,7,13,150,1,1,51,20,7,2.0
39,4,111,77334,78856,78856,79862,79862,80468,80501,89001,89001,89619,89652,89686,92799,1522,1006,606,8500,618,437,0,600,2011,3147,3113,1411,44.90868346,15.46779328,1,57,-37,200,-1,-1,49,20,57,1.0
39,4,112,92802,94324,94324,95331,95331,95932,95964,101964,101964,102582,102615,102649,105749,1522,1007,601,6000,618,293,0,600,2159,3134,3100,1559,57.85854048,12.94985702,1,2,3,200,1,1,51,5,2,2.0
39,4,113,105752,107275,107275,108282,108282,108908,108941,116941,116941,117567,117599,117633,120715,1523,1007,626,8000,626,409,0,600,2009,3116,3082,1409,72.82450832,14.96596784,1,4,1,150,1,1,51,5,4,2.0
39,4,114,120718,122240,122240,123245,123245,123851,123884,131384,131384,131986,132018,132052,135178,1522,1005,606,7500,602,545,0,600,1920,3160,3126,1320,87.28833522,14.4638269,1,14,14,170,1,1,51,28,14,2.0
39,4,115,135181,136705,136705,137709,137709,138318,138350,145350,145350,145952,145985,146018,149143,1524,1004,609,7000,602,421,0,600,2040,3158,3125,1440,101.2523476,13.96401238,1,40,-12,180,-1,-1,49,28,40,1.0
39,4,116,149145,150665,150665,151667,151667,152288,152320,158820,158820,159421,159454,159487,162589,1520,1002,621,6500,601,422,0,600,2034,3135,3102,1434,114.698321,13.44597336,1,8,-1,210,-1,-1,49,7,8,1.0
39,4,117,162592,164113,164113,165121,165121,165728,165761,171761,171761,172362,172395,172428,175539,1521,1008,607,6000,601,403,0,600,2060,3144,3111,1460,127.648432,12.95011106,1,40,-20,190,-1,-1,49,20,40,1.0
39,4,118,175542,177062,177062,178069,178069,178678,178711,185711,185711,186342,186375,186409,189487,1520,1007,609,7000,631,793,0,600,1640,3112,3078,1040,141.5962604,13.94782833,1,40,-26,150,-1,-1,49,14,40,1.0
39,4,119,189489,191015,191015,192019,192019,192625,192657,201657,201657,202289,202323,202356,205428,1526,1004,606,9000,632,301,0,600,2131,3105,3072,1531,157.5374517,15.94119138,1,14,14,200,1,1,51,28,14,2.0
39,4,120,205431,206949,206949,207955,207955,208559,208593,217093,217093,217696,217729,217762,220885,1518,1006,604,8500,603,355,0,600,2114,3156,3123,1514,172.9946281,15.45717638,1,29,-1,180,-1,-1,49,28,29,1.0
39,4,121,220888,222412,222412,223418,223418,224020,224052,232052,232052,232655,232687,232720,235849,1524,1006,602,8000,603,454,0,600,2011,3162,3129,1411,187.9582686,14.96364051,1,14,6,150,1,1,51,20,14,2.0
39,4,122,235851,237377,237377,238383,238383,238986,239019,246519,246519,247121,247153,247186,250283,1526,1006,603,7500,602,387,0,600,2076,3130,3097,1476,202.3922889,14.43402028,1,20,-13,200,-1,-1,49,7,20,1.0
39,4,123,250286,251811,251811,252817,252817,253422,253455,261456,261456,262071,262103,262137,265217,1525,1006,605,8001,615,602,0,600,1846,3114,3080,1246,217.3263247,14.9340358,1,20,-6,200,-1,-1,49,14,20,1.0
39,4,124,265220,266745,266745,267751,267751,268379,268412,277412,277412,278028,278061,278094,281157,1525,1006,628,9000,616,383,0,600,2042,3096,3063,1442,233.2661139,15.93978919,1,2,3,170,1,1,51,5,2,2.0
39,4,125,281160,282681,282681,283685,283685,284303,284335,291335,291335,291963,291995,292029,295115,1521,1004,618,7000,628,539,0,600,1890,3120,3086,1290,247.223876,13.95776206,1,10,-3,190,-1,-1,49,7,10,1.0
39,4,126,295117,296643,296643,297650,297650,298267,298299,306799,306799,307415,307447,307480,310561,1526,1007,617,8500,616,313,0,600,2121,3114,3081,1521,262.6699611,15.44608517,1,2,3,160,1,1,51,5,2,2.0
39,4,127,310563,312087,312087,313092,313092,313715,313747,319747,319747,320347,320379,320411,323520,1524,1005,623,6000,600,596,0,600,1852,3141,3109,1252,275.6292492,12.9592881,1,14,-4,190,-1,-1,49,10,14,1.0
39,4,128,323523,325040,325040,326040,326040,326646,326678,334178,334178,334782,334815,334848,337975,1517,1000,606,7500,604,874,0,600,1599,3160,3127,999,290.0841414,14.45489215,0,20,-6,200,-1,1,51,14,20,2.0
39,4,129,337978,339503,339503,340513,340513,341117,341150,347650,347650,348279,348311,348344,351421,1525,1010,604,6500,629,335,0,600,2097,3110,3077,1497,303.5301536,13.44601224,1,14,-7,190,-1,-1,49,7,14,1.0
39,4,130,351424,352947,352947,353953,353953,354562,354595,361595,361595,362195,362229,362262,365362,1523,1006,609,7000,600,260,0,600,2202,3133,3100,1602,317.4708309,13.94067727,1,14,6,150,1,1,51,20,14,2.0
39,4,131,365364,366888,366888,367893,367893,368498,368530,376030,376030,376634,376666,376700,379801,1524,1005,605,7500,604,944,0,600,1518,3135,3101,918,331.9097855,14.4389546,0,11,-1,210,-1,1,51,10,11,2.0
39,4,132,379803,381326,381326,382332,382332,382939,382971,390971,390971,391596,391628,391661,394755,1523,1006,607,8000,625,285,0,600,2154,3127,3094,1554,346.8640519,14.95426639,1,5,9,150,1,1,51,14,5,2.0
39,4,133,394758,396284,396284,397290,397290,397893,397926,406426,406426,407039,407071,407104,410193,1526,1006,603,8500,613,289,0,600,2163,3122,3089,1563,362.3021886,15.43813674,1,2,5,150,1,1,51,7,2,2.0
39,4,134,410196,411717,411717,412721,412721,413343,413376,422376,422376,422976,423008,423042,426151,1521,1004,622,9000,600,369,0,600,2084,3143,3109,1484,378.2599311,15.95774247,1,28,-18,210,-1,-1,49,10,28,1.0
39,4,135,426154,427681,427681,428690,428690,429321,429353,435853,435853,436482,436515,436548,439599,1527,1009,631,6500,629,924,0,600,1480,3084,3051,880,391.7084922,13.44856106,0,7,-2,160,-1,1,51,5,7,2.0
39,4,136,439602,441126,441126,442133,442133,442734,442767,448767,448767,449398,449431,449464,452545,1524,1007,601,6000,631,741,0,600,1696,3114,3081,1096,404.6535978,12.94510562,1,11,-1,210,-1,-1,49,10,11,1.0
39,4,137,452547,454069,454069,455074,455074,455677,455710,464710,464710,465311,465344,465377,468492,1522,1005,603,9000,601,279,0,600,2190,3148,3115,1590,420.6013842,15.94778644,1,28,-18,170,-1,-1,49,10,28,1.0
39,4,138,468495,470017,470017,471027,471027,471648,471680,478680,478680,479296,479328,479362,482455,1522,1010,621,7000,616,188,0,600,2243,3127,3093,1643,434.5636147,13.96223049,1,3,2,160,1,1,51,5,3,2.0
39,4,139,482457,483981,483981,484987,484987,485592,485625,491625,491625,492227,492259,492292,495388,1524,1006,605,6000,602,682,0,600,1781,3129,3096,1181,447.4968176,12.93320287,0,14,14,200,1,-1,49,28,14,1.0
39,4,140,495391,496911,496911,497917,497917,498521,498553,506553,506553,507181,507213,507247,510335,1520,1006,604,8000,628,412,0,600,2030,3122,3088,1430,462.4437187,14.94690107,1,7,3,170,1,1,51,10,7,2.0
39,4,141,510338,511859,511859,512866,512866,513477,513510,522010,522010,522629,522660,522693,525772,1521,1007,611,8500,619,440,0,600,2002,3112,3079,1402,477.8816728,15.43795412,1,10,10,180,1,1,51,20,10,2.0
39,4,142,525775,527295,527295,528300,528300,528909,528942,536442,536442,537042,537075,537108,540206,1520,1005,609,7500,600,395,0,600,2071,3131,3098,1471,492.314852,14.43317921,1,14,14,200,1,1,51,28,14,2.0
39,4,143,540209,541733,541733,542742,542742,543347,543380,549880,549880,550484,550518,550551,553669,1524,1009,605,6500,604,446,0,600,2012,3151,3118,1412,505.7778586,13.46300662,1,40,-26,160,-1,-1,49,14,40,1.0
39,4,144,553672,555191,555191,556200,556200,556802,556834,563334,563334,563962,563994,564027,567121,1519,1009,602,6500,628,292,0,600,2150,3127,3094,1550,519.230418,13.45255939,1,5,2,210,1,1,51,7,5,2.0
39,5,145,21958,23483,23483,24502,24502,25114,25147,33647,33647,34247,34281,34317,37414,1525,1019,612,8500,600,575,0,600,1869,3133,3097,1269,15.46902369,15.46902369,1,9,1,170,1,1,51,10,9,2.0
39,5,146,37419,38938,38938,39945,39945,40547,40579,46579,46579,47206,47238,47272,50372,1519,1007,602,6000,627,360,0,600,2085,3134,3100,1485,28.42449006,12.95546637,1,6,1,170,1,1,51,7,6,2.0
39,5,147,50375,51897,51897,52900,52900,53504,53536,61536,61536,62166,62198,62232,65328,1522,1003,604,8000,630,882,0,600,1559,3130,3096,959,43.38165816,14.9571681,0,20,8,170,1,-1,49,28,20,1.0
39,5,148,65331,66855,66855,67857,67857,68461,68493,75993,75993,76610,76643,76677,79764,1524,1002,604,7500,617,282,0,600,2171,3121,3087,1571,57.81625975,14.43460159,1,5,5,210,1,1,51,10,5,2.0
39,5,149,79767,81289,81289,82295,82295,82897,82930,89430,89430,90030,90063,90096,93205,1522,1006,602,6500,600,986,0,600,1484,3142,3109,884,71.25761672,13.44135697,1,10,-5,210,-1,-1,49,5,10,1.0
39,5,150,93208,94732,94732,95739,95739,96342,96374,103374,103374,103974,104007,104040,107161,1524,1007,603,7000,600,481,0,600,1985,3154,3121,1385,85.21342663,13.95580991,1,14,-4,200,-1,-1,49,10,14,1.0
39,5,151,107164,108685,108685,109687,109687,110319,110352,119352,119352,119973,120006,120039,123118,1521,1002,632,9000,621,307,0,600,2117,3112,3079,1517,101.1707599,15.95733324,1,3,2,150,1,1,51,5,3,2.0
39,5,152,123121,124639,124639,125645,125645,126252,126284,134784,134784,135416,135448,135482,138554,1518,1006,607,8500,632,238,0,600,2199,3106,3072,1599,116.6062893,15.43552945,1,10,18,160,1,1,51,28,10,2.0
39,5,153,138557,140080,140080,141087,141087,141695,141728,148728,148728,149362,149395,149428,152502,1523,1007,608,7000,634,529,0,600,1899,3107,3074,1299,130.5541457,13.94785636,1,10,10,160,1,1,51,20,10,2.0
39,5,154,152505,154027,154027,155031,155031,155649,155681,163681,163681,164295,164327,164360,167444,1522,1004,618,8000,614,281,0,600,2161,3117,3084,1561,145.4961652,14.94201949,1,2,3,170,1,1,51,5,2,2.0
39,5,155,167447,168967,168967,169973,169973,170579,170611,179611,179611,180237,180269,180303,183385,1520,1006,606,9000,626,308,0,600,2134,3116,3082,1534,161.4372502,15.941085,1,5,9,150,1,1,51,14,5,2.0
39,5,156,183388,184914,184914,185917,185917,186520,186553,192553,192553,193184,193217,193250,196340,1526,1003,603,6000,631,380,0,600,2057,3123,3090,1457,174.3925689,12.95531871,1,7,3,150,1,1,51,10,7,2.0
39,5,157,196343,197863,197863,198864,198864,199488,199520,206020,206020,206648,206680,206714,209791,1520,1001,624,6500,628,403,0,600,2024,3111,3077,1424,187.8433018,13.4507329,1,14,-7,160,-1,-1,49,7,14,1.0
39,5,158,209794,211313,211313,212316,212316,212919,212951,220451,220451,221083,221116,221149,224230,1519,1003,603,7500,632,634,0,600,1809,3114,3081,1209,202.2822259,14.43892417,0,9,1,200,1,-1,49,10,9,1.0
39,5,159,224233,225755,225755,226765,226765,227371,227404,234404,234404,235024,235056,235089,238187,1522,1010,606,7000,620,200,0,600,2242,3131,3098,1642,216.2393684,13.95714248,1,56,-28,150,-1,-1,49,28,56,1.0
39,5,160,238190,239715,239715,240719,240719,241325,241357,247357,247357,247957,247989,248022,251128,1525,1004,606,6000,600,272,0,600,2193,3139,3106,1593,229.180096,12.9407276,1,20,-13,210,-1,-1,49,7,20,1.0
39,5,161,251130,252646,252646,253651,253651,254254,254286,262786,262786,263418,263452,263485,266581,1516,1005,603,8500,632,385,0,600,2059,3129,3096,1459,244.6336122,15.45351618,0,27,1,160,1,-1,49,28,27,1.0
39,5,162,266584,268106,268106,269111,269111,269720,269753,277753,277753,278377,278410,278443,281515,1522,1005,609,8000,624,334,0,600,2106,3105,3072,1506,259.5671236,14.93351145,1,7,7,190,1,1,51,14,7,2.0
39,5,163,281518,283043,283043,284049,284049,284674,284706,291206,291206,291825,291857,291891,294949,1525,1006,625,6500,619,280,0,600,2145,3092,3058,1545,273.0014142,13.43429059,1,3,2,160,1,1,51,5,3,2.0
39,5,164,294952,296475,296475,297479,297479,298083,298115,307115,307115,307732,307764,307797,310885,1523,1004,604,9000,617,607,0,600,1845,3121,3088,1245,288.9370062,15.93559198,1,10,-3,150,-1,-1,49,7,10,1.0
39,5,165,310888,312414,312414,313420,313420,314021,314053,321553,321553,322185,322218,322253,325326,1526,1006,601,7500,632,433,0,600,2002,3108,3073,1402,303.3786853,14.44167911,1,7,-2,200,-1,-1,49,5,7,1.0
39,5,166,325329,326853,326853,327862,327862,328468,328501,337001,337001,337628,337661,337695,340770,1524,1009,606,8500,627,368,0,600,2066,3109,3075,1466,318.8218736,15.44318828,0,13,1,190,1,-1,49,14,13,1.0
39,5,167,340773,342298,342298,343307,343307,343914,343946,351446,351446,352048,352082,352115,355208,1525,1009,607,7500,602,134,0,600,2323,3126,3093,1723,333.2601927,14.43831905,1,13,1,160,1,1,51,14,13,2.0
39,5,168,355211,356731,356731,357733,357733,358337,358369,366369,366369,366969,367003,367037,370153,1520,1002,604,8000,600,961,0,600,1513,3150,3116,913,348.2049201,14.94472743,1,19,1,210,1,1,51,20,19,2.0
39,5,169,370156,371681,371681,372688,372688,373291,373323,379823,379823,380424,380456,380489,383595,1525,1007,603,6500,601,398,0,600,2066,3139,3106,1466,361.6469596,13.44203953,1,13,1,160,1,1,51,14,13,2.0
39,5,170,383598,385122,385122,386125,386125,386726,386758,395758,395758,396384,396417,396450,399555,1524,1003,601,9000,626,306,0,600,2140,3138,3105,1540,377.6072684,15.96030878,1,10,18,200,1,1,51,28,10,2.0
39,5,171,399558,401079,401079,402086,402086,402693,402725,408725,408725,409325,409358,409391,412516,1521,1007,607,6000,600,290,0,600,2175,3158,3125,1575,390.5680979,12.96082951,1,57,-37,180,-1,-1,49,20,57,1.0
39,5,172,412519,414041,414041,415049,415049,415656,415689,422689,422689,423318,423350,423383,426458,1522,1008,607,7000,629,174,0,600,2260,3108,3075,1660,404.509506,13.94140805,1,7,13,200,1,1,51,20,7,2.0
39,5,173,426461,427984,427984,428989,428989,429596,429628,437628,437628,438244,438276,438309,441394,1523,1005,607,8000,616,285,0,600,2164,3118,3085,1564,419.4455659,14.93605998,1,2,5,200,1,1,51,7,2,2.0
39,5,174,441396,442917,442917,443922,443922,444555,444587,453087,453087,453710,453742,453776,456851,1521,1005,633,8500,623,375,0,600,2043,3109,3075,1443,434.9028267,15.45726076,1,4,1,190,1,1,51,5,4,2.0
39,5,175,456854,458375,458375,459376,459376,459978,460011,467511,467511,468142,468174,468208,471304,1521,1001,602,7500,631,352,0,600,2093,3130,3096,1493,449.3564188,14.45359212,1,7,13,150,1,1,51,20,7,2.0
39,5,176,471307,472828,472828,473830,473830,474434,474467,480967,480967,481596,481628,481662,484756,1521,1002,604,6500,629,287,0,600,2157,3128,3094,1557,462.807699,13.45128015,1,5,9,180,1,1,51,14,5,2.0
39,5,177,484759,486278,486278,487281,487281,487884,487916,496916,496916,497536,497568,497602,500721,1519,1003,603,9000,620,318,0,600,2137,3153,3119,1537,478.7730807,15.96538172,1,4,3,160,1,1,51,7,4,2.0
39,5,178,500724,502245,502245,503247,503247,503849,503881,509881,509881,510511,510544,510577,513683,1521,1002,602,6000,630,271,0,600,2174,3139,3106,1574,491.7362683,12.96318758,1,20,-10,150,-1,-1,49,10,20,1.0
39,5,179,513687,515210,515210,516215,516215,516818,516851,523851,523851,524484,524516,524549,527641,1523,1005,603,7000,633,449,0,600,1987,3125,3092,1387,505.6928656,13.95659734,1,20,8,160,1,1,51,28,20,2.0
39,5,180,527644,529169,529169,530176,530176,530781,530814,539314,539314,539914,539946,539980,543097,1525,1007,605,8500,600,347,0,600,2116,3151,3117,1516,521.1492181,15.45635249,1,28,-8,170,-1,-1,49,20,28,1.0
39,6,181,20100,21630,21630,22640,22640,23248,23281,31281,31281,31900,31933,31969,35063,1530,1010,608,8000,619,312,0,600,2121,3130,3094,1521,14.97591242,14.97591242,1,4,3,180,1,1,51,7,4,2.0
39,6,182,35068,36587,36587,37590,37590,38194,38226,44226,44226,44827,44860,44893,48006,1519,1003,604,6000,601,341,0,600,2132,3146,3113,1532,27.91730299,12.94139057,1,28,-18,190,-1,-1,49,10,28,1.0
39,6,183,48009,49526,49526,50531,50531,51163,51196,59696,59696,60318,60351,60385,63457,1517,1005,632,8500,622,721,0,600,1703,3106,3072,1103,43.36754861,15.45024562,1,7,-2,180,-1,-1,49,5,7,1.0
39,6,184,63460,64983,64983,65989,65989,66596,66629,73129,73129,73760,73793,73827,76896,1523,1006,607,6500,631,334,0,600,2099,3103,3069,1499,56.80711737,13.43956875,1,40,-26,160,-1,-1,49,14,40,1.0
39,6,185,76899,78418,78418,79422,79422,80029,80061,87061,87061,87694,87727,87761,90832,1519,1004,607,7000,633,396,0,600,2041,3105,3071,1441,70.74236309,13.93524573,0,21,-1,170,-1,1,51,20,21,2.0
39,6,186,90834,92353,92353,93356,93356,93957,93989,102989,102989,103590,103622,103655,106780,1519,1003,601,9000,601,388,0,600,2088,3158,3125,1488,86.69067358,15.94831049,1,14,-9,150,-1,-1,49,5,14,1.0
39,6,187,106783,108307,108307,109316,109316,109918,109951,117451,117451,118070,118102,118135,121237,1524,1009,602,7500,619,620,0,600,1826,3135,3102,1226,101.1480769,14.4574033,1,7,3,150,1,1,51,10,7,2.0
39,6,188,121240,122763,122763,123769,123769,124376,124409,130410,130410,131043,131076,131110,134175,1523,1006,607,6001,633,267,0,600,2163,3099,3065,1563,114.0856596,12.9375827,1,10,18,200,1,1,51,28,10,2.0
39,6,189,134178,135698,135698,136703,136703,137306,137338,143838,143838,144438,144472,144505,147615,1520,1005,603,6500,600,498,0,600,1974,3143,3110,1374,127.5256665,13.44000692,1,14,-4,150,-1,-1,49,10,14,1.0
39,6,190,147618,149140,149140,150145,150145,150750,150782,159782,159782,160382,160414,160447,163563,1522,1005,605,9000,600,538,0,600,1930,3149,3116,1330,143.4736823,15.94801577,1,20,-6,180,-1,-1,49,14,20,1.0
39,6,191,163566,165094,165094,166098,166098,166704,166737,173737,173737,174368,174400,174433,177524,1528,1004,606,7000,631,581,0,600,1850,3124,3091,1250,157.4346299,13.96094764,0,29,-1,150,-1,1,51,28,29,2.0
39,6,192,177527,179046,179046,180046,180046,180666,180699,188699,188699,189314,189346,189379,192459,1519,1000,620,8000,615,602,0,600,1844,3113,3080,1244,172.3693633,14.93473343,1,6,-1,180,-1,-1,49,5,6,1.0
39,6,193,192462,193986,193986,194988,194988,195599,195631,204131,204131,204764,204797,204831,207896,1524,1002,611,8500,633,228,0,600,2202,3099,3065,1602,187.8067651,15.43740174,1,28,-14,180,-1,-1,49,14,28,1.0
39,6,194,207899,209425,209425,210429,210429,211035,211067,218567,218567,219182,219215,219249,222356,1526,1004,606,7500,615,887,0,600,1562,3141,3107,962,202.2663113,14.45954621,1,7,3,210,1,1,51,10,7,2.0
39,6,195,222359,223879,223879,224883,224883,225510,225542,232042,232042,232663,232696,232729,235795,1520,1004,627,6500,621,527,0,600,1901,3099,3066,1301,215.7055314,13.43922009,1,7,-2,150,-1,-1,49,5,7,1.0
39,6,196,235798,237323,237323,238327,238327,238932,238965,246465,246465,247095,247128,247162,250251,1525,1004,605,7500,630,611,0,600,1825,3123,3089,1225,230.16215,14.45661858,1,15,-1,210,-1,-1,49,14,15,1.0
39,6,197,250254,251780,251780,252785,252785,253391,253423,260423,260423,261040,261072,261107,264186,1526,1005,606,7000,617,306,0,600,2140,3114,3079,1540,244.0966993,13.9345493,1,56,-28,210,-1,-1,49,28,56,1.0
39,6,198,264188,265711,265711,266718,266718,267349,267382,273382,273382,273998,274031,274064,277144,1523,1007,631,6000,616,212,0,600,2211,3113,3080,1611,257.0546873,12.95798807,1,5,9,170,1,1,51,14,5,2.0
39,6,199,277147,278669,278669,279673,279673,280276,280308,289308,289308,289940,289974,290007,293097,1522,1004,603,9000,632,220,0,600,2219,3123,3090,1619,273.0072698,15.95258244,1,28,-8,170,-1,-1,49,20,28,1.0
39,6,200,293100,294624,294624,295631,295631,296238,296271,304271,304271,304871,304903,304937,308060,1524,1007,607,8000,600,353,0,600,2109,3157,3123,1509,287.9706189,14.96334911,1,14,6,210,1,1,51,20,14,2.0
39,6,201,308063,309586,309586,310589,310589,311193,311226,319726,319726,320359,320391,320425,323524,1523,1003,604,8500,633,433,0,600,2004,3133,3099,1404,303.4350464,15.46442749,1,28,-8,160,-1,-1,49,20,28,1.0
39,6,202,323527,325045,325045,326048,326048,326678,326710,334710,334710,335312,335344,335378,338476,1518,1003,630,8000,602,328,0,600,2119,3132,3098,1519,318.3868116,14.95176518,1,14,-9,210,-1,-1,49,5,14,1.0
39,6,203,338479,340000,340000,341006,341006,341626,341658,347658,347658,348274,348306,348339,351433,1521,1006,620,6000,616,283,0,600,2154,3127,3094,1554,331.3438489,12.95703731,1,4,6,190,1,1,51,10,4,2.0
39,6,204,351436,352963,352963,353969,353969,354572,354604,363104,363104,363733,363765,363799,366874,1527,1006,603,8500,629,596,0,600,1839,3109,3075,1239,346.7849524,15.44110353,1,10,-3,190,-1,-1,49,7,10,1.0
39,6,205,366878,368396,368396,369401,369401,370004,370037,376537,376537,377167,377200,377233,380326,1518,1005,603,6500,630,546,0,600,1898,3126,3093,1298,360.2368057,13.45185332,1,10,-3,150,-1,-1,49,7,10,1.0
39,6,206,380329,381848,381848,382849,382849,383456,383488,390488,390488,391106,391138,391171,394288,1519,1001,607,7000,618,439,0,600,2016,3150,3117,1416,374.1983886,13.96158289,0,20,8,160,1,-1,49,28,20,1.0
39,6,207,394291,395815,395815,396821,396821,397427,397460,404960,404960,405561,405593,405626,408724,1524,1006,606,7500,601,359,0,600,2104,3131,3098,1504,388.6342025,14.43581392,1,14,14,180,1,1,51,28,14,2.0
39,6,208,408727,410247,410247,411251,411251,411853,411885,420885,420885,421517,421550,421583,424661,1520,1004,602,9000,632,537,0,600,1905,3111,3078,1305,404.5711214,15.93691883,1,10,-3,210,-1,-1,49,7,10,1.0
39,6,209,424664,426181,426181,427185,427185,427791,427824,435324,435324,435956,435988,436021,439100,1517,1004,606,7500,632,345,0,600,2096,3112,3079,1496,419.0107712,14.43964982,1,20,-6,170,-1,-1,49,14,20,1.0
39,6,210,439103,440628,440628,441634,441634,442262,442295,450795,450795,451427,451460,451494,454549,1525,1006,628,8500,632,350,0,600,2059,3089,3055,1459,434.4592449,15.44847367,1,14,-9,210,-1,-1,49,5,14,1.0
39,6,211,454552,456075,456075,457081,457081,457685,457718,464718,464718,465350,465382,465415,468496,1523,1006,604,7000,632,825,0,600,1610,3114,3081,1010,448.4060561,13.94681127,0,20,-10,190,-1,1,51,10,20,2.0
39,6,212,468499,470019,470019,471027,471027,471633,471666,480666,480666,481266,481298,481332,484457,1520,1008,606,9000,600,356,0,600,2110,3159,3125,1510,464.3675694,15.96151328,1,28,-8,190,-1,-1,49,20,28,1.0
39,6,213,484460,485978,485978,486983,486983,487588,487621,493621,493621,494223,494257,494291,497405,1518,1005,605,6000,602,437,0,600,2033,3148,3114,1433,477.3155785,12.94800914,0,14,-7,160,-1,1,51,7,14,2.0
39,6,214,497408,498935,498935,499942,499942,500547,500580,508580,508580,509199,509231,509266,512361,1527,1007,605,8000,619,102,0,600,2340,3130,3095,1740,492.2714367,14.95585813,1,79,-51,190,-1,-1,49,28,79,1.0
39,6,215,512364,513881,513881,514885,514885,515490,515523,522023,522023,522640,522672,522705,525812,1517,1004,605,6500,617,858,0,600,1599,3140,3107,999,505.7221009,13.45066419,1,8,-1,180,-1,-1,49,7,8,1.0
39,6,216,525815,527334,527334,528337,528337,528943,528975,534975,534975,535591,535623,535656,538770,1519,1003,606,6000,616,345,0,600,2111,3147,3114,1511,518.6805247,12.95842383,1,57,-37,190,-1,-1,49,20,57,1.0
40,1,1,77012,78539,78539,79566,79566,80189,80221,87721,87721,88325,88358,88395,91468,1527,1027,623,7500,604,1650,0,600,769,3110,3073,169,14.49443119,14.49443119,1,20,8,180,1,1,51,28,20,2.0
40,1,2,91522,93042,93042,94053,94053,94659,94692,101192,101192,101824,101856,101889,104962,1520,1011,606,6500,632,1048,0,600,1383,3106,3073,783,27.93641226,13.44198107,1,28,-8,150,-1,-1,49,20,28,1.0
40,1,3,104965,106488,106488,107495,107495,108098,108130,116130,116130,116734,116767,116800,119910,1523,1007,603,8000,604,1020,0,600,1443,3143,3110,843,42.8848918,14.94847955,1,28,-18,210,-1,-1,49,10,28,1.0
40,1,4,119913,121439,121439,122442,122442,123050,123083,131583,131583,132183,132216,132249,135356,1526,1003,608,8500,600,1535,0,600,928,3140,3107,328,58.33013711,15.4452453,1,20,8,200,1,1,51,28,20,2.0
40,1,5,135359,136881,136881,137883,137883,138487,138519,147519,147519,148120,148153,148188,151308,1522,1002,604,9000,601,1616,0,600,855,3155,3120,255,74.28301608,15.95287897,1,14,14,170,1,1,51,28,14,2.0
40,1,6,151311,152834,152834,153835,153835,154440,154472,160472,160472,161104,161136,161169,164261,1523,1001,605,6000,632,806,0,600,1633,3125,3092,1033,87.23541952,12.95240344,1,40,-20,180,-1,-1,49,20,40,1.0
40,1,7,164264,165788,165788,166794,166794,167415,167447,174447,174447,175064,175096,175129,178209,1524,1006,621,7000,617,1056,0,600,1376,3113,3080,776,101.1831987,13.94777921,1,20,-6,210,-1,-1,49,14,20,1.0
40,1,8,178212,179736,179736,180739,180739,181345,181377,190377,190377,191009,191042,191075,194155,1524,1003,606,9000,632,797,0,600,1638,3113,3080,1038,117.1290442,15.94584544,1,28,-14,180,-1,-1,49,14,28,1.0
40,1,9,194158,195682,195682,196685,196685,197289,197322,203322,203322,203940,203972,204005,207105,1524,1003,604,6000,618,1142,0,600,1309,3133,3100,709,130.0797631,12.95071889,1,56,-28,190,-1,-1,49,28,56,1.0
40,1,10,207108,208629,208629,209632,209632,210237,210269,217769,217769,218386,218418,218451,221545,1521,1003,605,7500,617,776,0,600,1678,3127,3094,1078,144.519371,14.43960793,1,2,5,190,1,1,51,7,2,2.0
40,1,11,221548,223070,223070,224076,224076,224685,224718,232718,232718,233350,233382,233416,236507,1522,1006,609,8000,632,1063,0,600,1368,3125,3091,768,159.4807034,14.96133247,1,14,6,170,1,1,51,20,14,2.0
40,1,12,236509,238034,238034,239038,239038,239656,239688,246688,246688,247302,247334,247367,250456,1525,1004,618,7000,614,1066,0,600,1373,3122,3089,773,173.4303794,13.94967591,1,3,2,150,1,1,51,5,3,2.0
40,1,13,250459,251980,251980,252982,252982,253587,253619,260119,260119,260737,260769,260803,263915,1521,1002,605,6500,618,889,0,600,1565,3146,3112,965,186.8890854,13.45870604,1,4,6,180,1,1,51,10,4,2.0
40,1,14,263918,265441,265441,266447,266447,267052,267084,275584,275584,276199,276233,276266,279377,1523,1006,605,8500,615,669,0,600,1782,3144,3111,1182,202.350984,15.46189855,1,57,-37,180,-1,-1,49,20,57,1.0
40,1,15,279380,280901,280901,281905,281905,282505,282537,288537,288537,289156,289188,289221,292320,1521,1004,600,6000,619,914,0,600,1542,3132,3099,942,215.2946238,12.94363985,1,4,1,150,1,1,51,5,4,2.0
40,1,16,292323,293847,293847,294851,294851,295455,295487,301987,301987,302590,302623,302657,305769,1524,1004,604,6500,603,599,0,600,1866,3146,3112,1266,228.743011,13.44838719,1,20,-6,160,-1,-1,49,14,20,1.0
40,1,17,305772,307295,307295,308303,308303,308911,308944,316444,316444,317065,317097,317130,320211,1523,1008,608,7500,621,699,0,600,1741,3114,3081,1141,243.1855595,14.44254851,1,5,9,200,1,1,51,14,5,2.0
40,1,18,320214,321738,321738,322743,322743,323346,323378,332378,332378,333010,333042,333076,336145,1524,1005,603,9000,632,1337,0,600,1099,3103,3069,499,259.1188841,15.93332461,1,7,-2,150,-1,-1,49,5,7,1.0
40,1,19,336147,337667,337667,338674,338674,339277,339309,347309,347309,347932,347964,347998,351078,1520,1007,603,8000,623,795,0,600,1652,3114,3080,1052,274.051902,14.93301784,1,7,13,150,1,1,51,20,7,2.0
40,1,20,351081,352606,352606,353612,353612,354218,354250,361250,361250,361867,361900,361933,365025,1525,1006,606,7000,617,1161,0,600,1285,3125,3092,685,287.9987262,13.94682423,1,4,3,210,1,1,51,7,4,2.0
40,1,21,365028,366550,366550,367557,367557,368175,368207,376707,376707,377308,377340,377374,380470,1522,1007,618,8500,601,555,0,600,1897,3130,3096,1297,303.4443196,15.44559336,1,20,-13,200,-1,-1,49,7,20,1.0
40,1,22,380472,381994,381994,382997,382997,383614,383646,392646,392646,393259,393291,393325,396434,1522,1003,617,9000,613,826,0,600,1619,3143,3109,1019,319.407684,15.96336447,1,2,3,170,1,1,51,5,2,2.0
40,1,23,396437,397956,397956,398960,398960,399566,399599,406599,406599,407231,407265,407298,410388,1519,1004,606,7000,632,2457,0,600,-18,3123,3090,-618,333.361389,13.95370497,1,10,4,190,1,1,51,14,10,2.0
40,1,24,410388,411910,411910,412914,412914,413519,413553,422053,422053,422674,422707,422741,425824,1522,1004,605,8500,621,539,0,600,1909,3117,3083,1309,348.7976935,15.43630452,1,57,-37,160,-1,-1,49,20,57,1.0
40,1,25,425827,427350,427350,428357,428357,428961,428994,435494,435494,436115,436147,436180,439284,1523,1007,604,6500,621,1532,0,600,913,3137,3104,313,362.2583231,13.46062956,1,6,1,170,1,1,51,7,6,2.0
40,1,26,439287,440809,440809,441815,441815,442418,442450,449950,449950,450565,450598,450632,453720,1522,1006,603,7500,615,736,0,600,1718,3122,3088,1118,376.6937181,14.43539505,1,79,-51,210,-1,-1,49,28,79,1.0
40,1,27,453722,455245,455245,456249,456249,456877,456909,464909,464909,465527,465559,465593,468675,1523,1004,628,8000,618,569,0,600,1858,3116,3082,1258,391.6485453,14.9548272,1,4,6,200,1,1,51,10,4,2.0
40,1,28,468678,470202,470202,471207,471207,471838,471870,477870,477870,478474,478507,478540,481639,1524,1005,631,6000,604,1135,0,600,1301,3132,3099,701,404.6126569,12.96411152,1,14,-9,170,-1,-1,49,5,14,1.0
40,1,29,481642,483163,483163,484166,484166,484790,484823,492323,492323,492938,492970,493004,496094,1521,1003,624,7500,615,1035,0,600,1402,3124,3090,802,419.0680086,14.45535171,1,4,1,180,1,1,51,5,4,2.0
40,1,30,496097,497620,497620,498625,498625,499230,499263,505263,505263,505880,505913,505946,509042,1523,1005,605,6000,617,840,0,600,1610,3129,3096,1010,432.015682,12.94767344,1,10,-3,200,-1,-1,49,7,10,1.0
40,1,31,509045,510570,510570,511577,511577,512183,512215,518715,518715,519332,519364,519397,522495,1525,1007,606,6500,617,1690,0,600,755,3131,3098,155,445.4686536,13.45297164,1,9,1,160,1,1,51,10,9,2.0
40,1,32,522498,524019,524019,525029,525029,525632,525665,533665,533665,534297,534330,534363,537451,1521,1010,603,8000,632,613,0,600,1821,3121,3088,1221,460.4251051,14.95645149,1,14,-7,160,-1,-1,49,7,14,1.0
40,1,33,537454,538976,538976,539982,539982,540587,540619,549619,549619,550223,550255,550289,553388,1522,1006,605,9000,604,1170,0,600,1293,3133,3099,693,476.3620285,15.93692335,1,20,-6,160,-1,-1,49,14,20,1.0
40,1,34,553390,554917,554917,555924,555924,556555,556587,563587,563587,564206,564238,564272,567346,1527,1007,631,7000,619,986,0,600,1430,3108,3074,830,490.3193566,13.95732811,1,5,5,150,1,1,51,10,5,2.0
40,1,35,567348,568874,568874,569877,569877,570484,570517,579017,579017,579630,579662,579696,582802,1526,1003,607,8500,613,1987,0,600,464,3140,3106,-136,505.7760481,15.45669151,1,4,6,160,1,1,51,10,4,2.0
40,1,36,582805,584325,584325,585328,585328,585953,585986,592486,592486,593119,593152,593185,596237,1520,1003,625,6500,633,994,0,600,1425,3085,3052,825,519.210442,13.43439396,1,10,18,150,1,1,51,28,10,2.0
40,2,37,15938,17459,17459,18478,18478,19091,19123,27623,27623,28243,28276,28312,31404,1521,1019,613,8500,620,605,0,600,1822,3128,3092,1222,15.47878415,15.47878415,1,57,-37,150,-1,-1,49,20,57,1.0
40,2,38,31409,32932,32932,33941,33941,34545,34577,42077,42077,42709,42741,42775,45854,1523,1009,604,7500,632,889,0,600,1543,3113,3079,943,29.92717223,14.44838809,1,14,14,170,1,1,51,28,14,2.0
40,2,39,45857,47379,47379,48383,48383,48986,49019,55019,55019,55621,55654,55687,58792,1522,1004,603,6000,602,1174,0,600,1295,3138,3105,695,42.86539772,12.93822548,1,10,-3,200,-1,-1,49,7,10,1.0
40,2,40,58795,60315,60315,61320,61320,61924,61957,69957,69957,70576,70608,70641,73728,1520,1005,604,8000,619,1025,0,600,1427,3120,3087,827,57.80094389,14.93554617,1,5,5,180,1,1,51,10,5,2.0
40,2,41,73731,75257,75257,76260,76260,76862,76896,83396,83396,84010,84042,84076,87183,1526,1003,602,6500,614,534,0,600,1921,3141,3107,1321,71.25587581,13.45493192,1,5,9,150,1,1,51,14,5,2.0
40,2,42,87186,88706,88706,89713,89713,90317,90349,97349,97349,97949,97982,98015,101138,1520,1007,604,7000,600,804,0,600,1665,3156,3123,1065,85.21162425,13.95574843,1,20,-6,180,-1,-1,49,14,20,1.0
40,2,43,101141,102664,102664,103671,103671,104274,104306,113306,113306,113936,113968,114002,117103,1523,1007,603,9000,630,1690,0,600,747,3135,3101,147,101.1761097,15.9644855,1,9,1,150,1,1,51,10,9,2.0
40,2,44,117106,118629,118629,119633,119633,120234,120266,128267,128267,128884,128917,128949,132043,1523,1004,601,8001,617,774,0,600,1680,3126,3094,1080,116.1163603,14.94025056,1,2,3,170,1,1,51,5,2,2.0
40,2,45,132045,133573,133573,134580,134580,135201,135234,143734,143734,144347,144379,144412,147481,1528,1007,621,8500,613,620,0,600,1811,3102,3069,1211,131.553973,15.43761269,1,2,5,180,1,1,51,7,2,2.0
40,2,46,147484,149006,149006,150009,150009,150614,150648,156648,156648,157249,157282,157316,160420,1522,1003,605,6000,601,1757,0,600,712,3138,3104,112,144.4929769,12.93900387,1,10,10,160,1,1,51,20,10,2.0
40,2,47,160423,161943,161943,162946,162946,163546,163578,171078,171078,171695,171727,171760,174865,1520,1003,600,7500,617,1204,0,600,1256,3138,3105,656,158.9381083,14.44513139,1,4,1,180,1,1,51,5,4,2.0
40,2,48,174868,176391,176391,177397,177397,178001,178034,185034,185034,185660,185693,185727,188780,1523,1006,604,7000,626,-1,2501,0,540,3087,3053,-60,172.8530604,13.91495216,-1,9,1,200,1,-2,-1,10,9,
40,2,49,188783,190309,190309,191316,191316,191924,191957,198457,198457,199058,199090,199124,202249,1526,1007,608,6500,601,802,0,600,1656,3159,3125,1056,186.3214091,13.46834867,0,27,1,150,1,-1,49,28,27,1.0
40,2,50,202251,203768,203768,204775,204775,205381,205414,214414,214414,215047,215079,215113,218190,1517,1007,606,9000,633,759,0,600,1678,3111,3077,1078,202.2630739,15.9416648,1,27,1,200,1,1,51,28,27,2.0
40,2,51,218193,219719,219719,220726,220726,221333,221365,227865,227865,228497,228530,228563,231654,1526,1007,607,6500,632,482,0,600,1946,3124,3091,1346,215.7267893,13.4637154,1,28,-8,190,-1,-1,49,20,28,1.0
40,2,52,231657,233180,233180,234188,234188,234788,234820,240820,240820,241452,241485,241518,244607,1523,1008,600,6000,632,508,0,600,1929,3122,3089,1329,228.679608,12.9528187,0,10,-5,160,-1,1,51,5,10,2.0
40,2,53,244610,246131,246131,247140,247140,247770,247802,254802,254802,255417,255449,255483,258572,1521,1009,630,7000,615,1096,0,600,1329,3123,3089,729,242.6454821,13.96587412,1,3,2,180,1,1,51,5,3,2.0
40,2,54,258575,260098,260098,261103,261103,261723,261755,269255,269255,269886,269918,269951,273031,1523,1005,620,7500,631,662,0,600,1759,3113,3080,1159,257.1033302,14.4578481,1,7,-2,190,-1,-1,49,5,7,1.0
40,2,55,273033,274559,274559,275563,275563,276167,276200,285200,285200,285823,285856,285889,288967,1526,1004,604,9000,623,1344,0,600,1099,3111,3078,499,273.0397132,15.93638302,1,7,3,170,1,1,51,10,7,2.0
40,2,56,288970,290497,290497,291501,291501,292106,292138,300138,300138,300770,300802,300835,303910,1527,1004,605,8000,632,565,0,600,1867,3108,3075,1267,287.982653,14.94293982,1,14,-7,210,-1,-1,49,7,14,1.0
40,2,57,303913,305435,305435,306439,306439,307072,307104,315604,315604,316220,316252,316286,319345,1522,1004,633,8500,616,1812,0,600,613,3093,3059,13,303.4173893,15.43473629,1,5,2,170,1,1,51,7,5,2.0
40,2,58,319348,320873,320873,321877,321877,322481,322513,329013,329013,329636,329668,329701,332786,1525,1004,604,6500,623,894,0,600,1550,3118,3085,950,316.8583356,13.44094623,1,14,-9,150,-1,-1,49,5,14,1.0
40,2,59,332788,334318,334318,335326,335326,335930,335963,341963,341963,342596,342629,342662,345735,1530,1008,604,6000,633,1143,0,600,1282,3106,3073,682,329.8075522,12.94921665,1,20,8,190,1,1,51,28,20,2.0
40,2,60,345738,347261,347261,348267,348267,348872,348905,356405,356405,357029,357062,357095,360180,1523,1006,605,7500,624,1188,0,600,1254,3118,3085,654,344.2526887,14.44513651,1,14,-4,150,-1,-1,49,10,14,1.0
40,2,61,360183,361709,361709,362720,362720,363326,363359,370359,370359,370960,370992,371026,374145,1526,1011,606,7000,601,831,0,600,1625,3153,3119,1025,358.2176097,13.96492095,0,28,-8,180,-1,1,51,20,28,2.0
40,2,62,374148,375673,375673,376682,376682,377289,377321,385821,385821,386435,386467,386501,389579,1525,1009,607,8500,614,1411,0,600,1034,3112,3078,434,373.6513135,15.43370386,1,13,1,150,1,1,51,14,13,2.0
40,2,63,389582,391106,391106,392113,392113,392716,392748,400748,400748,401379,401411,401444,404513,1524,1007,603,8000,631,1433,0,600,1002,3102,3069,402,388.5856775,14.93436397,1,9,1,160,1,1,51,10,9,2.0
40,2,64,404516,406040,406040,407046,407046,407649,407682,416682,416682,417282,417314,417348,420450,1524,1006,603,9000,600,656,0,600,1811,3136,3102,1211,404.5221606,15.93648307,1,20,-13,170,-1,-1,49,7,20,1.0
40,2,65,420453,421980,421980,422982,422982,423584,423616,431616,431616,432219,432253,432286,435410,1527,1002,602,8000,603,514,0,600,1952,3157,3124,1352,419.4824419,14.96028135,1,40,-26,190,-1,-1,49,14,40,1.0
40,2,66,435413,436937,436937,437942,437942,438547,438579,444579,444579,445180,445213,445247,448367,1524,1005,605,6000,601,1319,0,600,1146,3154,3120,546,432.4392969,12.95685499,1,20,8,180,1,1,51,28,20,2.0
40,2,67,448370,449886,449886,450893,450893,451499,451531,459031,459031,459633,459666,459699,462808,1516,1007,606,7500,602,1082,0,600,1387,3142,3109,787,446.8801308,14.44083383,0,28,-8,190,-1,1,51,20,28,2.0
40,2,68,462810,464335,464335,465345,465345,465955,465988,472988,472988,473591,473624,473658,476745,1525,1010,610,7000,603,830,0,600,1622,3121,3087,1022,460.817002,13.93687121,1,28,-14,170,-1,-1,49,14,28,1.0
40,2,69,476747,478274,478274,479280,479280,479884,479917,488417,488417,489049,489081,489115,492189,1527,1006,604,8500,632,1243,0,600,1188,3108,3074,588,476.261352,15.44434999,1,27,1,170,1,1,51,28,27,2.0
40,2,70,492192,493712,493712,494717,494717,495319,495351,504351,504351,504970,505002,505036,508150,1520,1005,602,9000,619,896,0,600,1558,3148,3114,958,492.2223062,15.96095427,1,6,1,200,1,1,51,7,6,2.0
40,2,71,508153,509680,509680,510685,510685,511289,511323,517823,517823,518447,518479,518511,521589,1527,1005,604,6500,624,793,0,600,1647,3110,3078,1047,505.6613202,13.43901397,1,20,-6,170,-1,-1,49,14,20,1.0
40,2,72,521592,523111,523111,524116,524116,524721,524754,533754,533754,534368,534400,534434,537552,1519,1005,605,9000,614,965,0,600,1492,3152,3118,892,521.6242727,15.96295253,1,57,-37,170,-1,-1,49,20,57,1.0
40,3,73,24121,25647,25647,26666,26667,27277,27309,36309,36309,36942,36975,37010,40063,1526,1019,610,9000,633,955,0,600,1457,3088,3053,857,15.9544014,15.9544014,1,40,-12,210,-1,-1,49,28,40,1.0
40,3,74,40068,41591,41591,42598,42598,43229,43262,49762,49762,50395,50427,50460,53522,1523,1007,631,6500,633,1717,0,600,689,3095,3062,89,29.41150576,13.45710436,1,10,-3,150,-1,-1,49,7,10,1.0
40,3,75,53525,55049,55049,56056,56056,56685,56719,62719,62719,63336,63368,63401,66477,1524,1007,629,6000,617,1084,0,600,1339,3109,3076,739,42.36599846,12.9544927,1,2,5,150,1,1,51,7,2,2.0
40,3,76,66479,68004,68004,69008,69008,69628,69661,77161,77161,77762,77795,77829,80928,1525,1004,620,7500,601,747,0,600,1703,3133,3099,1103,56.81684678,14.45084832,1,14,-9,210,-1,-1,49,5,14,1.0
40,3,77,80930,82457,82457,83462,83462,84066,84098,92098,92098,92732,92765,92799,95886,1527,1005,604,8000,634,834,0,600,1596,3121,3087,996,71.77473119,14.95788441,1,28,-18,190,-1,-1,49,10,28,1.0
40,3,78,95889,97415,97415,98423,98423,99025,99058,107558,107558,108158,108190,108224,111332,1526,1008,602,8500,600,534,0,600,1930,3142,3108,1330,87.22052645,15.44579527,1,20,-13,200,-1,-1,49,7,20,1.0
40,3,79,111334,112857,112857,113864,113864,114465,114497,121497,121497,122114,122146,122179,125285,1523,1007,601,7000,617,1789,0,600,663,3139,3106,63,101.173676,13.95314958,0,5,5,190,1,-1,49,10,5,1.0
40,3,80,125288,126813,126813,127821,127821,128430,128461,135961,135961,136561,136593,136626,139747,1525,1008,609,7500,600,742,0,600,1716,3154,3121,1116,115.6359133,14.46223727,1,28,-14,200,-1,-1,49,14,28,1.0
40,3,81,139750,141277,141277,142284,142284,142892,142924,149924,149924,150555,150587,150620,153707,1527,1007,608,7000,631,1870,0,600,557,3120,3087,-43,129.5956203,13.95970698,0,40,-12,170,-1,1,51,28,40,2.0
40,3,82,153709,155230,155230,156237,156237,156842,156874,162874,162874,163495,163528,163562,166662,1521,1007,605,6000,621,814,0,600,1632,3134,3100,1032,142.5509911,12.95537084,1,7,13,180,1,1,51,20,7,2.0
40,3,83,166665,168188,168188,169191,169191,169798,169830,178830,178830,179433,179466,179500,182601,1523,1003,607,9000,603,941,0,600,1523,3135,3101,923,158.4896704,15.93867932,1,14,14,210,1,1,51,28,14,2.0
40,3,84,182604,184131,184131,185138,185138,185743,185776,193776,193776,194377,194409,194443,197546,1527,1007,605,8000,601,978,0,600,1482,3137,3103,882,173.4347972,14.94512672,1,40,-12,190,-1,-1,49,28,40,1.0
40,3,85,197549,199071,199071,200078,200078,200684,200717,207217,207217,207834,207866,207900,210982,1522,1007,606,6500,617,864,0,600,1584,3116,3082,984,186.8706777,13.43588052,1,4,6,150,1,1,51,10,4,2.0
40,3,86,210985,212505,212505,213509,213509,214114,214146,222646,222646,223246,223278,223312,226446,1520,1004,605,8500,600,779,0,600,1692,3168,3134,1092,202.3345878,15.46391007,1,10,18,200,1,1,51,28,10,2.0
40,3,87,226449,227972,227972,228981,228981,229584,229616,237116,237116,237716,237748,237782,240884,1523,1009,603,7500,600,620,0,600,1845,3136,3102,1245,216.7725789,14.43799118,1,28,-8,210,-1,-1,49,20,28,1.0
40,3,88,240887,242413,242413,243418,243418,244025,244058,250558,250558,251191,251223,251256,254331,1526,1005,607,6500,633,821,0,600,1608,3108,3075,1008,230.2193687,13.44678972,1,19,1,190,1,1,51,20,19,2.0
40,3,89,254334,255853,255853,256860,256860,257464,257497,264497,264497,265115,265148,265181,268295,1519,1007,604,7000,618,1116,0,600,1336,3147,3114,736,244.1833925,13.96402383,1,5,9,210,1,1,51,14,5,2.0
40,3,90,268298,269821,269821,270826,270826,271431,271463,279963,279963,280564,280597,280630,283754,1523,1005,605,8500,601,611,0,600,1855,3157,3124,1255,259.6431536,15.45976107,1,14,-4,150,-1,-1,49,10,14,1.0
40,3,91,283757,285277,285277,286282,286282,286888,286921,295921,295921,296524,296557,296591,299720,1520,1005,606,9000,603,1232,0,600,1234,3163,3129,634,275.6088436,15.96569,1,9,1,180,1,1,51,10,9,2.0
40,3,92,299723,301248,301248,302254,302254,302887,302919,310919,310919,311536,311568,311602,314673,1525,1006,633,8000,617,718,0,600,1701,3105,3071,1101,290.5613709,14.95252729,1,2,5,160,1,1,51,7,2,2.0
40,3,93,314676,316199,316199,317206,317206,317808,317841,323841,323841,324461,324493,324526,327620,1523,1007,602,6000,620,1193,0,600,1255,3127,3094,655,303.5082608,12.94688992,1,4,3,180,1,1,51,7,4,2.0
40,3,94,327623,329147,329147,330152,330152,330782,330814,339314,339314,339933,339965,339998,343052,1524,1005,630,8500,619,768,0,600,1654,3087,3054,1054,318.9403877,15.4321269,1,4,1,160,1,1,51,5,4,2.0
40,3,95,343055,344582,344582,345589,345589,346195,346228,352728,352728,353328,353361,353395,356514,1527,1007,606,6500,600,641,0,600,1819,3153,3119,1219,332.4020015,13.46161378,1,14,14,160,1,1,51,28,14,2.0
40,3,96,356516,358036,358036,359038,359038,359639,359672,367172,367172,367794,367827,367860,370964,1520,1002,601,7500,622,619,0,600,1836,3137,3104,1236,346.8521964,14.45019499,1,5,9,160,1,1,51,14,5,2.0
40,3,97,370967,372488,372488,373493,373493,374113,374146,381146,381146,381762,381794,381828,384904,1521,1005,620,7000,616,627,0,600,1811,3110,3076,1211,360.7922339,13.94003751,1,2,3,210,1,1,51,5,2,2.0
40,3,98,384907,386434,386434,387442,387442,388049,388082,394082,394082,394715,394747,394780,397865,1527,1008,607,6000,633,798,0,600,1627,3118,3085,1027,373.7535342,12.96130022,1,13,1,160,1,1,51,14,13,2.0
40,3,99,397868,399391,399391,400398,400398,401025,401057,410057,410057,410673,410705,410739,413819,1523,1007,627,9000,616,1085,0,600,1342,3114,3080,742,389.707419,15.95388488,1,4,1,180,1,1,51,5,4,2.0
40,3,100,413822,415348,415348,416354,416354,416959,416992,424992,424992,425592,425625,425659,428783,1526,1006,605,8000,600,738,0,600,1725,3158,3124,1125,404.6709303,14.96351123,1,28,-8,150,-1,-1,49,20,28,1.0
40,3,101,428786,430312,430312,431316,431316,431918,431952,438452,438452,439052,439084,439118,442246,1526,1004,602,6500,600,801,0,600,1667,3162,3128,1067,418.134093,13.46316272,1,20,-13,180,-1,-1,49,7,20,1.0
40,3,102,442249,443774,443774,444782,444782,445388,445420,453920,453920,454522,454554,454587,457701,1525,1008,606,8500,602,990,0,600,1469,3147,3114,869,433.5891208,15.45502775,1,40,-26,150,-1,-1,49,14,40,1.0
40,3,103,457703,459226,459226,460231,460231,460832,460864,468864,468864,469480,469513,469547,472662,1523,1005,601,8000,616,825,0,600,1630,3149,3115,1030,448.5502338,14.96111308,1,4,1,150,1,1,51,5,4,2.0
40,3,104,472665,474187,474187,475194,475194,475799,475832,483332,483332,483949,483982,484015,487109,1522,1007,605,7500,617,354,0,600,2095,3127,3094,1495,462.9972411,14.4470073,1,57,-37,150,-1,-1,49,20,57,1.0
40,3,105,487112,488633,488633,489637,489637,490238,490271,499271,499271,499895,499927,499961,503068,1521,1004,601,9000,624,498,0,600,1952,3141,3107,1352,478.956579,15.95933782,1,7,13,170,1,1,51,20,7,2.0
40,3,106,503070,504596,504596,505600,505600,506205,506238,512238,512238,512863,512895,512929,516010,1526,1004,605,6000,625,630,0,600,1810,3115,3081,1210,491.8990571,12.94247815,1,7,3,210,1,1,51,10,7,2.0
40,3,107,516014,517535,517535,518535,518535,519135,519168,526168,526168,526800,526833,526866,529946,1521,1000,600,7000,632,569,0,600,1878,3113,3080,1278,505.834019,13.93496185,1,10,-5,210,-1,-1,49,5,10,1.0
40,3,108,529949,531475,531475,532482,532482,533087,533120,539620,539620,540223,540256,540290,543398,1526,1007,605,6500,603,435,0,600,2024,3142,3108,1424,519.2864244,13.4524054,1,40,-26,170,-1,-1,49,14,40,1.0
40,4,109,52135,53659,53659,54678,54678,55305,55337,62337,62337,62955,62987,63022,66083,1524,1019,627,7000,618,410,0,600,2002,3096,3061,1402,13.95990075,13.95990075,1,2,3,210,1,1,51,5,2,2.0
40,4,110,66087,67612,67612,68620,68620,69226,69259,76759,76759,77361,77394,77427,80543,1525,1008,606,7500,602,1028,0,600,1431,3149,3116,831,28.41869358,14.45879283,1,14,-4,180,-1,-1,49,10,14,1.0
40,4,111,80546,82071,82071,83075,83075,83691,83723,91723,91723,92341,92373,92407,95493,1525,1004,616,8000,618,446,0,600,1991,3120,3086,1391,43.3679922,14.94929862,1,10,-5,160,-1,-1,49,5,10,1.0
40,4,112,95496,97013,97013,98018,98018,98620,98652,107652,107652,108270,108302,108336,111444,1517,1005,602,9000,618,698,0,600,1760,3142,3108,1160,59.31982428,15.95183208,1,5,5,190,1,1,51,10,5,2.0
40,4,113,111447,112975,112975,113982,113982,114586,114618,120618,120618,121237,121270,121304,124387,1528,1007,604,6000,619,442,0,600,2000,3117,3083,1400,72.26249288,12.9426686,1,57,-37,170,-1,-1,49,20,57,1.0
40,4,114,124390,125910,125910,126916,126916,127520,127553,136053,136053,136654,136687,136722,139852,1520,1006,604,8500,601,650,0,600,1819,3165,3130,1219,87.72691554,15.46442267,1,14,-7,200,-1,-1,49,7,14,1.0
40,4,115,139855,141376,141376,142382,142382,142988,143020,149520,149520,150137,150169,150203,153305,1521,1006,606,6500,617,983,0,600,1467,3136,3102,867,101.1799553,13.45303974,1,7,3,200,1,1,51,10,7,2.0
40,4,116,153308,154834,154834,155839,155839,156442,156475,164475,164475,165091,165124,165158,168267,1526,1005,603,8000,616,657,0,600,1793,3143,3109,1193,116.142661,14.96270572,1,57,-37,150,-1,-1,49,20,57,1.0
40,4,117,168270,169797,169797,170798,170798,171404,171436,178936,178936,179538,179571,179604,182727,1527,1001,606,7500,602,999,0,600,1465,3156,3123,865,130.6020577,14.45939674,1,20,-6,190,-1,-1,49,14,20,1.0
40,4,118,182730,184254,184254,185260,185260,185867,185900,194900,194900,195501,195534,195567,198691,1524,1006,607,9000,601,1457,0,600,1005,3157,3124,405,146.5663633,15.96430559,1,40,-12,180,-1,-1,49,28,40,1.0
40,4,119,198694,200218,200218,201222,201222,201827,201860,210360,210360,210960,210993,211026,214157,1524,1004,605,8500,600,1297,0,600,1170,3164,3131,570,162.0316876,15.46532431,1,20,8,190,1,1,51,28,20,2.0
40,4,120,214160,215685,215685,216693,216693,217297,217330,223330,223330,223948,223980,224014,227095,1525,1008,604,6000,618,569,0,600,1876,3115,3081,1276,174.9699436,12.93825592,1,4,6,200,1,1,51,10,4,2.0
40,4,121,227098,228620,228620,229625,229625,230231,230264,237264,237264,237864,237896,237930,241035,1522,1005,606,7000,600,1048,0,600,1419,3139,3105,819,188.9101667,13.94022314,1,10,-3,170,-1,-1,49,7,10,1.0
40,4,122,241038,242565,242565,243573,243573,244174,244206,250706,250706,251339,251371,251405,254476,1527,1008,601,6500,633,462,0,600,1969,3105,3071,1369,202.350974,13.44080731,1,28,-18,170,-1,-1,49,10,28,1.0
40,4,123,254479,256003,256003,257007,257007,257613,257646,264146,264146,264778,264811,264845,267943,1524,1004,606,6500,632,814,0,600,1620,3132,3098,1020,215.8178518,13.46687777,1,20,8,170,1,1,51,28,20,2.0
40,4,124,267946,269468,269468,270474,270474,271096,271128,278128,278128,278747,278780,278813,281884,1522,1006,622,7000,619,1239,0,600,1192,3104,3071,592,229.7581701,13.94031837,1,4,1,170,1,1,51,5,4,2.0
40,4,125,281886,283407,283407,284412,284412,285016,285048,293548,293548,294148,294180,294214,297327,1521,1005,604,8500,600,664,0,600,1806,3147,3113,1206,245.202009,15.4438389,1,28,-14,210,-1,-1,49,14,28,1.0
40,4,126,297330,298853,298853,299859,299859,300459,300491,309491,309491,310108,310141,310174,313269,1523,1006,600,9000,617,482,0,600,1972,3128,3095,1372,261.1439927,15.94198363,1,3,2,210,1,1,51,5,3,2.0
40,4,127,313271,314793,314793,315800,315800,316406,316438,324438,324438,325069,325102,325135,328229,1522,1007,606,8000,631,649,0,600,1785,3127,3094,1185,276.1039281,14.9599354,1,14,6,180,1,1,51,20,14,2.0
40,4,128,328232,329754,329754,330758,330758,331367,331399,337399,337399,338032,338065,338098,341171,1522,1004,609,6000,633,1275,0,600,1157,3106,3073,557,289.0461624,12.94223435,1,27,1,190,1,1,51,28,27,2.0
40,4,129,341174,342702,342702,343711,343711,344321,344353,351853,351853,352470,352503,352536,355623,1528,1009,610,7500,617,703,0,600,1733,3120,3087,1133,303.4974706,14.45130818,1,5,9,200,1,1,51,14,5,2.0
40,4,130,355626,357143,357143,358148,358148,358755,358787,365287,365287,365890,365923,365956,369065,1517,1005,607,6500,603,338,0,600,2130,3142,3109,1530,316.9400803,13.44260969,1,40,-26,180,-1,-1,49,14,40,1.0
40,4,131,369068,370587,370587,371595,371595,372228,372260,379260,379260,379877,379909,379942,383019,1519,1008,633,7000,617,597,0,600,1826,3110,3077,1226,330.8940264,13.95394605,1,3,2,190,1,1,51,5,3,2.0
40,4,132,383022,384546,384546,385549,385549,386151,386183,395183,395183,395803,395835,395868,398955,1524,1003,602,9000,620,1095,0,600,1356,3120,3087,756,346.8294939,15.93546752,1,5,2,170,1,1,51,7,5,2.0
40,4,133,398958,400483,400483,401492,401492,402094,402126,408126,408126,408758,408790,408824,411920,1525,1009,602,6000,632,815,0,600,1617,3130,3096,1017,359.795167,12.96567312,1,10,18,210,1,1,51,28,10,2.0
40,4,134,411923,413451,413451,414458,414458,415063,415095,422595,422595,423195,423227,423261,426366,1528,1007,605,7500,600,1245,0,600,1215,3139,3105,615,374.241216,14.446049,1,20,-6,150,-1,-1,49,14,20,1.0
40,4,135,426370,427893,427894,428898,428898,429503,429535,437535,437535,438148,438180,438214,441308,1523,1004,605,8000,613,583,0,600,1872,3128,3094,1272,389.1830631,14.94184712,1,5,9,150,1,1,51,14,5,2.0
40,4,136,441311,442836,442836,443841,443841,444441,444474,452974,452974,453589,453621,453655,456744,1525,1005,600,8500,615,678,0,600,1777,3123,3089,1177,404.6182475,15.4351844,1,4,1,150,1,1,51,5,4,2.0
40,4,137,456747,458268,458268,459271,459271,459874,459906,468906,468906,469506,469538,469572,472686,1521,1003,603,9000,600,764,0,600,1709,3148,3114,1109,420.5606187,15.94237117,1,19,1,190,1,1,51,20,19,2.0
40,4,138,472689,474212,474212,475218,475218,475823,475856,481856,481856,482459,482492,482526,485634,1523,1006,605,6000,603,953,0,600,1510,3142,3108,910,433.5090708,12.94845213,1,19,1,190,1,1,51,20,19,2.0
40,4,139,485637,487161,487161,488165,488165,488770,488803,495303,495303,495923,495955,495988,499069,1524,1004,605,6500,620,766,0,600,1681,3114,3081,1081,446.943365,13.43429421,1,4,3,180,1,1,51,7,4,2.0
40,4,140,499072,500593,500593,501597,501597,502201,502234,510235,510235,510836,510868,510902,514024,1521,1004,604,8001,601,477,0,600,1992,3156,3122,1392,461.8980937,14.95472866,1,40,-12,200,-1,-1,49,28,40,1.0
40,4,141,514027,515549,515549,516554,516554,517159,517193,524193,524193,524795,524829,524862,527961,1522,1005,605,7000,602,654,0,600,1812,3132,3099,1212,475.8356004,13.93750676,1,20,-10,170,-1,-1,49,10,20,1.0
40,4,142,527963,529485,529485,530488,530488,531094,531127,539627,539627,540246,540280,540314,543427,1522,1003,606,8500,619,443,0,600,2007,3147,3113,1407,491.3018002,15.46619973,1,57,-37,200,-1,-1,49,20,57,1.0
40,4,143,543430,544955,544955,545960,545960,546562,546595,554095,554095,554696,554728,554762,557889,1525,1005,602,7500,601,1001,0,600,1466,3161,3127,866,505.7633443,14.46154416,1,14,-7,190,-1,-1,49,7,14,1.0
40,4,144,557892,559413,559413,560419,560419,561023,561055,570055,570055,570673,570705,570738,573846,1521,1006,604,9000,618,531,0,600,1920,3141,3108,1320,521.7203729,15.95702857,1,4,3,180,1,1,51,7,4,2.0
40,5,145,20471,21996,21996,23012,23012,23629,23662,30162,30162,30764,30796,30831,33932,1525,1016,617,6500,602,548,0,600,1892,3136,3101,1292,13.47343336,13.47343336,1,10,4,160,1,1,51,14,10,2.0
40,5,146,33937,35458,35458,36461,36461,37065,37097,46097,46097,46713,46745,46778,49897,1521,1003,604,9000,616,540,0,600,1916,3152,3119,1316,29.43662516,15.9631918,1,4,3,200,1,1,51,7,4,2.0
40,5,147,49900,51425,51425,52432,52432,53033,53065,60065,60065,60666,60699,60733,63840,1525,1007,601,7000,601,339,0,600,2127,3141,3107,1527,43.37925609,13.94263093,1,40,-26,160,-1,-1,49,14,40,1.0
40,5,148,63843,65364,65364,66368,66368,66974,67007,73007,73007,73619,73652,73686,76800,1521,1004,606,6000,612,700,0,600,1757,3148,3114,1157,56.33934398,12.96008789,1,56,-28,150,-1,-1,49,28,56,1.0
40,5,149,76803,78326,78326,79331,79331,79935,79968,87468,87468,88070,88102,88137,91261,1523,1005,604,7500,602,1000,0,600,1466,3159,3124,866,70.80011005,14.46076608,1,28,-14,160,-1,-1,49,14,28,1.0
40,5,150,91264,92785,92785,93790,93790,94392,94424,102424,102424,103055,103089,103123,106174,1521,1005,602,8000,631,-1,2501,0,540,3085,3051,-60,85.71318299,14.91307293,-1,14,-9,200,-1,-2,-1,5,14,
40,5,151,106177,107700,107700,108706,108706,109313,109346,117846,117846,118476,118508,118542,121624,1523,1006,607,8500,630,1155,0,600,1279,3116,3082,679,101.1626638,15.44948079,1,7,13,200,1,1,51,20,7,2.0
40,5,152,121627,123152,123152,124158,124158,124763,124795,133295,133295,133928,133961,133995,137079,1525,1006,605,8500,633,1382,0,600,1049,3118,3084,449,116.6176313,15.45496748,1,10,-3,190,-1,-1,49,7,10,1.0
40,5,153,137082,138606,138606,139610,139610,140215,140247,147747,147747,148347,148380,148413,151520,1524,1004,605,7500,600,1406,0,600,1061,3140,3107,461,131.0586257,14.44099445,0,14,14,160,1,-1,49,28,14,1.0
40,5,154,151523,153048,153048,154052,154052,154656,154688,161188,161188,161790,161822,161855,164966,1525,1004,604,6500,602,763,0,600,1702,3144,3111,1102,144.5048944,13.44626869,1,14,-7,160,-1,-1,49,7,14,1.0
40,5,155,164969,166495,166495,167501,167501,168108,168141,175141,175141,175743,175775,175809,178904,1526,1006,607,7000,602,808,0,600,1651,3129,3095,1051,158.4434703,13.93857595,1,57,-37,170,-1,-1,49,20,57,1.0
40,5,156,178907,180430,180430,181438,181438,182041,182073,188073,188073,188675,188708,188741,191852,1523,1008,603,6000,602,1019,0,600,1445,3144,3111,845,171.3909994,12.94752909,1,13,1,210,1,1,51,14,13,2.0
40,5,157,191855,193382,193382,194390,194390,195023,195056,203056,203056,203674,203707,203740,206792,1527,1008,633,8000,618,508,0,600,1906,3085,3052,1306,186.3310927,14.94009326,1,2,3,180,1,1,51,5,2,2.0
40,5,158,206795,208316,208316,209320,209320,209952,209985,218985,218985,219603,219635,219669,222748,1521,1004,632,9000,618,728,0,600,1697,3113,3079,1097,202.2864931,15.95540037,1,4,1,210,1,1,51,5,4,2.0
40,5,159,222751,224278,224278,225285,225285,225891,225923,233923,233923,234542,234574,234608,237692,1527,1007,606,8000,619,705,0,600,1736,3118,3084,1136,217.2306006,14.94410755,1,4,6,160,1,1,51,10,4,2.0
40,5,160,237695,239215,239215,240218,240218,240822,240854,246854,246854,247456,247490,247524,250653,1520,1003,604,6000,602,1359,0,600,1112,3163,3129,512,230.192081,12.96148043,0,9,1,150,1,-1,49,10,9,1.0
40,5,161,250656,252179,252179,253182,253182,253788,253820,262320,262320,262938,262971,263004,266110,1523,1003,606,8500,618,600,0,600,1850,3139,3106,1250,245.6492421,15.45716102,1,5,2,200,1,1,51,7,5,2.0
40,5,162,266113,267637,267637,268645,268645,269252,269284,276284,276284,276914,276947,276981,280072,1524,1008,607,7000,630,673,0,600,1758,3125,3091,1158,259.6106978,13.96145572,1,10,10,160,1,1,51,20,10,2.0
40,5,163,280075,281598,281598,282600,282600,283203,283235,290735,290735,291352,291385,291418,294532,1523,1002,603,7500,617,634,0,600,1821,3147,3114,1221,274.0706523,14.45995454,1,5,5,210,1,1,51,10,5,2.0
40,5,164,294535,296061,296061,297068,297068,297670,297702,304202,304202,304818,304850,304883,307985,1526,1007,602,6500,616,881,0,600,1568,3135,3102,968,287.5233187,13.45266637,1,4,1,180,1,1,51,5,4,2.0
40,5,165,307988,309505,309505,310513,310513,311120,311152,320152,320152,320754,320787,320820,323930,1517,1008,607,9000,602,855,0,600,1611,3143,3110,1011,303.4690113,15.94569266,1,14,14,210,1,1,51,28,14,2.0
40,5,166,323933,325456,325456,326460,326460,327062,327094,333594,333594,334196,334228,334262,337369,1523,1004,602,6500,602,596,0,600,1873,3141,3107,1273,316.907199,13.43818766,1,28,-18,180,-1,-1,49,10,28,1.0
40,5,167,337372,338897,338897,339900,339900,340506,340540,346540,346540,347170,347202,347235,350304,1525,1003,606,6000,630,556,0,600,1880,3102,3069,1280,329.8428088,12.93560976,1,10,10,170,1,1,51,20,10,2.0
40,5,168,350307,351827,351827,352832,352832,353437,353470,361470,361470,362072,362104,362137,365252,1520,1005,605,8000,602,759,0,600,1709,3148,3115,1109,344.7903412,14.9475324,1,40,-12,190,-1,-1,49,28,40,1.0
40,5,169,365254,366777,366777,367784,367784,368388,368420,375920,375920,376551,376585,376618,379710,1523,1007,604,7500,631,583,0,600,1852,3125,3092,1252,359.2485117,14.45817054,1,10,18,160,1,1,51,28,10,2.0
40,5,170,379713,381233,381233,382238,382238,382844,382877,391377,391377,392007,392040,392073,395164,1520,1005,606,8500,630,1905,0,600,534,3124,3091,-66,374.7028916,15.45437985,1,10,10,170,1,1,51,20,10,2.0
40,5,171,395167,396692,396692,397698,397698,398298,398330,407330,407330,407962,407994,408027,411098,1525,1006,600,9000,632,586,0,600,1851,3104,3071,1251,390.6370126,15.93412108,1,7,-2,170,-1,-1,49,5,7,1.0
40,5,172,411101,412630,412630,413636,413636,414242,414274,421274,421274,421875,421908,421941,425058,1529,1006,606,7000,601,930,0,600,1528,3150,3117,928,404.5962595,13.95924682,1,14,6,210,1,1,51,20,14,2.0
40,5,173,425061,426584,426584,427587,427587,428191,428223,436223,436223,436850,436882,436916,440003,1523,1003,604,8000,627,605,0,600,1838,3121,3087,1238,419.5419506,14.94569115,1,7,7,210,1,1,51,14,7,2.0
40,5,174,440006,441527,441527,442530,442530,443133,443165,450665,450665,451266,451300,451333,454457,1521,1003,603,7500,601,674,0,600,1798,3157,3124,1198,433.9951699,14.45321935,1,14,-7,210,-1,-1,49,7,14,1.0
40,5,175,454460,455984,455984,456990,456990,457600,457632,464632,464632,465264,465297,465331,468403,1524,1006,610,7000,632,525,0,600,1903,3106,3072,1303,447.9412887,13.94611877,1,7,7,210,1,1,51,14,7,2.0
40,5,176,468406,469929,469929,470937,470937,471541,471573,478073,478073,478694,478727,478761,481871,1523,1008,604,6500,621,464,0,600,1980,3144,3110,1380,461.4090027,13.46771402,1,5,5,200,1,1,51,10,5,2.0
40,5,177,481874,483398,483398,484405,484405,485010,485042,494042,494042,494673,494705,494739,497814,1524,1007,605,9000,631,666,0,600,1767,3109,3075,1167,477.3524994,15.94349671,1,9,1,150,1,1,51,10,9,2.0
40,5,178,497817,499335,499335,500338,500338,500941,500974,509474,509474,510095,510128,510162,513275,1518,1003,603,8500,621,506,0,600,1949,3147,3113,1349,492.8150769,15.4625775,1,79,-51,160,-1,-1,49,28,79,1.0
40,5,179,513279,514806,514806,515812,515812,516412,516443,522443,522443,523057,523090,523123,526230,1527,1006,600,6000,614,1210,0,600,1243,3140,3107,643,505.7678824,12.95280544,1,2,3,170,1,1,51,5,2,2.0
40,5,180,526232,527755,527755,528761,528761,529365,529398,537398,537398,538021,538053,538087,541183,1523,1006,604,8000,623,751,0,600,1693,3130,3096,1093,520.7209994,14.95311704,1,6,1,170,1,1,51,7,6,2.0
40,6,181,17853,19375,19375,20390,20390,21006,21040,28540,28540,29156,29188,29224,32299,1522,1015,616,7500,616,451,0,600,1980,3111,3075,1380,14.45890252,14.45890252,1,14,-9,180,-1,-1,49,5,14,1.0
40,6,182,32304,33833,33833,34841,34841,35445,35478,43478,43478,44081,44115,44149,47244,1529,1008,604,8000,603,611,0,600,1845,3129,3095,1245,29.40083342,14.94193089,1,20,8,180,1,1,51,28,20,2.0
40,6,183,47246,48764,48764,49772,49772,50376,50410,57410,57410,58011,58043,58076,61209,1518,1008,604,7000,601,979,0,600,1490,3166,3133,890,43.36678649,13.96595308,1,40,-12,190,-1,-1,49,28,40,1.0
40,6,184,61212,62737,62737,63740,63740,64345,64378,70878,70878,71478,71510,71545,74652,1525,1003,605,6500,600,1046,0,600,1421,3142,3107,821,56.80896645,13.44217996,1,11,-1,160,-1,-1,49,10,11,1.0
40,6,185,74655,76180,76180,77186,77186,77792,77825,86825,86825,87457,87489,87523,90613,1525,1006,606,9000,632,681,0,600,1750,3124,3090,1150,72.77022388,15.96125743,1,20,-6,180,-1,-1,49,14,20,1.0
40,6,186,90616,92140,92140,93145,93145,93754,93786,99786,99786,100407,100439,100473,103569,1524,1005,609,6000,621,649,0,600,1792,3130,3096,1192,85.72615283,12.95592894,1,57,-37,180,-1,-1,49,20,57,1.0
40,6,187,103572,105095,105095,106101,106101,106703,106735,115235,115235,115835,115867,115900,119012,1523,1006,602,8500,600,698,0,600,1771,3145,3112,1171,101.1689729,15.44282003,1,14,-4,180,-1,-1,49,10,14,1.0
40,6,188,119014,120541,120541,121545,121545,122152,122185,129185,129185,129785,129817,129851,132968,1527,1004,607,7000,600,610,0,600,1852,3151,3117,1252,115.1249307,13.95595787,1,10,10,210,1,1,51,20,10,2.0
40,6,189,132971,134495,134495,135502,135502,136120,136152,142652,142652,143282,143315,143348,146411,1524,1007,618,6500,630,1198,0,600,1223,3096,3063,623,128.5681244,13.4431937,1,14,-9,210,-1,-1,49,5,14,1.0
40,6,190,146414,147939,147939,148944,148944,149552,149584,157084,157084,157700,157734,157767,160849,1525,1005,608,7500,616,541,0,600,1905,3115,3082,1305,143.0065559,14.43843146,1,56,-28,210,-1,-1,49,28,56,1.0
40,6,191,160851,162374,162374,163380,163380,163986,164018,170018,170018,170619,170652,170685,173788,1523,1006,606,6000,601,1302,0,600,1162,3136,3103,562,155.9451596,12.93860368,1,40,-20,200,-1,-1,49,20,40,1.0
40,6,192,173790,175311,175311,176318,176318,176924,176957,184957,184957,185585,185617,185651,188753,1521,1007,606,8000,628,781,0,600,1657,3136,3102,1057,170.9102029,14.9650433,1,5,9,150,1,1,51,14,5,2.0
40,6,193,188756,190277,190277,191282,191282,191887,191920,200920,200920,201521,201553,201586,204695,1521,1005,605,9000,601,533,0,600,1935,3142,3109,1335,186.8526198,15.94241697,1,28,-14,170,-1,-1,49,14,28,1.0
40,6,194,204698,206222,206222,207224,207224,207841,207873,216373,216373,217001,217034,217068,220134,1524,1002,617,8500,628,586,0,600,1843,3100,3066,1243,202.2908042,15.43818435,1,7,3,150,1,1,51,10,7,2.0
40,6,195,220136,221662,221662,222671,222671,223274,223306,229806,229806,230430,230463,230496,233584,1526,1009,603,6500,624,552,0,600,1886,3121,3088,1286,215.7413358,13.4505316,1,7,13,180,1,1,51,20,7,2.0
40,6,196,233586,235106,235106,236111,236111,236717,236750,245250,245250,245851,245883,245917,249025,1520,1005,606,8500,601,430,0,600,2038,3142,3108,1438,231.1817947,15.44045895,1,40,-12,150,-1,-1,49,28,40,1.0
40,6,197,249028,250551,250551,251557,251557,252159,252192,258192,258192,258812,258845,258879,261991,1523,1006,602,6000,620,1054,0,600,1395,3146,3112,795,244.1477279,12.96593319,1,7,-2,170,-1,-1,49,5,7,1.0
40,6,198,261994,263516,263516,264520,264520,265126,265158,274158,274158,274782,274815,274848,277945,1522,1004,606,9000,624,1849,0,600,595,3130,3097,-5,260.1019603,15.95423234,1,4,3,150,1,1,51,7,4,2.0
40,6,199,277947,279474,279474,280480,280480,281086,281119,289119,289119,289719,289752,289785,292881,1527,1006,606,8000,600,548,0,600,1913,3129,3096,1313,275.0377514,14.93579117,1,21,-1,190,-1,-1,49,20,21,1.0
40,6,200,292884,294409,294409,295415,295415,296025,296058,303558,303558,304175,304208,304241,307337,1525,1006,610,7500,617,395,0,600,2047,3129,3096,1447,289.4940403,14.45628891,1,79,-51,190,-1,-1,49,28,79,1.0
40,6,201,307340,308859,308859,309865,309865,310469,310502,317502,317502,318105,318137,318171,321281,1519,1006,604,7000,603,852,0,600,1616,3144,3110,1016,303.4375633,13.94352293,1,20,-10,150,-1,-1,49,10,20,1.0
40,6,202,321283,322808,322808,323812,323812,324432,324465,331465,331465,332065,332097,332130,335237,1525,1004,620,7000,600,886,0,600,1565,3140,3107,965,317.3937589,13.95619564,1,14,-7,200,-1,-1,49,7,14,1.0
40,6,203,335240,336768,336768,337776,337776,338382,338415,346915,346915,347545,347577,347611,350697,1528,1008,606,8500,630,1156,0,600,1272,3120,3086,672,332.853535,15.45977614,1,11,-1,150,-1,-1,49,10,11,1.0
40,6,204,350700,352222,352222,353226,353226,353851,353883,360383,360383,361014,361046,361079,364144,1522,1004,625,6500,631,1168,0,600,1250,3098,3065,650,346.3005402,13.44700519,1,10,-3,160,-1,-1,49,7,10,1.0
40,6,205,364147,365673,365673,366678,366678,367283,367315,376315,376315,376916,376949,376983,380083,1526,1005,605,9000,601,1299,0,600,1164,3134,3100,564,362.2397222,15.93918197,0,15,-1,170,-1,1,51,14,15,2.0
40,6,206,380086,381606,381606,382608,382608,383210,383242,390742,390742,391360,391392,391425,394524,1520,1002,602,7500,618,459,0,600,1999,3132,3099,1399,376.6805654,14.44084317,1,2,3,170,1,1,51,5,2,2.0
40,6,207,394527,396052,396052,397060,397060,397666,397699,403699,403699,404316,404348,404382,407472,1525,1008,606,6000,617,742,0,600,1702,3124,3090,1102,389.6288626,12.94829723,1,10,4,190,1,1,51,14,10,2.0
40,6,208,407475,408996,408996,410003,410003,410619,410651,418651,418651,419267,419300,419333,422419,1521,1007,616,8000,616,538,0,600,1902,3119,3086,1302,404.5754427,14.94658013,1,7,3,190,1,1,51,10,7,2.0
40,6,209,422422,423940,423940,424944,424944,425546,425579,433579,433579,434205,434237,434271,437364,1518,1004,602,8000,626,1231,0,600,1219,3127,3093,619,419.5203817,14.94493898,1,7,-2,190,-1,-1,49,5,7,1.0
40,6,210,437366,438897,438897,439903,439903,440509,440542,449042,449042,449673,449705,449738,452802,1531,1006,606,8500,631,685,0,600,1741,3097,3064,1141,434.9582909,15.43790922,1,10,10,160,1,1,51,20,10,2.0
40,6,211,452805,454324,454324,455330,455330,455955,455988,461988,461988,462621,462654,462688,465707,1519,1006,625,6000,633,-1,2501,0,516,3053,3019,-84,447.8634555,12.90516458,-1,10,-3,160,-1,-2,-1,7,10,
40,6,212,465709,467235,467235,468243,468243,468873,468905,477905,477905,478522,478554,478588,481663,1526,1008,630,9000,617,1238,0,600,1181,3109,3075,581,463.8193329,15.95587741,1,5,2,200,1,1,51,7,5,2.0
40,6,213,481666,483192,483192,484196,484196,484802,484835,491335,491335,491937,491970,492003,495110,1526,1004,606,6500,602,508,0,600,1954,3140,3107,1354,477.2670915,13.44775857,1,20,-6,210,-1,-1,49,14,20,1.0
40,6,214,495113,496636,496636,497638,497638,498242,498274,505774,505774,506374,506406,506439,509568,1523,1002,604,7500,600,1164,0,600,1307,3162,3129,707,491.7243529,14.45726137,0,29,-1,210,-1,1,51,28,29,2.0
40,6,215,509571,511095,511095,512102,512102,512731,512764,519764,519764,520380,520413,520447,523524,1524,1007,629,7000,616,602,0,600,1822,3111,3077,1222,505.6808438,13.95649096,1,4,3,210,1,1,51,7,4,2.0
40,6,216,523527,525047,525047,526053,526053,526682,526714,534214,534214,534830,534863,534896,537967,1520,1006,629,7500,616,718,0,600,1711,3104,3071,1111,520.1232486,14.44240477,1,2,3,180,1,1,51,5,2,2.0
41,1,1,58859,60386,60386,61409,61409,62009,62041,68041,68041,68662,68694,68729,71824,1527,1023,600,6000,621,572,0,600,1857,3130,3095,1257,12.99756056,12.99756056,1,2,3,170,1,1,51,5,2,2.0
41,1,2,71872,73397,73397,74416,74416,75041,75074,84074,84074,84706,84739,84772,87810,1525,1019,625,9000,632,914,0,600,1485,3071,3038,885,28.93641527,15.9388547,1,9,1,200,1,1,51,10,9,2.0
41,1,3,87812,89336,89336,90338,90338,90944,90976,99476,99476,100077,100109,100143,103247,1524,1002,606,8500,601,1114,0,600,1353,3138,3104,753,44.3796813,15.44326603,1,13,1,150,1,1,51,14,13,2.0
41,1,4,103255,104777,104777,105786,105786,106418,106450,113450,113450,114067,114099,114133,117189,1522,1009,632,7000,617,484,0,600,1936,3090,3056,1336,58.31628401,13.93660271,1,2,5,160,1,1,51,7,2,2.0
41,1,5,117192,118709,118709,119716,119716,120317,120349,126849,126849,127481,127513,127546,130630,1517,1007,601,6500,632,671,0,600,1772,3117,3084,1172,71.75654858,13.44026457,1,10,10,190,1,1,51,20,10,2.0
41,1,6,130632,132156,132156,133166,133166,133768,133801,141301,141301,141916,141948,141982,145087,1524,1010,602,7500,615,496,0,600,1953,3139,3105,1353,86.2139564,14.45740782,1,5,2,150,1,1,51,7,5,2.0
41,1,7,145089,146616,146616,147623,147623,148224,148257,156257,156257,156879,156911,156945,160044,1527,1007,601,8000,622,487,0,600,1956,3133,3099,1356,101.1701041,14.95614772,1,5,2,180,1,1,51,7,5,2.0
41,1,8,160045,161561,161561,162567,162567,163171,163204,169204,169204,169826,169858,169891,173001,1516,1006,604,6000,622,437,0,600,2015,3143,3110,1415,114.1279057,12.95780154,1,7,7,200,1,1,51,14,7,2.0
41,1,9,173004,174529,174529,175533,175533,176134,176166,184666,184666,185283,185315,185348,188452,1525,1004,601,8500,617,462,0,600,1991,3137,3104,1391,129.5787302,15.45082451,1,6,1,210,1,1,51,7,6,2.0
41,1,10,188455,189976,189976,190981,190981,191610,191643,198643,198643,199269,199301,199335,202397,1521,1005,629,7000,626,391,0,600,2028,3096,3062,1428,143.5239377,13.94520748,1,9,1,190,1,1,51,10,9,2.0
41,1,11,202400,203923,203923,204932,204932,205561,205594,212094,212094,212725,212757,212791,215854,1523,1009,629,6500,631,618,0,600,1790,3097,3063,1190,156.9812292,13.4572915,1,14,-9,160,-1,-1,49,5,14,1.0
41,1,12,215857,217380,217380,218383,218383,218990,219024,226524,226524,227125,227157,227192,230310,1523,1003,607,7500,601,310,0,600,2156,3153,3118,1556,171.4365646,14.45533543,1,14,14,150,1,1,51,28,14,2.0
41,1,13,230312,231835,231835,232838,232838,233444,233477,241477,241477,242077,242109,242142,245273,1523,1003,606,8000,600,716,0,600,1752,3164,3131,1152,186.4002358,14.96367125,0,27,1,200,1,-1,49,28,27,1.0
41,1,14,245276,246799,246799,247805,247805,248412,248444,257444,257444,258074,258106,258139,261228,1523,1006,607,9000,630,320,0,600,2114,3122,3089,1514,202.3543419,15.95410607,1,7,3,150,1,1,51,10,7,2.0
41,1,15,261231,262752,262752,263757,263757,264361,264393,271893,271893,272525,272558,272592,275689,1521,1005,604,7500,632,357,0,600,2081,3131,3097,1481,216.8156215,14.46127958,1,13,1,170,1,1,51,14,13,2.0
41,1,16,275692,277216,277216,278222,278222,278824,278858,285358,285358,285987,286019,286053,289137,1524,1006,602,6500,629,378,0,600,2061,3118,3084,1461,230.2639065,13.44828503,1,9,1,180,1,1,51,10,9,2.0
41,1,17,289139,290665,290665,291669,291669,292274,292306,300806,300806,301407,301441,301474,304589,1526,1004,605,8500,601,635,0,600,1829,3148,3115,1229,245.7155326,15.4516261,1,27,1,190,1,1,51,28,27,2.0
41,1,18,304592,306119,306119,307125,307125,307734,307767,313767,313767,314398,314431,314464,317535,1527,1006,609,6000,631,460,0,600,1967,3104,3071,1367,258.6617686,12.94623599,0,27,1,190,1,-1,49,28,27,1.0
41,1,19,317538,319061,319061,320068,320068,320676,320709,328709,328709,329316,329349,329383,332501,1523,1007,608,8000,607,609,0,600,1846,3152,3118,1246,273.6273492,14.96558061,1,40,-26,170,-1,-1,49,14,40,1.0
41,1,20,332504,334026,334026,335031,335031,335638,335671,342671,342671,343286,343320,343353,346438,1522,1005,607,7000,615,413,0,600,2038,3118,3085,1438,287.5642144,13.93686519,1,56,-28,210,-1,-1,49,28,56,1.0
41,1,21,346441,347964,347964,348967,348967,349598,349630,358630,358630,359231,359264,359298,362376,1523,1003,631,9000,601,533,0,600,1909,3112,3078,1309,303.5024098,15.93819535,1,19,1,200,1,1,51,20,19,2.0
41,1,22,362379,363905,363905,364912,364912,365516,365548,372548,372548,373181,373213,373246,376316,1526,1007,604,7000,633,295,0,600,2135,3103,3070,1535,317.442377,13.93996729,0,19,1,210,1,-1,49,20,19,1.0
41,1,23,376319,377848,377848,378851,378851,379457,379490,386990,386990,387622,387654,387687,390775,1529,1003,606,7500,632,286,0,600,2144,3121,3088,1544,331.9017442,14.45936721,1,20,-13,200,-1,-1,49,7,20,1.0
41,1,24,390778,392297,392297,393302,393302,393903,393935,402435,402435,403068,403100,403133,406222,1519,1005,601,8500,633,482,0,600,1960,3122,3089,1360,347.3488293,15.44708505,1,20,-13,190,-1,-1,49,7,20,1.0
41,1,25,406225,407748,407748,408753,408753,409381,409413,417413,417413,418046,418079,418112,421163,1523,1005,628,8000,633,314,0,600,2097,3084,3051,1497,362.2893119,14.9404826,1,10,-5,170,-1,-1,49,5,10,1.0
41,1,26,421166,422691,422691,423698,423698,424303,424335,430335,430335,430962,430994,431027,434112,1525,1007,605,6000,627,476,0,600,1960,3118,3085,1360,375.2382441,12.94893218,1,7,3,210,1,1,51,10,7,2.0
41,1,27,434115,435640,435640,436644,436644,437276,437309,446309,446309,446926,446959,446992,450052,1525,1004,632,9000,617,287,0,600,2135,3093,3060,1535,391.1780556,15.93981149,1,3,2,150,1,1,51,5,3,2.0
41,1,28,450054,451571,451571,452576,452576,453179,453211,459711,459711,460329,460362,460395,463515,1517,1005,603,6500,618,518,0,600,1939,3153,3120,1339,404.6411716,13.46311601,0,19,1,170,1,-1,49,20,19,1.0
41,1,29,463518,465036,465036,466041,466041,466647,466679,472679,472679,473298,473330,473364,476450,1518,1005,606,6000,619,250,0,600,2202,3120,3086,1602,417.5760457,12.93487416,0,14,6,150,1,-1,49,20,14,1.0
41,1,30,476453,477972,477972,478979,478979,479585,479618,486118,486118,486721,486753,486786,489900,1519,1007,606,6500,603,342,0,600,2123,3147,3114,1523,431.0266485,13.45060272,1,56,-28,160,-1,-1,49,28,56,1.0
41,1,31,489903,491421,491421,492428,492428,493030,493062,501062,501062,501677,501710,501744,504846,1518,1007,602,8000,615,526,0,600,1932,3136,3102,1332,445.9718668,14.94521833,1,4,1,160,1,1,51,5,4,2.0
41,1,32,504849,506368,506368,507374,507374,507979,508012,516513,516513,517145,517179,517212,520304,1519,1006,605,8501,632,315,0,600,2122,3125,3092,1522,461.431231,15.45936419,1,10,4,190,1,1,51,14,10,2.0
41,1,33,520308,521832,521832,522836,522836,523441,523474,532474,532474,533105,533137,533170,536256,1524,1004,605,9000,631,605,0,600,1831,3119,3086,1231,477.38215,15.95091898,1,10,4,170,1,1,51,14,10,2.0
41,1,34,536259,537781,537781,538786,538786,539416,539449,546949,546949,547569,547601,547634,550695,1522,1005,630,7500,620,485,0,600,1938,3094,3061,1338,491.8206929,14.43854296,1,7,-2,150,-1,-1,49,5,7,1.0
41,1,35,550697,552223,552223,553227,553227,553830,553863,560863,560863,561491,561523,561556,564649,1526,1004,603,7000,628,355,0,600,2084,3126,3093,1484,505.7748355,13.95414253,1,7,13,200,1,1,51,20,7,2.0
41,1,36,564652,566173,566173,567182,567182,567783,567816,575816,575816,576416,576448,576481,579594,1521,1009,601,8000,600,477,0,600,1992,3146,3113,1392,520.7200975,14.94526203,1,28,-18,150,-1,-1,49,10,28,1.0
41,2,37,14680,16207,16207,17221,17221,17834,17866,26866,26866,27480,27514,27550,30642,1527,1014,613,9000,614,346,0,600,2086,3128,3092,1486,15.9742122,15.9742122,1,57,-37,200,-1,-1,49,20,57,1.0
41,2,38,30647,32165,32165,33171,33171,33789,33822,41822,41822,42422,42455,42489,45612,1518,1006,618,8000,600,450,0,600,2008,3157,3123,1408,30.94224581,14.9680336,1,14,-9,150,-1,-1,49,5,14,1.0
41,2,39,45615,47136,47136,48144,48144,48749,48782,57282,57282,57902,57934,57968,61059,1521,1008,605,8500,620,413,0,600,2033,3125,3091,1433,46.38910785,15.44686205,1,5,9,150,1,1,51,14,5,2.0
41,2,40,61061,62582,62582,63584,63584,64188,64221,70721,70721,71324,71356,71389,74509,1521,1002,604,6500,603,442,0,600,2028,3153,3120,1428,59.83923926,13.4501314,0,21,-1,150,-1,1,51,20,21,2.0
41,2,41,74512,76037,76037,77041,77041,77647,77679,85179,85179,85780,85813,85847,88947,1525,1004,606,7500,601,461,0,600,2003,3134,3100,1403,74.27696917,14.43772991,1,29,-1,210,-1,-1,49,28,29,1.0
41,2,42,88949,90474,90474,91478,91478,92095,92128,99128,99128,99756,99788,99821,102902,1525,1004,617,7000,628,508,0,600,1918,3114,3081,1318,88.23245452,13.95548535,1,28,-18,200,-1,-1,49,10,28,1.0
41,2,43,102905,104426,104426,105432,105432,106042,106075,112075,112075,112692,112725,112758,115863,1521,1006,610,6000,617,300,0,600,2146,3138,3105,1546,101.193262,12.96080751,1,79,-51,180,-1,-1,49,28,79,1.0
41,2,44,115866,117379,117379,118384,118384,118987,119020,125520,125520,126152,126184,126217,129324,1513,1005,603,6500,632,208,0,600,2239,3140,3107,1639,114.6555858,13.46232376,1,14,14,170,1,1,51,28,14,2.0
41,2,45,129328,130847,130847,131850,131850,132457,132489,140989,140989,141622,141654,141687,144763,1519,1003,607,8500,633,469,0,600,1969,3109,3076,1369,130.0929511,15.43736528,0,15,-1,160,-1,1,51,14,15,2.0
41,2,46,144765,146283,146283,147289,147289,147895,147928,154928,154928,155529,155563,155596,158707,1518,1006,606,7000,601,634,0,600,1835,3144,3111,1235,144.0375712,13.94462015,0,10,-3,170,-1,1,51,7,10,2.0
41,2,47,158710,160234,160234,161240,161240,161845,161878,167878,167878,168481,168514,168547,171657,1524,1006,605,6000,603,702,0,600,1760,3143,3110,1160,156.9870904,12.94951921,1,20,-6,190,-1,-1,49,14,20,1.0
41,2,48,171660,173180,173180,174186,174186,174793,174825,183825,183825,184456,184488,184521,187593,1520,1006,607,9000,631,240,0,600,2196,3105,3072,1596,172.9232767,15.93618624,1,20,-10,150,-1,-1,49,10,20,1.0
41,2,49,187596,189120,189120,190125,190125,190729,190761,198261,198261,198892,198925,198958,202052,1524,1005,604,7500,631,518,0,600,1918,3127,3094,1318,187.3819755,14.45869881,0,14,-7,180,-1,1,51,7,14,2.0
41,2,50,202055,203579,203579,204586,204586,205192,205224,213224,213224,213840,213873,213906,217005,1524,1007,606,8000,616,231,0,600,2216,3132,3099,1616,202.3349569,14.95298143,1,4,6,210,1,1,51,10,4,2.0
41,2,51,217008,218530,218530,219537,219537,220145,220177,229177,229177,229780,229813,229846,232969,1522,1007,608,9000,603,291,0,600,2169,3156,3123,1569,218.2994665,15.96450961,1,40,-12,200,-1,-1,49,28,40,1.0
41,2,52,232972,234495,234495,235501,235501,236104,236137,243637,243637,244262,244294,244327,247412,1523,1006,603,7500,625,250,0,600,2193,3118,3085,1593,232.7418966,14.44243008,1,7,7,200,1,1,51,14,7,2.0
41,2,53,247415,248936,248936,249944,249944,250575,250607,256607,256607,257221,257254,257288,260350,1521,1008,631,6000,614,349,0,600,2077,3096,3062,1477,245.6796951,12.93779847,1,3,2,160,1,1,51,5,3,2.0
41,2,54,260353,261882,261882,262892,262892,263496,263528,272028,272028,272660,272693,272726,275789,1529,1010,604,8500,632,422,0,600,2003,3096,3063,1403,261.1190086,15.43931351,1,14,-7,160,-1,-1,49,7,14,1.0
41,2,55,275792,277314,277314,278316,278316,278919,278951,285451,285451,286081,286114,286147,289242,1522,1002,603,6500,630,743,0,600,1700,3128,3095,1100,274.571788,13.45277937,0,8,-1,160,-1,1,51,7,8,2.0
41,2,56,289245,290770,290770,291779,291779,292379,292411,299411,299411,300027,300059,300093,303196,1525,1009,600,7000,616,233,0,600,2217,3137,3103,1617,288.5264072,13.95461927,1,4,3,150,1,1,51,7,4,2.0
41,2,57,303199,304724,304724,305726,305726,306334,306366,314366,314366,314967,314999,315032,318158,1525,1002,608,8000,601,356,0,600,2108,3159,3126,1508,303.4882014,14.96179413,0,14,6,210,1,-1,49,20,14,1.0
41,2,58,318161,319680,319680,320682,320682,321300,321333,327333,327333,327946,327978,328012,331105,1519,1002,618,6000,613,708,0,600,1740,3127,3093,1140,316.4348457,12.94664432,0,10,-3,150,-1,1,51,7,10,2.0
41,2,59,331108,332631,332631,333635,333635,334240,334272,342772,342772,343372,343404,343438,346550,1523,1004,605,8500,600,405,0,600,2063,3146,3112,1463,331.8803975,15.44555177,1,28,-8,160,-1,-1,49,20,28,1.0
41,2,60,346553,348079,348079,349086,349086,349687,349719,357219,357219,357837,357870,357904,361000,1526,1007,601,7500,618,422,0,600,2026,3130,3096,1426,346.3301395,14.44974206,1,2,3,150,1,1,51,5,2,2.0
41,2,61,361003,362525,362525,363530,363530,364134,364166,371166,371166,371782,371814,371847,374946,1522,1005,604,7000,616,291,0,600,2162,3132,3099,1562,360.2755914,13.94545188,1,57,-37,200,-1,-1,49,20,57,1.0
41,2,62,374949,376472,376472,377478,377478,378082,378114,384614,384614,385236,385268,385302,388383,1523,1006,604,6500,622,303,0,600,2142,3115,3081,1542,373.7125131,13.43692169,1,5,5,160,1,1,51,10,5,2.0
41,2,63,388386,389910,389910,390917,390917,391543,391575,399575,399575,400178,400210,400244,403344,1524,1007,626,8000,603,487,0,600,1953,3134,3100,1353,388.673926,14.96141293,1,15,-1,200,-1,-1,49,14,15,1.0
41,2,64,403347,404873,404873,405882,405882,406510,406543,415543,415543,416165,416197,416231,419302,1526,1009,628,9000,622,790,0,600,1625,3105,3071,1025,404.6322492,15.95832318,1,7,-2,190,-1,-1,49,5,7,1.0
41,2,65,419305,420834,420834,421840,421840,422469,422502,430002,430002,430616,430648,430681,433762,1529,1006,629,7500,614,348,0,600,2074,3114,3081,1474,419.0921998,14.45995062,1,2,3,180,1,1,51,5,2,2.0
41,2,66,433765,435286,435286,436291,436291,436899,436931,443931,443931,444548,444581,444614,447707,1521,1005,608,7000,617,357,0,600,2092,3126,3093,1492,433.0369715,13.94477173,1,56,-28,150,-1,-1,49,28,56,1.0
41,2,67,447710,449232,449232,450236,450236,450841,450873,456873,456873,457476,457508,457541,460664,1522,1004,605,6000,603,678,0,600,1788,3156,3123,1188,445.9932166,12.95624506,1,28,-14,190,-1,-1,49,14,28,1.0
41,2,68,460666,462193,462193,463197,463197,463801,463833,472833,472833,473450,473484,473517,476626,1527,1004,604,9000,617,474,0,600,1974,3142,3109,1374,461.9560266,15.96280999,1,79,-51,150,-1,-1,49,28,79,1.0
41,2,69,476629,478152,478152,479157,479157,479762,479795,488295,488295,488927,488959,488992,492066,1523,1005,605,8500,632,493,0,600,1942,3107,3074,1342,477.3952991,15.43927253,1,28,-8,180,-1,-1,49,20,28,1.0
41,2,70,492069,493594,493594,494600,494600,495203,495235,501735,501735,502356,502389,502423,505524,1525,1006,603,6500,621,301,0,600,2144,3135,3101,1544,490.8534693,13.45817024,1,7,3,180,1,1,51,10,7,2.0
41,2,71,505527,507048,507048,508055,508055,508681,508713,516714,516714,517346,517378,517412,520482,1521,1007,626,8001,632,327,0,600,2086,3104,3070,1486,505.8113465,14.95787718,1,10,-5,180,-1,-1,49,5,10,1.0
41,2,72,520485,522006,522006,523013,523013,523619,523652,530652,530652,531270,531303,531336,534420,1521,1007,606,7000,618,244,0,600,2204,3117,3084,1604,519.7493451,13.93799857,1,4,6,180,1,1,51,10,4,2.0
41,3,73,28084,29609,29609,30627,30627,31250,31282,38782,38782,39410,39442,39478,42555,1525,1018,623,7500,628,496,0,600,1910,3113,3077,1310,14.48272792,14.48272792,1,8,-1,150,-1,-1,49,7,8,1.0
41,3,74,42559,44077,44077,45085,45085,45708,45740,53740,53740,54364,54397,54431,57521,1518,1008,623,8000,624,477,0,600,1950,3124,3090,1350,29.44625513,14.9635272,1,7,-2,210,-1,-1,49,5,7,1.0
41,3,75,57523,59045,59045,60049,60049,60650,60682,69682,69682,70301,70334,70368,73461,1522,1004,601,9000,619,286,0,600,2168,3127,3093,1568,45.38669313,15.940438,1,5,5,160,1,1,51,10,5,2.0
41,3,76,73463,74988,74988,75993,75993,76597,76629,83629,83629,84259,84291,84325,87423,1525,1005,604,7000,630,422,0,600,2014,3132,3098,1414,59.34915024,13.96245711,1,10,18,150,1,1,51,28,10,2.0
41,3,77,87425,88946,88946,89956,89956,90558,90590,96590,96590,97208,97240,97273,100382,1521,1010,602,6000,618,375,0,600,2074,3142,3109,1474,72.30746166,12.95831142,1,79,-51,180,-1,-1,49,28,79,1.0
41,3,78,100383,101910,101910,102917,102917,103521,103554,112054,112054,112668,112701,112734,115817,1527,1007,604,8500,614,349,0,600,2099,3116,3083,1499,87.7430797,15.43561805,1,57,-37,210,-1,-1,49,20,57,1.0
41,3,79,115820,117334,117334,118335,118335,118957,118989,125489,125489,126106,126139,126173,129256,1514,1001,622,6500,617,767,0,600,1679,3117,3083,1079,101.18183,13.43875029,0,6,-1,150,-1,1,51,5,6,2.0
41,3,80,129258,130781,130781,131785,131785,132390,132423,139923,139923,140524,140556,140591,143706,1523,1004,605,7500,601,49,0,600,2418,3150,3115,1818,115.631673,14.44984301,1,40,-20,200,-1,-1,49,20,40,1.0
41,3,81,143709,145232,145232,146238,146238,146845,146878,153878,153878,154507,154540,154573,157641,1523,1006,607,7000,629,495,0,600,1940,3101,3068,1340,129.5669992,13.93532619,1,10,4,180,1,1,51,14,10,2.0
41,3,82,157644,159161,159161,160163,160163,160763,160795,168795,168795,169426,169459,169493,172582,1517,1002,600,8000,631,418,0,600,2032,3123,3089,1432,144.5078036,14.94080444,1,20,-10,190,-1,-1,49,10,20,1.0
41,3,83,172584,174106,174106,175111,175111,175736,175768,184768,184768,185385,185417,185450,188528,1522,1005,625,9000,617,370,0,600,2061,3111,3078,1461,160.4537078,15.9459042,1,5,9,210,1,1,51,14,5,2.0
41,3,84,188531,190053,190053,191057,191057,191665,191697,197697,197697,198320,198353,198387,201473,1522,1004,608,6000,623,281,0,600,2162,3120,3086,1562,173.3987237,12.94501582,1,7,13,170,1,1,51,20,7,2.0
41,3,85,201475,202996,202996,204001,204001,204605,204637,213137,213137,213737,213769,213803,216910,1521,1005,604,8500,600,535,0,600,1935,3141,3107,1335,188.8358873,15.43716367,1,14,-4,200,-1,-1,49,10,14,1.0
41,3,86,216912,218433,218433,219437,219437,220058,220090,226590,226590,227205,227237,227270,230357,1521,1004,621,6500,615,347,0,600,2092,3120,3087,1492,202.2824342,13.44654684,1,2,3,190,1,1,51,5,2,2.0
41,3,87,230360,231886,231886,232893,232893,233520,233552,241552,241552,242166,242199,242232,245310,1526,1007,627,8000,614,440,0,600,1986,3111,3078,1386,217.2358061,14.95337198,1,2,5,180,1,1,51,7,2,2.0
41,3,88,245313,246838,246838,247846,247846,248470,248503,255503,255503,256123,256154,256189,259271,1525,1008,624,7000,620,443,0,600,1980,3117,3082,1380,231.197166,13.96135989,1,8,-1,170,-1,-1,49,7,8,1.0
41,3,89,259274,260793,260793,261797,261797,262400,262433,268433,268433,269036,269068,269102,272208,1519,1004,603,6000,603,462,0,600,2009,3140,3106,1409,244.1336771,12.9365111,0,20,8,190,1,-1,49,28,20,1.0
41,3,90,272211,273733,273733,274741,274741,275345,275377,282877,282877,283510,283543,283576,286673,1522,1008,604,7500,633,617,0,600,1816,3130,3097,1216,258.5988306,14.46515344,0,14,-4,200,-1,1,51,10,14,2.0
41,3,91,286675,288204,288204,289208,289208,289815,289848,296348,296348,296956,296988,297021,300129,1529,1004,607,6500,608,405,0,600,2047,3141,3108,1447,272.0553142,13.45648358,1,57,-37,160,-1,-1,49,20,57,1.0
41,3,92,300132,301659,301659,302662,302662,303269,303301,312301,312301,312903,312937,312970,316069,1527,1003,607,9000,602,360,0,600,2101,3132,3099,1501,287.994752,15.93943782,1,29,-1,170,-1,-1,49,28,29,1.0
41,3,93,316072,317597,317597,318606,318606,319211,319243,327743,327743,328344,328378,328411,331505,1525,1009,605,8500,601,286,0,600,2174,3127,3094,1574,303.4307199,15.43596791,1,40,-20,200,-1,-1,49,20,40,1.0
41,3,94,331508,333033,333033,334038,334038,334642,334676,341176,341176,341777,341810,341844,344954,1525,1005,604,6500,601,338,0,600,2127,3144,3110,1527,316.8794241,13.44870421,1,40,-26,190,-1,-1,49,14,40,1.0
41,3,95,344957,346480,346480,347487,347487,348091,348125,354125,354125,354726,354758,354792,357909,1523,1007,604,6000,601,440,0,600,2025,3151,3117,1425,329.834958,12.95553387,1,20,8,200,1,1,51,28,20,2.0
41,3,96,357912,359432,359432,360440,360440,361066,361098,368098,368098,368699,368734,368769,371856,1520,1008,626,7000,601,374,0,600,2071,3122,3087,1471,343.7812789,13.94632097,1,14,-7,150,-1,-1,49,7,14,1.0
41,3,97,371859,373384,373384,374387,374387,374994,375027,384027,384027,384652,384685,384718,387815,1525,1003,607,9000,625,557,0,600,1883,3130,3097,1283,359.7401656,15.9588867,1,7,7,160,1,1,51,14,7,2.0
41,3,98,387816,389337,389337,390337,390337,390955,390987,399487,399487,400109,400141,400175,403263,1521,1000,618,8500,622,735,0,600,1704,3122,3088,1104,375.1887252,15.44855956,1,6,-1,180,-1,-1,49,5,6,1.0
41,3,99,403265,404783,404783,405785,405785,406401,406434,414434,414434,415052,415084,415118,418227,1518,1002,616,8000,618,593,0,600,1853,3143,3109,1253,390.1524558,14.96373062,1,6,-1,200,-1,-1,49,5,6,1.0
41,3,100,418229,419754,419754,420756,420756,421357,421390,428890,428890,429521,429553,429587,432685,1525,1002,601,7500,631,485,0,600,1956,3132,3098,1356,404.6103015,14.45784568,1,20,-10,150,-1,-1,49,10,20,1.0
41,3,101,432687,434211,434211,435215,435215,435821,435854,444854,444854,445454,445487,445520,448628,1524,1004,606,9000,600,696,0,600,1770,3141,3108,1170,420.5539621,15.94366065,1,15,-1,160,-1,-1,49,14,15,1.0
41,3,102,448631,450151,450151,451159,451159,451764,451797,459797,459797,460423,460456,460489,463582,1520,1008,605,8000,626,351,0,600,2090,3126,3093,1490,435.5073106,14.95334848,1,7,7,190,1,1,51,14,7,2.0
41,3,103,463585,465104,465104,466113,466113,466715,466747,474247,474247,474877,474910,474944,478048,1519,1009,602,7500,630,499,0,600,1941,3138,3104,1341,449.9737424,14.46643177,1,7,3,160,1,1,51,10,7,2.0
41,3,104,478051,479576,479576,480580,480580,481209,481242,487742,487742,488375,488407,488440,491496,1525,1004,629,6500,633,351,0,600,2058,3089,3056,1458,463.4213641,13.44762175,1,14,-7,200,-1,-1,49,7,14,1.0
41,3,105,491499,493024,493024,494028,494028,494633,494666,501666,501666,502269,502301,502335,505435,1525,1004,605,7000,603,369,0,600,2094,3134,3100,1494,477.3601947,13.9388306,1,14,6,180,1,1,51,20,14,2.0
41,3,106,505438,506958,506958,507961,507961,508582,508615,517115,517115,517717,517749,517783,520888,1520,1003,621,8500,602,396,0,600,2058,3139,3105,1458,492.8126456,15.4524509,1,14,-9,180,-1,-1,49,5,14,1.0
41,3,107,520890,522414,522414,523421,523421,524025,524057,530057,530057,530689,530722,530757,533823,1524,1007,604,6000,632,358,0,600,2075,3101,3066,1475,505.7482527,12.93560705,1,10,18,190,1,1,51,28,10,2.0
41,3,108,533825,535347,535347,536353,536353,536956,536988,544488,544488,545104,545137,545171,548264,1522,1006,603,7500,616,330,0,600,2123,3127,3093,1523,520.1893059,14.44105321,1,4,3,160,1,1,51,7,4,2.0
41,4,109,48128,49652,49652,50667,50667,51275,51307,60307,60307,60909,60942,60977,64081,1524,1015,608,9000,602,941,0,600,1510,3139,3104,910,15.96596001,15.96596001,1,20,8,190,1,1,51,28,20,2.0
41,4,110,64086,65607,65607,66614,66614,67217,67250,75750,75750,76381,76414,76448,79543,1521,1007,603,8500,631,490,0,600,1948,3129,3095,1348,31.42624422,15.46028422,1,28,-8,210,-1,-1,49,20,28,1.0
41,4,111,79545,81061,81061,82065,82065,82685,82717,89217,89217,89839,89871,89904,92992,1516,1004,620,6500,622,420,0,600,2018,3121,3088,1418,44.87505149,13.44880727,1,5,9,200,1,1,51,14,5,2.0
41,4,112,92995,94513,94513,95517,95517,96121,96154,103654,103654,104273,104306,104340,107452,1518,1004,604,7500,619,371,0,600,2084,3146,3112,1484,59.33510487,14.46005338,1,4,6,160,1,1,51,10,4,2.0
41,4,113,107455,108972,108972,109974,109974,110604,110636,117636,117636,118254,118286,118319,121404,1517,1002,630,7000,618,345,0,600,2088,3118,3085,1488,73.28691947,13.9518146,1,4,1,180,1,1,51,5,4,2.0
41,4,114,121407,122930,122930,123934,123934,124539,124571,132571,132571,133187,133220,133253,136368,1523,1004,605,8000,616,448,0,600,2004,3148,3115,1404,88.25137243,14.96445295,1,5,5,160,1,1,51,10,5,2.0
41,4,115,136371,137889,137889,138893,138893,139517,139549,145549,145549,146181,146213,146248,149311,1518,1004,624,6000,632,745,0,600,1677,3098,3063,1077,101.1947293,12.94335689,1,10,-5,210,-1,-1,49,5,10,1.0
41,4,116,149314,150842,150842,151848,151848,152459,152491,160491,160491,161106,161139,161172,164265,1528,1006,611,8000,615,353,0,600,2087,3126,3093,1487,116.1480666,14.95333733,1,56,-28,210,-1,-1,49,28,56,1.0
41,4,117,164267,165789,165789,166794,166794,167400,167433,176433,176433,177035,177067,177100,180222,1522,1005,606,9000,602,509,0,600,1956,3155,3122,1356,132.1049177,15.95685108,1,28,-14,190,-1,-1,49,14,28,1.0
41,4,118,180225,181749,181749,182754,182754,183383,183415,189415,189415,190016,190048,190082,193178,1524,1005,629,6000,601,324,0,600,2117,3130,3096,1517,145.0609187,12.95600097,1,14,-7,150,-1,-1,49,7,14,1.0
41,4,119,193181,194704,194704,195711,195711,196317,196350,202850,202850,203481,203514,203547,206613,1523,1007,606,6500,631,330,0,600,2103,3099,3066,1503,158.4959961,13.43507742,1,20,8,180,1,1,51,28,20,2.0
41,4,120,206615,208142,208142,209146,209146,209753,209785,216785,216785,217414,217446,217479,220570,1527,1004,607,7000,629,351,0,600,2082,3124,3091,1482,172.452978,13.95698186,1,9,1,190,1,1,51,10,9,2.0
41,4,121,220573,222091,222091,223094,223094,223701,223733,231233,231233,231835,231867,231901,235017,1518,1003,607,7500,602,449,0,600,2021,3150,3116,1421,186.900085,14.44710705,0,13,1,150,1,-1,49,14,13,1.0
41,4,122,235020,236538,236538,237545,237545,238150,238182,246682,246682,247282,247314,247347,250459,1518,1007,605,8500,600,442,0,600,2028,3145,3112,1428,202.3419962,15.44191116,1,40,-12,170,-1,-1,49,28,40,1.0
41,4,123,250462,251986,251986,252988,252988,253593,253625,262125,262125,262756,262788,262822,265920,1524,1002,605,8500,631,780,0,600,1658,3132,3098,1058,217.8028047,15.46080857,1,13,1,180,1,1,51,14,13,2.0
41,4,124,265923,267444,267444,268446,268446,269072,269104,276604,276604,277222,277254,277288,280356,1521,1002,626,7500,618,362,0,600,2071,3102,3068,1471,232.2397764,14.43697171,1,4,1,150,1,1,51,5,4,2.0
41,4,125,280359,281877,281877,282880,282880,283485,283518,290018,290018,290648,290680,290713,293798,1518,1003,605,6500,630,474,0,600,1970,3118,3085,1370,245.6811545,13.44137807,0,27,1,210,1,-1,49,28,27,1.0
41,4,126,293800,295322,295322,296325,296325,296944,296976,302976,302976,303578,303611,303644,306735,1522,1003,619,6000,602,449,0,600,2005,3124,3091,1405,258.6179085,12.93675399,1,20,-13,170,-1,-1,49,7,20,1.0
41,4,127,306738,308260,308260,309266,309266,309892,309924,316924,316924,317557,317589,317622,320676,1522,1006,626,7000,633,445,0,600,1968,3087,3054,1368,272.5591089,13.94120042,1,10,-5,160,-1,-1,49,5,10,1.0
41,4,128,320679,322201,322201,323201,323201,323807,323839,332839,332839,333440,333472,333505,336626,1522,1000,606,9000,601,607,0,600,1864,3154,3121,1264,288.5089213,15.94981242,1,28,-14,150,-1,-1,49,14,28,1.0
41,4,129,336629,338149,338149,339156,339156,339761,339793,347793,347793,348393,348425,348460,351593,1520,1007,605,8000,600,523,0,600,1945,3168,3133,1345,303.4758167,14.9668954,0,19,1,170,1,-1,49,20,19,1.0
41,4,130,351596,353119,353119,354127,354127,354760,354792,363792,363792,364408,364440,364473,367553,1523,1008,633,9000,616,277,0,600,2143,3113,3080,1543,319.4355539,15.95973711,1,4,6,180,1,1,51,10,4,2.0
41,4,131,367556,369076,369076,370083,370083,370688,370721,377721,377721,378321,378353,378386,381509,1520,1007,605,7000,600,513,0,600,1955,3156,3123,1355,333.3918004,13.95624657,1,28,-8,180,-1,-1,49,20,28,1.0
41,4,132,381512,383037,383037,384042,384042,384646,384678,392178,392178,392780,392812,392846,395968,1525,1005,604,7500,602,478,0,600,1986,3156,3122,1386,347.8511387,14.45933828,1,28,-14,210,-1,-1,49,14,28,1.0
41,4,133,395971,397493,397493,398503,398503,399132,399164,407164,407164,407769,407802,407835,410921,1522,1010,629,8000,605,483,0,600,1951,3119,3086,1351,362.8029205,14.95178175,1,14,-7,200,-1,-1,49,7,14,1.0
41,4,134,410922,412441,412441,413444,413444,414050,414084,422584,422584,423209,423241,423274,426382,1519,1003,606,8500,625,530,0,600,1917,3141,3108,1317,378.2647509,15.46183045,1,7,3,150,1,1,51,10,7,2.0
41,4,135,426385,427905,427905,428912,428912,429534,429567,436067,436067,436687,436719,436753,439823,1520,1007,622,6500,620,329,0,600,2102,3104,3070,1502,391.7053307,13.44057979,1,6,1,170,1,1,51,7,6,2.0
41,4,136,439826,441354,441354,442360,442360,442993,443025,449025,449025,449656,449689,449722,452774,1528,1006,633,6000,631,476,0,600,1926,3085,3052,1326,404.6566206,12.95128995,1,20,-13,150,-1,-1,49,7,20,1.0
41,4,137,452777,454302,454302,455308,455308,455914,455946,463446,463446,464078,464111,464144,467224,1525,1006,606,7500,632,378,0,600,2053,3113,3080,1453,419.1064947,14.44987405,1,10,18,190,1,1,51,28,10,2.0
41,4,138,467227,468749,468749,469751,469751,470355,470388,477388,477388,478003,478035,478069,481174,1522,1002,604,7000,615,529,0,600,1928,3139,3105,1328,433.0565379,13.95004326,1,7,3,170,1,1,51,10,7,2.0
41,4,139,481177,482704,482704,483712,483712,484319,484351,492351,492351,492953,492985,493018,496114,1527,1008,607,8000,602,456,0,600,2000,3129,3096,1400,447.9960201,14.93948212,1,40,-20,170,-1,-1,49,20,40,1.0
41,4,140,496116,497638,497638,498643,498643,499269,499302,507802,507802,508421,508453,508487,511561,1522,1005,626,8500,619,533,0,600,1895,3108,3074,1295,463.4432226,15.44720257,1,7,-2,160,-1,-1,49,5,7,1.0
41,4,141,511562,513075,513075,514077,514077,514692,514725,523725,523725,524340,524373,524406,527524,1513,1002,615,9000,615,506,0,600,1949,3151,3118,1349,479.4056716,15.96244897,1,2,5,150,1,1,51,7,2,2.0
41,4,142,527526,529051,529051,530057,530057,530664,530696,537196,537196,537797,537830,537863,540968,1525,1006,607,6500,601,534,0,600,1927,3138,3105,1327,492.8504812,13.44480955,1,28,-8,150,-1,-1,49,20,28,1.0
41,4,143,540971,542494,542494,543499,543499,544104,544137,550137,550137,550740,550772,550805,553922,1523,1005,605,6000,603,503,0,600,1961,3150,3117,1361,505.8042786,12.95379749,0,19,1,190,1,-1,49,20,19,1.0
41,4,144,553925,555446,555446,556452,556452,557082,557114,565114,565114,565714,565746,565779,568859,1521,1006,630,8000,600,505,0,600,1938,3113,3080,1338,520.7416519,14.93737326,1,14,-9,150,-1,-1,49,5,14,1.0
41,5,145,16471,17993,17993,19007,19007,19623,19657,27657,27657,28258,28291,28327,31431,1522,1014,616,8000,601,493,0,600,1954,3140,3104,1354,14.97277476,14.97277476,1,20,-13,190,-1,-1,49,7,20,1.0
41,5,146,31435,32955,32955,33962,33962,34581,34613,43613,43613,44244,44276,44310,47382,1520,1007,619,9000,631,684,0,600,1739,3106,3072,1139,30.92235484,15.94958008,1,14,-7,210,-1,-1,49,7,14,1.0
41,5,147,47385,48905,48905,49911,49911,50513,50545,57545,57545,58160,58193,58227,61329,1520,1006,602,7000,615,426,0,600,2031,3136,3102,1431,44.8692303,13.94687546,1,7,7,150,1,1,51,14,7,2.0
41,5,148,61332,62859,62859,63868,63868,64471,64504,71004,71004,71629,71661,71695,74786,1527,1009,603,6500,625,485,0,600,1951,3125,3091,1351,58.32567741,13.45644712,1,5,5,180,1,1,51,10,5,2.0
41,5,149,74788,76303,76303,77306,77306,77907,77939,86439,86439,87065,87097,87130,90224,1515,1003,601,8500,626,583,0,600,1872,3127,3094,1272,73.76401184,15.43833442,1,10,-3,160,-1,-1,49,7,10,1.0
41,5,150,90227,91750,91750,92754,92754,93359,93391,100891,100891,101494,101528,101562,104667,1523,1004,605,7500,603,369,0,600,2096,3139,3105,1496,88.20695783,14.44294599,1,40,-12,200,-1,-1,49,28,40,1.0
41,5,151,104670,106190,106190,107192,107192,107822,107854,113854,113854,114455,114488,114522,117620,1520,1002,630,6000,601,493,0,600,1954,3132,3098,1354,101.1603928,12.95343496,1,21,-1,150,-1,-1,49,20,21,1.0
41,5,152,117623,119149,119149,120153,120153,120756,120788,127288,127288,127906,127938,127971,131076,1526,1004,603,6500,618,596,0,600,1853,3138,3105,1253,114.615909,13.45551624,1,5,5,190,1,1,51,10,5,2.0
41,5,153,131079,132598,132598,133604,133604,134209,134242,140242,140242,140843,140877,140910,144041,1519,1006,605,6000,601,554,0,600,1915,3164,3131,1315,127.5812522,12.96534314,1,40,-20,190,-1,-1,49,20,40,1.0
41,5,154,144044,145570,145570,146575,146575,147180,147213,154713,154713,155317,155349,155382,158499,1526,1005,605,7500,604,639,0,600,1821,3150,3117,1221,142.0397358,14.45848364,1,15,-1,190,-1,-1,49,14,15,1.0
41,5,155,158502,160029,160029,161035,161035,161637,161669,170169,170169,170783,170815,170848,173941,1527,1006,602,8500,614,450,0,600,2001,3126,3093,1401,157.4808737,15.44113789,1,4,6,190,1,1,51,10,4,2.0
41,5,156,173943,175473,175473,176479,176479,177085,177117,185117,185117,185735,185769,185802,188895,1530,1006,606,8000,618,417,0,600,2023,3126,3093,1423,172.4348113,14.95393762,1,57,-37,160,-1,-1,49,20,57,1.0
41,5,157,188898,190416,190416,191421,191421,192048,192080,201080,201080,201699,201731,201764,204846,1518,1005,627,9000,619,477,0,600,1954,3115,3082,1354,188.3862616,15.95145027,1,7,-2,160,-1,-1,49,5,7,1.0
41,5,158,204849,206373,206373,207378,207378,207986,208018,215018,215018,215649,215683,215717,218813,1524,1005,608,7000,631,911,0,600,1521,3130,3096,921,202.352855,13.96659345,0,14,6,190,1,-1,49,20,14,1.0
41,5,159,218816,220340,220340,221346,221346,221952,221985,229485,229485,230106,230139,230172,233259,1524,1006,606,7500,621,347,0,600,2096,3120,3087,1496,216.7990171,14.44616201,1,7,13,180,1,1,51,20,7,2.0
41,5,160,233262,234783,234783,235787,235787,236391,236424,243424,243424,244024,244056,244089,247197,1521,1004,604,7000,600,591,0,600,1880,3141,3108,1280,230.7369517,13.93793468,1,14,-9,160,-1,-1,49,5,14,1.0
41,5,161,247200,248725,248725,249730,249730,250335,250368,258868,258868,259470,259503,259536,262640,1525,1005,605,8500,602,690,0,600,1773,3137,3104,1173,246.1796081,15.4426564,1,20,8,200,1,1,51,28,20,2.0
41,5,162,262643,264164,264164,265169,265169,265773,265806,273806,273806,274431,274464,274497,277596,1521,1005,604,8000,625,457,0,600,1988,3132,3099,1388,261.1356555,14.95604737,1,5,5,180,1,1,51,10,5,2.0
41,5,163,277599,279122,279122,280129,280129,280759,280792,289792,289792,290423,290456,290489,293536,1523,1007,630,9000,631,498,0,600,1911,3080,3047,1311,277.0761523,15.94049676,1,10,-5,170,-1,-1,49,5,10,1.0
41,5,164,293539,295065,295065,296070,296070,296673,296706,302706,302706,303336,303368,303401,306474,1526,1005,603,6000,630,365,0,600,2071,3106,3073,1471,290.0135614,12.93740912,1,5,9,200,1,1,51,14,5,2.0
41,5,165,306477,308002,308002,309008,309008,309608,309640,316140,316140,316755,316787,316821,319924,1525,1006,600,6500,615,498,0,600,1956,3137,3103,1356,303.4640186,13.45045716,1,4,3,170,1,1,51,7,4,2.0
41,5,166,319927,321449,321449,322456,322456,323061,323095,329095,329095,329695,329728,329761,332887,1522,1007,605,6000,600,456,0,600,2010,3159,3126,1410,316.4268376,12.96281903,1,21,-1,190,-1,-1,49,20,21,1.0
41,5,167,332890,334409,334409,335414,335414,336017,336049,343049,343049,343680,343713,343746,346830,1519,1005,603,7000,631,572,0,600,1870,3117,3084,1270,330.3697638,13.94292626,1,10,18,190,1,1,51,28,10,2.0
41,5,168,346833,348358,348358,349364,349364,349966,349998,358998,358998,359598,359630,359664,362796,1525,1006,602,9000,600,590,0,600,1877,3166,3132,1277,346.3354752,15.96571139,1,10,18,200,1,1,51,28,10,2.0
41,5,169,362799,364319,364319,365326,365326,365946,365978,372478,372478,373099,373131,373164,376258,1520,1007,620,6500,621,648,0,600,1784,3127,3094,1184,359.7972879,13.46181267,1,14,-9,210,-1,-1,49,5,14,1.0
41,5,170,376260,377785,377785,378793,378794,379401,379434,387934,387934,388565,388597,388630,391713,1525,1008,607,8500,631,569,0,600,1860,3116,3083,1260,375.2525037,15.4552158,1,14,14,150,1,1,51,28,14,2.0
41,5,171,391716,393236,393236,394242,394242,394859,394891,402891,402891,403506,403539,403572,406664,1520,1006,617,8000,615,417,0,600,2025,3125,3092,1425,390.2030454,14.95054169,1,4,1,190,1,1,51,5,4,2.0
41,5,172,406666,408188,408188,409188,409188,409791,409823,417323,417323,417927,417961,417994,421112,1522,1000,603,7500,604,446,0,600,2025,3151,3118,1425,404.6517023,14.44865689,1,40,-26,190,-1,-1,49,14,40,1.0
41,5,173,421115,422637,422637,423643,423643,424249,424281,433281,433281,433914,433948,433981,437074,1522,1006,606,9000,633,447,0,600,1986,3126,3093,1386,420.613475,15.96177274,1,28,-14,180,-1,-1,49,14,28,1.0
41,5,174,437077,438601,438601,439608,439608,440210,440243,446743,446743,447375,447407,447440,450508,1524,1007,602,6500,632,680,0,600,1755,3101,3068,1155,434.0474251,13.43395007,0,11,-1,190,-1,1,51,10,11,2.0
41,5,175,450511,452038,452038,453043,453043,453672,453704,462204,462204,462825,462857,462890,465968,1527,1005,629,8500,621,404,0,600,2014,3111,3078,1414,449.5073905,15.45996539,1,3,2,210,1,1,51,5,3,2.0
41,5,176,465971,467494,467494,468498,468498,469101,469133,476633,476633,477266,477298,477331,480432,1523,1004,603,7500,633,488,0,600,1949,3134,3101,1349,463.9711005,14.46370997,1,20,-13,210,-1,-1,49,7,20,1.0
41,5,177,480435,481960,481960,482963,482963,483566,483600,489600,489600,490220,490252,490286,493384,1525,1003,603,6000,620,325,0,600,2124,3132,3098,1524,476.9234186,12.95231816,1,14,14,190,1,1,51,28,14,2.0
41,5,178,493387,494911,494911,495917,495917,496522,496556,504556,504556,505188,505220,505254,508330,1524,1006,605,8000,632,599,0,600,1834,3110,3076,1234,491.869641,14.94622243,1,8,-1,150,-1,-1,49,7,8,1.0
41,5,179,508333,509853,509853,510855,510855,511456,511489,518489,518489,519107,519140,519174,522267,1520,1002,601,7000,618,422,0,600,2037,3127,3093,1437,505.8065065,13.93686549,1,5,9,150,1,1,51,14,5,2.0
41,5,180,522270,523793,523793,524798,524798,525399,525432,533932,533932,534563,534597,534631,537728,1523,1005,601,8500,631,453,0,600,1987,3131,3097,1387,521.2680748,15.46156827,1,28,-18,150,-1,-1,49,10,28,1.0
41,6,181,13101,14629,14629,15640,15640,16248,16280,23280,23280,23881,23914,23949,27047,1528,1011,608,7000,601,353,0,600,2099,3133,3098,1499,13.95811163,13.95811163,1,14,14,150,1,1,51,28,14,2.0
41,6,182,27052,28579,28579,29586,29586,30202,30234,36234,36234,36857,36889,36922,39996,1527,1007,616,6000,623,430,0,600,1997,3107,3074,1397,26.90463993,12.9465283,1,7,7,160,1,1,51,14,7,2.0
41,6,183,39998,41524,41524,42527,42527,43157,43190,52190,52190,52822,52854,52888,55932,1526,1003,630,9000,632,532,0,600,1877,3078,3044,1277,42.84106575,15.93642582,1,10,-3,190,-1,-1,49,7,10,1.0
41,6,184,55935,57455,57455,58461,58461,59066,59098,67598,67598,68198,68231,68264,71390,1520,1006,605,8500,600,902,0,600,1567,3159,3126,967,58.29961237,15.45854663,1,10,10,160,1,1,51,20,10,2.0
41,6,185,71393,72919,72919,73925,73925,74530,74563,81063,81063,81681,81714,81747,84839,1526,1006,605,6500,618,481,0,600,1964,3125,3092,1364,71.74769278,13.44808041,1,5,5,170,1,1,51,10,5,2.0
41,6,186,84841,86369,86369,87377,87377,88005,88037,95537,95537,96154,96186,96220,99276,1528,1008,628,7500,617,452,0,600,1967,3090,3056,1367,86.18577377,14.43808099,1,2,5,200,1,1,51,7,2,2.0
41,6,187,99279,100803,100803,101807,101807,102411,102443,110443,110443,111061,111095,111129,114236,1524,1004,604,8000,618,502,0,600,1948,3141,3107,1348,101.1446641,14.95889032,1,5,9,200,1,1,51,14,5,2.0
41,6,188,114238,115765,115765,116771,116771,117378,117411,123911,123911,124513,124546,124579,127672,1527,1006,607,6500,602,483,0,600,1975,3126,3093,1375,114.5808872,13.43622316,0,13,1,180,1,-1,49,14,13,1.0
41,6,189,127675,129199,129199,130204,130204,130814,130846,138846,138846,139447,139480,139513,142613,1524,1005,610,8000,601,362,0,600,2098,3133,3100,1498,129.5219566,14.94106933,1,40,-12,180,-1,-1,49,28,40,1.0
41,6,190,142616,144142,144142,145145,145145,145773,145805,154305,154305,154921,154953,154987,158062,1526,1003,628,8500,616,499,0,600,1928,3109,3075,1328,144.9710468,15.44909024,1,7,-2,210,-1,-1,49,5,7,1.0
41,6,191,158065,159589,159589,160595,160595,161202,161235,167235,167235,167852,167885,167918,171019,1524,1006,607,6000,617,459,0,600,1987,3134,3101,1387,157.9277279,12.95668111,1,57,-37,200,-1,-1,49,20,57,1.0
41,6,192,171022,172547,172547,173551,173551,174154,174187,183187,183187,183788,183820,183853,186964,1525,1004,603,9000,601,436,0,600,2031,3144,3111,1431,173.8730963,15.9453684,1,28,-18,170,-1,-1,49,10,28,1.0
41,6,193,186967,188494,188494,189499,189499,190120,190152,197652,197652,198267,198299,198333,201415,1527,1005,621,7500,615,838,0,600,1594,3116,3082,994,188.3244636,14.45136724,0,4,1,190,1,-1,49,5,4,1.0
41,6,194,201418,202939,202939,203943,203943,204550,204582,211582,211582,212183,212215,212249,215352,1521,1004,607,7000,601,393,0,600,2074,3137,3103,1474,202.2609632,13.93649965,0,19,1,180,1,-1,49,20,19,1.0
41,6,195,215355,216880,216880,217886,217886,218516,218548,226048,226048,226679,226711,226744,229784,1525,1006,630,7500,631,435,0,600,1973,3073,3040,1373,216.692931,14.43196778,1,10,-3,160,-1,-1,49,7,10,1.0
41,6,196,229786,231312,231312,232316,232316,232933,232966,239966,239966,240591,240623,240656,243734,1526,1004,617,7000,625,728,0,600,1700,3111,3078,1100,230.6427386,13.9498076,1,7,-2,150,-1,-1,49,5,7,1.0
41,6,197,243737,245259,245259,246261,246261,246867,246900,255900,255900,256531,256565,256598,259677,1522,1002,606,9000,631,401,0,600,2038,3112,3079,1438,246.5853539,15.94261526,1,28,-14,170,-1,-1,49,14,28,1.0
41,6,198,259678,261204,261204,262213,262213,262820,262852,269352,269352,269965,269997,270030,273109,1526,1009,607,6500,613,400,0,600,2045,3112,3079,1445,260.0179575,13.43260363,1,79,-51,210,-1,-1,49,28,79,1.0
41,6,199,273112,274632,274632,275637,275637,276261,276293,284293,284293,284896,284929,284962,288067,1520,1005,624,8000,603,367,0,600,2081,3138,3105,1481,274.9757614,14.95780395,1,28,-14,150,-1,-1,49,14,28,1.0
41,6,200,288070,289594,289594,290600,290600,291226,291259,297259,297259,297873,297906,297940,301025,1524,1006,626,6000,614,410,0,600,2020,3119,3085,1420,287.933959,12.95819751,1,3,2,150,1,1,51,5,3,2.0
41,6,201,301028,302552,302552,303555,303555,304161,304193,312693,312693,313297,313329,313363,316487,1524,1003,606,8500,604,319,0,600,2144,3158,3124,1544,303.3962538,15.46229483,0,14,14,190,1,-1,49,28,14,1.0
41,6,202,316490,318014,318014,319018,319018,319625,319657,328157,328157,328763,328795,328828,331944,1524,1004,607,8500,606,373,0,600,2086,3149,3116,1486,318.8522832,15.45602944,1,40,-20,160,-1,-1,49,20,40,1.0
41,6,203,331946,333471,333471,334476,334476,335079,335111,341611,341611,342233,342265,342298,345385,1525,1005,603,6500,622,319,0,600,2126,3120,3087,1526,332.29422,13.44193677,1,7,3,160,1,1,51,10,7,2.0
41,6,204,345388,346912,346912,347917,347917,348547,348580,356580,356580,357181,357213,357246,360347,1524,1005,630,8000,601,424,0,600,2016,3134,3101,1416,347.2555603,14.9613403,1,14,-7,200,-1,-1,49,7,14,1.0
41,6,205,360350,361873,361873,362882,362882,363486,363518,369518,369518,370118,370150,370183,373284,1523,1009,604,6000,600,301,0,600,2163,3134,3101,1563,360.1925285,12.93696825,1,28,-18,200,-1,-1,49,10,28,1.0
41,6,206,373287,374810,374810,375817,375817,376448,376482,383982,383982,384600,384633,384666,387729,1523,1007,631,7500,618,461,0,600,1960,3096,3063,1360,374.6374309,14.44490236,1,2,3,210,1,1,51,5,2,2.0
41,6,207,387732,389256,389256,390261,390261,390867,390900,399900,399900,400517,400550,400583,403680,1524,1005,606,9000,617,428,0,600,2020,3130,3097,1420,390.5883858,15.95095485,1,56,-28,180,-1,-1,49,28,56,1.0
41,6,208,403683,405208,405208,406213,406213,406836,406869,413869,413869,414487,414520,414553,417628,1525,1005,623,7000,618,400,0,600,2029,3108,3075,1429,404.5364817,13.94809593,1,4,6,150,1,1,51,10,4,2.0
41,6,209,417631,419157,419157,420161,420161,420786,420819,426819,426819,427436,427468,427502,430594,1526,1004,625,6000,617,644,0,600,1784,3126,3092,1184,417.5023224,12.96584067,1,3,2,190,1,1,51,5,3,2.0
41,6,210,430596,432122,432122,433125,433125,433747,433779,441779,441779,442398,442430,442464,445543,1526,1003,622,8000,619,502,0,600,1928,3113,3079,1328,432.4516846,14.94936221,1,4,6,200,1,1,51,10,4,2.0
41,6,211,445546,447067,447067,448075,448075,448680,448712,455712,455712,456315,456348,456381,459492,1521,1008,605,7000,603,437,0,600,2026,3144,3111,1426,446.4003431,13.94865855,1,28,-8,150,-1,-1,49,20,28,1.0
41,6,212,459495,461020,461020,462024,462024,462652,462685,469185,469185,469808,469840,469873,472952,1525,1004,628,6500,623,374,0,600,2046,3112,3079,1446,459.8602681,13.45992501,1,6,1,200,1,1,51,7,6,2.0
41,6,213,472955,474479,474479,475484,475484,476085,476117,483617,483617,484233,484265,484299,487400,1524,1005,601,7500,616,394,0,600,2060,3135,3101,1460,474.3085779,14.44830974,1,4,3,160,1,1,51,7,4,2.0
41,6,214,487403,488922,488922,489927,489927,490534,490566,499066,499066,499686,499720,499753,502854,1519,1005,607,8500,620,362,0,600,2087,3134,3101,1487,489.7622748,15.45369699,1,79,-51,150,-1,-1,49,28,79,1.0
41,6,215,502857,504382,504382,505390,505390,505992,506025,515025,515025,515657,515690,515722,518789,1525,1008,602,9000,632,195,0,600,2238,3099,3067,1638,505.6981317,15.93585687,0,19,1,180,1,-1,49,20,19,1.0
41,6,216,518793,520315,520315,521322,521322,521924,521957,528957,528957,529588,529620,529653,532734,1522,1007,602,7000,631,374,0,600,2064,3114,3081,1464,519.6420853,13.94395356,1,10,4,190,1,1,51,14,10,2.0
42,1,1,65305,66831,66831,67862,67862,68467,68500,74500,74500,75128,75161,75197,78265,1526,1031,605,6000,628,674,0,600,1736,3104,3068,1136,12.99229957,12.99229957,1,5,2,210,1,1,51,7,5,2.0
42,1,2,78305,79831,79831,80846,80846,81477,81509,88009,88009,88627,88659,88692,91752,1526,1015,631,6500,618,808,0,600,1602,3093,3060,1002,26.44008309,13.44778352,1,4,1,150,1,1,51,5,4,2.0
42,1,3,91754,93270,93270,94275,94275,94882,94914,103914,103914,104546,104578,104612,107687,1516,1005,607,9000,632,791,0,600,1649,3109,3075,1049,42.37569639,15.9356133,1,40,-12,150,-1,-1,49,28,40,1.0
42,1,4,107690,109213,109213,110220,110220,110823,110857,118857,118857,119463,119496,119530,122642,1523,1007,603,8000,606,1154,0,600,1307,3146,3112,707,57.33117747,14.95548108,1,40,-12,200,-1,-1,49,28,40,1.0
42,1,5,122645,124168,124168,125173,125173,125778,125811,134311,134311,134911,134943,134976,138101,1523,1005,605,8500,600,746,0,600,1721,3158,3125,1121,72.78968698,15.45850951,1,14,14,200,1,1,51,28,14,2.0
42,1,6,138104,139627,139627,140633,140633,141238,141271,148771,148771,149389,149421,149455,152537,1523,1006,605,7500,618,637,0,600,1811,3116,3082,1211,87.22551951,14.43583253,1,4,6,170,1,1,51,10,4,2.0
42,1,7,152540,154063,154063,155069,155069,155675,155707,162707,162707,163339,163371,163405,166491,1523,1006,606,7000,632,571,0,600,1862,3120,3086,1262,101.1799076,13.95438808,1,20,-6,160,-1,-1,49,14,20,1.0
42,1,8,166494,168019,168019,169024,169024,169628,169661,177661,177661,178292,178324,178358,181433,1525,1005,604,8000,631,305,0,600,2130,3109,3075,1530,116.1218236,14.94191606,1,7,13,190,1,1,51,20,7,2.0
42,1,9,181436,182958,182958,183964,183964,184567,184600,190600,190600,191215,191247,191281,194397,1522,1006,603,6000,615,768,0,600,1686,3150,3116,1086,129.0856067,12.96378301,1,2,5,190,1,1,51,7,2,2.0
42,1,10,194400,195922,195922,196926,196926,197550,197584,204584,204584,205189,205223,205257,208347,1522,1004,624,7000,605,512,0,600,1933,3124,3090,1333,143.0354663,13.94985968,1,40,-20,200,-1,-1,49,20,40,1.0
42,1,11,208350,209874,209874,210882,210882,211488,211521,220021,220021,220621,220653,220686,223788,1524,1008,606,8500,600,1238,0,600,1224,3135,3102,624,158.4771086,15.44164228,1,40,-12,210,-1,-1,49,28,40,1.0
42,1,12,223791,225312,225312,226313,226313,226941,226973,235973,235973,236601,236633,236666,239729,1521,1001,628,9000,628,610,0,600,1812,3096,3063,1212,174.4176767,15.94056811,1,5,9,200,1,1,51,14,5,2.0
42,1,13,239732,241253,241253,242259,242259,242861,242893,249393,249393,250008,250040,250073,253168,1521,1006,602,6500,615,903,0,600,1553,3128,3095,953,187.8567705,13.43909375,1,2,5,160,1,1,51,7,2,2.0
42,1,14,253171,254693,254693,255698,255698,256303,256336,263836,263836,264437,264470,264503,267621,1522,1005,605,7500,601,892,0,600,1575,3151,3118,975,202.3095332,14.45276274,0,10,4,210,1,-1,49,14,10,1.0
42,1,15,267624,269149,269149,270153,270153,270757,270789,278789,278789,279391,279424,279458,282563,1525,1004,604,8000,602,1567,0,600,898,3139,3105,298,217.2515397,14.94200646,0,29,-1,150,-1,1,51,28,29,2.0
42,1,16,282566,284085,284085,285091,285091,285697,285729,293229,293229,293859,293891,293926,297022,1519,1006,606,7500,630,396,0,600,2043,3131,3096,1443,231.7109692,14.45942954,1,7,7,190,1,1,51,14,7,2.0
42,1,17,297025,298546,298546,299554,299554,300161,300193,306693,306693,307293,307325,307358,310476,1521,1008,607,6500,600,315,0,600,2149,3151,3118,1549,245.1638471,13.45287786,1,10,10,200,1,1,51,20,10,2.0
42,1,18,310479,312004,312004,313006,313006,313625,313658,322158,322158,322775,322807,322840,325941,1525,1002,619,8500,617,1496,0,600,941,3134,3101,341,260.6298072,15.46596012,1,5,2,190,1,1,51,7,5,2.0
42,1,19,325944,327466,327466,328469,328469,329095,329127,338127,338127,338759,338791,338824,341874,1522,1003,626,9000,632,542,0,600,1875,3083,3050,1275,276.5614143,15.93160713,1,11,-1,170,-1,-1,49,10,11,1.0
42,1,20,341877,343394,343394,344401,344401,345006,345038,352038,352038,352638,352671,352703,355832,1517,1007,605,7000,600,1198,0,600,1273,3161,3129,673,290.5199183,13.95850394,0,11,-1,210,-1,1,51,10,11,2.0
42,1,21,355834,357353,357353,358361,358361,358961,358993,364993,364993,365624,365656,365689,368785,1519,1008,600,6000,631,1815,0,600,627,3129,3096,27,303.472994,12.9530757,1,6,-1,160,-1,-1,49,5,6,1.0
42,1,22,368788,370313,370313,371319,371319,371925,371957,380457,380457,381073,381105,381138,384247,1525,1006,606,8500,616,311,0,600,2136,3142,3109,1536,318.9350588,15.46206485,1,4,6,190,1,1,51,10,4,2.0
42,1,23,384250,385773,385773,386773,386773,387375,387407,394907,394907,395507,395539,395572,398703,1523,1000,602,7500,600,1236,0,600,1239,3164,3131,639,333.3915375,14.4564787,1,7,3,170,1,1,51,10,7,2.0
42,1,24,398706,400229,400229,401234,401234,401840,401872,408872,408872,409505,409538,409572,412662,1523,1005,606,7000,633,548,0,600,1885,3124,3090,1285,347.3505622,13.95902467,1,28,-8,180,-1,-1,49,20,28,1.0
42,1,25,412665,414186,414186,415191,415191,415811,415844,423844,423844,424444,424476,424510,427603,1521,1005,620,8000,600,1910,0,600,544,3127,3093,-56,362.2911544,14.94059222,0,8,-1,210,-1,1,51,7,8,2.0
42,1,26,427606,429129,429129,430133,430133,430738,430770,436770,436770,437370,437403,437436,440540,1523,1004,605,6000,600,274,0,600,2194,3137,3104,1594,375.2281928,12.93703839,1,28,-14,150,-1,-1,49,14,28,1.0
42,1,27,440543,442070,442070,443072,443072,443702,443734,452734,452734,453365,453397,453431,456498,1527,1002,630,9000,631,1982,0,600,428,3101,3067,-172,391.1861709,15.95797808,1,7,-2,190,-1,-1,49,5,7,1.0
42,1,28,456500,458020,458020,459023,459023,459626,459659,466159,466159,466759,466792,466825,469951,1520,1003,603,6500,600,778,0,600,1696,3159,3126,1096,404.6395029,13.453332,1,14,-4,190,-1,-1,49,10,14,1.0
42,1,29,469954,471479,471479,472484,472484,473089,473121,482121,482121,482752,482784,482818,485895,1525,1005,605,9000,631,735,0,600,1699,3111,3077,1099,420.5829944,15.94349152,1,14,14,150,1,1,51,28,14,2.0
42,1,30,485898,487415,487415,488417,488417,489021,489054,496054,496054,496672,496705,496738,499860,1517,1002,604,7000,618,477,0,600,1982,3155,3122,1382,434.5480392,13.96504476,1,2,5,150,1,1,51,7,2,2.0
42,1,31,499862,501382,501382,502384,502384,503006,503038,510538,510538,511170,511203,511237,514307,1520,1002,622,7500,632,982,0,600,1442,3104,3070,842,448.995188,14.44714887,1,6,-1,160,-1,-1,49,5,6,1.0
42,1,32,514309,515831,515831,516836,516836,517438,517471,525971,525971,526572,526604,526637,529751,1522,1005,602,8500,601,675,0,600,1795,3147,3114,1195,464.4388928,15.44370473,1,21,-1,190,-1,-1,49,20,21,1.0
42,1,33,529753,531274,531274,532276,532276,532879,532912,538912,538912,539512,539544,539579,542713,1521,1002,603,6000,600,1144,0,600,1330,3169,3134,730,477.4009556,12.96206289,1,7,7,190,1,1,51,14,7,2.0
42,1,34,542716,544241,544241,545246,545246,545850,545882,553882,553882,554483,554516,554549,557674,1525,1005,604,8000,601,452,0,600,2013,3158,3125,1413,492.3624158,14.96146019,1,40,-20,210,-1,-1,49,20,40,1.0
42,1,35,557677,559197,559197,560204,560204,560804,560836,567336,567336,567966,567998,568032,571108,1520,1007,600,6500,630,2216,0,600,227,3110,3076,-373,505.7963613,13.43394547,1,6,-1,150,-1,-1,49,5,6,1.0
42,1,36,571111,572637,572637,573646,573646,574275,574308,582808,582808,583408,583440,583473,586555,1526,1009,629,8500,600,352,0,600,2084,3115,3082,1484,521.2426399,15.44627857,1,14,-9,180,-1,-1,49,5,14,1.0
42,2,37,33775,35296,35296,36308,36308,36917,36949,43449,43449,44069,44101,44136,47227,1521,1012,609,6500,620,273,0,600,2165,3126,3091,1565,13.46529504,13.46529504,1,56,-28,200,-1,-1,49,28,56,1.0
42,2,38,47232,48759,48759,49767,49767,50387,50420,57920,57920,58536,58568,58601,61673,1527,1008,620,7500,616,335,0,600,2094,3105,3072,1494,27.90878008,14.44348504,1,14,-7,200,-1,-1,49,7,14,1.0
42,2,39,61676,63196,63196,64200,64200,64810,64842,70842,70842,71459,71494,71528,74617,1520,1004,610,6000,617,228,0,600,2221,3123,3089,1621,40.85261363,12.94383356,1,79,-51,190,-1,-1,49,28,79,1.0
42,2,40,74619,76142,76142,77147,77147,77752,77784,86284,86284,86916,86949,86982,90079,1523,1005,605,8500,632,1011,0,600,1424,3130,3097,824,56.31541378,15.46280015,0,21,-1,180,-1,1,51,20,21,2.0
42,2,41,90082,91605,91605,92608,92608,93240,93272,101272,101272,101872,101905,101939,105040,1523,1003,632,8000,600,1953,0,600,489,3135,3101,-111,71.27554291,14.96012912,0,6,-1,190,-1,1,51,5,6,2.0
42,2,42,105043,106565,106565,107569,107569,108172,108205,115205,115205,115837,115869,115904,119004,1522,1004,603,7000,632,300,0,600,2139,3135,3100,1539,85.2403264,13.96478349,1,20,-10,200,-1,-1,49,10,20,1.0
42,2,43,119007,120531,120531,121538,121538,122156,122188,131188,131188,131804,131837,131870,134965,1524,1007,618,9000,616,782,0,600,1653,3128,3095,1053,101.1997877,15.95946133,1,4,1,160,1,1,51,5,4,2.0
42,2,44,134967,136489,136489,137492,137492,138095,138128,147128,147128,147729,147763,147798,150902,1522,1003,603,9000,601,296,0,600,2175,3139,3104,1575,117.1376807,15.93789302,1,40,-12,180,-1,-1,49,28,40,1.0
42,2,45,150905,152430,152430,153438,153438,154044,154078,160578,160578,161198,161230,161263,164352,1525,1008,606,6500,620,444,0,600,1997,3122,3089,1397,130.5877832,13.45010241,1,5,9,210,1,1,51,14,5,2.0
42,2,46,164355,165878,165878,166884,166884,167486,167519,175019,175019,175633,175665,175698,178788,1523,1006,602,7500,614,262,0,600,2193,3123,3090,1593,145.0241292,14.43634603,1,2,5,190,1,1,51,7,2,2.0
42,2,47,178791,180310,180310,181314,181314,181919,181951,188951,188951,189583,189616,189649,192727,1519,1004,605,7000,632,1219,0,600,1221,3111,3078,621,158.9617832,13.93765405,1,14,6,150,1,1,51,20,14,2.0
42,2,48,192730,194258,194258,195261,195261,195868,195900,201900,201900,202500,202533,202566,205684,1528,1003,607,6000,600,346,0,600,2116,3151,3118,1516,171.9189492,12.95716594,1,7,7,160,1,1,51,14,7,2.0
42,2,49,205686,207209,207209,208211,208211,208816,208848,217348,217348,217981,218013,218046,221136,1523,1002,605,8500,633,286,0,600,2151,3123,3090,1551,187.3710532,15.45210399,1,20,-6,180,-1,-1,49,14,20,1.0
42,2,50,221139,222664,222664,223672,223672,224279,224311,232311,232311,232911,232945,232978,236078,1525,1008,607,8000,600,1335,0,600,1125,3133,3100,525,202.3134225,14.94236929,1,40,-12,210,-1,-1,49,28,40,1.0
42,2,51,236080,237599,237599,238604,238604,239208,239240,248240,248240,248854,248886,248919,252030,1519,1005,604,9000,614,240,0,600,2218,3144,3111,1618,218.2652177,15.95179525,1,10,10,180,1,1,51,20,10,2.0
42,2,52,252032,253560,253560,254565,254565,255170,255203,262203,262203,262803,262835,262868,265972,1528,1005,605,7000,600,201,0,600,2261,3137,3104,1661,232.2069801,13.94176237,1,10,10,190,1,1,51,20,10,2.0
42,2,53,265975,267503,267503,268508,268508,269113,269145,275145,275145,275775,275807,275840,278917,1528,1005,605,6000,630,276,0,600,2156,3110,3077,1556,245.1526826,12.94570254,1,10,4,210,1,1,51,14,10,2.0
42,2,54,278920,280444,280444,281444,281444,282047,282080,288580,288580,289180,289212,289246,292379,1524,1000,603,6500,600,302,0,600,2171,3167,3133,1571,258.6140764,13.46139374,1,14,-7,210,-1,-1,49,7,14,1.0
42,2,55,292380,293902,293902,294907,294907,295516,295550,303050,303050,303650,303682,303716,306832,1522,1005,609,7500,600,408,0,600,2056,3150,3116,1456,273.067088,14.45301166,1,40,-12,170,-1,-1,49,28,40,1.0
42,2,56,306835,308357,308357,309363,309363,309993,310026,318026,318026,318627,318660,318693,321790,1522,1006,630,8000,601,167,0,600,2274,3130,3097,1674,288.0255606,14.9584726,1,14,6,170,1,1,51,20,14,2.0
42,2,57,321793,323318,323318,324323,324323,324930,324962,333462,333462,334091,334124,334157,337235,1525,1005,607,8500,629,569,0,600,1865,3111,3078,1265,303.4700064,15.44444575,0,6,-1,190,-1,1,51,5,6,2.0
42,2,58,337238,338758,338758,339763,339763,340366,340398,347898,347898,348521,348554,348587,351699,1520,1005,603,7500,623,145,0,600,2304,3145,3112,1704,317.9340475,14.46404111,1,5,5,150,1,1,51,10,5,2.0
42,2,59,351702,353225,353225,354231,354231,354837,354869,361869,361869,362486,362518,362551,365639,1523,1006,606,7000,617,833,0,600,1615,3121,3088,1015,331.8745059,13.94045842,1,5,9,160,1,1,51,14,5,2.0
42,2,60,365641,367166,367166,368174,368174,368804,368837,377837,377837,378451,378483,378516,381577,1525,1008,630,9000,614,327,0,600,2096,3094,3061,1496,347.8114222,15.93691634,1,2,3,200,1,1,51,5,2,2.0
42,2,61,381579,383101,383101,384103,384103,384729,384762,392762,392762,393378,393410,393443,396527,1522,1002,626,8000,616,635,0,600,1799,3117,3084,1199,362.7627721,14.95134986,1,4,3,190,1,1,51,7,4,2.0
42,2,62,396530,398058,398058,399062,399062,399666,399698,408198,408198,408813,408846,408882,411975,1528,1004,604,8500,615,518,0,600,1931,3129,3093,1331,378.2097468,15.44697469,1,5,2,170,1,1,51,7,5,2.0
42,2,63,411978,413505,413505,414512,414512,415117,415149,421649,421649,422249,422282,422315,425409,1527,1007,605,6500,600,355,0,600,2106,3127,3094,1506,391.6444725,13.43472567,1,14,-4,190,-1,-1,49,10,14,1.0
42,2,64,425412,426934,426934,427935,427935,428539,428571,434571,434571,435204,435237,435271,438360,1522,1001,604,6000,633,192,0,600,2248,3123,3089,1648,404.5955348,12.95106237,1,28,-18,200,-1,-1,49,10,28,1.0
42,2,65,438363,439881,439881,440888,440888,441488,441520,450520,450520,451142,451175,451209,454304,1518,1007,600,9000,622,460,0,600,1993,3129,3095,1393,420.5390185,15.94348369,1,4,1,160,1,1,51,5,4,2.0
42,2,66,454307,455831,455831,456835,456835,457443,457475,465475,465475,466079,466112,466148,469244,1524,1004,608,8000,604,417,0,600,2043,3132,3096,1443,435.4790996,14.94008113,1,28,-14,180,-1,-1,49,14,28,1.0
42,2,67,469247,470772,470772,471779,471779,472407,472439,478439,478439,479071,479104,479137,482198,1525,1007,628,6000,632,1265,0,600,1143,3094,3061,543,448.4331809,12.95408131,1,10,-5,170,-1,-1,49,5,10,1.0
42,2,68,482200,483719,483719,484724,484724,485326,485358,492358,492358,492961,492993,493026,496135,1519,1005,602,7000,603,594,0,600,1877,3142,3109,1277,462.3699361,13.93675512,0,8,-1,150,-1,1,51,7,8,2.0
42,2,69,496137,497659,497659,498665,498665,499273,499305,505805,505805,506407,506440,506473,509594,1522,1006,608,6500,602,380,0,600,2082,3154,3121,1482,475.8285583,13.45862222,1,20,-10,150,-1,-1,49,10,20,1.0
42,2,70,509597,511115,511115,512119,512119,512721,512754,520254,520254,520871,520903,520936,524039,1518,1004,602,7500,617,820,0,600,1639,3136,3103,1039,490.2744038,14.44584553,1,4,6,170,1,1,51,10,4,2.0
42,2,71,524042,525566,525566,526572,526572,527179,527211,535711,535711,536343,536375,536408,539477,1524,1006,607,8500,632,395,0,600,2036,3102,3069,1436,505.7114993,15.43709549,1,10,10,180,1,1,51,20,10,2.0
42,2,72,539480,541002,541002,542008,542008,542613,542645,550645,550645,551245,551277,551312,554433,1522,1006,605,8000,600,283,0,600,2184,3156,3121,1584,520.6675192,14.9560199,1,10,18,150,1,1,51,28,10,2.0
42,3,73,15459,16983,16983,18000,18000,18613,18645,26145,26145,26747,26779,26815,29912,1524,1017,613,7500,602,314,0,600,2130,3133,3097,1530,14.46583114,14.46583114,1,7,7,180,1,1,51,14,7,2.0
42,3,74,29917,31448,31448,32453,32453,33059,33092,40092,40092,40708,40740,40773,43857,1531,1005,606,7000,616,441,0,600,2001,3117,3084,1401,28.40825106,13.94241992,1,14,14,200,1,1,51,28,14,2.0
42,3,75,43860,45380,45380,46385,46385,46992,47025,55025,55025,55642,55675,55708,58796,1520,1005,607,8000,617,255,0,600,2196,3121,3088,1596,43.34726812,14.93901706,1,10,18,170,1,1,51,28,10,2.0
42,3,76,58799,60324,60324,61329,61329,61933,61965,70465,70465,71098,71130,71163,74244,1525,1005,604,8500,633,927,0,600,1506,3114,3081,906,58.79514264,15.44787452,1,40,-12,210,-1,-1,49,28,40,1.0
42,3,77,74246,75769,75769,76777,76777,77381,77414,86414,86414,87015,87047,87081,90192,1523,1008,604,9000,601,181,0,600,2283,3145,3111,1683,74.74389786,15.94875522,1,7,7,200,1,1,51,14,7,2.0
42,3,78,90195,91713,91713,92719,92719,93323,93355,99355,99355,99972,100004,100038,103126,1518,1006,604,6000,617,415,0,600,2040,3122,3088,1440,87.67757046,12.93367259,1,2,5,150,1,1,51,7,2,2.0
42,3,79,103129,104652,104652,105654,105654,106261,106293,112793,112793,113396,113428,113462,116584,1523,1002,607,6500,603,288,0,600,2177,3156,3122,1577,101.1348598,13.45728934,1,57,-37,190,-1,-1,49,20,57,1.0
42,3,80,116586,118106,118106,119111,119111,119717,119749,126749,126749,127383,127415,127448,130544,1520,1005,606,7000,634,198,0,600,2237,3129,3096,1637,115.096345,13.9614852,1,10,4,200,1,1,51,14,10,2.0
42,3,81,130548,132071,132071,133075,133075,133679,133712,142712,142712,143313,143345,143378,146498,1523,1004,604,9000,601,288,0,600,2180,3153,3120,1580,131.0493134,15.95296842,1,7,7,200,1,1,51,14,7,2.0
42,3,82,146501,148023,148023,149026,149026,149630,149662,155662,155662,156295,156328,156362,159438,1522,1003,604,6000,633,148,0,600,2290,3110,3076,1690,143.9886975,12.9393841,1,14,-7,150,-1,-1,49,7,14,1.0
42,3,83,159440,160962,160962,161967,161967,162570,162602,170602,170602,171222,171255,171288,174397,1522,1005,603,8000,620,279,0,600,2171,3142,3109,1571,158.9482725,14.95957494,1,4,6,170,1,1,51,10,4,2.0
42,3,84,174399,175925,175925,176928,176928,177546,177578,184078,184078,184695,184727,184760,187842,1526,1003,618,6500,617,1344,0,600,1092,3115,3082,492,172.3930485,13.44477603,0,6,-1,160,-1,1,51,5,6,2.0
42,3,85,187844,189368,189368,190371,190371,190979,191011,199511,199511,200111,200144,200177,203286,1524,1003,608,8500,600,502,0,600,1963,3142,3109,1363,187.8377697,15.44472119,1,21,-1,210,-1,-1,49,20,21,1.0
42,3,86,203289,204812,204812,205819,205819,206425,206458,213958,213958,214558,214590,214623,217735,1523,1007,606,7500,600,795,0,600,1669,3145,3112,1069,202.2864455,14.44867582,0,14,-4,200,-1,1,51,10,14,2.0
42,3,87,217738,219262,219262,220266,220266,220874,220906,228906,228906,229521,229553,229587,232674,1524,1004,608,8000,615,242,0,600,2207,3121,3087,1607,217.225672,14.9392265,1,4,3,150,1,1,51,7,4,2.0
42,3,88,232677,234198,234198,235205,235205,235808,235841,242341,242341,242969,243002,243035,246133,1521,1007,603,6500,628,393,0,600,2048,3131,3098,1448,230.6844557,13.45878374,1,6,-1,190,-1,-1,49,5,6,1.0
42,3,89,246135,247657,247657,248662,248662,249282,249314,258314,258314,258940,258973,259007,262079,1522,1005,620,9000,626,632,0,600,1795,3106,3072,1195,246.6310005,15.94654481,1,5,2,210,1,1,51,7,5,2.0
42,3,90,262083,263603,263603,264608,264608,265211,265244,273744,273744,274370,274402,274436,277516,1520,1005,603,8500,626,121,0,600,2325,3114,3080,1725,262.067578,15.43657747,1,28,-8,150,-1,-1,49,20,28,1.0
42,3,91,277519,279041,279041,280043,280043,280650,280682,287682,287682,288283,288315,288348,291452,1522,1002,607,7000,601,787,0,600,1681,3137,3104,1081,276.0029379,13.93535986,1,10,18,170,1,1,51,28,10,2.0
42,3,92,291454,292978,292978,293983,293983,294615,294647,300647,300647,301252,301285,301319,304397,1524,1005,632,6000,605,142,0,600,2292,3112,3078,1692,288.9478894,12.94495157,1,40,-20,190,-1,-1,49,20,40,1.0
42,3,93,304399,305927,305927,306933,306933,307536,307568,315068,315068,315684,315716,315750,318845,1528,1006,603,7500,616,228,0,600,2219,3129,3095,1619,303.3962121,14.44832263,1,4,6,190,1,1,51,10,4,2.0
42,3,94,318848,320371,320371,321373,321373,321975,322008,330008,330008,330642,330675,330708,333783,1523,1002,602,8000,634,624,0,600,1815,3108,3075,1215,318.3339966,14.93778453,1,14,-9,150,-1,-1,49,5,14,1.0
42,3,95,333786,335311,335311,336318,336318,336925,336958,344458,344458,345061,345094,345127,348230,1525,1007,607,7500,603,1210,0,600,1248,3136,3103,648,332.7807679,14.44677128,0,11,-1,160,-1,1,51,10,11,2.0
42,3,96,348233,349755,349755,350758,350758,351362,351395,360395,360395,360995,361027,361061,364181,1522,1003,604,9000,600,1288,0,600,1183,3154,3120,583,348.7318007,15.95103284,1,21,-1,200,-1,-1,49,20,21,1.0
42,3,97,364183,365705,365705,366709,366709,367326,367359,373359,373359,373975,374007,374040,377130,1522,1004,617,6000,616,417,0,600,2024,3123,3090,1424,361.6814525,12.94965174,1,2,5,190,1,1,51,7,2,2.0
42,3,98,377133,378660,378660,379662,379663,380267,380299,386799,386799,387423,387456,387489,390595,1527,1002,604,6500,624,298,0,600,2145,3139,3106,1545,375.1453742,13.46392178,1,14,14,170,1,1,51,28,14,2.0
42,3,99,390597,392122,392122,393129,393129,393733,393765,402265,402265,402885,402918,402951,406029,1525,1007,604,8500,620,306,0,600,2138,3111,3078,1538,390.5791018,15.43372759,1,7,3,170,1,1,51,10,7,2.0
42,3,100,406031,407558,407558,408564,408564,409185,409217,416217,416217,416837,416869,416902,419965,1527,1006,621,7000,620,522,0,600,1904,3096,3063,1304,404.5162819,13.93718002,1,5,9,150,1,1,51,14,5,2.0
42,3,101,419968,421488,421488,422494,422494,423100,423132,430632,430632,431262,431295,431329,434415,1520,1006,606,7500,630,1704,0,600,734,3120,3086,134,418.9654136,14.44913176,1,11,-1,170,-1,-1,49,10,11,1.0
42,3,102,434417,435937,435937,436942,436942,437548,437580,444580,444580,445197,445229,445262,448362,1520,1005,606,7000,617,195,0,600,2257,3133,3100,1657,432.9130945,13.94768091,1,56,-28,190,-1,-1,49,28,56,1.0
42,3,103,448365,449889,449889,450900,450900,451503,451536,457536,457536,458150,458182,458217,461326,1524,1011,603,6000,614,243,0,600,2205,3144,3109,1605,445.8764427,12.96334816,1,2,5,190,1,1,51,7,2,2.0
42,3,104,461328,462853,462853,463857,463857,464475,464507,473007,473007,473624,473656,473690,476772,1525,1004,618,8500,617,248,0,600,2188,3116,3082,1588,461.3233402,15.44689754,1,2,3,190,1,1,51,5,2,2.0
42,3,105,476775,478295,478295,479299,479299,479904,479936,487936,487936,488536,488570,488604,491712,1520,1004,605,8000,600,46,0,600,2425,3142,3108,1825,476.2626888,14.93934854,1,28,-14,200,-1,-1,49,14,28,1.0
42,3,106,491715,493239,493239,494245,494245,494876,494908,501408,501408,502023,502056,502090,505173,1524,1006,631,6500,615,794,0,600,1630,3117,3083,1030,489.7243073,13.46161855,1,4,1,160,1,1,51,5,4,2.0
42,3,107,505177,506701,506701,507708,507708,508315,508347,517347,517347,517981,518013,518047,521131,1524,1007,607,9000,634,321,0,600,2107,3118,3084,1507,505.6831352,15.95882789,1,10,10,180,1,1,51,20,10,2.0
42,3,108,521135,522655,522655,523659,523659,524289,524323,533323,533323,533956,533988,534021,537067,1520,1004,630,9000,633,272,0,600,2141,3079,3046,1541,521.6176817,15.93454651,1,7,-2,200,-1,-1,49,5,7,1.0
42,4,109,51446,52972,52972,53990,53990,54621,54653,61653,61653,62254,62286,62323,65419,1526,1018,631,7000,601,1189,0,600,1235,3133,3096,635,13.98558607,13.98558607,0,40,-12,160,-1,1,51,28,40,2.0
42,4,110,65423,66942,66942,67949,67949,68568,68600,77100,77100,77701,77733,77766,80866,1519,1007,619,8500,601,231,0,600,2223,3133,3100,1623,29.42997125,15.44438518,1,20,-13,200,-1,-1,49,7,20,1.0
42,4,111,80868,82389,82389,83395,83395,83999,84032,92032,92032,92632,92664,92697,95813,1521,1006,604,8000,600,411,0,600,2058,3149,3116,1458,44.37783628,14.94786503,1,40,-26,190,-1,-1,49,14,40,1.0
42,4,112,95815,97339,97339,98342,98342,98946,98978,104978,104978,105602,105635,105670,108749,1524,1003,604,6000,624,244,0,600,2201,3114,3079,1601,57.3133884,12.93555212,1,79,-51,150,-1,-1,49,28,79,1.0
42,4,113,108752,110277,110277,111280,111280,111889,111922,118422,118422,119050,119082,119115,122188,1525,1003,609,6500,628,266,0,600,2169,3106,3073,1569,70.75185504,13.43846664,1,7,3,160,1,1,51,10,7,2.0
42,4,114,122191,123713,123713,124718,124718,125322,125355,134355,134355,134955,134988,135022,138125,1522,1005,604,9000,600,103,0,600,2366,3137,3103,1766,86.69011963,15.93826458,1,40,-26,150,-1,-1,49,14,40,1.0
42,4,115,138128,139655,139655,140663,140663,141270,141302,148802,148802,149432,149465,149498,152564,1527,1008,607,7500,630,1107,0,600,1321,3099,3066,721,101.1286586,14.43853896,1,14,-4,160,-1,-1,49,10,14,1.0
42,4,116,152567,154091,154091,155098,155098,155699,155731,161731,161731,162332,162365,162398,165517,1524,1007,601,6000,601,383,0,600,2084,3152,3119,1484,114.0813443,12.95268575,1,20,-13,200,-1,-1,49,7,20,1.0
42,4,117,165520,167045,167045,168050,168050,168657,168690,177690,177690,178308,178341,178374,181457,1525,1005,607,9000,618,414,0,600,2031,3116,3083,1431,130.0212835,15.93993919,1,56,-28,150,-1,-1,49,28,56,1.0
42,4,118,181460,182983,182983,183992,183992,184592,184624,192124,192124,192742,192774,192808,195912,1523,1009,600,7500,618,658,0,600,1792,3138,3104,1192,144.4768036,14.45552011,1,4,6,210,1,1,51,10,4,2.0
42,4,119,195915,197435,197435,198439,198439,199044,199077,207577,207577,208194,208226,208260,211374,1520,1004,605,8500,617,307,0,600,2147,3148,3114,1547,159.938531,15.46172734,1,79,-51,200,-1,-1,49,28,79,1.0
42,4,120,211377,212902,212902,213910,213910,214515,214548,221548,221548,222149,222181,222214,225308,1525,1008,605,7000,601,1234,0,600,1227,3127,3094,627,173.8722867,13.93375577,1,20,-10,200,-1,-1,49,10,20,1.0
42,4,121,225310,226831,226831,227862,227862,228481,228513,236513,236513,237130,237164,237197,240242,1521,1031,619,8000,617,568,0,600,1844,3078,3045,1244,188.8068043,14.93451758,1,4,1,160,1,1,51,5,4,2.0
42,4,122,240244,241768,241768,242776,242776,243382,243415,249915,249915,250516,250548,250582,253697,1524,1008,606,6500,601,1478,0,600,983,3149,3115,383,202.2612938,13.45448949,0,21,-1,190,-1,1,51,20,21,2.0
42,4,123,253700,255223,255223,256228,256228,256837,256870,263370,263370,263970,264002,264036,267166,1523,1005,609,6500,600,171,0,600,2292,3164,3130,1692,215.7305655,13.46927167,1,28,-14,210,-1,-1,49,14,28,1.0
42,4,124,267169,268694,268694,269697,269697,270310,270342,277842,277842,278461,278493,278526,281626,1525,1003,613,7500,619,528,0,600,1912,3133,3100,1312,230.1908653,14.46029984,1,4,6,150,1,1,51,10,4,2.0
42,4,125,281629,283153,283153,284158,284158,284762,284795,291795,291795,292396,292428,292461,295589,1524,1005,604,7000,601,486,0,600,1980,3161,3128,1380,244.1532922,13.96242693,1,14,14,160,1,1,51,28,14,2.0
42,4,126,295592,297119,297119,298124,298124,298728,298760,307260,307260,307888,307920,307953,311034,1527,1005,604,8500,628,377,0,600,2059,3114,3081,1459,259.5988415,15.4455493,1,7,13,170,1,1,51,20,7,2.0
42,4,127,311037,312560,312560,313567,313567,314173,314206,322206,322206,322807,322839,322872,325976,1523,1007,606,8000,601,1694,0,600,769,3137,3104,169,274.5395365,14.94069498,0,14,6,210,1,-1,49,20,14,1.0
42,4,128,325979,327502,327502,328507,328507,329135,329168,338168,338168,338798,338830,338864,341913,1523,1005,628,9000,630,1053,0,600,1361,3083,3049,761,290.4776378,15.93810125,0,8,-1,180,-1,1,51,7,8,2.0
42,4,129,341916,343443,343443,344448,344448,345056,345088,351088,351088,351688,351720,351754,354862,1527,1005,608,6000,600,827,0,600,1633,3142,3108,1033,303.4267305,12.94909274,0,10,4,150,1,-1,49,14,10,1.0
42,4,130,354865,356391,356391,357400,357400,358019,358052,364552,364552,365184,365217,365251,368309,1526,1009,619,6500,632,905,0,600,1509,3092,3058,909,316.8727936,13.4460631,1,14,-9,150,-1,-1,49,5,14,1.0
42,4,131,368312,369831,369831,370833,370833,371434,371466,379966,379966,380598,380631,380664,383770,1519,1002,601,8500,632,1018,0,600,1428,3139,3106,828,332.3338215,15.4610279,1,10,-3,210,-1,-1,49,7,10,1.0
42,4,132,383773,385295,385295,386298,386298,386903,386935,393935,393935,394537,394569,394602,397704,1522,1003,605,7000,602,466,0,600,2002,3135,3102,1402,346.2686974,13.93487589,1,20,8,190,1,1,51,28,20,2.0
42,4,133,397707,399232,399232,400239,400239,400841,400873,406873,406873,407504,407536,407568,410637,1525,1007,602,6000,631,137,0,600,2298,3101,3069,1698,359.2010163,12.93231892,1,28,-18,210,-1,-1,49,10,28,1.0
42,4,134,410639,412165,412165,413171,413171,413772,413804,421304,421304,421922,421955,421989,425087,1526,1006,601,7500,618,196,0,600,2253,3132,3098,1653,373.6506046,14.44958831,1,2,5,150,1,1,51,7,2,2.0
42,4,135,425090,426613,426613,427617,427617,428221,428254,437254,437254,437886,437918,437951,441050,1523,1004,604,9000,632,454,0,600,1983,3132,3099,1383,389.6135815,15.96297689,1,28,-8,170,-1,-1,49,20,28,1.0
42,4,136,441053,442578,442578,443588,443588,444215,444247,452247,452247,452869,452901,452934,456014,1525,1010,627,8000,622,502,0,600,1914,3113,3080,1314,404.5785696,14.96498811,0,6,-1,180,-1,1,51,5,6,2.0
42,4,137,456017,457544,457544,458550,458550,459172,459204,465204,465204,465822,465855,465888,468977,1527,1006,622,6000,618,252,0,600,2175,3122,3089,1575,417.5414932,12.96292355,1,10,-5,150,-1,-1,49,5,10,1.0
42,4,138,468980,470502,470502,471508,471508,472128,472160,480660,480660,481293,481326,481360,484435,1522,1006,620,8500,633,463,0,600,1956,3109,3075,1356,432.9987232,15.45722997,1,20,-6,160,-1,-1,49,14,20,1.0
42,4,139,484438,485960,485960,486966,486966,487569,487601,495101,495101,495720,495754,495787,498872,1522,1006,603,7500,619,416,0,600,2034,3118,3085,1434,447.4363915,14.43766836,1,14,6,170,1,1,51,20,14,2.0
42,4,140,498875,500396,500396,501403,501403,502028,502061,511061,511061,511685,511718,511751,514823,1521,1007,625,9000,624,365,0,600,2058,3105,3072,1458,463.3878622,15.9514707,0,6,-1,210,-1,1,51,5,6,2.0
42,4,141,514826,516351,516351,517355,517355,517957,517990,524490,524490,525117,525150,525183,528261,1525,1004,602,6500,627,215,0,600,2227,3111,3078,1627,476.8247441,13.43688183,1,8,-1,190,-1,-1,49,7,8,1.0
42,4,142,528264,529786,529786,530789,530789,531417,531449,538449,538449,539066,539099,539133,542205,1522,1003,628,7000,617,885,0,600,1545,3106,3072,945,490.7692777,13.94453359,0,6,-1,190,-1,1,51,5,6,2.0
42,4,143,542208,543733,543733,544743,544743,545350,545382,553382,553382,553983,554016,554049,557148,1525,1010,607,8000,601,975,0,600,1482,3132,3099,882,505.7114936,14.9422159,1,15,-1,160,-1,-1,49,14,15,1.0
42,4,144,557151,558673,558673,559679,559679,560286,560318,567318,567318,567935,567968,568001,571106,1522,1006,607,7000,617,304,0,600,2144,3138,3105,1544,519.6692197,13.95772615,1,10,10,190,1,1,51,20,10,2.0
42,5,145,24118,25643,25643,26659,26659,27284,27316,33816,33816,34418,34451,34487,37574,1525,1016,625,6500,602,635,0,600,1797,3123,3087,1197,13.4682308,13.4682308,1,10,-3,190,-1,-1,49,7,10,1.0
42,5,146,37579,39098,39098,40099,40099,40706,40739,49239,49239,49865,49898,49931,53040,1519,1001,607,8500,626,501,0,600,1946,3142,3109,1346,28.93138685,15.46315605,1,14,6,160,1,1,51,20,14,2.0
42,5,147,53043,54566,54566,55571,55571,56177,56210,63710,63710,64311,64343,64378,67477,1523,1005,606,7500,601,1232,0,600,1233,3134,3099,633,43.36831027,14.43692342,1,10,4,170,1,1,51,14,10,2.0
42,5,148,67480,69003,69003,70008,70008,70614,70647,77647,77647,78250,78283,78317,81438,1523,1005,606,7000,603,252,0,600,2211,3155,3121,1611,57.33023213,13.96192186,1,14,-4,170,-1,-1,49,10,14,1.0
42,5,149,81440,82968,82968,83978,83978,84598,84631,90631,90631,91253,91285,91319,94383,1528,1010,620,6000,622,1010,0,600,1410,3098,3064,810,70.27423112,12.943999,1,5,2,180,1,1,51,7,5,2.0
42,5,150,94385,95910,95910,96916,96916,97523,97556,105556,105556,106188,106220,106253,109333,1525,1006,607,8000,632,210,0,600,2220,3113,3080,1620,85.22486527,14.95063415,1,56,-28,150,-1,-1,49,28,56,1.0
42,5,151,109336,110860,110860,111863,111863,112488,112520,121520,121520,122139,122171,122205,125274,1524,1003,625,9000,619,399,0,600,2030,3103,3069,1430,101.1663166,15.94145137,1,4,1,190,1,1,51,5,4,2.0
42,5,152,125277,126803,126803,127811,127811,128414,128449,136949,136949,137549,137581,137614,140731,1526,1008,603,8500,600,411,0,600,2052,3150,3117,1452,116.6228285,15.45651185,1,20,8,190,1,1,51,28,20,2.0
42,5,153,140734,142254,142254,143258,143258,143861,143893,150893,150893,151494,151527,151560,154667,1520,1004,603,7000,601,173,0,600,2299,3140,3107,1699,130.5583785,13.93555001,1,20,-13,180,-1,-1,49,7,20,1.0
42,5,154,154670,156189,156189,157194,157194,157805,157839,165839,165839,166457,166490,166523,169616,1519,1005,611,8000,618,133,0,600,2314,3126,3093,1714,145.5076964,14.94931785,1,57,-37,180,-1,-1,49,20,57,1.0
42,5,155,169618,171140,171140,172144,172144,172753,172786,181786,181786,182417,182449,182483,185560,1522,1004,609,9000,631,763,0,600,1671,3111,3077,1071,161.450895,15.94319861,1,7,7,170,1,1,51,14,7,2.0
42,5,156,185562,187081,187081,188089,188089,188692,188724,196224,196224,196838,196871,196904,200020,1519,1008,603,7500,614,1481,0,600,975,3149,3116,375,175.9108115,14.45991652,1,7,3,180,1,1,51,10,7,2.0
42,5,157,200022,201543,201543,202553,202553,203156,203188,209188,209188,209790,209822,209856,212963,1521,1010,603,6000,602,1176,0,600,1288,3141,3107,688,188.8542536,12.9434421,1,14,6,180,1,1,51,20,14,2.0
42,5,158,212965,214492,214492,215494,215494,216098,216131,222631,222631,223246,223280,223313,226401,1527,1002,604,6500,615,575,0,600,1877,3121,3088,1277,202.2925117,13.43825811,1,79,-51,190,-1,-1,49,28,79,1.0
42,5,159,226404,227928,227928,228934,228934,229560,229592,235592,235592,236210,236242,236275,239334,1524,1006,626,6000,618,641,0,600,1785,3092,3059,1185,215.2260821,12.93357044,1,14,-9,170,-1,-1,49,5,14,1.0
42,5,160,239337,240858,240858,241864,241864,242486,242519,249519,249519,250137,250169,250202,253285,1521,1006,622,7000,618,732,0,600,1701,3116,3083,1101,229.1761329,13.95005073,1,3,2,170,1,1,51,5,3,2.0
42,5,161,253288,254809,254809,255816,255816,256423,256456,263956,263956,264589,264622,264655,267722,1521,1007,607,7500,633,452,0,600,1980,3100,3067,1380,243.6133739,14.43724105,0,13,1,180,1,-1,49,14,13,1.0
42,5,162,267724,269249,269249,270253,270253,270857,270890,279390,279390,279990,280024,280058,283165,1525,1004,604,8500,600,242,0,600,2225,3141,3107,1625,259.0567866,15.44341272,1,28,-18,160,-1,-1,49,10,28,1.0
42,5,163,283168,284686,284686,285692,285692,286293,286325,294325,294325,294943,294976,295009,298110,1518,1006,601,8000,618,624,0,600,1833,3134,3101,1233,274.0009682,14.94418162,1,4,6,210,1,1,51,10,4,2.0
42,5,164,298112,299635,299635,300639,300639,301240,301273,307773,307773,308405,308437,308471,311566,1523,1004,601,6500,632,1198,0,600,1242,3129,3095,642,287.4579273,13.45695906,1,19,1,210,1,1,51,20,19,2.0
42,5,165,311568,313094,313094,314096,314096,314714,314747,323747,323747,324366,324399,324432,327524,1526,1002,618,9000,619,480,0,600,1955,3125,3092,1355,303.4154395,15.95751219,1,5,2,150,1,1,51,7,5,2.0
42,5,166,327527,329050,329050,330059,330059,330663,330696,336696,336696,337296,337330,337364,340479,1523,1009,604,6000,600,248,0,600,2216,3149,3115,1616,316.3707563,12.95531685,1,40,-20,160,-1,-1,49,20,40,1.0
42,5,167,340483,342008,342008,343011,343011,343616,343649,351649,351649,352251,352283,352316,355415,1525,1003,605,8000,602,234,0,600,2231,3132,3099,1631,331.3070432,14.93628682,1,10,4,210,1,1,51,14,10,2.0
42,5,168,355418,356946,356946,357954,357954,358583,358615,367615,367615,368248,368281,368314,371376,1528,1008,629,9000,633,677,0,600,1725,3095,3062,1125,347.2677005,15.96065739,1,10,-5,200,-1,-1,49,5,10,1.0
42,5,169,371379,372901,372901,373907,373907,374512,374545,381545,381545,382178,382211,382244,385329,1522,1006,605,7000,633,443,0,600,1991,3118,3085,1391,361.2208618,13.95316128,1,7,3,190,1,1,51,10,7,2.0
42,5,170,385333,386855,386855,387860,387860,388485,388518,396018,396018,396637,396670,396704,399773,1522,1005,625,7500,619,718,0,600,1711,3103,3069,1111,375.664424,14.44356219,1,4,1,170,1,1,51,5,4,2.0
42,5,171,399775,401295,401295,402298,402298,402901,402933,411433,411433,412035,412068,412101,415228,1520,1003,603,8500,602,165,0,600,2307,3160,3127,1707,391.1195141,15.45509008,1,56,-28,160,-1,-1,49,28,56,1.0
42,5,172,415231,416755,416755,417761,417761,418381,418413,424913,424913,425513,425545,425579,428688,1524,1006,620,6500,600,688,0,600,1762,3143,3109,1162,404.5797603,13.4602462,1,20,-6,200,-1,-1,49,14,20,1.0
42,5,173,428691,430219,430219,431225,431225,431831,431863,440863,440863,441495,441527,441561,444627,1528,1006,606,9000,632,364,0,600,2064,3100,3066,1464,420.5187189,15.9389586,1,14,-7,200,-1,-1,49,7,14,1.0
42,5,174,444630,446153,446153,447160,447160,447764,447797,455797,455797,456429,456462,456496,459579,1523,1007,604,8000,632,474,0,600,1960,3117,3083,1360,435.4706763,14.95195738,1,28,-14,160,-1,-1,49,14,28,1.0
42,5,175,459582,461108,461108,462118,462118,462721,462753,471253,471253,471886,471919,471953,475018,1526,1010,603,8500,633,1299,0,600,1129,3099,3065,529,450.9090383,15.43836207,1,9,1,200,1,1,51,10,9,2.0
42,5,176,475021,476548,476548,477557,477557,478162,478195,485695,485695,486314,486347,486381,489459,1527,1009,605,7500,619,444,0,600,1996,3112,3078,1396,465.3499917,14.44095339,1,79,-51,170,-1,-1,49,28,79,1.0
42,5,177,489462,490985,490985,491991,491991,492598,492631,498631,498631,499249,499282,499315,502416,1523,1006,607,6000,618,324,0,600,2122,3134,3101,1522,478.3073671,12.95737538,1,56,-28,200,-1,-1,49,28,56,1.0
42,5,178,502418,503944,503944,504950,504950,505570,505602,512602,512602,513202,513235,513268,516365,1526,1006,620,7000,600,749,0,600,1699,3130,3097,1099,492.2560202,13.94865307,1,10,-3,190,-1,-1,49,7,10,1.0
42,5,179,516366,517893,517893,518899,518899,519505,519537,526037,526037,526639,526671,526704,529802,1527,1006,606,6500,602,1035,0,600,1424,3131,3098,824,505.6936662,13.43764606,1,40,-20,160,-1,-1,49,20,40,1.0
42,5,180,529805,531334,531334,532342,532342,532970,533002,539502,539502,540119,540152,540185,543259,1529,1008,628,6500,617,433,0,600,1985,3107,3074,1385,519.1496118,13.45594561,1,3,2,200,1,1,51,5,3,2.0
42,6,181,16890,18412,18412,19432,19432,20033,20065,26565,26565,27165,27199,27234,30337,1522,1020,601,6500,600,645,0,600,1812,3138,3103,1212,13.45904983,13.45904983,1,14,-4,190,-1,-1,49,10,14,1.0
42,6,182,30342,31865,31865,32872,32872,33476,33509,42009,42009,42631,42664,42698,45784,1523,1007,604,8500,622,179,0,600,2265,3120,3086,1665,28.90367037,15.44462053,1,79,-51,180,-1,-1,49,28,79,1.0
42,6,183,45787,47313,47313,48319,48319,48945,48978,57978,57978,58590,58622,58655,61720,1526,1006,626,9000,612,392,0,600,2038,3098,3065,1438,44.84075366,15.93708329,1,2,5,190,1,1,51,7,2,2.0
42,6,184,61723,63242,63242,64254,64254,64854,64885,72885,72885,73508,73540,73573,76662,1519,1012,600,8000,623,574,0,600,1872,3122,3089,1272,59.7822876,14.94153394,1,5,2,170,1,1,51,7,5,2.0
42,6,185,76665,78193,78193,79203,79203,79810,79843,85843,85843,86462,86494,86527,89618,1528,1010,607,6000,619,321,0,600,2115,3124,3091,1515,72.73735131,12.95506371,1,4,6,170,1,1,51,10,4,2.0
42,6,186,89620,91144,91144,92149,92149,92780,92812,100312,100312,100944,100977,101010,104058,1524,1005,631,7500,632,765,0,600,1643,3081,3048,1043,87.1785283,14.44117699,1,20,-13,200,-1,-1,49,7,20,1.0
42,6,187,104061,105582,105582,106582,106582,107187,107220,114220,114220,114820,114852,114886,118021,1521,1000,605,7000,600,913,0,600,1561,3169,3135,961,101.1407741,13.96224581,1,10,18,200,1,1,51,28,10,2.0
42,6,188,118023,119549,119549,120550,120550,121158,121190,128190,128190,128794,128826,128860,131976,1526,1001,608,7000,604,410,0,600,2051,3150,3116,1451,115.0960051,13.95523096,1,21,-1,210,-1,-1,49,20,21,1.0
42,6,189,131978,133504,133504,134507,134507,135111,135145,141645,141645,142245,142278,142311,145416,1526,1003,604,6500,600,1759,0,600,708,3138,3105,108,128.5364998,13.44049473,1,20,8,150,1,1,51,28,20,2.0
42,6,190,145419,146940,146940,147947,147947,148551,148584,157584,157584,158184,158217,158250,161373,1521,1007,604,9000,600,323,0,600,2145,3156,3123,1545,144.49285,15.95635018,1,21,-1,180,-1,-1,49,20,21,1.0
42,6,191,161376,162899,162899,163902,163902,164505,164538,172538,172538,173138,173171,173205,176314,1523,1003,603,8000,600,174,0,600,2297,3143,3109,1697,159.4334696,14.94061964,1,20,-13,170,-1,-1,49,7,20,1.0
42,6,192,176317,177843,177843,178850,178850,179450,179482,185482,185482,186109,186142,186175,189254,1526,1007,600,6000,627,1281,0,600,1159,3112,3079,559,172.3733648,12.9398952,1,8,-1,210,-1,-1,49,7,8,1.0
42,6,193,189257,190782,190782,191783,191783,192406,192438,200938,200938,201557,201589,201621,204687,1525,1001,623,8500,619,1493,0,600,939,3098,3066,339,187.8068185,15.43345366,0,6,-1,210,-1,1,51,5,6,2.0
42,6,194,204689,206209,206209,207238,207238,207844,207876,215376,215376,215990,216022,216056,219122,1520,1029,606,7500,614,555,0,600,1876,3100,3066,1276,202.2422237,14.43540521,1,4,6,170,1,1,51,10,4,2.0
42,6,195,219125,220648,220648,221655,221655,222256,222289,231289,231289,231912,231945,231978,235077,1523,1007,601,9000,623,943,0,600,1503,3132,3099,903,218.1971153,15.95489164,1,10,-3,210,-1,-1,49,7,10,1.0
42,6,196,235080,236602,236602,237610,237610,238230,238262,244262,244262,244886,244918,244952,248015,1522,1008,620,6000,624,555,0,600,1871,3097,3063,1271,231.1338753,12.93675994,0,15,-1,150,-1,1,51,14,15,2.0
42,6,197,248017,249541,249541,250544,250544,251166,251199,259699,259699,260313,260345,260379,263458,1524,1003,622,8500,614,405,0,600,2032,3113,3079,1432,246.5777144,15.44383913,1,2,3,180,1,1,51,5,2,2.0
42,6,198,263460,264982,264982,265987,265987,266610,266642,273142,273142,273760,273793,273827,276906,1522,1005,623,6500,618,309,0,600,2123,3113,3079,1523,260.0262233,13.44850887,1,4,6,200,1,1,51,10,4,2.0
42,6,199,276909,278438,278438,279445,279445,280068,280101,287101,287101,287729,287762,287796,290862,1529,1007,623,7000,628,357,0,600,2056,3100,3066,1456,273.9807877,13.95456437,1,7,-2,190,-1,-1,49,5,7,1.0
42,6,200,290863,292386,292386,293394,293394,293998,294032,302032,302032,302634,302667,302701,305804,1523,1008,604,8000,602,691,0,600,1772,3137,3103,1172,288.9238754,14.94308771,1,40,-20,170,-1,-1,49,20,40,1.0
42,6,201,305807,307328,307328,308336,308336,308941,308974,316474,316474,317074,317106,317139,320254,1521,1008,605,7500,600,244,0,600,2222,3148,3115,1622,303.3729348,14.44905944,1,28,-14,180,-1,-1,49,14,28,1.0
42,6,202,320256,321782,321782,322788,322788,323396,323428,329928,329928,330528,330561,330595,333702,1526,1006,608,6500,600,1732,0,600,728,3141,3107,128,316.8216832,13.44874844,1,20,-6,180,-1,-1,49,14,20,1.0
42,6,203,333705,335226,335226,336232,336232,336854,336887,344887,344887,345512,345545,345579,348644,1521,1006,622,8000,625,1200,0,600,1226,3099,3065,626,331.7641857,14.94250249,1,6,-1,200,-1,-1,49,5,6,1.0
42,6,204,348647,350172,350172,351179,351179,351784,351817,358817,358817,359418,359450,359483,362587,1525,1007,605,7000,601,1498,0,600,964,3137,3104,364,345.7067367,13.942551,1,10,18,190,1,1,51,28,10,2.0
42,6,205,362590,364111,364111,365118,365118,365723,365755,371755,371755,372355,372387,372421,375537,1521,1007,605,6000,600,377,0,600,2090,3150,3116,1490,358.6560353,12.94929856,1,10,10,150,1,1,51,20,10,2.0
42,6,206,375539,377068,377068,378076,378076,378704,378736,386236,386236,386854,386887,386920,389999,1529,1008,628,7500,618,212,0,600,2205,3112,3079,1605,373.1175999,14.46156461,1,5,5,180,1,1,51,10,5,2.0
42,6,207,390001,391526,391526,392532,392532,393139,393172,402172,402172,402805,402837,402872,405941,1525,1006,607,9000,633,1531,0,600,898,3104,3069,298,389.0612129,15.94361297,1,14,6,210,1,1,51,20,14,2.0
42,6,208,405944,407466,407466,408472,408472,409097,409130,417630,417630,418248,418281,418314,421388,1522,1006,625,8500,618,593,0,600,1836,3107,3074,1236,404.5072452,15.44603236,1,2,3,150,1,1,51,5,2,2.0
42,6,209,421391,422912,422912,423921,423921,424527,424559,431059,431059,431661,431693,431727,434852,1521,1009,606,6500,602,540,0,600,1922,3159,3125,1322,417.971064,13.46381872,1,10,10,190,1,1,51,20,10,2.0
42,6,210,434855,436378,436378,437384,437384,438005,438037,444037,444037,444668,444700,444734,447808,1523,1006,621,6000,631,981,0,600,1438,3108,3074,838,430.9279303,12.95686639,1,7,-2,210,-1,-1,49,5,7,1.0
42,6,211,447811,449336,449336,450339,450339,450946,450979,459479,459479,460080,460112,460146,463262,1525,1003,607,8500,601,310,0,600,2154,3150,3116,1554,446.3807359,15.45280553,1,28,-14,170,-1,-1,49,14,28,1.0
42,6,212,463265,464790,464790,465794,465794,466398,466432,473432,473432,474036,474068,474102,477197,1525,1004,604,7000,604,490,0,600,1973,3129,3095,1373,460.31664,13.9359041,1,10,4,160,1,1,51,14,10,2.0
42,6,213,477199,478724,478724,479732,479732,480332,480364,487864,487864,488465,488498,488532,491634,1525,1008,600,7500,601,299,0,600,2167,3136,3102,1567,474.7534182,14.43677817,1,40,-26,190,-1,-1,49,14,40,1.0
42,6,214,491636,493165,493165,494171,494171,494775,494808,503808,503808,504409,504441,504474,507588,1529,1006,604,9000,601,924,0,600,1536,3147,3114,936,490.7069013,15.95348312,1,40,-12,190,-1,-1,49,28,40,1.0
42,6,215,507591,509109,509109,510114,510114,510719,510751,518751,518751,519351,519383,519417,522539,1518,1005,605,8000,600,283,0,600,2189,3156,3122,1589,505.6588032,14.95190193,1,28,-18,170,-1,-1,49,10,28,1.0
42,6,216,522542,524063,524063,525070,525070,525676,525708,531708,531708,532339,532373,532406,535502,1521,1007,606,6000,631,256,0,600,2179,3129,3096,1579,518.6208055,12.96200232,1,10,18,180,1,1,51,28,10,2.0
43,1,1,70795,72320,72320,73351,73351,73980,74013,80013,80013,80618,80652,80687,83746,1525,1031,629,6000,605,697,0,600,1713,3094,3059,1113,12.98832083,12.98832083,1,40,-12,170,-1,-1,49,28,40,1.0
43,1,2,83805,85330,85330,86348,86348,86949,86981,94481,94481,95100,95132,95166,98261,1525,1018,601,7500,619,553,0,600,1884,3129,3095,1284,27.44566773,14.4573469,1,2,5,200,1,1,51,7,2,2.0
43,1,3,98264,99785,99785,100791,100791,101398,101430,109930,109930,110530,110562,110595,113700,1521,1006,607,8500,600,400,0,600,2066,3138,3105,1466,42.88373568,15.43806795,1,14,14,160,1,1,51,28,14,2.0
43,1,4,113702,115229,115229,116230,116230,116852,116884,123884,123884,124504,124537,124569,127645,1527,1001,622,7000,620,1438,0,600,992,3108,3076,392,56.82951747,13.94578179,1,4,1,210,1,1,51,5,4,2.0
43,1,5,127648,129170,129170,130174,130174,130780,130812,139812,139812,140430,140463,140497,143601,1522,1004,606,9000,618,366,0,600,2084,3138,3104,1484,72.78459113,15.95507365,1,7,13,190,1,1,51,20,7,2.0
43,1,6,143604,145127,145127,146129,146129,146731,146763,154763,154763,155366,155398,155431,158550,1523,1002,602,8000,603,448,0,600,2022,3152,3119,1422,87.73379717,14.94920604,1,40,-26,160,-1,-1,49,14,40,1.0
43,1,7,158553,160077,160077,161081,161081,161684,161716,168216,168216,168847,168879,168912,171989,1524,1004,603,6500,631,791,0,600,1647,3110,3077,1047,101.1726372,13.43884001,1,20,-6,190,-1,-1,49,14,20,1.0
43,1,8,171992,173516,173516,174520,174520,175125,175157,182657,182657,183258,183291,183325,186432,1524,1004,605,7500,601,81,0,600,2385,3141,3107,1785,115.6161011,14.44346395,1,10,18,170,1,1,51,28,10,2.0
43,1,9,186435,187958,187958,188961,188961,189564,189597,198097,198097,198711,198743,198777,201870,1523,1003,603,8500,614,772,0,600,1685,3127,3093,1085,131.0536239,15.43752281,1,4,6,210,1,1,51,10,4,2.0
43,1,10,201873,203401,203401,204408,204408,205014,205047,212047,212047,212648,212681,212714,215828,1528,1007,606,7000,601,994,0,600,1464,3147,3114,864,145.0118711,13.95824718,1,21,-1,190,-1,-1,49,20,21,1.0
43,1,11,215831,217353,217353,218358,218358,218960,218992,226992,226992,227611,227644,227677,230763,1522,1005,602,8000,619,607,0,600,1845,3119,3086,1245,159.9472391,14.935368,1,4,3,210,1,1,51,7,4,2.0
43,1,12,230766,232290,232290,233294,233294,233896,233928,239928,239928,240559,240591,240624,243708,1524,1004,602,6000,631,449,0,600,1990,3117,3084,1390,172.891242,12.94400291,1,20,-10,190,-1,-1,49,10,20,1.0
43,1,13,243710,245234,245234,246241,246241,246870,246902,255902,255902,256505,256536,256571,259660,1524,1007,629,9000,603,1220,0,600,1217,3124,3089,617,188.8434182,15.95217616,0,21,-1,190,-1,1,51,20,21,2.0
43,1,14,259663,261183,261183,262188,262188,262806,262839,269339,269339,269954,269986,270020,273101,1520,1005,618,6500,615,279,0,600,2163,3115,3081,1563,202.2844463,13.44102813,1,2,3,170,1,1,51,5,2,2.0
43,1,15,273104,274631,274631,275633,275633,276239,276272,282772,282772,283374,283407,283440,286535,1527,1002,606,6500,602,623,0,600,1840,3128,3095,1240,215.7192968,13.43485043,1,10,18,180,1,1,51,28,10,2.0
43,1,16,286538,288063,288063,289068,289068,289674,289706,296706,296706,297309,297342,297375,300473,1525,1005,606,7000,603,488,0,600,1973,3131,3098,1373,229.6572247,13.93792798,1,40,-26,190,-1,-1,49,14,40,1.0
43,1,17,300476,302003,302003,303008,303008,303612,303644,309644,309644,310261,310294,310328,313427,1527,1005,604,6000,617,650,0,600,1797,3133,3099,1197,242.6111915,12.95396679,1,4,6,170,1,1,51,10,4,2.0
43,1,18,313430,314953,314953,315956,315956,316559,316591,325091,325091,325691,325723,325757,328866,1523,1003,603,8500,600,471,0,600,2000,3143,3109,1400,258.0501397,15.4389482,1,20,-13,200,-1,-1,49,7,20,1.0
43,1,19,328869,330388,330388,331392,331392,331998,332030,340030,340030,340630,340662,340696,343828,1519,1004,606,8000,600,817,0,600,1654,3166,3132,1054,273.0114164,14.96127667,1,28,-14,200,-1,-1,49,14,28,1.0
43,1,20,343831,345351,345351,346357,346357,346964,346998,355998,355998,356617,356651,356684,359786,1520,1006,607,9000,619,689,0,600,1759,3135,3102,1159,288.9694342,15.95801786,1,79,-51,150,-1,-1,49,28,79,1.0
43,1,21,359788,361306,361306,362306,362306,362907,362940,370440,370440,371059,371092,371125,374224,1518,1000,601,7500,619,457,0,600,2005,3132,3099,1405,303.4081305,14.43869627,1,4,3,170,1,1,51,7,4,2.0
43,1,22,374227,375753,375753,376758,376758,377364,377396,383396,383396,384026,384058,384091,387174,1526,1005,606,6000,630,801,0,600,1632,3116,3083,1032,316.357967,12.94983647,1,10,4,170,1,1,51,14,10,2.0
43,1,23,387177,388697,388697,389703,389703,390320,390352,398852,398852,399485,399518,399551,402627,1520,1006,617,8500,633,110,0,600,2314,3109,3076,1714,331.811019,15.45305204,1,10,-5,210,-1,-1,49,5,10,1.0
43,1,24,402630,404153,404153,405159,405159,405764,405797,413797,413797,414428,414460,414493,417590,1523,1006,605,8000,631,1490,0,600,945,3130,3097,345,346.7727538,14.96173472,0,14,-4,190,-1,1,51,10,14,2.0
43,1,25,417592,419119,419119,420126,420126,420732,420764,427764,427764,428390,428422,428455,431539,1527,1007,606,7000,626,764,0,600,1670,3117,3084,1070,360.7219004,13.94914668,1,7,13,150,1,1,51,20,7,2.0
43,1,26,431541,433065,433065,434070,434070,434693,434726,441226,441226,441849,441881,441915,444984,1524,1005,623,6500,623,887,0,600,1538,3103,3069,938,374.1678647,13.44596426,1,7,-2,160,-1,-1,49,5,7,1.0
43,1,27,444987,446514,446514,447521,447521,448144,448177,455677,455677,456307,456340,456373,459429,1527,1007,623,7500,630,1131,0,600,1282,3089,3056,682,388.6126895,14.44482485,1,7,-2,210,-1,-1,49,5,7,1.0
43,1,28,459432,460952,460952,461956,461956,462560,462593,471593,471593,472226,472258,472292,475378,1520,1004,604,9000,633,1740,0,600,699,3120,3086,99,404.5615545,15.94886492,1,11,-1,210,-1,-1,49,10,11,1.0
43,1,29,475380,476905,476905,477906,477906,478508,478540,487040,487040,487672,487704,487737,490831,1525,1001,602,8500,632,2170,0,600,270,3127,3094,-330,420.0143042,15.45274978,1,10,-3,170,-1,-1,49,7,10,1.0
43,1,30,490834,492353,492353,493361,493361,493989,494022,500522,500522,501123,501155,501188,504287,1519,1008,628,6500,601,912,0,600,1532,3132,3099,932,433.4707411,13.45643682,1,10,-3,200,-1,-1,49,7,10,1.0
43,1,31,504290,505815,505815,506820,506820,507424,507457,515457,515457,516058,516090,516123,519235,1525,1005,604,8000,601,1146,0,600,1319,3145,3112,719,448.4187396,14.94799853,1,20,8,180,1,1,51,28,20,2.0
43,1,32,519238,520760,520760,521765,521765,522373,522405,529405,529405,530010,530042,530076,533175,1522,1005,608,7000,605,749,0,600,1711,3133,3099,1111,462.3578516,13.93911198,1,40,-26,190,-1,-1,49,14,40,1.0
43,1,33,533177,534696,534696,535698,535698,536301,536333,542333,542333,542950,542982,543016,546133,1519,1002,603,6000,617,867,0,600,1592,3151,3117,992,475.316169,12.9583174,1,4,6,190,1,1,51,10,4,2.0
43,1,34,546136,547662,547662,548666,548666,549273,549306,556806,556806,557439,557471,557505,560570,1526,1004,607,7500,633,1330,0,600,1100,3099,3065,500,489.752977,14.436808,1,28,-8,160,-1,-1,49,20,28,1.0
43,1,35,560573,562096,562096,563102,563102,563725,563757,572757,572757,573375,573408,573441,576522,1523,1006,623,9000,618,796,0,600,1634,3114,3081,1034,505.7053201,15.95234311,1,57,-37,200,-1,-1,49,20,57,1.0
43,1,36,576525,578054,578054,579060,579060,579683,579715,586715,586715,587329,587361,587394,590463,1529,1006,623,7000,614,790,0,600,1638,3102,3069,1038,519.6466365,13.94131637,1,2,3,160,1,1,51,5,2,2.0
43,2,37,50137,51668,51668,52687,52687,53297,53330,60330,60330,60963,60995,61032,64108,1531,1019,610,7000,633,654,0,600,1753,3113,3076,1153,13.98459553,13.98459553,1,10,4,200,1,1,51,14,10,2.0
43,2,38,64114,65633,65633,66640,66640,67264,67296,76296,76296,76925,76958,76991,80051,1519,1007,624,9000,629,480,0,600,1941,3093,3060,1341,29.92484843,15.9402529,1,20,-13,170,-1,-1,49,7,20,1.0
43,2,39,80054,81581,81581,82585,82585,83190,83222,89222,89222,89823,89855,89889,93000,1527,1004,605,6000,601,1051,0,600,1412,3145,3111,812,42.87322063,12.94837221,1,14,-4,180,-1,-1,49,10,14,1.0
43,2,40,93002,94525,94525,95531,95531,96136,96168,104668,104668,105299,105332,105366,108449,1523,1006,605,8500,631,798,0,600,1637,3117,3083,1037,58.32277007,15.44954943,1,27,1,190,1,1,51,28,27,2.0
43,2,41,108452,109978,109978,110981,110981,111582,111614,118114,118114,118744,118777,118810,121910,1526,1003,601,6500,630,1526,0,600,914,3133,3100,314,71.78241115,13.45964108,1,10,-3,190,-1,-1,49,7,10,1.0
43,2,42,121912,123435,123435,124440,124440,125046,125079,133079,133079,133694,133728,133761,136871,1523,1005,606,8000,615,1081,0,600,1370,3143,3110,770,86.74482934,14.96241819,1,56,-28,210,-1,-1,49,28,56,1.0
43,2,43,136874,138399,138399,139405,139405,140010,140043,147543,147543,148146,148179,148212,151330,1525,1006,605,7500,603,1158,0,600,1303,3151,3118,703,101.2030279,14.45819852,1,40,-12,190,-1,-1,49,28,40,1.0
43,2,44,151333,152853,152853,153859,153859,154488,154520,163020,163020,163643,163675,163709,166781,1520,1006,629,8500,623,1986,0,600,436,3106,3072,-164,116.6544845,15.45145669,0,6,1,210,1,-1,49,7,6,1.0
43,2,45,166784,168308,168308,169312,169312,169917,169950,178950,178950,179571,179604,179637,182719,1524,1004,605,9000,621,634,0,600,1812,3115,3082,1212,132.5926768,15.93819226,1,7,13,190,1,1,51,20,7,2.0
43,2,46,182722,184251,184251,185255,185255,185861,185895,192395,192395,193028,193061,193095,196161,1529,1004,606,6500,633,2174,0,600,254,3100,3066,-346,146.0340427,13.44136594,1,19,1,210,1,1,51,20,19,2.0
43,2,47,196164,197686,197686,198695,198695,199298,199330,207330,207330,207952,207984,208018,211115,1522,1009,603,8000,622,1040,0,600,1404,3131,3097,804,160.9884486,14.95440586,1,10,10,170,1,1,51,20,10,2.0
43,2,48,211118,212639,212639,213645,213645,214251,214283,220283,220283,220909,220941,220975,224052,1521,1006,606,6000,626,1015,0,600,1426,3111,3077,826,173.9255798,12.9371312,1,7,3,160,1,1,51,10,7,2.0
43,2,49,224055,225583,225583,226590,226590,227197,227229,234229,234229,234832,234864,234897,237987,1528,1007,607,7000,603,1417,0,600,1038,3123,3090,438,187.8603156,13.93473576,1,10,4,160,1,1,51,14,10,2.0
43,2,50,237989,239510,239510,240512,240512,241130,241163,248663,248663,249263,249296,249330,252441,1521,1002,618,7500,600,2122,0,600,337,3145,3111,-263,202.3150534,14.4547378,1,10,4,170,1,1,51,14,10,2.0
43,2,51,252445,253965,253965,254970,254970,255599,255631,261632,261632,262254,262286,262320,265377,1520,1005,629,6001,622,1774,0,600,649,3091,3057,49,215.249627,12.93457363,1,7,-2,180,-1,-1,49,5,7,1.0
43,2,52,265379,266903,266903,267907,267907,268526,268558,275058,275058,275680,275713,275746,278829,1524,1004,619,6500,622,1026,0,600,1405,3116,3083,805,228.7017545,13.45212749,1,10,-3,190,-1,-1,49,7,10,1.0
43,2,53,278832,280358,280358,281364,281364,281972,282005,291005,291005,291624,291657,291691,294768,1526,1006,608,9000,619,758,0,600,1683,3111,3077,1083,244.6416735,15.939919,1,5,5,200,1,1,51,10,5,2.0
43,2,54,294771,296295,296295,297304,297304,297911,297943,305443,305443,306044,306077,306110,309210,1524,1009,607,7500,601,922,0,600,1537,3133,3100,937,259.0823183,14.44064481,1,57,-37,210,-1,-1,49,20,57,1.0
43,2,55,309210,310738,310738,311747,311747,312375,312408,320908,320908,321538,321570,321604,324668,1528,1009,628,8500,630,908,0,600,1497,3098,3064,897,274.5410324,15.45871413,1,9,1,150,1,1,51,10,9,2.0
43,2,56,324671,326186,326186,327190,327190,327799,327832,334832,334832,335453,335485,335520,338623,1515,1004,609,7000,621,1108,0,600,1343,3138,3103,743,288.4964948,13.9554624,1,56,-28,170,-1,-1,49,28,56,1.0
43,2,57,338626,340152,340152,341155,341155,341761,341793,349793,349793,350413,350445,350479,353561,1526,1003,606,8000,620,569,0,600,1876,3116,3082,1276,303.4335829,14.93708811,1,5,9,160,1,1,51,14,5,2.0
43,2,58,353564,355091,355091,356097,356097,356702,356735,365235,365235,365852,365884,365917,369008,1527,1006,605,8500,617,842,0,600,1603,3124,3091,1003,318.8802933,15.4467104,1,56,-28,190,-1,-1,49,28,56,1.0
43,2,59,369010,370531,370531,371539,371539,372160,372192,379692,379692,380307,380339,380373,383466,1521,1008,621,7500,615,745,0,600,1690,3127,3093,1090,333.339307,14.45901367,1,4,1,180,1,1,51,5,4,2.0
43,2,60,383469,384993,384993,386003,386003,386611,386643,395643,395643,396247,396281,396314,399408,1524,1010,608,9000,604,778,0,600,1676,3127,3094,1076,349.2808024,15.94149537,1,40,-26,160,-1,-1,49,14,40,1.0
43,2,61,399411,400930,400930,401933,401933,402559,402592,409592,409592,410195,410228,410261,413374,1519,1003,626,7000,603,1119,0,600,1330,3146,3113,730,363.2470022,13.96619984,1,14,-9,160,-1,-1,49,5,14,1.0
43,2,62,413377,414902,414902,415905,415905,416506,416538,423038,423038,423638,423670,423704,426833,1525,1003,601,6500,600,1850,0,600,621,3163,3129,21,376.7053807,13.45837842,1,10,-3,190,-1,-1,49,7,10,1.0
43,2,63,426835,428363,428363,429368,429368,429976,430008,436008,436008,436626,436659,436693,439782,1528,1005,608,6000,618,578,0,600,1863,3123,3089,1263,389.6544297,12.94904904,1,79,-51,180,-1,-1,49,28,79,1.0
43,2,64,439785,441311,441311,442315,442315,442941,442974,450974,450974,451591,451623,451657,454722,1526,1004,626,8000,617,813,0,600,1614,3099,3065,1014,404.5952543,14.94082456,1,3,2,200,1,1,51,5,3,2.0
43,2,65,454725,456252,456252,457262,457262,457890,457922,464422,464422,465054,465086,465119,468172,1527,1010,628,6500,632,1032,0,600,1371,3086,3053,771,418.0442757,13.44902147,1,14,-9,210,-1,-1,49,5,14,1.0
43,2,66,468175,469694,469694,470698,470698,471313,471346,478346,478346,478948,478981,479015,482122,1519,1004,615,7000,602,1114,0,600,1346,3141,3107,746,431.994673,13.95039729,1,10,-3,160,-1,-1,49,7,10,1.0
43,2,67,482125,483651,483651,484658,484658,485290,485322,491322,491322,491922,491955,491989,495066,1526,1007,632,6000,600,1277,0,600,1158,3111,3077,558,444.9383128,12.94363979,1,28,-8,170,-1,-1,49,20,28,1.0
43,2,68,495069,496590,496590,497598,497598,498198,498230,507230,507230,507830,507863,507897,511019,1521,1008,600,9000,600,968,0,600,1503,3156,3122,903,460.8908488,15.95253598,1,14,-9,200,-1,-1,49,5,14,1.0
43,2,69,511021,512538,512538,513539,513539,514159,514192,522692,522692,523293,523326,523359,526466,1517,1001,620,8500,601,1373,0,600,1088,3140,3107,488,476.3382436,15.44739477,1,28,-14,210,-1,-1,49,14,28,1.0
43,2,70,526469,527986,527986,528992,528992,529593,529626,537626,537626,538227,538259,538292,541415,1517,1006,601,8000,601,1876,0,600,599,3156,3123,-1,491.2879827,14.94973914,1,14,-4,170,-1,-1,49,10,14,1.0
43,2,71,541418,542939,542939,543946,543946,544553,544585,552085,552085,552705,552738,552772,555875,1521,1007,607,7500,620,552,0,600,1893,3137,3103,1293,505.7480101,14.46002742,1,4,6,190,1,1,51,10,4,2.0
43,2,72,555878,557401,557401,558408,558408,559034,559066,567066,567066,567689,567721,567754,570815,1523,1007,626,8000,623,776,0,600,1645,3094,3061,1045,520.6871622,14.93915206,1,7,13,210,1,1,51,20,7,2.0
43,3,73,14725,16251,16251,17268,17268,17894,17927,24927,24927,25530,25562,25598,28672,1526,1017,626,7000,603,1171,0,600,1257,3110,3074,657,13.95948815,13.95948815,0,15,-1,160,-1,1,51,14,15,2.0
43,3,74,28677,30199,30199,31208,31208,31829,31861,39861,39861,40476,40510,40543,43629,1522,1009,621,8000,615,773,0,600,1660,3119,3086,1060,28.91524075,14.9557526,1,4,1,190,1,1,51,5,4,2.0
43,3,75,43632,45151,45151,46154,46154,46779,46811,55311,55311,55912,55944,55978,59081,1519,1003,625,8500,601,1016,0,600,1436,3137,3103,836,44.3668463,15.45160555,1,10,-3,190,-1,-1,49,7,10,1.0
43,3,76,59083,60609,60609,61615,61615,62233,62266,71266,71266,71896,71928,71962,75018,1526,1006,618,9000,630,1225,0,600,1195,3090,3056,595,60.30421045,15.93736415,0,11,-1,190,-1,1,51,10,11,2.0
43,3,77,75021,76544,76544,77549,77549,78171,78204,84204,84204,84823,84856,84889,87959,1523,1005,622,6000,619,621,0,600,1810,3103,3070,1210,73.2442952,12.94008475,1,5,2,190,1,1,51,7,5,2.0
43,3,78,87962,89488,89488,90496,90496,91101,91134,97634,97634,98252,98285,98318,101403,1526,1008,605,6500,618,1285,0,600,1158,3118,3085,558,86.68855019,13.44425499,1,10,10,150,1,1,51,20,10,2.0
43,3,79,101406,102925,102925,103928,103928,104533,104566,112066,112066,112671,112704,112738,115864,1519,1003,605,7500,605,1328,0,600,1140,3160,3126,540,101.1500916,14.46154141,1,29,-1,200,-1,-1,49,28,29,1.0
43,3,80,115867,117392,117392,118398,118398,119027,119059,128059,128059,128674,128705,128739,131800,1525,1006,629,9000,615,447,0,600,1978,3095,3061,1378,117.0860837,15.93599209,1,4,3,170,1,1,51,7,4,2.0
43,3,81,131803,133331,133331,134335,134335,134955,134988,141988,141988,142603,142635,142668,145761,1528,1004,620,7000,615,649,0,600,1784,3126,3093,1184,131.0462011,13.96011737,1,2,3,190,1,1,51,5,2,2.0
43,3,82,145764,147283,147283,148286,148286,148915,148947,157447,157447,158080,158113,158146,161223,1519,1003,629,8500,633,791,0,600,1625,3110,3077,1025,146.5084265,15.46222547,1,10,-3,190,-1,-1,49,7,10,1.0
43,3,83,161226,162748,162748,163759,163759,164359,164392,170892,170892,171509,171541,171574,174679,1522,1011,600,6500,617,1076,0,600,1374,3138,3105,774,159.9640904,13.45566385,1,56,-28,180,-1,-1,49,28,56,1.0
43,3,84,174682,176203,176203,177206,177206,177811,177844,185844,185844,186476,186509,186542,189626,1521,1003,605,8000,632,1933,0,600,506,3117,3084,-94,174.9114223,14.94733194,1,15,-1,170,-1,-1,49,14,15,1.0
43,3,85,189629,191146,191146,192148,192148,192752,192785,198785,198785,199402,199434,199467,202587,1517,1002,604,6000,617,743,0,600,1717,3153,3120,1117,187.8727629,12.96134055,1,79,-51,210,-1,-1,49,28,79,1.0
43,3,86,202590,204109,204109,205117,205117,205722,205754,213254,213254,213857,213890,213924,217030,1519,1008,605,7500,603,1176,0,600,1289,3140,3106,689,202.3155452,14.44278229,1,20,-6,170,-1,-1,49,14,20,1.0
43,3,87,217033,218556,218556,219563,219563,220169,220201,226201,226201,226803,226835,226869,229969,1523,1007,606,6000,602,614,0,600,1848,3134,3100,1248,215.2534632,12.93791803,1,14,6,200,1,1,51,20,14,2.0
43,3,88,229971,231496,231496,232504,232504,233110,233142,241142,241142,241743,241777,241810,244931,1525,1008,606,8000,601,875,0,600,1585,3154,3121,985,230.2160372,14.96257399,1,40,-20,160,-1,-1,49,20,40,1.0
43,3,89,244933,246451,246451,247453,247453,248055,248087,255587,255587,256187,256219,256252,259391,1518,1002,602,7500,600,986,0,600,1492,3172,3139,892,244.676862,14.46082479,1,28,-18,200,-1,-1,49,10,28,1.0
43,3,90,259394,260923,260923,261930,261930,262533,262566,269566,269566,270167,270199,270233,273346,1529,1007,603,7000,601,1639,0,600,821,3147,3113,221,258.6318359,13.95497391,1,40,-12,190,-1,-1,49,28,40,1.0
43,3,91,273349,274871,274871,275876,275876,276497,276530,285030,285030,285646,285678,285712,288800,1522,1005,621,8500,616,607,0,600,1829,3122,3088,1229,274.0858622,15.45402631,1,2,3,190,1,1,51,5,2,2.0
43,3,92,288804,290327,290327,291336,291336,291954,291987,300987,300987,301607,301640,301674,304744,1523,1009,618,9000,620,1852,0,600,578,3104,3070,-22,290.0292814,15.9434192,1,7,-2,210,-1,-1,49,5,7,1.0
43,3,93,304747,306269,306269,307275,307275,307880,307913,314413,314413,315030,315062,315096,318190,1522,1006,605,6500,617,448,0,600,2002,3128,3094,1402,303.4755265,13.44624512,1,56,-28,210,-1,-1,49,28,56,1.0
43,3,94,318193,319716,319716,320721,320721,321341,321373,328873,328873,329492,329524,329557,332626,1523,1005,620,7500,619,1207,0,600,1226,3102,3069,626,317.9108157,14.43528919,1,4,3,180,1,1,51,7,4,2.0
43,3,95,332629,334149,334149,335160,335160,335760,335793,342293,342293,342909,342941,342975,346067,1520,1011,600,6500,616,2009,0,600,444,3126,3092,-156,331.3522347,13.44141898,1,7,3,210,1,1,51,10,7,2.0
43,3,96,346070,347593,347593,348598,348598,349218,349251,356251,356251,356851,356883,356917,360031,1523,1005,620,7000,600,600,0,600,1852,3148,3114,1252,345.3166816,13.96444688,1,20,-13,160,-1,-1,49,7,20,1.0
43,3,97,360034,361560,361560,362570,362570,363188,363220,372220,372220,372820,372852,372886,375986,1526,1010,618,9000,600,1367,0,600,1079,3134,3100,479,361.2714852,15.95480364,0,14,-4,210,-1,1,51,10,14,2.0
43,3,98,375988,377512,377512,378517,378517,379134,379166,387166,387166,387785,387817,387850,390946,1524,1005,617,8000,619,743,0,600,1692,3129,3096,1092,376.231325,14.95983983,1,2,3,190,1,1,51,5,2,2.0
43,3,99,390949,392473,392473,393477,393477,394081,394113,400113,400113,400746,400778,400812,403893,1524,1004,604,6000,633,664,0,600,1771,3115,3081,1171,389.1781649,12.94683984,1,28,-14,150,-1,-1,49,14,28,1.0
43,3,100,403894,405417,405417,406423,406423,407029,407062,415562,415562,416182,416215,416248,419347,1523,1006,606,8500,620,1205,0,600,1240,3132,3099,640,404.6323081,15.45414323,1,14,6,190,1,1,51,20,14,2.0
43,3,101,419350,420873,420873,421877,421877,422504,422536,431036,431036,431668,431701,431734,434783,1523,1004,627,8500,632,1605,0,600,809,3082,3049,209,420.0684257,15.43611761,1,11,-1,150,-1,-1,49,10,11,1.0
43,3,102,434786,436311,436311,437319,437319,437922,437955,443955,443955,444555,444587,444620,447728,1525,1008,603,6000,600,436,0,600,2028,3141,3108,1428,433.0125844,12.94415871,1,28,-14,180,-1,-1,49,14,28,1.0
43,3,103,447730,449252,449252,450253,450253,450857,450890,457890,457890,458492,458524,458557,461670,1522,1001,604,7000,602,662,0,600,1809,3146,3113,1209,446.9556149,13.94303045,1,14,14,210,1,1,51,28,14,2.0
43,3,104,461673,463195,463195,464202,464202,464810,464842,473842,473842,474444,474477,474511,477630,1522,1007,608,9000,602,1450,0,600,1011,3153,3119,411,462.9147887,15.95917384,1,28,-8,150,-1,-1,49,20,28,1.0
43,3,105,477633,479157,479157,480164,480164,480794,480827,488327,488327,488943,488975,489009,492081,1524,1007,630,7500,616,1047,0,600,1376,3106,3072,776,477.3651925,14.45040377,1,7,7,150,1,1,51,14,7,2.0
43,3,106,492083,493600,493600,494602,494602,495232,495265,501765,501765,502367,502400,502433,505516,1517,1002,630,6500,602,574,0,600,1875,3116,3083,1275,490.8007249,13.43553238,1,28,-18,160,-1,-1,49,10,28,1.0
43,3,107,505519,507039,507039,508046,508046,508667,508699,516700,516700,517315,517347,517380,520477,1520,1007,621,8001,615,851,0,600,1585,3130,3097,985,505.7620329,14.96130801,1,3,2,200,1,1,51,5,3,2.0
43,3,108,520480,522001,522001,523005,523005,523610,523643,531143,531143,531745,531777,531810,534916,1521,1004,605,7500,602,1435,0,600,1033,3139,3106,433,520.2012903,14.43925739,1,28,-8,160,-1,-1,49,20,28,1.0
43,4,109,48891,50422,50422,51442,51442,52070,52103,61103,61103,61703,61736,61772,64834,1531,1020,628,9000,600,639,0,600,1782,3098,3062,1182,15.95518455,15.95518455,1,14,-7,170,-1,-1,49,7,14,1.0
43,4,110,64839,66368,66368,67375,67375,67995,68028,76028,76028,76644,76676,76709,79794,1529,1007,620,8000,616,704,0,600,1724,3118,3085,1124,30.91278865,14.9576041,1,2,3,190,1,1,51,5,2,2.0
43,4,111,79797,81318,81318,82326,82326,82929,82961,90461,90461,91062,91095,91128,94252,1521,1008,603,7500,601,1616,0,600,851,3157,3124,251,45.37107456,14.45828591,1,21,-1,170,-1,-1,49,20,21,1.0
43,4,112,94255,95784,95784,96792,96792,97412,97444,105944,105944,106546,106578,106612,109692,1529,1008,620,8500,602,765,0,600,1676,3114,3080,1076,60.80998449,15.43890993,1,14,-9,190,-1,-1,49,5,14,1.0
43,4,113,109694,111214,111214,112219,112219,112824,112856,119856,119856,120472,120505,120538,123647,1520,1005,605,7000,616,1305,0,600,1149,3142,3109,549,74.76590886,13.95592437,1,56,-28,190,-1,-1,49,28,56,1.0
43,4,114,123650,125175,125175,126185,126185,126789,126822,132822,132822,133422,133454,133487,136608,1525,1010,604,6000,600,508,0,600,1953,3154,3121,1353,87.72715358,12.96124473,1,14,14,190,1,1,51,28,14,2.0
43,4,115,136611,138131,138131,139137,139137,139742,139775,146275,146275,146904,146936,146970,150050,1520,1006,605,6500,629,790,0,600,1650,3114,3080,1050,101.1692642,13.44211058,1,7,13,180,1,1,51,20,7,2.0
43,4,116,150053,151578,151578,152584,152584,153191,153224,159724,159724,160328,160360,160394,163501,1525,1006,607,6500,604,1342,0,600,1116,3141,3107,516,114.6191553,13.44989117,1,40,-12,160,-1,-1,49,28,40,1.0
43,4,117,163503,165029,165029,166032,166032,166636,166669,175169,175169,175785,175817,175851,178965,1526,1003,604,8500,616,502,0,600,1949,3148,3114,1349,130.083241,15.46408571,1,79,-51,150,-1,-1,49,28,79,1.0
43,4,118,178967,180486,180486,181490,181490,182114,182147,189647,189647,190265,190297,190330,193428,1519,1004,624,7500,618,1561,0,600,874,3131,3098,274,144.5460888,14.46284776,1,7,3,210,1,1,51,10,7,2.0
43,4,119,193430,194950,194950,195958,195958,196586,196618,204618,204618,205250,205282,205316,208367,1520,1008,628,8000,632,2161,0,600,251,3085,3051,-349,159.4854238,14.93933498,1,11,-1,160,-1,-1,49,10,11,1.0
43,4,120,208370,209893,209893,210899,210899,211518,211550,220550,220550,221182,221216,221250,224315,1523,1006,619,9000,632,1296,0,600,1124,3099,3065,524,175.4339144,15.94849064,0,11,-1,150,-1,1,51,10,11,2.0
43,4,121,224318,225842,225842,226848,226848,227453,227485,233485,233485,234108,234140,234174,237265,1524,1006,605,6000,623,906,0,600,1536,3125,3091,936,188.3833299,12.94941548,1,5,2,150,1,1,51,7,5,2.0
43,4,122,237268,238791,238791,239795,239795,240402,240435,247435,247435,248037,248069,248102,251221,1523,1004,607,7000,602,862,0,600,1602,3152,3119,1002,202.3397042,13.95637429,1,10,18,150,1,1,51,28,10,2.0
43,4,123,251224,252753,252753,253757,253757,254379,254411,261411,261411,262028,262060,262094,265160,1529,1004,622,7000,617,1069,0,600,1359,3100,3066,759,216.2776967,13.93799246,1,4,1,210,1,1,51,5,4,2.0
43,4,124,265162,266689,266689,267693,267693,268316,268348,274348,274348,274968,275000,275034,278101,1527,1004,623,6000,620,554,0,600,1872,3101,3067,1272,229.2193421,12.94164544,1,5,9,150,1,1,51,14,5,2.0
43,4,125,278104,279623,279623,280632,280632,281237,281269,289769,289769,290387,290419,290453,293558,1519,1009,605,8500,618,502,0,600,1947,3139,3105,1347,244.6767532,15.45741109,1,5,9,180,1,1,51,14,5,2.0
43,4,126,293560,295087,295087,296092,296092,296712,296744,304244,304244,304860,304892,304925,308019,1527,1005,620,7500,616,618,0,600,1814,3127,3094,1214,259.1372688,14.46051561,1,4,3,170,1,1,51,7,4,2.0
43,4,127,308022,309544,309544,310551,310551,311182,311216,317716,317716,318331,318363,318397,321478,1522,1007,631,6500,615,666,0,600,1759,3115,3081,1159,272.5958262,13.45855743,1,4,1,160,1,1,51,5,4,2.0
43,4,128,321480,323008,323008,324013,324013,324616,324649,332649,332649,333253,333286,333319,336415,1528,1005,603,8000,604,617,0,600,1843,3129,3096,1243,287.5332045,14.93737831,1,40,-20,190,-1,-1,49,20,40,1.0
43,4,129,336418,337940,337940,338941,338941,339543,339575,348575,348575,349188,349220,349254,352360,1522,1001,602,9000,613,817,0,600,1645,3140,3106,1045,303.4788962,15.94569169,1,2,5,210,1,1,51,7,2,2.0
43,4,130,352363,353890,353890,354896,354896,355499,355532,362532,362532,363147,363180,363213,366301,1527,1006,603,7000,615,804,0,600,1645,3121,3088,1045,317.4190156,13.9401194,1,4,6,180,1,1,51,10,4,2.0
43,4,131,366304,367829,367829,368838,368838,369438,369470,377470,377470,378070,378103,378136,381241,1525,1009,600,8000,600,501,0,600,1965,3138,3105,1365,332.3585796,14.93956401,1,10,-5,210,-1,-1,49,5,10,1.0
43,4,132,381243,382768,382768,383771,383771,384376,384408,391908,391908,392540,392574,392608,395704,1525,1003,605,7500,632,423,0,600,2012,3130,3096,1412,346.8227226,14.46414297,1,20,8,190,1,1,51,28,20,2.0
43,4,133,395707,397227,397227,398227,398227,398830,398862,407862,407862,408483,408516,408549,411647,1520,1000,603,9000,621,977,0,600,1479,3131,3098,879,362.7658429,15.94312026,1,5,2,160,1,1,51,7,5,2.0
43,4,134,411650,413173,413173,414180,414180,414781,414813,421313,421313,421941,421975,422008,425101,1523,1007,601,6500,628,1583,0,600,858,3126,3093,258,376.2191652,13.45332235,1,6,-1,200,-1,-1,49,5,6,1.0
43,4,135,425104,426627,426627,427631,427631,428234,428266,436766,436766,437398,437431,437464,440552,1523,1004,603,8500,632,674,0,600,1764,3121,3088,1164,391.6698324,15.45066715,1,28,-14,160,-1,-1,49,14,28,1.0
43,4,136,440555,442078,442078,443083,443083,443688,443721,449721,449721,450354,450386,450419,453488,1523,1005,605,6000,633,488,0,600,1946,3102,3069,1346,404.6058431,12.93601078,0,15,-1,200,-1,1,51,14,15,2.0
43,4,137,453491,455016,455016,456017,456017,456619,456651,462651,462651,463283,463316,463350,466435,1525,1001,602,6000,632,731,0,600,1709,3119,3085,1109,417.5536389,12.94779572,0,8,-1,190,-1,1,51,7,8,2.0
43,4,138,466438,467961,467961,468968,468968,469572,469605,478605,478605,479206,479239,479272,482370,1523,1007,604,9000,601,362,0,600,2103,3131,3098,1503,433.4885349,15.93489608,1,28,-18,150,-1,-1,49,10,28,1.0
43,4,139,482373,483897,483897,484903,484903,485506,485538,493538,493538,494153,494186,494220,497322,1524,1006,603,8000,615,394,0,600,2058,3136,3102,1458,448.4405535,14.95201856,1,4,6,190,1,1,51,10,4,2.0
43,4,140,497325,498849,498849,499859,499859,500460,500493,507493,507493,508126,508159,508192,511280,1524,1010,601,7000,633,444,0,600,1988,3121,3088,1388,462.3980274,13.95747392,1,57,-37,190,-1,-1,49,20,57,1.0
43,4,141,511283,512808,512808,513816,513816,514440,514472,521972,521972,522573,522606,522639,525725,1525,1008,624,7500,601,997,0,600,1445,3119,3086,845,476.8433248,14.44529737,0,15,-1,150,-1,1,51,14,15,2.0
43,4,142,525729,527253,527253,528258,528258,528864,528897,537397,537397,538030,538062,538095,541181,1524,1005,606,8500,633,767,0,600,1665,3119,3086,1065,492.2995311,15.45620628,1,10,4,170,1,1,51,14,10,2.0
43,4,143,541184,542706,542706,543712,543712,544318,544350,550850,550850,551474,551506,551540,554641,1522,1006,606,6500,624,590,0,600,1852,3135,3101,1252,505.7595871,13.46005605,1,7,13,210,1,1,51,20,7,2.0
43,4,144,554645,556169,556169,557177,557177,557779,557812,566812,566812,567413,567446,567479,570584,1524,1008,602,9000,601,460,0,600,2005,3138,3105,1405,521.7024554,15.94286833,1,10,10,180,1,1,51,20,10,2.0
43,5,145,19303,20830,20830,21846,21846,22455,22488,30488,30488,31104,31138,31173,34264,1527,1016,609,8000,616,374,0,600,2058,3126,3091,1458,14.97447284,14.97447284,1,79,-51,160,-1,-1,49,28,79,1.0
43,5,146,34269,35796,35796,36803,36803,37409,37442,43942,43942,44543,44576,44609,47703,1527,1007,606,6500,601,547,0,600,1912,3127,3094,1312,28.41129742,13.43682458,1,14,14,180,1,1,51,28,14,2.0
43,5,147,47705,49231,49231,50236,50236,50856,50888,59888,59888,60503,60536,60569,63654,1526,1005,620,9000,615,765,0,600,1669,3118,3085,1069,44.36173508,15.95043767,1,4,1,150,1,1,51,5,4,2.0
43,5,148,63657,65183,65183,66188,66188,66795,66829,72829,72829,73432,73464,73497,76608,1526,1005,607,6000,603,1054,0,600,1405,3144,3111,805,57.31615089,12.95441581,0,14,6,180,1,-1,49,20,14,1.0
43,5,149,76611,78136,78136,79143,79143,79772,79805,87305,87305,87924,87957,87990,91065,1525,1007,629,7500,619,692,0,600,1728,3108,3075,1128,71.77267419,14.4565233,1,5,2,180,1,1,51,7,5,2.0
43,5,150,91068,92595,92595,93604,93604,94229,94262,101262,101262,101895,101927,101961,105007,1527,1009,625,7000,633,830,0,600,1576,3080,3046,976,85.71507151,13.94239732,1,10,-5,170,-1,-1,49,5,10,1.0
43,5,151,105010,106533,106533,107539,107539,108144,108178,116678,116678,117278,117311,117344,120449,1523,1006,605,8500,600,1013,0,600,1453,3138,3105,853,101.1567397,15.4416682,1,10,10,200,1,1,51,20,10,2.0
43,5,152,120451,121980,121980,122990,122990,123597,123630,130630,130630,131263,131295,131328,134409,1529,1010,607,7000,633,1798,0,600,623,3114,3081,23,115.1165187,13.95977895,1,27,1,180,1,1,51,28,27,2.0
43,5,153,134412,135938,135938,136946,136946,137552,137584,145584,145584,146211,146244,146277,149344,1526,1008,606,8000,627,1464,0,600,969,3100,3067,369,130.0521654,14.93564675,1,7,3,180,1,1,51,10,7,2.0
43,5,154,149347,150872,150872,151876,151876,152481,152513,159013,159013,159615,159647,159681,162781,1525,1004,605,6500,602,552,0,600,1912,3134,3100,1312,143.4886043,13.43643885,1,40,-26,180,-1,-1,49,14,40,1.0
43,5,155,162784,164304,164304,165313,165313,165917,165950,173450,173450,174068,174101,174134,177243,1520,1009,604,7500,618,1408,0,600,1041,3142,3109,441,157.9513257,14.4627215,1,4,1,150,1,1,51,5,4,2.0
43,5,156,177246,178771,178771,179777,179777,180385,180417,186417,186417,187033,187066,187100,190207,1525,1006,608,6000,616,270,0,600,2175,3141,3107,1575,170.9140019,12.96267614,1,5,9,210,1,1,51,14,5,2.0
43,5,157,190209,191734,191734,192741,192741,193345,193377,201877,201877,202495,202527,202561,205667,1525,1007,604,8500,618,727,0,600,1719,3140,3106,1119,186.3750672,15.46106527,1,4,3,190,1,1,51,7,4,2.0
43,5,158,205669,207194,207194,208198,208198,208822,208855,217855,217855,218487,218519,218553,221623,1525,1004,624,9000,632,1301,0,600,1114,3104,3070,514,202.3311115,15.95604431,1,10,-3,160,-1,-1,49,7,10,1.0
43,5,159,221626,223152,223152,224157,224157,224764,224797,232797,232797,233397,233429,233462,236570,1526,1005,607,8000,600,1373,0,600,1089,3141,3108,489,217.2773185,14.946207,1,20,8,170,1,1,51,28,20,2.0
43,5,160,236573,238096,238096,239100,239100,239703,239736,248736,248736,249336,249369,249402,252532,1523,1004,603,9000,600,521,0,600,1949,3163,3130,1349,233.2393693,15.96205084,1,10,10,170,1,1,51,20,10,2.0
43,5,161,252535,254054,254054,255058,255058,255665,255697,263197,263197,263798,263830,263864,266969,1519,1004,607,7500,601,1239,0,600,1230,3139,3105,630,247.6763434,14.43697405,1,14,6,180,1,1,51,20,14,2.0
43,5,162,266972,268502,268502,269508,269508,270110,270142,276642,276642,277257,277290,277323,280419,1530,1006,602,6500,615,426,0,600,2021,3129,3096,1421,261.1266049,13.45026153,1,4,3,200,1,1,51,7,4,2.0
43,5,163,280422,281941,281941,282945,282945,283548,283581,289581,289581,290199,290231,290265,293384,1519,1004,603,6000,618,1444,0,600,1012,3153,3119,412,274.0911928,12.96458792,1,5,2,180,1,1,51,7,5,2.0
43,5,164,293387,294913,294913,295920,295920,296523,296555,305055,305055,305657,305689,305722,308841,1526,1007,603,8500,602,644,0,600,1818,3152,3119,1218,289.5489321,15.45773926,1,28,-18,200,-1,-1,49,10,28,1.0
43,5,165,308844,310366,310366,311370,311370,311974,312007,319007,319007,319609,319641,319675,322799,1522,1004,604,7000,602,801,0,600,1667,3158,3124,1067,303.5063656,13.95743354,0,13,1,190,1,-1,49,14,13,1.0
43,5,166,322802,324328,324328,325334,325334,325941,325973,333973,333973,334592,334624,334658,337737,1526,1006,607,8000,619,856,0,600,1586,3113,3079,986,318.4436885,14.93732286,1,2,5,180,1,1,51,7,2,2.0
43,5,167,337739,339262,339262,340265,340265,340871,340903,347903,347903,348528,348560,348593,351691,1523,1003,606,7000,625,1913,0,600,530,3131,3098,-70,332.3981877,13.95449928,1,5,5,180,1,1,51,10,5,2.0
43,5,168,351693,353212,353212,354219,354219,354847,354880,363880,363880,364512,364544,364578,367641,1519,1007,628,9000,632,291,0,600,2123,3097,3063,1523,348.3479419,15.9497542,1,10,10,210,1,1,51,20,10,2.0
43,5,169,367644,369170,369170,370178,370178,370785,370817,378317,378317,378934,378967,379001,382076,1526,1008,607,7500,617,428,0,600,2014,3109,3075,1414,362.78333,14.43538804,1,14,14,200,1,1,51,28,14,2.0
43,5,170,382079,383600,383600,384608,384608,385225,385257,391257,391257,391889,391921,391954,395034,1521,1008,617,6000,632,693,0,600,1729,3113,3080,1129,375.7418378,12.95850785,1,14,-9,210,-1,-1,49,5,14,1.0
43,5,171,395037,396558,396558,397561,397561,398163,398196,406696,406696,407324,407357,407390,410490,1521,1003,602,8500,628,1984,0,600,462,3133,3100,-138,391.1971482,15.45531037,1,9,1,180,1,1,51,10,9,2.0
43,5,172,410493,412017,412017,413022,413022,413627,413660,420160,420160,420779,420811,420844,423929,1524,1005,605,6500,619,602,0,600,1845,3118,3085,1245,404.6367726,13.43962443,1,20,-10,180,-1,-1,49,10,20,1.0
43,5,173,423932,425458,425458,426464,426464,427072,427105,434605,434605,435208,435242,435275,438378,1526,1006,608,7500,603,455,0,600,2002,3136,3103,1402,419.0848364,14.44806377,1,28,-14,180,-1,-1,49,14,28,1.0
43,5,174,438381,439901,439901,440908,440908,441513,441546,448546,448546,449172,449204,449238,452320,1520,1007,605,7000,626,535,0,600,1907,3116,3082,1307,433.0275333,13.94269686,1,7,3,200,1,1,51,10,7,2.0
43,5,175,452323,453842,453842,454846,454846,455451,455483,461983,461983,462584,462617,462650,465758,1519,1004,605,6500,601,663,0,600,1808,3141,3108,1208,446.4648065,13.43727329,1,40,-12,170,-1,-1,49,28,40,1.0
43,5,176,465761,467284,467284,468286,468286,468904,468937,476937,476937,477539,477573,477606,480694,1523,1002,618,8000,602,480,0,600,1975,3121,3088,1375,461.4018163,14.93700976,1,10,4,180,1,1,51,14,10,2.0
43,5,177,480697,482223,482223,483234,483234,483840,483873,492373,492373,492974,493008,493042,496136,1526,1011,606,8500,601,1097,0,600,1359,3128,3094,759,476.8437274,15.44191109,1,20,-6,210,-1,-1,49,14,20,1.0
43,5,178,496139,497662,497662,498668,498668,499270,499302,505302,505302,505918,505950,505983,509075,1523,1006,602,6000,616,873,0,600,1580,3125,3092,980,489.7824886,12.93876121,1,3,2,190,1,1,51,5,3,2.0
43,5,179,509077,510597,510597,511600,511600,512203,512236,521236,521236,521837,521871,521904,525012,1520,1003,603,9000,601,1015,0,600,1458,3141,3108,858,505.7187932,15.9363046,1,28,-8,180,-1,-1,49,20,28,1.0
43,5,180,525015,526537,526537,527542,527542,528146,528178,535178,535178,535778,535811,535845,538977,1522,1005,604,7000,600,880,0,600,1589,3166,3132,989,519.683734,13.9649408,1,14,-9,200,-1,-1,49,5,14,1.0
43,6,181,14259,15779,15779,16795,16795,17404,17437,25437,25437,26053,26085,26121,29228,1520,1016,609,8000,616,619,0,600,1820,3143,3107,1220,14.98209913,14.98209913,1,4,6,180,1,1,51,10,4,2.0
43,6,182,29233,30764,30764,31771,31771,32375,32408,40908,40908,41524,41556,41590,44671,1531,1007,604,8500,616,598,0,600,1844,3115,3081,1244,30.42226931,15.44017018,1,7,13,190,1,1,51,20,7,2.0
43,6,183,44673,46194,46194,47195,47195,47797,47830,53830,53830,54432,54465,54498,57635,1521,1001,602,6000,602,692,0,600,1782,3170,3137,1182,43.38707932,12.96481001,1,56,-28,180,-1,-1,49,28,56,1.0
43,6,184,57638,59162,59162,60169,60169,60801,60833,68333,68333,68947,68979,69012,72075,1524,1007,632,7500,614,680,0,600,1743,3096,3063,1143,57.82655911,14.43947978,1,3,2,170,1,1,51,5,3,2.0
43,6,185,72078,73609,73609,74618,74618,75249,75281,82281,82281,82914,82946,82980,86011,1531,1009,631,7000,633,1362,0,600,1034,3065,3031,434,71.76297159,13.93641248,1,8,-1,150,-1,-1,49,7,8,1.0
43,6,186,86014,87537,87537,88545,88545,89177,89209,95709,95709,96339,96372,96405,99474,1523,1008,632,6500,630,944,0,600,1463,3102,3069,863,85.22525402,13.46228243,1,10,-3,150,-1,-1,49,7,10,1.0
43,6,187,99477,101001,101001,102005,102005,102611,102643,111643,111643,112263,112296,112329,115421,1524,1004,606,9000,620,841,0,600,1605,3125,3092,1005,101.1724214,15.9471674,1,21,-1,170,-1,-1,49,20,21,1.0
43,6,188,115424,116952,116952,117960,117960,118569,118601,125101,125101,125724,125757,125790,128878,1528,1008,609,6500,623,507,0,600,1925,3121,3088,1325,114.6303897,13.45796828,1,5,9,210,1,1,51,14,5,2.0
43,6,189,128881,130408,130408,131415,131415,132015,132047,140547,140547,141179,141212,141246,144319,1527,1007,600,8500,632,1246,0,600,1188,3107,3073,588,130.0707497,15.44036003,1,10,4,190,1,1,51,14,10,2.0
43,6,190,144322,145845,145845,146849,146849,147457,147490,153490,153490,154114,154148,154181,157282,1523,1004,608,6000,624,683,0,600,1758,3134,3101,1158,143.0340937,12.96334394,1,79,-51,200,-1,-1,49,28,79,1.0
43,6,191,157285,158808,158808,159814,159814,160420,160453,167953,167953,168553,168586,168620,171717,1523,1006,606,7500,600,1073,0,600,1392,3131,3097,792,157.4693539,14.43526026,1,20,-10,170,-1,-1,49,10,20,1.0
43,6,192,171721,173243,173243,174250,174250,174878,174911,183911,183911,184526,184558,184591,187673,1522,1007,628,9000,615,826,0,600,1602,3115,3082,1002,173.4239964,15.95464242,1,2,5,150,1,1,51,7,2,2.0
43,6,193,187676,189203,189203,190209,190209,190839,190872,198872,198872,199496,199528,199562,202619,1527,1006,630,8000,624,1487,0,600,926,3091,3057,326,188.3702811,14.94628475,1,8,-1,180,-1,-1,49,7,8,1.0
43,6,194,202621,204143,204143,205148,205148,205777,205809,212809,212809,213410,213442,213475,216582,1522,1005,629,7000,601,525,0,600,1918,3140,3107,1318,202.3334011,13.96312003,1,20,-13,190,-1,-1,49,7,20,1.0
43,6,195,216584,218110,218110,219114,219114,219732,219764,225764,225764,226384,226416,226450,229529,1526,1004,618,6000,620,983,0,600,1449,3113,3079,849,215.2795021,12.94610092,1,10,-5,190,-1,-1,49,5,10,1.0
43,6,196,229531,231053,231053,232057,232057,232676,232708,241708,241708,242324,242357,242390,245476,1522,1004,619,9000,616,901,0,600,1538,3119,3086,938,231.2277239,15.94822183,1,10,4,170,1,1,51,14,10,2.0
43,6,197,245479,246999,246999,248003,248003,248625,248657,256158,256158,256789,256821,256855,259940,1520,1004,622,7501,631,991,0,600,1431,3119,3085,831,245.6917659,14.46404202,1,7,-2,210,-1,-1,49,5,7,1.0
43,6,198,259942,261466,261466,262477,262477,263084,263116,271616,271616,272249,272281,272315,275389,1524,1011,607,8500,633,368,0,600,2057,3108,3074,1457,261.1407452,15.44897928,1,10,18,150,1,1,51,28,10,2.0
43,6,199,275392,276914,276914,277921,277921,278528,278560,285060,285060,285661,285694,285730,288830,1522,1007,607,6500,601,558,0,600,1905,3136,3100,1305,274.5812116,13.44046641,1,28,-14,150,-1,-1,49,14,28,1.0
43,6,200,288832,290348,290348,291355,291355,291985,292017,299017,299017,299618,299650,299684,302789,1516,1007,630,7000,601,854,0,600,1592,3139,3105,992,288.539812,13.95860037,1,14,-9,200,-1,-1,49,5,14,1.0
43,6,201,302792,304316,304316,305323,305323,305928,305961,313961,313961,314588,314620,314654,317746,1524,1007,605,8000,627,643,0,600,1794,3126,3092,1194,303.4976294,14.95781746,1,21,-1,210,-1,-1,49,20,21,1.0
43,6,202,317749,319274,319274,320279,320279,320884,320916,328916,328916,329533,329566,329600,332706,1525,1005,605,8000,617,263,0,600,2185,3140,3106,1585,318.4570507,14.95942125,1,57,-37,210,-1,-1,49,20,57,1.0
43,6,203,332709,334239,334239,335248,335248,335878,335910,344910,344910,345535,345567,345600,348654,1530,1009,630,9000,625,545,0,600,1861,3087,3054,1261,334.4048777,15.94782706,1,7,-2,190,-1,-1,49,5,7,1.0
43,6,204,348656,350175,350175,351181,351181,351806,351838,360338,360338,360969,361002,361035,364092,1519,1006,625,8500,631,673,0,600,1746,3090,3057,1146,349.843332,15.43845429,1,20,-10,190,-1,-1,49,10,20,1.0
43,6,205,364095,365619,365619,366620,366620,367247,367279,374779,374779,375401,375433,375466,378550,1524,1001,627,7500,622,1056,0,600,1370,3117,3084,770,364.3016282,14.45829615,1,7,7,160,1,1,51,14,7,2.0
43,6,206,378553,380078,380078,381083,381083,381708,381741,388241,388241,388873,388906,388940,392019,1525,1005,625,6500,632,439,0,600,1974,3113,3079,1374,377.7696709,13.46804276,1,20,-13,150,-1,-1,49,7,20,1.0
43,6,207,392022,393544,393544,394553,394553,395156,395189,401189,401189,401822,401854,401888,404954,1522,1009,603,6000,633,586,0,600,1847,3100,3066,1247,390.7051149,12.93544394,1,20,-10,170,-1,-1,49,10,20,1.0
43,6,208,404957,406481,406481,407493,407493,408097,408129,415129,415129,415732,415765,415798,418891,1524,1012,604,7000,603,674,0,600,1783,3126,3093,1183,404.6419562,13.9368413,1,28,-14,180,-1,-1,49,14,28,1.0
43,6,209,418894,420420,420420,421430,421430,422034,422066,430566,430566,431189,431221,431254,434334,1526,1010,604,8500,623,825,0,600,1612,3113,3080,1012,420.0854156,15.44345943,1,7,3,170,1,1,51,10,7,2.0
43,6,210,434337,435864,435864,436871,436871,437499,437532,446532,446532,447151,447184,447217,450294,1527,1007,628,9000,619,1408,0,600,1011,3110,3077,411,436.0446322,15.95921663,1,7,-2,180,-1,-1,49,5,7,1.0
43,6,211,450297,451815,451815,452819,452819,453423,453456,460456,460456,461057,461090,461123,464246,1518,1004,604,7000,601,348,0,600,2125,3156,3123,1525,449.9965034,13.9518712,1,14,14,170,1,1,51,28,14,2.0
43,6,212,464249,465774,465774,466781,466781,467387,467420,474920,474920,475522,475554,475587,478688,1525,1007,606,7500,602,909,0,600,1551,3134,3101,951,464.4393812,14.44287782,1,14,14,190,1,1,51,28,14,2.0
43,6,213,478691,480216,480216,481220,481220,481826,481859,489859,489859,490459,490491,490524,493631,1525,1004,606,8000,600,460,0,600,2005,3140,3107,1405,479.382205,14.94282373,1,29,-1,210,-1,-1,49,28,29,1.0
43,6,214,493634,495156,495156,496160,496160,496765,496797,503297,503297,503897,503930,503963,507091,1522,1004,605,6500,600,844,0,600,1625,3161,3128,1025,492.8414308,13.45922582,1,10,10,210,1,1,51,20,10,2.0
43,6,215,507094,508619,508619,509625,509625,510231,510263,516263,516263,516868,516900,516933,520048,1525,1006,606,6000,605,380,0,600,2078,3148,3115,1478,505.7989623,12.95753148,0,11,-1,210,-1,1,51,10,11,2.0
43,6,216,520052,521578,521578,522586,522586,523190,523222,529222,529222,529823,529855,529888,532993,1526,1008,604,6000,601,1049,0,600,1412,3138,3105,812,518.742571,12.94360875,1,28,-8,150,-1,-1,49,20,28,1.0
44,1,1,73968,75496,75496,76518,76518,77143,77175,83175,83175,83780,83813,83849,86921,1528,1022,625,6000,605,1550,0,600,870,3108,3072,270,12.98583468,12.98583468,1,40,-12,150,-1,-1,49,28,40,1.0
44,1,2,86972,88502,88502,89516,89516,90122,90155,98155,98155,98760,98794,98829,101907,1530,1014,606,8000,605,821,0,600,1624,3113,3078,1024,27.92663454,14.94079985,1,40,-26,180,-1,-1,49,14,40,1.0
44,1,3,101913,103434,103434,104439,104439,105056,105089,112589,112589,113221,113253,113287,116346,1521,1005,617,7500,632,771,0,600,1654,3093,3059,1054,42.36109411,14.43445957,1,14,-9,160,-1,-1,49,5,14,1.0
44,1,4,116349,117876,117876,118883,118883,119483,119516,126016,126016,126641,126673,126707,129809,1527,1007,600,6500,625,621,0,600,1820,3136,3102,1220,55.8239696,13.46287549,1,4,1,170,1,1,51,5,4,2.0
44,1,5,129812,131331,131331,132337,132337,132941,132974,141474,141474,142106,142138,142172,145244,1519,1006,604,8500,632,686,0,600,1753,3106,3072,1153,71.25878055,15.43481095,1,10,10,210,1,1,51,20,10,2.0
44,1,6,145247,146769,146769,147774,147774,148380,148413,155413,155413,156013,156045,156078,159209,1522,1005,606,7000,600,879,0,600,1588,3164,3131,988,85.22399346,13.96521292,1,19,1,150,1,1,51,20,19,2.0
44,1,7,159211,160736,160736,161744,161744,162362,162395,171395,171395,171995,172028,172061,175170,1525,1008,618,9000,600,1439,0,600,1010,3142,3109,410,101.1856559,15.9616624,1,14,-7,180,-1,-1,49,7,14,1.0
44,1,8,175173,176691,176691,177695,177695,178300,178334,184334,184334,184938,184971,185004,188111,1518,1004,605,6000,604,1470,0,600,999,3140,3107,399,114.1258663,12.94021041,1,40,-12,190,-1,-1,49,28,40,1.0
44,1,9,188114,189639,189639,190647,190647,191252,191285,198785,198785,199387,199419,199452,202565,1525,1008,605,7500,602,1053,0,600,1407,3146,3113,807,128.5797509,14.45388467,1,20,-10,200,-1,-1,49,10,20,1.0
44,1,10,202568,204089,204089,205094,205094,205718,205750,214750,214750,215369,215402,215435,218511,1521,1005,624,9000,619,1274,0,600,1157,3109,3076,557,144.5258519,15.94610092,1,2,5,180,1,1,51,7,2,2.0
44,1,11,218514,220033,220033,221037,221037,221641,221673,229673,229673,230303,230337,230370,233471,1519,1004,604,8000,630,367,0,600,2076,3134,3101,1476,159.4865656,14.96071374,1,28,-14,150,-1,-1,49,14,28,1.0
44,1,12,233475,234997,234997,236003,236003,236612,236644,243644,243644,244246,244279,244314,247431,1522,1006,609,7000,602,798,0,600,1663,3152,3117,1063,173.445555,13.95898941,1,20,-10,180,-1,-1,49,10,20,1.0
44,1,13,247434,248961,248961,249966,249966,250585,250617,257117,257117,257718,257750,257784,260875,1527,1005,619,6500,601,610,0,600,1838,3125,3091,1238,186.8909567,13.44540164,1,28,-14,210,-1,-1,49,14,28,1.0
44,1,14,260879,262405,262405,263415,263415,264048,264080,272580,272580,273195,273228,273261,276325,1526,1010,633,8500,615,1046,0,600,1370,3097,3064,770,202.3395363,15.44857969,1,4,1,200,1,1,51,5,4,2.0
44,1,15,276327,277849,277849,278850,278850,279459,279491,288491,288491,289092,289124,289158,292289,1522,1001,609,9000,601,578,0,600,1889,3165,3131,1289,218.3042074,15.96467109,1,14,14,210,1,1,51,28,14,2.0
44,1,16,292292,293815,293815,294847,294847,295451,295483,301483,301483,302084,302118,302151,305233,1523,1032,604,6000,601,439,0,600,2001,3115,3082,1401,231.2475468,12.94333934,1,20,-13,180,-1,-1,49,7,20,1.0
44,1,17,305236,306760,306760,307770,307770,308378,308412,314912,314912,315513,315545,315579,318689,1524,1010,608,6500,601,1053,0,600,1404,3144,3110,804,244.7042861,13.45673937,1,20,-6,160,-1,-1,49,14,20,1.0
44,1,18,318692,320215,320215,321217,321217,321821,321854,329354,329354,329968,330001,330035,333155,1523,1002,604,7500,614,798,0,600,1659,3154,3120,1059,259.1689411,14.46465497,1,57,-37,180,-1,-1,49,20,57,1.0
44,1,19,333158,334682,334682,335691,335691,336295,336328,344328,344328,344946,344978,345011,348099,1524,1009,604,8000,618,1022,0,600,1423,3121,3088,823,274.1131254,14.94418433,0,14,-4,150,-1,1,51,10,14,2.0
44,1,20,348101,349621,349621,350624,350624,351229,351261,358261,358261,358865,358898,358931,362034,1520,1003,605,7000,604,718,0,600,1750,3136,3103,1150,288.0484443,13.93531888,1,7,13,180,1,1,51,20,7,2.0
44,1,21,362037,363558,363558,364564,364564,365170,365203,373703,373703,374335,374367,374400,377487,1521,1006,606,8500,632,1029,0,600,1406,3120,3087,806,303.5014692,15.45302492,1,20,-10,160,-1,-1,49,10,20,1.0
44,1,22,377490,379008,379008,380012,380012,380615,380648,388648,388648,389248,389282,389317,392441,1518,1004,603,8000,600,518,0,600,1957,3159,3124,1357,318.4555936,14.9541244,1,14,-4,150,-1,-1,49,10,14,1.0
44,1,23,392443,393971,393971,394977,394977,395580,395614,402614,402614,403215,403247,403281,406397,1528,1006,603,7000,601,602,0,600,1860,3150,3116,1260,332.4122825,13.9566889,1,5,2,170,1,1,51,7,5,2.0
44,1,24,406400,407926,407926,408936,408936,409563,409595,415595,415595,416224,416257,416290,419355,1526,1010,627,6000,629,1105,0,600,1303,3098,3065,703,345.3695295,12.957247,1,4,1,160,1,1,51,5,4,2.0
44,1,25,419358,420877,420877,421883,421883,422488,422520,431020,431020,431638,431672,431705,434811,1519,1006,605,8500,618,400,0,600,2052,3139,3106,1452,360.8258319,15.45630241,1,57,-37,180,-1,-1,49,20,57,1.0
44,1,26,434814,436335,436335,437337,437337,437941,437973,446973,446973,447606,447638,447672,450744,1521,1002,604,9000,633,470,0,600,1970,3106,3072,1370,376.7586505,15.93281857,1,10,18,170,1,1,51,28,10,2.0
44,1,27,450747,452270,452270,453274,453274,453879,453911,460411,460411,461013,461045,461078,464193,1523,1004,605,6500,602,964,0,600,1502,3148,3115,902,390.2080478,13.44939725,1,28,-8,200,-1,-1,49,20,28,1.0
44,1,28,464196,465721,465721,466729,466729,467334,467366,474866,474866,475483,475515,475548,478645,1525,1008,605,7500,617,946,0,600,1499,3130,3097,899,404.6595741,14.4515263,1,2,5,210,1,1,51,7,2,2.0
44,1,29,478648,480170,480170,481175,481175,481777,481809,487809,487809,488410,488444,488477,491591,1522,1005,602,6000,601,505,0,600,1965,3147,3114,1365,417.6056548,12.94608073,1,14,-7,190,-1,-1,49,7,14,1.0
44,1,30,491594,493119,493119,494126,494126,494732,494765,503765,503765,504397,504429,504462,507536,1525,1007,606,9000,632,466,0,600,1964,3107,3074,1364,433.5497454,15.94409061,1,13,1,160,1,1,51,14,13,2.0
44,1,31,507539,509063,509063,510070,510070,510701,510733,518234,518234,518837,518869,518903,521995,1524,1007,631,7501,603,677,0,600,1757,3126,3092,1157,448.0098165,14.46007111,1,14,-9,160,-1,-1,49,5,14,1.0
44,1,32,521998,523517,523517,524518,524518,525125,525157,532157,532157,532786,532819,532852,535938,1519,1001,607,7000,629,248,0,600,2196,3119,3086,1596,461.9529106,13.94309404,1,5,9,210,1,1,51,14,5,2.0
44,1,33,535941,537461,537461,538469,538469,539072,539105,545605,545605,546206,546238,546271,549404,1520,1008,603,6500,601,652,0,600,1816,3166,3133,1216,475.4188167,13.46590618,1,20,-10,170,-1,-1,49,10,20,1.0
44,1,34,549407,550931,550931,551936,551936,552541,552573,561073,561073,561689,561723,561758,564848,1524,1005,605,8500,616,418,0,600,2032,3125,3090,1432,490.8629937,15.44417695,1,79,-51,160,-1,-1,49,28,79,1.0
44,1,35,564851,566375,566375,567380,567380,567982,568014,576014,576014,576630,576663,576697,579806,1524,1005,602,8000,616,600,0,600,1853,3143,3109,1253,505.8203329,14.95733921,1,4,1,180,1,1,51,5,4,2.0
44,1,36,579809,581329,581329,582331,582331,582939,582972,589472,589472,590072,590104,590138,593249,1520,1002,608,6500,600,500,0,600,1970,3145,3111,1370,519.2631001,13.44276722,1,10,18,210,1,1,51,28,10,2.0
44,2,37,24031,25559,25559,26576,26576,27177,27210,35710,35710,36311,36343,36378,39489,1528,1017,601,8500,601,719,0,600,1734,3146,3111,1134,15.46981892,15.46981892,0,28,-8,160,-1,1,51,20,28,2.0
44,2,38,39494,41011,41011,42018,42018,42624,42657,51657,51657,52272,52305,52339,55441,1517,1007,606,9000,615,684,0,600,1771,3136,3102,1171,31.42027557,15.95045665,1,4,6,150,1,1,51,10,4,2.0
44,2,39,55443,56965,56965,57970,57970,58574,58606,66106,66106,66708,66741,66775,69884,1522,1005,604,7500,602,341,0,600,2126,3143,3109,1526,45.86328026,14.44300469,1,40,-20,180,-1,-1,49,20,40,1.0
44,2,40,69886,71408,71408,72414,72414,73019,73051,79051,79051,79672,79706,79740,82839,1522,1006,605,6000,621,418,0,600,2028,3133,3099,1428,58.81863357,12.95535331,1,7,13,180,1,1,51,20,7,2.0
44,2,41,82842,84366,84366,85370,85370,85977,86009,94009,94009,94627,94659,94692,97794,1524,1004,607,8000,618,328,0,600,2119,3135,3102,1519,73.77371898,14.95508541,1,5,9,180,1,1,51,14,5,2.0
44,2,42,97797,99323,99323,100329,100329,100939,100972,107972,107972,108604,108637,108670,111744,1526,1006,610,7000,632,566,0,600,1860,3107,3074,1260,87.72313145,13.94941247,1,14,14,180,1,1,51,28,14,2.0
44,2,43,111746,113269,113269,114273,114273,114879,114912,121412,121412,122032,122064,122097,125184,1523,1004,606,6500,620,737,0,600,1710,3120,3087,1110,101.1626691,13.43953764,1,4,3,210,1,1,51,7,4,2.0
44,2,44,125187,126715,126715,127723,127723,128328,128360,134360,134360,134978,135010,135043,138127,1528,1008,605,6000,618,1186,0,600,1255,3117,3084,655,114.1056911,12.94302202,1,4,3,170,1,1,51,7,4,2.0
44,2,45,138130,139651,139651,140657,140657,141261,141293,150293,150293,150912,150944,150978,154076,1521,1006,604,9000,619,488,0,600,1962,3132,3098,1362,130.05585,15.95015892,1,20,-10,160,-1,-1,49,10,20,1.0
44,2,46,154079,155604,155604,156614,156614,157239,157271,164771,164771,165389,165422,165455,168510,1525,1010,625,7500,618,640,0,600,1782,3088,3055,1182,144.4881598,14.43230973,1,2,3,210,1,1,51,5,2,2.0
44,2,47,168511,170037,170037,171043,171043,171673,171705,180205,180205,180834,180867,180900,183959,1526,1006,630,8500,629,386,0,600,2023,3092,3059,1423,159.9374732,15.44931348,1,7,-2,200,-1,-1,49,5,7,1.0
44,2,48,183961,185487,185487,186489,186489,187095,187127,193627,193627,194227,194260,194294,197404,1526,1002,606,6500,600,1148,0,600,1318,3144,3110,718,173.3821137,13.44464042,1,10,4,150,1,1,51,14,10,2.0
44,2,49,197407,198933,198933,199938,199938,200544,200576,208576,208576,209176,209208,209242,212344,1526,1005,606,8000,600,755,0,600,1708,3136,3102,1108,188.3228894,14.94077574,1,14,14,170,1,1,51,28,14,2.0
44,2,50,212347,213868,213868,214877,214877,215482,215514,222514,222514,223114,223146,223179,226288,1521,1009,605,7000,600,1015,0,600,1450,3142,3109,850,202.2675411,13.94465172,1,29,-1,200,-1,-1,49,28,29,1.0
44,2,51,226292,227823,227823,228831,228831,229435,229468,236468,236468,237068,237100,237134,240243,1531,1008,604,7000,600,462,0,600,1995,3143,3109,1395,216.2225009,13.95495974,1,20,-13,200,-1,-1,49,7,20,1.0
44,2,52,240246,241767,241767,242775,242775,243377,243410,251410,251410,252027,252059,252093,255181,1521,1008,602,8000,617,1936,0,600,516,3122,3088,-84,231.1590285,14.9365276,1,2,5,210,1,1,51,7,2,2.0
44,2,53,255183,256707,256707,257716,257716,258322,258353,264853,264853,265455,265488,265521,268623,1524,1009,606,6500,602,397,0,600,2062,3135,3102,1462,244.6017303,13.44270183,1,14,14,200,1,1,51,28,14,2.0
44,2,54,268626,270152,270152,271158,271158,271765,271798,279298,279298,279917,279949,279981,283072,1526,1006,607,7500,619,1452,0,600,990,3123,3091,390,259.0507331,14.44900278,1,40,-12,190,-1,-1,49,28,40,1.0
44,2,55,283075,284604,284604,285608,285608,286211,286244,295244,295244,295870,295902,295936,299036,1529,1004,603,9000,626,749,0,600,1689,3134,3100,1089,275.0154087,15.96467561,0,11,-1,210,-1,1,51,10,11,2.0
44,2,56,299039,300561,300561,301569,301569,302171,302204,308204,308204,308805,308837,308871,311996,1522,1008,602,6000,601,480,0,600,1987,3159,3125,1387,287.9753353,12.95992661,1,20,-13,200,-1,-1,49,7,20,1.0
44,2,57,311999,313522,313522,314529,314529,315135,315167,323667,323667,324290,324323,324357,327432,1523,1007,606,8500,623,696,0,600,1745,3109,3075,1145,303.4115888,15.43625352,0,7,7,190,1,-1,49,14,7,1.0
44,2,58,327435,328959,328959,329963,329963,330568,330600,337100,337100,337727,337760,337793,340885,1524,1004,605,6500,627,1032,0,600,1408,3125,3092,808,316.8635593,13.45197049,1,5,5,160,1,1,51,10,5,2.0
44,2,59,340888,342413,342413,343418,343418,344027,344060,352060,352060,352694,352727,352760,355834,1525,1005,609,8000,634,1084,0,600,1343,3107,3074,743,331.8125939,14.94903458,1,28,-8,180,-1,-1,49,20,28,1.0
44,2,60,355836,357360,357360,358364,358364,358986,359019,366519,366519,367136,367168,367201,370293,1524,1004,622,7500,617,674,0,600,1759,3125,3092,1159,346.270906,14.45831213,1,4,3,160,1,1,51,7,4,2.0
44,2,61,370296,371819,371819,372826,372826,373431,373464,381964,381964,382568,382600,382633,385747,1523,1007,605,8500,604,343,0,600,2118,3147,3114,1518,361.7256589,15.45475287,1,40,-26,210,-1,-1,49,14,40,1.0
44,2,62,385750,387275,387275,388284,388284,388889,388922,394922,394922,395546,395580,395613,398687,1525,1009,605,6000,624,495,0,600,1942,3107,3074,1342,374.6651228,12.93946396,0,7,7,200,1,-1,49,14,7,1.0
44,2,63,398690,400214,400214,401220,401220,401825,401857,408857,408857,409457,409489,409524,412641,1524,1006,605,7000,600,857,0,600,1608,3152,3117,1008,388.61876,13.95363711,1,10,4,170,1,1,51,14,10,2.0
44,2,64,412643,414167,414167,415174,415174,415776,415809,424809,424809,425428,425461,425495,428606,1524,1007,602,9000,619,859,0,600,1589,3145,3111,989,404.583896,15.96513607,1,5,5,160,1,1,51,10,5,2.0
44,2,65,428608,430129,430129,431137,431137,431741,431773,439273,439273,439902,439934,439968,443041,1521,1008,604,7500,629,564,0,600,1874,3107,3073,1274,419.0197201,14.43582409,1,7,3,180,1,1,51,10,7,2.0
44,2,66,443044,444570,444570,445574,445574,446205,446238,454238,454238,454854,454887,454920,457979,1526,1004,631,8000,616,1069,0,600,1354,3092,3059,754,433.9566292,14.93690911,1,3,2,160,1,1,51,5,3,2.0
44,2,67,457981,459504,459504,460510,460510,461114,461146,467646,467646,468264,468297,468330,471425,1523,1006,604,6500,618,487,0,600,1962,3128,3095,1362,447.4029467,13.44631744,1,57,-37,200,-1,-1,49,20,57,1.0
44,2,68,471428,472946,472946,473954,473954,474586,474618,480618,480618,481218,481250,481284,484373,1518,1008,632,6000,600,736,0,600,1706,3123,3089,1106,460.3514494,12.94850269,0,21,-1,210,-1,1,51,20,21,2.0
44,2,69,484375,485901,485901,486907,486907,487508,487540,496040,496040,496656,496688,496721,499809,1526,1006,601,8500,616,1516,0,600,935,3121,3088,335,475.787853,15.43640359,1,4,1,190,1,1,51,5,4,2.0
44,2,70,499812,501334,501334,502341,502341,502971,503004,512004,512004,512605,512638,512672,515756,1522,1007,630,9000,601,545,0,600,1895,3118,3084,1295,491.7344369,15.94658399,1,14,-9,210,-1,-1,49,5,14,1.0
44,2,71,515759,517282,517282,518284,518284,518890,518924,525924,525924,526543,526575,526608,529690,1523,1002,606,7000,619,279,0,600,2171,3115,3082,1571,505.6682928,13.93385582,1,56,-28,210,-1,-1,49,28,56,1.0
44,2,72,529693,531220,531220,532223,532223,532855,532887,538887,538887,539511,539543,539578,542654,1527,1003,632,6000,624,439,0,600,1975,3111,3076,1375,518.6320938,12.96380109,1,7,-2,170,-1,-1,49,5,7,1.0
44,3,73,20255,21781,21781,22803,22803,23412,23446,30446,30446,31075,31107,31143,34205,1526,1022,609,7000,629,281,0,600,2133,3098,3062,1533,13.96215059,13.96215059,1,7,13,200,1,1,51,20,7,2.0
44,3,74,34211,35733,35733,36737,36737,37344,37376,45376,45376,45993,46027,46061,49151,1522,1004,607,8000,617,414,0,600,2036,3124,3090,1436,28.90587807,14.94372748,1,56,-28,210,-1,-1,49,28,56,1.0
44,3,75,49154,50677,50677,51687,51687,52296,52328,58828,58828,59428,59462,59496,62605,1523,1010,609,6500,600,345,0,600,2113,3143,3109,1513,42.35928811,13.45341005,1,14,6,180,1,1,51,20,14,2.0
44,3,76,62608,64126,64126,65131,65131,65733,65765,74265,74265,74865,74897,74930,78051,1518,1005,602,8500,600,416,0,600,2059,3154,3121,1459,57.80519602,15.44590791,1,28,-8,150,-1,-1,49,20,28,1.0
44,3,77,78053,79576,79576,80581,80581,81187,81220,88720,88720,89323,89357,89392,92515,1523,1005,606,7500,603,542,0,600,1921,3158,3123,1321,72.26930373,14.46410771,1,40,-20,210,-1,-1,49,20,40,1.0
44,3,78,92518,94040,94040,95050,95050,95656,95688,101688,101688,102306,102338,102372,105450,1522,1010,606,6000,618,437,0,600,2007,3112,3078,1407,85.20437701,12.93507328,1,56,-28,190,-1,-1,49,28,56,1.0
44,3,79,105453,106976,106976,107980,107980,108590,108622,117622,117622,118254,118289,118323,121413,1523,1004,610,9000,632,738,0,600,1693,3124,3090,1093,101.1674428,15.96306579,0,29,-1,180,-1,1,51,28,29,2.0
44,3,80,121416,122944,122944,123945,123945,124566,124598,133098,133098,133719,133751,133784,136866,1528,1001,621,8500,621,2190,0,600,239,3115,3082,-361,116.6202342,15.45279137,1,6,-1,200,-1,-1,49,5,6,1.0
44,3,81,136869,138388,138388,139394,139394,140000,140032,146032,146032,146647,146679,146713,149819,1519,1006,606,6000,615,1212,0,600,1242,3140,3106,642,129.5732032,12.95296902,1,2,5,150,1,1,51,7,2,2.0
44,3,82,149822,151342,151342,152348,152348,152951,152985,159485,159485,160085,160117,160150,163270,1520,1006,603,6500,600,514,0,600,1957,3153,3120,1357,143.0243133,13.45111013,1,14,-7,190,-1,-1,49,7,14,1.0
44,3,83,163273,164794,164794,165799,165799,166408,166440,173940,173940,174563,174596,174629,177708,1521,1005,609,7500,623,567,0,600,1875,3112,3079,1275,157.4620248,14.43771145,1,7,13,180,1,1,51,20,7,2.0
44,3,84,177711,179235,179235,180241,180241,180866,180898,188898,188898,189518,189551,189585,192656,1524,1006,625,8000,620,460,0,600,1965,3105,3071,1365,172.4101264,14.94810159,1,7,-2,180,-1,-1,49,5,7,1.0
44,3,85,192659,194184,194184,195185,195185,195813,195845,204845,204845,205447,205479,205513,208597,1525,1001,628,9000,602,223,0,600,2221,3118,3084,1621,188.3506541,15.94052773,1,14,-9,150,-1,-1,49,5,14,1.0
44,3,86,208599,210122,210122,211126,211126,211732,211765,218765,218765,219368,219400,219433,222536,1523,1004,606,7000,603,556,0,600,1908,3136,3103,1308,202.2895274,13.93887331,0,11,-1,160,-1,1,51,10,11,2.0
44,3,87,222538,224067,224067,225072,225072,225698,225730,234730,234730,235362,235395,235430,238474,1529,1005,626,9000,632,433,0,600,1975,3079,3044,1375,218.2281636,15.93863615,1,14,-9,170,-1,-1,49,5,14,1.0
44,3,88,238476,240001,240001,241008,241008,241616,241649,248149,248149,248751,248783,248816,251908,1525,1007,608,6500,602,552,0,600,1906,3125,3092,1306,231.6618288,13.43366521,0,29,-1,180,-1,1,51,28,29,2.0
44,3,89,251910,253431,253431,254435,254435,255065,255097,262597,262597,263220,263252,263286,266341,1521,1004,630,7500,623,710,0,600,1712,3089,3055,1112,246.0949181,14.43308933,1,7,-2,150,-1,-1,49,5,7,1.0
44,3,90,266344,267863,267863,268868,268868,269473,269506,275506,275506,276137,276171,276204,279292,1519,1005,605,6000,631,580,0,600,1860,3121,3088,1260,259.0453763,12.95045816,1,10,4,210,1,1,51,14,10,2.0
44,3,91,279294,280817,280817,281822,281822,282422,282455,289455,289455,290056,290089,290124,293235,1523,1005,600,7000,601,368,0,600,2103,3146,3111,1503,272.9898415,13.94446519,1,10,-3,210,-1,-1,49,7,10,1.0
44,3,92,293238,294762,294762,295774,295774,296374,296407,304907,304907,305507,305539,305572,308699,1524,1012,600,8500,600,299,0,600,2165,3160,3127,1565,288.4530343,15.46319281,1,14,-9,160,-1,-1,49,5,14,1.0
44,3,93,308702,310221,310221,311225,311225,311828,311861,319861,319861,320486,320519,320552,323666,1519,1004,603,8000,625,795,0,600,1654,3147,3114,1054,303.4193652,14.96633093,1,7,3,190,1,1,51,10,7,2.0
44,3,94,323667,325190,325190,326193,326193,326808,326840,334840,334840,335459,335492,335526,338599,1523,1003,615,8000,619,853,0,600,1587,3107,3073,987,318.3528109,14.93344568,1,5,5,170,1,1,51,10,5,2.0
44,3,95,338600,340121,340121,341127,341127,341731,341763,348763,348763,349365,349397,349430,352539,1521,1006,604,7000,602,732,0,600,1735,3142,3109,1135,332.2938762,13.94106534,0,21,-1,210,-1,1,51,20,21,2.0
44,3,96,352543,354065,354065,355067,355067,355669,355702,363202,363202,363820,363852,363886,366981,1522,1002,602,7500,618,454,0,600,2002,3129,3095,1402,346.7342079,14.4403317,1,5,2,200,1,1,51,7,5,2.0
44,3,97,366983,368511,368511,369515,369515,370123,370155,376655,376655,377255,377287,377320,380420,1528,1004,608,6500,600,909,0,600,1551,3133,3100,951,360.1746912,13.44048328,1,28,-14,190,-1,-1,49,14,28,1.0
44,3,98,380423,381948,381948,382954,382954,383560,383593,389593,389593,390194,390228,390261,393368,1525,1006,606,6000,601,1173,0,600,1289,3140,3107,689,373.1220289,12.94733767,1,20,-10,170,-1,-1,49,10,20,1.0
44,3,99,393371,394895,394895,395895,395895,396509,396543,405543,405543,406176,406208,406241,409321,1524,1000,614,9000,633,342,0,600,2087,3113,3080,1487,389.0753661,15.95333727,1,20,-6,210,-1,-1,49,14,20,1.0
44,3,100,409324,410844,410844,411850,411850,412455,412488,420988,420988,421593,421626,421660,424770,1520,1006,605,8500,605,1279,0,600,1185,3144,3110,585,404.523373,15.44800682,1,14,-4,160,-1,-1,49,10,14,1.0
44,3,101,424773,426292,426292,427296,427296,427898,427930,435930,435930,436546,436578,436611,439708,1519,1004,602,8000,616,349,0,600,2110,3130,3097,1510,419.4621393,14.93876633,1,4,3,200,1,1,51,7,4,2.0
44,3,102,439711,441238,441238,442243,442243,442849,442881,448881,448881,449512,449545,449578,452663,1527,1005,606,6000,631,476,0,600,1955,3118,3085,1355,432.4171081,12.95496878,1,10,18,180,1,1,51,28,10,2.0
44,3,103,452666,454185,454185,455194,455194,455799,455831,462331,462331,462932,462965,462999,466115,1519,1009,605,6500,601,1090,0,600,1376,3150,3116,776,445.8684858,13.45137773,1,15,-1,150,-1,-1,49,14,15,1.0
44,3,104,466118,467642,467642,468654,468654,469258,469290,478290,478290,478893,478926,478960,482070,1524,1012,604,9000,603,595,0,600,1862,3144,3110,1262,461.8237695,15.9552837,1,28,-18,180,-1,-1,49,10,28,1.0
44,3,105,482073,483597,483597,484605,484605,485208,485241,493741,493741,494372,494405,494438,497507,1524,1008,603,8500,631,851,0,600,1583,3102,3069,983,477.2605344,15.43676491,1,20,-6,150,-1,-1,49,14,20,1.0
44,3,106,497510,499030,499030,500035,500035,500640,500673,507673,507673,508306,508338,508371,511466,1520,1005,605,7000,633,844,0,600,1593,3128,3095,993,491.2201313,13.95959694,1,29,-1,170,-1,-1,49,28,29,1.0
44,3,107,511469,512990,512990,513993,513993,514601,514633,522133,522133,522750,522783,522816,525900,1521,1003,608,7500,617,478,0,600,1973,3117,3084,1373,505.653601,14.43346963,1,5,2,150,1,1,51,7,5,2.0
44,3,108,525902,527425,527425,528430,528430,529038,529070,536070,536070,536688,536720,536754,539845,1523,1005,608,7000,618,901,0,600,1545,3125,3091,945,519.5983907,13.94478974,1,7,7,210,1,1,51,14,7,2.0
44,4,109,49546,51074,51074,52087,52087,52718,52751,59251,59251,59868,59900,59936,63015,1528,1013,631,6500,617,523,0,600,1888,3115,3079,1288,13.4810762,13.4810762,1,2,3,190,1,1,51,5,2,2.0
44,4,110,63019,64541,64541,65546,65546,66150,66182,72182,72182,72816,72848,72882,75963,1522,1005,604,6000,634,379,0,600,2056,3115,3081,1456,26.42767706,12.94660086,1,14,14,210,1,1,51,28,14,2.0
44,4,111,75966,77492,77492,78498,78498,79100,79132,87132,87132,87763,87795,87828,90899,1526,1006,602,8000,631,364,0,600,2071,3104,3071,1471,41.36437944,14.93670238,1,28,-18,200,-1,-1,49,10,28,1.0
44,4,112,90902,92428,92428,93433,93433,94037,94069,103069,103069,103696,103728,103761,106849,1526,1005,604,9000,627,907,0,600,1531,3121,3088,931,57.31428251,15.94990307,0,14,-4,170,-1,1,51,10,14,2.0
44,4,113,106852,108369,108369,109376,109376,109985,110017,117517,117517,118133,118166,118199,121286,1517,1007,609,7500,616,311,0,600,2140,3120,3087,1540,71.75108117,14.43679866,1,7,13,180,1,1,51,20,7,2.0
44,4,114,121288,122806,122806,123815,123815,124419,124452,131452,131452,132073,132105,132138,135227,1518,1009,604,7000,621,256,0,600,2192,3122,3089,1592,85.6909824,13.93990122,1,7,13,170,1,1,51,20,7,2.0
44,4,115,135229,136755,136755,137760,137760,138366,138399,146899,146899,147531,147564,147598,150678,1526,1005,606,8500,632,435,0,600,1996,3114,3080,1396,101.1432582,15.45227576,1,10,10,180,1,1,51,20,10,2.0
44,4,116,150681,152203,152203,153210,153210,153811,153844,162344,162344,162964,162996,163030,166121,1522,1007,601,8500,620,386,0,600,2064,3125,3091,1464,116.5861694,15.44291127,1,4,3,190,1,1,51,7,4,2.0
44,4,117,166124,167650,167650,168656,168656,169261,169294,177294,177294,177894,177927,177960,181083,1526,1006,605,8000,600,901,0,600,1562,3156,3123,962,131.5474358,14.96126642,0,11,-1,190,-1,1,51,10,11,2.0
44,4,118,181086,182606,182606,183610,183610,184216,184250,191250,191250,191866,191899,191932,195047,1520,1004,606,7000,616,667,0,600,1787,3148,3115,1187,145.5120753,13.96463945,1,5,9,210,1,1,51,14,5,2.0
44,4,119,195050,196569,196569,197572,197572,198179,198211,207211,207211,207844,207876,207910,211012,1519,1003,607,9000,633,752,0,600,1686,3136,3102,1086,161.4763887,15.96431338,1,14,14,160,1,1,51,28,14,2.0
44,4,120,211015,212538,212538,213542,213542,214149,214181,220681,220681,221313,221346,221380,224474,1523,1004,607,6500,632,1358,0,600,1076,3128,3094,476,174.9386609,13.46227218,0,21,-1,170,-1,1,51,20,21,2.0
44,4,121,224476,225994,225994,226998,226998,227603,227635,235135,235135,235753,235786,235820,238929,1518,1004,605,7500,618,368,0,600,2087,3143,3109,1487,189.3933586,14.45469772,1,56,-28,160,-1,-1,49,28,56,1.0
44,4,122,238932,240451,240451,241458,241458,242063,242096,248096,248096,248714,248747,248780,251873,1519,1007,605,6000,618,940,0,600,1511,3126,3093,911,202.3376836,12.94432506,1,5,5,210,1,1,51,10,5,2.0
44,4,123,251876,253398,253398,254404,254404,255010,255042,262043,262043,262661,262694,262727,265827,1522,1006,606,7001,618,492,0,600,1955,3133,3100,1355,216.2912325,13.95354882,1,56,-28,210,-1,-1,49,28,56,1.0
44,4,124,265830,267352,267352,268359,268359,268962,268994,276994,276994,277611,277643,277676,280760,1522,1007,603,8000,617,413,0,600,2038,3117,3084,1438,231.224293,14.93306055,1,2,3,180,1,1,51,5,2,2.0
44,4,125,280763,282283,282283,283285,283285,283888,283921,290421,290421,291042,291074,291107,294203,1520,1002,603,6500,621,2011,0,600,443,3129,3096,-157,244.6676337,13.4433407,0,7,3,190,1,-1,49,10,7,1.0
44,4,126,294206,295731,295731,296735,296735,297338,297370,303370,303370,303986,304019,304052,307148,1525,1004,603,6000,616,745,0,600,1707,3129,3096,1107,257.6120868,12.94445313,0,4,3,190,1,-1,49,7,4,1.0
44,4,127,307151,308676,308676,309684,309684,310291,310324,317824,317824,318440,318472,318505,321601,1525,1008,607,7500,616,873,0,600,1571,3129,3096,971,272.0652413,14.4531545,1,5,9,210,1,1,51,14,5,2.0
44,4,128,321604,323129,323129,324132,324132,324750,324782,333782,333782,334399,334431,334465,337543,1525,1003,618,9000,617,633,0,600,1804,3112,3078,1204,288.0073454,15.9421041,1,7,7,170,1,1,51,14,7,2.0
44,4,129,337547,339068,339068,340069,340069,340687,340719,349219,349219,349851,349883,349916,352984,1521,1001,618,8500,632,1265,0,600,1163,3101,3068,563,303.44798,15.44063456,1,7,-2,150,-1,-1,49,5,7,1.0
44,4,130,352987,354512,354512,355519,355519,356125,356158,364158,364158,364790,364823,364856,367935,1525,1007,606,8000,632,473,0,600,1957,3112,3079,1357,318.3996541,14.95167411,1,10,-3,180,-1,-1,49,7,10,1.0
44,4,131,367938,369460,369460,370468,370468,371072,371104,378104,378104,378733,378765,378798,381896,1522,1008,604,7000,629,1174,0,600,1263,3131,3098,663,332.3601337,13.96047959,1,10,18,160,1,1,51,28,10,2.0
44,4,132,381899,383421,383421,384427,384427,385049,385082,393582,393582,394198,394230,394263,397331,1522,1006,622,8500,616,1337,0,600,1097,3101,3068,497,347.7955564,15.43542269,1,6,-1,150,-1,-1,49,5,6,1.0
44,4,133,397334,398856,398856,399864,399864,400486,400518,407018,407018,407619,407652,407685,410792,1522,1008,622,6500,601,330,0,600,2117,3140,3107,1517,361.2557098,13.46015338,1,10,-5,160,-1,-1,49,5,10,1.0
44,4,134,410795,412316,412316,413323,413323,413926,413959,419959,419959,420591,420623,420656,423732,1521,1007,603,6000,632,600,0,600,1837,3109,3076,1237,374.1961757,12.94046596,1,28,-14,170,-1,-1,49,14,28,1.0
44,4,135,423735,425255,425255,426263,426263,426863,426896,435896,435896,436511,436543,436576,439693,1520,1008,600,9000,615,668,0,600,1789,3150,3117,1189,390.1575922,15.9614165,1,5,2,200,1,1,51,7,5,2.0
44,4,136,439696,441222,441222,442225,442225,442850,442883,450383,450383,450983,451015,451048,454157,1526,1003,625,7500,600,854,0,600,1592,3142,3109,992,404.6208272,14.463235,1,40,-20,200,-1,-1,49,20,40,1.0
44,4,137,454160,455687,455687,456693,456693,457299,457331,464331,464331,464956,464989,465022,468101,1527,1006,606,7000,625,470,0,600,1966,3112,3079,1366,418.5655196,13.94469241,1,7,13,160,1,1,51,20,7,2.0
44,4,138,468104,469629,469629,470634,470634,471236,471270,479270,479270,479888,479920,479953,483043,1525,1005,602,8000,618,221,0,600,2229,3123,3090,1629,433.5071292,14.94160958,1,4,3,180,1,1,51,7,4,2.0
44,4,139,483046,484566,484566,485569,485569,486173,486206,492206,492206,492837,492870,492904,495990,1520,1003,604,6000,631,835,0,600,1607,3120,3086,1007,446.4544042,12.94727499,1,29,-1,160,-1,-1,49,28,29,1.0
44,4,140,495993,497519,497519,498527,498527,499131,499164,507664,507664,508280,508312,508345,511428,1526,1008,604,8500,616,371,0,600,2075,3116,3083,1475,461.8921413,15.43773707,1,5,9,200,1,1,51,14,5,2.0
44,4,141,511431,512957,512957,513964,513964,514572,514605,523605,523605,524205,524238,524270,527371,1526,1007,608,9000,600,818,0,600,1641,3133,3101,1041,477.8350837,15.94294246,1,20,-10,150,-1,-1,49,10,20,1.0
44,4,142,527374,528899,528899,529906,529906,530509,530541,537041,537041,537643,537675,537709,540836,1525,1007,603,6500,602,292,0,600,2171,3161,3127,1571,491.3004279,13.46534416,1,40,-26,150,-1,-1,49,14,40,1.0
44,4,143,540839,542367,542367,543371,543371,543974,544008,551508,551508,552109,552142,552175,555281,1528,1004,603,7500,601,169,0,600,2295,3139,3106,1695,505.7450469,14.44461903,1,20,-13,170,-1,-1,49,7,20,1.0
44,4,144,555284,556802,556802,557810,557810,558436,558469,566469,566469,567093,567125,567158,570241,1518,1008,626,8000,624,1056,0,600,1368,3116,3083,768,520.7049524,14.95990552,1,6,-1,190,-1,-1,49,5,6,1.0
44,5,145,18729,20259,20259,21275,21275,21879,21911,29911,29911,30514,30547,30583,33684,1530,1016,604,8000,603,225,0,600,2222,3137,3101,1622,14.96870257,14.96870257,1,10,10,190,1,1,51,20,10,2.0
44,5,146,33690,35211,35211,36212,36212,36814,36846,43846,43846,44477,44510,44543,47648,1521,1001,602,7000,631,232,0,600,2213,3138,3105,1613,28.93042403,13.96172146,1,10,10,160,1,1,51,20,10,2.0
44,5,147,47651,49173,49173,50179,50179,50785,50818,59818,59818,60434,60467,60502,63595,1522,1006,606,9000,616,444,0,600,2006,3128,3093,1406,44.87697637,15.94655235,1,5,9,210,1,1,51,14,5,2.0
44,5,148,63598,65126,65126,66126,66126,66730,66762,73262,73262,73863,73897,73931,77031,1528,1000,604,6500,601,1040,0,600,1427,3134,3100,827,58.31330101,13.43632464,1,20,8,150,1,1,51,28,20,2.0
44,5,149,77034,78548,78548,79554,79555,80158,80190,86190,86190,86808,86841,86874,89991,1514,1006,603,6000,618,544,0,600,1915,3150,3117,1315,71.2732448,12.95994379,1,5,2,200,1,1,51,7,5,2.0
44,5,150,89994,91514,91514,92519,92519,93126,93159,100659,100659,101277,101310,101343,104456,1520,1005,607,7500,618,341,0,600,2109,3146,3113,1509,85.73828911,14.46504431,1,57,-37,200,-1,-1,49,20,57,1.0
44,5,151,104459,105989,105989,106999,106999,107605,107638,116138,116138,116764,116797,116830,119891,1530,1010,606,8500,626,842,0,600,1586,3094,3061,986,101.172601,15.43431191,1,5,5,200,1,1,51,10,5,2.0
44,5,152,119894,121418,121418,122420,122420,123022,123054,129054,129054,129686,129719,129753,132827,1524,1002,602,6000,632,462,0,600,1978,3108,3074,1378,114.1087106,12.93610962,1,20,-10,150,-1,-1,49,10,20,1.0
44,5,153,132830,134350,134350,135354,135354,135976,136008,142508,142508,143134,143167,143200,146277,1520,1004,622,6500,626,1179,0,600,1249,3110,3077,649,127.559118,13.45040738,1,6,1,180,1,1,51,7,6,2.0
44,5,154,146280,147804,147804,148808,148808,149411,149444,156944,156944,157547,157579,157612,160719,1524,1004,603,7500,603,368,0,600,2098,3140,3107,1498,142.0003999,14.44128186,1,20,-13,210,-1,-1,49,7,20,1.0
44,5,155,160722,162242,162242,163248,163248,163866,163899,172399,172399,173015,173048,173081,176164,1520,1006,618,8500,616,802,0,600,1638,3116,3083,1038,157.4457937,15.4453938,1,2,3,180,1,1,51,5,2,2.0
44,5,156,176166,177693,177693,178698,178698,179319,179351,186351,186351,186955,186987,187021,190118,1527,1005,621,7000,604,298,0,600,2145,3131,3097,1545,171.3991906,13.95339694,1,14,-9,160,-1,-1,49,5,14,1.0
44,5,157,190121,191640,191640,192645,192645,193250,193282,201282,201282,201901,201933,201967,205082,1519,1005,605,8000,619,605,0,600,1847,3149,3115,1247,186.3637355,14.96454482,1,7,3,200,1,1,51,10,7,2.0
44,5,158,205084,206607,206607,207612,207612,208240,208272,217272,217272,217888,217920,217953,221031,1523,1005,628,9000,616,1798,0,600,630,3111,3078,30,202.3130283,15.94929283,1,4,1,190,1,1,51,5,4,2.0
44,5,159,221034,222556,222556,223561,223561,224162,224194,232694,232694,233326,233358,233392,236493,1522,1005,601,8500,632,628,0,600,1812,3135,3101,1212,217.7750576,15.46202929,1,7,-2,210,-1,-1,49,5,7,1.0
44,5,160,236496,238017,238017,239020,239020,239625,239658,246658,246658,247258,247291,247324,250458,1521,1003,605,7000,600,1986,0,600,485,3167,3134,-115,231.7390332,13.96397557,1,27,1,190,1,1,51,28,27,2.0
44,5,161,250460,251981,251981,252988,252988,253592,253624,261624,261624,262256,262289,262323,265422,1521,1007,604,8000,632,779,0,600,1657,3133,3099,1057,246.7040198,14.9649866,1,13,1,180,1,1,51,14,13,2.0
44,5,162,265425,266948,266948,267954,267954,268576,268608,276108,276108,276727,276759,276793,279870,1523,1006,622,7500,619,170,0,600,2260,3111,3077,1660,261.1512217,14.44720191,1,4,1,170,1,1,51,5,4,2.0
44,5,163,279873,281399,281399,282406,282406,283013,283045,289545,289545,290164,290196,290230,293312,1526,1007,607,6500,619,608,0,600,1833,3116,3082,1233,274.5937074,13.44248576,1,5,9,170,1,1,51,14,5,2.0
44,5,164,293315,294836,294836,295846,295846,296451,296484,302484,302484,303115,303147,303181,306271,1521,1010,605,6000,631,798,0,600,1635,3124,3090,1035,287.552899,12.95919162,0,13,1,180,1,-1,49,14,13,1.0
44,5,165,306274,307800,307800,308808,308808,309413,309446,318446,318446,319048,319080,319114,322216,1526,1008,605,9000,602,821,0,600,1638,3136,3102,1038,303.4970599,15.94416082,1,10,-3,150,-1,-1,49,7,10,1.0
44,5,166,322219,323741,323741,324748,324748,325350,325382,333382,333382,333995,334029,334062,337171,1522,1007,602,8000,613,371,0,600,2085,3142,3109,1485,318.4522812,14.95522132,1,5,2,190,1,1,51,7,5,2.0
44,5,167,337174,338696,338696,339700,339700,340307,340339,346839,346839,347440,347473,347506,350609,1522,1004,607,6500,601,500,0,600,1966,3136,3103,1366,331.8900243,13.4377431,1,20,8,200,1,1,51,28,20,2.0
44,5,168,350611,352137,352137,353141,353141,353745,353778,361278,361278,361895,361927,361961,365062,1526,1004,604,7500,617,401,0,600,2048,3135,3101,1448,346.3433903,14.45336605,1,56,-28,200,-1,-1,49,28,56,1.0
44,5,169,365065,366590,366590,367594,367594,368198,368230,375230,375230,375862,375895,375928,379006,1525,1004,604,7000,632,298,0,600,2137,3111,3078,1537,360.2868806,13.94349032,1,10,10,190,1,1,51,20,10,2.0
44,5,170,379009,380531,380531,381538,381538,382149,382182,390682,390682,391293,391325,391359,394467,1522,1007,611,8500,611,826,0,600,1623,3142,3108,1023,375.747986,15.46110535,1,56,-28,200,-1,-1,49,28,56,1.0
44,5,171,394470,395987,395987,396994,396994,397600,397632,406632,406632,407237,407271,407304,410419,1517,1007,606,9000,605,212,0,600,2253,3148,3115,1653,391.6998575,15.9518715,1,40,-26,190,-1,-1,49,14,40,1.0
44,5,172,410422,411947,411947,412948,412948,413553,413586,419586,419586,420188,420221,420254,423367,1525,1001,605,6000,602,1056,0,600,1411,3146,3113,811,404.6474718,12.94761431,1,10,10,190,1,1,51,20,10,2.0
44,5,173,423369,424890,424890,425897,425898,426499,426531,435031,435031,435648,435680,435713,438806,1521,1007,601,8500,617,459,0,600,1995,3126,3093,1395,420.086894,15.43942223,1,2,5,170,1,1,51,7,2,2.0
44,5,174,438809,440332,440332,441334,441334,441939,441973,449973,449973,450575,450607,450640,453755,1523,1002,605,8000,602,636,0,600,1832,3148,3115,1232,435.0364249,14.9495309,1,28,-8,180,-1,-1,49,20,28,1.0
44,5,175,453758,455281,455281,456286,456286,456888,456921,462921,462921,463552,463585,463618,466707,1523,1005,602,6000,631,413,0,600,2026,3122,3089,1426,447.9876756,12.95125071,0,10,-5,150,-1,1,51,5,10,2.0
44,5,176,466710,468231,468231,469239,469239,469841,469874,476374,476374,476993,477025,477059,480169,1521,1008,602,6500,619,336,0,600,2114,3144,3110,1514,461.4499755,13.46229991,1,5,5,160,1,1,51,10,5,2.0
44,5,177,480172,481696,481696,482699,482699,483305,483338,492338,492338,492938,492972,493005,496122,1524,1003,606,9000,600,798,0,600,1669,3150,3117,1069,477.4029352,15.95295968,1,14,14,200,1,1,51,28,14,2.0
44,5,178,496125,497649,497649,498654,498654,499260,499293,506793,506793,507394,507427,507460,510565,1524,1005,606,7500,601,655,0,600,1809,3138,3105,1209,491.8457627,14.44282749,0,28,-18,210,-1,1,51,10,28,2.0
44,5,179,510568,512090,512090,513094,513094,513698,513732,520732,520732,521364,521397,521431,524507,1522,1004,604,7000,632,827,0,600,1611,3110,3076,1011,505.7876863,13.94192359,1,9,1,210,1,1,51,10,9,2.0
44,5,180,524510,526035,526035,527044,527044,527651,527683,533683,533683,534299,534331,534364,537447,1525,1009,607,6000,616,768,0,600,1675,3116,3083,1075,518.7277638,12.94007751,1,5,9,190,1,1,51,14,5,2.0
44,6,181,17897,19427,19427,20442,20442,21053,21085,27085,27085,27686,27718,27753,30847,1530,1015,611,6000,601,576,0,600,1867,3129,3094,1267,12.96226751,12.96226751,0,40,-12,160,-1,1,51,28,40,2.0
44,6,182,30851,32374,32374,33376,33376,33983,34017,41017,41017,41624,41656,41690,44809,1523,1002,607,7000,607,344,0,600,2117,3153,3119,1517,26.92315935,13.96089184,1,40,-20,180,-1,-1,49,20,40,1.0
44,6,183,44813,46332,46332,47339,47339,47946,47979,56479,56479,57083,57117,57150,60268,1519,1007,607,8500,604,669,0,600,1794,3151,3118,1194,42.38206092,15.45890157,1,40,-12,190,-1,-1,49,28,40,1.0
44,6,184,60271,61797,61797,62802,62802,63411,63444,71444,71444,72047,72081,72114,75233,1526,1005,609,8000,603,702,0,600,1755,3152,3119,1155,57.3471084,14.96504748,0,29,-1,200,-1,1,51,28,29,2.0
44,6,185,75236,76759,76759,77761,77761,78365,78399,87399,87399,88004,88036,88070,91195,1523,1002,604,9000,605,224,0,600,2242,3159,3125,1642,73.30762054,15.96051214,1,40,-20,160,-1,-1,49,20,40,1.0
44,6,186,91197,92722,92722,93726,93726,94330,94362,100862,100862,101478,101510,101543,104645,1525,1004,604,6500,616,526,0,600,1925,3135,3102,1325,86.75875207,13.45113153,1,4,6,210,1,1,51,10,4,2.0
44,6,187,104648,106170,106170,107175,107175,107778,107810,115310,115310,115910,115942,115976,119102,1522,1005,603,7500,600,579,0,600,1891,3160,3126,1291,101.2160462,14.45729416,1,20,-13,190,-1,-1,49,7,20,1.0
44,6,188,119105,120626,120626,121634,121634,122255,122288,131288,131288,131918,131951,131984,135047,1521,1008,621,9000,630,296,0,600,2124,3096,3063,1524,117.1600995,15.94405324,1,10,-5,190,-1,-1,49,5,10,1.0
44,6,189,135050,136574,136574,137579,137579,138182,138214,146214,146214,146829,146862,146895,149986,1524,1005,603,8000,615,320,0,600,2133,3124,3091,1533,132.0995276,14.9394281,1,4,6,210,1,1,51,10,4,2.0
44,6,190,149989,151519,151519,152524,152524,153128,153161,160161,160161,160762,160795,160828,163939,1530,1005,604,7000,601,764,0,600,1696,3144,3111,1096,146.0522362,13.95270865,1,10,4,160,1,1,51,14,10,2.0
44,6,191,163942,165462,165462,166468,166468,167072,167106,173106,173106,173728,173761,173794,176877,1520,1006,604,6000,622,864,0,600,1584,3116,3083,984,158.9899288,12.93769262,1,5,2,150,1,1,51,7,5,2.0
44,6,192,176880,178398,178398,179403,179403,180008,180040,187540,187540,188140,188172,188206,191331,1518,1005,605,7500,600,611,0,600,1861,3159,3125,1261,173.4439618,14.45403294,1,14,-4,210,-1,-1,49,10,14,1.0
44,6,193,191334,192858,192858,193862,193862,194467,194499,202999,202999,203599,203631,203665,206779,1524,1004,605,8500,600,635,0,600,1832,3148,3114,1232,188.8920367,15.44807492,1,14,6,160,1,1,51,20,14,2.0
44,6,194,206782,208305,208305,209311,209311,209918,209950,216450,216450,217051,217085,217118,220236,1523,1006,607,6500,601,764,0,600,1699,3151,3118,1099,202.3492727,13.457236,0,20,-6,150,-1,1,51,14,20,2.0
44,6,195,220238,221769,221769,222777,222777,223386,223418,230418,230418,231018,231051,231084,234200,1531,1008,609,7000,600,674,0,600,1778,3149,3116,1178,216.3131326,13.96385985,0,29,-1,180,-1,1,51,28,29,2.0
44,6,196,234203,235728,235728,236732,236732,237338,237370,246370,246370,246971,247005,247039,250156,1525,1004,606,9000,601,960,0,600,1504,3151,3117,904,232.2687857,15.95565315,1,15,-1,190,-1,-1,49,14,15,1.0
44,6,197,250159,251686,251686,252689,252689,253292,253325,261825,261825,262430,262463,262496,265596,1527,1003,603,8500,605,1303,0,600,1159,3133,3100,559,247.7088676,15.44008188,1,21,-1,190,-1,-1,49,20,21,1.0
44,6,198,265599,267124,267124,268130,268130,268736,268770,276270,276270,276902,276934,276967,280056,1525,1006,606,7500,632,1226,0,600,1205,3122,3089,605,262.1687567,14.4598891,0,29,-1,190,-1,1,51,28,29,2.0
44,6,199,280059,281584,281584,282586,282586,283191,283223,291223,291223,291855,291887,291920,294996,1525,1002,605,8000,632,497,0,600,1939,3109,3076,1339,277.1089186,14.94016189,1,7,3,210,1,1,51,10,7,2.0
44,6,200,294999,296526,296526,297531,297531,298139,298173,304673,304673,305305,305338,305371,308439,1527,1005,608,6500,632,202,0,600,2226,3101,3068,1626,290.5521975,13.44327892,1,10,18,180,1,1,51,28,10,2.0
44,6,201,308442,309964,309964,310975,310975,311583,311615,317615,317615,318247,318280,318313,321381,1522,1011,608,6000,632,165,0,600,2262,3101,3068,1662,303.4943423,12.94214478,1,20,-10,150,-1,-1,49,10,20,1.0
44,6,202,321383,322909,322909,323914,323914,324545,324577,332077,332077,332691,332723,332757,335822,1526,1005,631,7500,614,462,0,600,1962,3099,3065,1362,317.9350868,14.44074455,1,3,2,210,1,1,51,5,3,2.0
44,6,203,335825,337344,337344,338349,338349,338978,339010,346010,346010,346625,346657,346690,349776,1519,1005,629,7000,615,539,0,600,1893,3119,3086,1293,331.8888641,13.95377724,1,4,1,160,1,1,51,5,4,2.0
44,6,204,349779,351302,351302,352311,352311,352942,352975,360975,360975,361596,361628,361662,364728,1523,1009,631,8000,621,580,0,600,1836,3100,3066,1236,346.8406391,14.95177506,1,4,1,190,1,1,51,5,4,2.0
44,6,205,364731,366256,366256,367261,367261,367869,367903,373903,373903,374535,374569,374602,377668,1525,1005,608,6000,632,299,0,600,2131,3099,3066,1531,359.7809062,12.94026706,1,28,-8,210,-1,-1,49,20,28,1.0
44,6,206,377671,379193,379193,380196,380196,380798,380831,387331,387331,387962,387994,388028,391128,1522,1003,602,6500,631,982,0,600,1460,3134,3100,860,373.2415514,13.46064519,1,5,2,200,1,1,51,7,5,2.0
44,6,207,391131,392654,392654,393658,393658,394278,394311,402811,402811,403444,403477,403511,406585,1523,1004,620,8500,633,787,0,600,1633,3108,3074,1033,388.6985303,15.45697895,1,14,-4,180,-1,-1,49,10,14,1.0
44,6,208,406589,408119,408119,409123,409123,409732,409764,418764,418764,419384,419418,419450,422528,1530,1004,609,9000,620,439,0,600,1998,3110,3078,1398,404.6414882,15.94295783,1,7,7,200,1,1,51,14,7,2.0
44,6,209,422531,424052,424052,425058,425058,425678,425710,432210,432210,432834,432867,432901,435965,1521,1006,620,6500,624,522,0,600,1907,3098,3064,1307,418.0783908,13.43690263,1,6,-1,180,-1,-1,49,5,6,1.0
44,6,210,435969,437496,437496,438497,438497,439103,439136,446136,446136,446736,446768,446801,449926,1527,1001,606,7000,600,453,0,600,2013,3158,3125,1413,432.038748,13.96035725,1,28,-14,160,-1,-1,49,14,28,1.0
44,6,211,449928,451456,451456,452462,452462,453066,453099,461599,461599,462216,462248,462281,465380,1528,1006,604,8500,617,427,0,600,2018,3132,3099,1418,447.4923992,15.45365113,1,4,3,210,1,1,51,7,4,2.0
44,6,212,465383,466908,466908,467914,467914,468519,468551,476551,476551,477166,477198,477231,480344,1525,1006,605,8000,615,279,0,600,2170,3146,3113,1570,462.4572637,14.96486456,1,2,5,180,1,1,51,7,2,2.0
44,6,213,480348,481871,481871,482874,482874,483478,483511,489511,489511,490129,490162,490195,493285,1523,1003,604,6000,618,356,0,600,2096,3123,3090,1496,475.3986383,12.94137453,1,57,-37,200,-1,-1,49,20,57,1.0
44,6,214,493289,494817,494817,495819,495819,496426,496459,503959,503959,504559,504592,504626,507729,1528,1002,607,7500,600,853,0,600,1610,3137,3103,1010,489.8413895,14.44275125,1,10,-3,210,-1,-1,49,7,10,1.0
44,6,215,507732,509256,509256,510260,510260,510891,510924,519924,519924,520556,520589,520621,523682,1524,1004,631,9000,632,164,0,600,2245,3093,3061,1645,505.7951526,15.95376308,1,10,-5,180,-1,-1,49,5,10,1.0
44,6,216,523684,525210,525210,526212,526212,526815,526847,533847,533847,534447,534480,534513,537631,1526,1002,603,7000,600,287,0,600,2182,3151,3118,1582,519.7432864,13.94813384,1,28,-14,170,-1,-1,49,14,28,1.0
45,1,1,61882,63412,63412,64436,64436,65048,65080,72080,72080,72682,72715,72752,75851,1530,1024,612,7000,602,314,0,600,2118,3136,3099,1518,14.00627051,14.00627051,1,14,-9,190,-1,-1,49,5,14,1.0
45,1,2,75901,77423,77423,78439,78439,79043,79076,85576,85576,86177,86210,86244,89356,1522,1016,604,6500,601,925,0,600,1532,3146,3112,932,27.463168,13.4568975,1,29,-1,150,-1,-1,49,28,29,1.0
45,1,3,89360,90886,90886,91891,91891,92497,92529,100529,100529,101131,101163,101199,104304,1526,1005,606,8000,602,722,0,600,1739,3141,3105,1139,42.41136641,14.9481984,1,28,-18,160,-1,-1,49,10,28,1.0
45,1,4,104307,105827,105827,106834,106834,107467,107500,113500,113500,114102,114135,114169,117258,1520,1007,633,6000,602,448,0,600,1990,3123,3089,1390,55.36494965,12.95358324,1,28,-18,200,-1,-1,49,10,28,1.0
45,1,5,117261,118784,118784,119789,119789,120390,120422,128922,128922,129523,129555,129590,132705,1523,1005,601,8500,601,1804,0,600,666,3150,3115,66,70.81217319,15.44722353,1,6,-1,170,-1,-1,49,5,6,1.0
45,1,6,132708,134233,134233,135239,135239,135849,135882,143382,143382,143997,144030,144063,147161,1525,1006,610,7500,615,1463,0,600,981,3131,3098,381,85.26706519,14.45489201,1,10,18,190,1,1,51,28,10,2.0
45,1,7,147163,148688,148688,149693,149693,150313,150346,159346,159346,159979,160011,160045,163103,1525,1005,620,9000,633,621,0,600,1796,3092,3058,1196,101.2098411,15.9427759,1,10,-5,160,-1,-1,49,5,10,1.0
45,1,8,163106,164622,164622,165627,165627,166232,166264,172264,172264,172898,172930,172964,176037,1516,1005,605,6000,634,1018,0,600,1422,3107,3073,822,114.1439718,12.93413075,1,14,14,160,1,1,51,28,14,2.0
45,1,9,176039,177561,177561,178566,178566,179173,179206,187206,187206,187809,187842,187876,190992,1522,1005,607,8000,603,1346,0,600,1117,3150,3116,517,129.0987448,14.95477297,0,28,-8,170,-1,1,51,20,28,2.0
45,1,10,190995,192523,192523,193529,193529,194134,194166,200666,200666,201266,201299,201332,204441,1528,1006,605,6500,600,528,0,600,1933,3142,3109,1333,142.5469616,13.44821679,0,29,-1,180,-1,1,51,28,29,2.0
45,1,11,204443,205967,205967,206970,206970,207574,207606,216606,216606,217208,217240,217274,220377,1524,1003,604,9000,602,851,0,600,1616,3137,3103,1016,158.4834025,15.9364409,1,10,-3,190,-1,-1,49,7,10,1.0
45,1,12,220380,221902,221902,222904,222904,223530,223563,231063,231063,231663,231696,231730,234813,1522,1002,626,7500,600,1089,0,600,1361,3117,3083,761,172.9198154,14.43641288,1,8,-1,200,-1,-1,49,7,8,1.0
45,1,13,234816,236340,236340,237345,237345,237977,238009,246509,246509,247138,247171,247204,250264,1524,1005,632,8500,629,871,0,600,1539,3093,3060,939,188.3701507,15.45033528,1,5,2,170,1,1,51,7,5,2.0
45,1,14,250267,251787,251787,252790,252790,253419,253452,260452,260452,261074,261106,261139,264212,1520,1003,629,7000,622,659,0,600,1767,3106,3073,1167,202.317945,13.94779429,1,4,3,190,1,1,51,7,4,2.0
45,1,15,264214,265739,265739,266743,266743,267349,267382,276382,276382,276984,277016,277051,280161,1525,1004,606,9000,602,441,0,600,2022,3145,3110,1422,218.2670441,15.94909914,1,20,-6,210,-1,-1,49,14,20,1.0
45,1,16,280164,281689,281689,282695,282695,283301,283333,291333,291333,291965,291997,292031,295123,1525,1006,606,8000,632,807,0,600,1624,3126,3092,1024,233.2302094,14.96316529,1,14,-4,170,-1,-1,49,10,14,1.0
45,1,17,295126,296649,296649,297652,297652,298256,298290,306790,306790,307391,307425,307460,310586,1523,1003,604,8500,601,512,0,600,1957,3161,3126,1357,248.6919083,15.46169892,1,28,-8,200,-1,-1,49,20,28,1.0
45,1,18,310588,312112,312112,313116,313116,313722,313754,319754,319754,320386,320419,320452,323536,1524,1004,606,6000,632,604,0,600,1830,3117,3084,1230,261.6428424,12.95093407,1,40,-26,160,-1,-1,49,14,40,1.0
45,1,19,323539,325062,325062,326067,326067,326675,326708,333208,333208,333809,333841,333874,337000,1523,1005,608,6500,601,482,0,600,1981,3159,3126,1381,275.10657,13.46372761,1,10,4,170,1,1,51,14,10,2.0
45,1,20,337002,338526,338526,339532,339532,340139,340171,347671,347671,348271,348303,348336,351432,1524,1006,607,7500,600,1073,0,600,1390,3129,3096,790,289.5385434,14.43197338,1,20,-6,190,-1,-1,49,14,20,1.0
45,1,21,351434,352958,352958,353964,353964,354570,354603,361603,361603,362235,362268,362302,365369,1524,1006,606,7000,632,490,0,600,1942,3101,3067,1342,303.4748571,13.93631373,1,14,6,170,1,1,51,20,14,2.0
45,1,22,365372,366888,366888,367893,367893,368497,368529,377529,377529,378149,378181,378216,381304,1516,1005,604,9000,620,448,0,600,2007,3123,3088,1407,319.4107794,15.93592228,1,40,-12,190,-1,-1,49,28,40,1.0
45,1,23,381307,382830,382830,383835,383835,384439,384471,390971,390971,391574,391607,391641,394746,1523,1005,604,6500,603,1534,0,600,931,3139,3105,331,332.8521344,13.44135503,1,20,-6,160,-1,-1,49,14,20,1.0
45,1,24,394749,396273,396273,397278,397278,397882,397915,404915,404915,405542,405574,405607,408681,1524,1005,604,7000,627,627,0,600,1813,3107,3074,1213,346.7880275,13.93589305,1,4,6,170,1,1,51,10,4,2.0
45,1,25,408684,410209,410209,411212,411212,411843,411875,417875,417875,418494,418527,418560,421635,1525,1003,631,6000,619,664,0,600,1758,3108,3075,1158,359.7415236,12.95349615,1,3,2,150,1,1,51,5,3,2.0
45,1,26,421637,423165,423165,424170,424170,424799,424832,433332,433332,433951,433984,434017,437097,1528,1005,629,8500,619,1022,0,600,1397,3113,3080,797,375.2026397,15.46111611,1,5,2,180,1,1,51,7,5,2.0
45,1,27,437099,438624,438624,439627,439627,440246,440279,448279,448279,448896,448928,448962,452045,1525,1003,619,8000,617,670,0,600,1766,3117,3083,1166,390.1514878,14.94884812,1,2,3,170,1,1,51,5,2,2.0
45,1,28,452047,453568,453568,454574,454574,455180,455212,462712,462712,463328,463360,463393,466501,1521,1006,606,7500,616,467,0,600,1984,3141,3108,1384,404.606934,14.45544619,1,40,-20,150,-1,-1,49,20,40,1.0
45,1,29,466504,468025,468025,469028,469028,469634,469666,478166,478166,478783,478816,478850,481949,1521,1003,606,8500,617,489,0,600,1964,3133,3099,1364,420.0549655,15.44803146,1,57,-37,170,-1,-1,49,20,57,1.0
45,1,30,481952,483475,483475,484483,484483,485089,485121,491121,491121,491722,491756,491791,494886,1523,1008,606,6000,601,522,0,600,1940,3130,3095,1340,432.9924026,12.93743717,0,11,-1,170,-1,1,51,10,11,2.0
45,1,31,494888,496414,496414,497420,497420,498054,498086,505586,505586,506187,506221,506255,509341,1526,1006,634,7500,601,580,0,600,1853,3120,3086,1253,447.446757,14.4543544,1,10,-5,210,-1,-1,49,5,10,1.0
45,1,32,509344,510863,510863,511868,511868,512472,512504,519504,519504,520129,520162,520195,523304,1519,1005,604,7000,625,854,0,600,1593,3142,3109,993,461.4105082,13.96375112,1,4,6,160,1,1,51,10,4,2.0
45,1,33,523307,524832,524832,525839,525839,526443,526476,534476,534476,535092,535125,535158,538268,1525,1007,604,8000,616,402,0,600,2046,3143,3110,1446,476.3735981,14.96308995,1,40,-26,150,-1,-1,49,14,40,1.0
45,1,34,538270,539795,539795,540800,540800,541406,541439,550439,550439,551042,551074,551108,554204,1525,1005,606,9000,603,523,0,600,1938,3130,3096,1338,492.3100191,15.93642101,0,21,-1,210,-1,1,51,20,21,2.0
45,1,35,554206,555729,555729,556731,556731,557332,557364,563864,563864,564496,564528,564562,567655,1523,1002,601,6500,632,908,0,600,1534,3127,3093,934,505.7613112,13.45129207,1,5,2,160,1,1,51,7,5,2.0
45,1,36,567657,569182,569182,570186,570186,570793,570826,576826,576826,577427,577460,577494,580613,1525,1004,607,6000,601,482,0,600,1981,3153,3119,1381,518.7190657,12.95775454,1,14,14,180,1,1,51,28,14,2.0
45,2,37,24061,25581,25581,26597,26597,27225,27258,35258,35258,35860,35893,35928,39022,1520,1016,628,8000,602,341,0,600,2093,3129,3094,1493,14.97284619,14.97284619,1,57,-37,180,-1,-1,49,20,57,1.0
45,2,38,39026,40549,40549,41551,41551,42154,42186,51186,51186,51786,51820,51853,54976,1523,1002,603,9000,600,289,0,600,2183,3156,3123,1583,30.92433203,15.95148584,1,28,-14,160,-1,-1,49,14,28,1.0
45,2,39,54978,56498,56498,57503,57503,58105,58138,66638,66638,67238,67271,67305,70416,1520,1005,602,8500,600,534,0,600,1939,3145,3111,1339,46.36503433,15.4407023,1,29,-1,190,-1,-1,49,28,29,1.0
45,2,40,70418,71944,71944,72948,72948,73552,73584,80084,80084,80687,80719,80752,83857,1526,1004,604,6500,603,756,0,600,1707,3138,3105,1107,59.80632608,13.44129175,0,15,-1,160,-1,1,51,14,15,2.0
45,2,41,83860,85385,85385,86391,86391,86995,87027,93027,93027,93647,93680,93714,96800,1525,1006,604,6000,620,344,0,600,2101,3120,3086,1501,72.74869093,12.94236486,1,5,5,150,1,1,51,10,5,2.0
45,2,42,96802,98325,98325,99329,99329,99931,99964,107464,107464,108065,108097,108130,111238,1523,1004,602,7500,601,697,0,600,1773,3141,3108,1173,87.18696344,14.43827251,0,11,-1,200,-1,1,51,10,11,2.0
45,2,43,111239,112762,112762,113766,113766,114391,114423,121423,121423,122055,122088,122121,125184,1523,1004,625,7000,632,941,0,600,1475,3096,3063,875,101.1327926,13.94582918,1,28,-14,200,-1,-1,49,14,28,1.0
45,2,44,125186,126709,126709,127712,127712,128318,128350,136850,136850,137481,137513,137547,140624,1523,1003,606,8500,631,430,0,600,2007,3111,3077,1407,116.5724077,15.43961503,1,14,14,190,1,1,51,28,14,2.0
45,2,45,140626,142149,142149,143156,143156,143775,143807,149807,149807,150408,150440,150473,153582,1523,1007,619,6000,601,565,0,600,1885,3142,3109,1285,129.5303816,12.95797392,1,14,-7,190,-1,-1,49,7,14,1.0
45,2,46,153584,155103,155103,156109,156109,156716,156749,165749,165749,166369,166402,166437,169527,1519,1006,607,9000,620,546,0,600,1902,3125,3090,1302,145.4758036,15.94542206,1,4,6,150,1,1,51,10,4,2.0
45,2,47,169530,171056,171056,172061,172061,172666,172698,179198,179198,179814,179847,179880,182960,1526,1005,605,6500,616,375,0,600,2073,3113,3080,1473,158.9082414,13.43243776,1,11,-1,160,-1,-1,49,10,11,1.0
45,2,48,182962,184487,184487,185493,185493,186097,186130,193630,193630,194262,194295,194328,197411,1525,1006,604,7500,632,475,0,600,1958,3116,3083,1358,173.359996,14.45175465,1,11,-1,210,-1,-1,49,10,11,1.0
45,2,49,197413,198940,198940,199942,199942,200549,200582,207582,207582,208186,208219,208252,211346,1527,1002,607,7000,604,612,0,600,1848,3127,3094,1248,187.2947322,13.93473616,1,40,-26,170,-1,-1,49,14,40,1.0
45,2,50,211349,212873,212873,213881,213881,214484,214517,222517,222517,223117,223149,223183,226292,1524,1008,603,8000,600,467,0,600,1998,3143,3109,1398,202.24054,14.94580779,1,29,-1,210,-1,-1,49,28,29,1.0
45,2,51,226295,227816,227816,228826,228826,229429,229462,236462,236462,237062,237094,237127,240244,1521,1010,603,7000,600,448,0,600,2018,3150,3117,1418,216.1927503,13.95221029,1,14,-7,160,-1,-1,49,7,14,1.0
45,2,52,240247,241772,241772,242776,242776,243403,243436,251436,251436,252059,252091,252124,255181,1525,1004,627,8000,623,772,0,600,1649,3090,3057,1049,231.1290291,14.93627878,1,6,-1,190,-1,-1,49,5,6,1.0
45,2,53,255184,256704,256704,257711,257711,258339,258373,266873,266873,267504,267537,267571,270623,1520,1007,628,8500,631,445,0,600,1969,3086,3052,1369,246.5719327,15.44290367,1,10,-5,200,-1,-1,49,5,10,1.0
45,2,54,270626,272149,272149,273151,273151,273752,273784,281284,281284,281886,281918,281951,285064,1523,1002,601,7500,602,797,0,600,1675,3146,3113,1075,261.0128321,14.44089939,0,20,8,160,1,-1,49,28,20,1.0
45,2,55,285067,286595,286595,287601,287601,288206,288238,294738,294738,295339,295372,295406,298521,1528,1006,605,6500,601,437,0,600,2023,3149,3115,1423,274.4697305,13.4568984,1,40,-20,180,-1,-1,49,20,40,1.0
45,2,56,298523,300047,300047,301049,301049,301653,301686,310686,310686,311313,311346,311379,314470,1524,1002,604,9000,627,646,0,600,1797,3124,3091,1197,290.4181311,15.94840061,1,7,7,180,1,1,51,14,7,2.0
45,2,57,314473,315997,315997,316998,316998,317626,317658,323658,323658,324275,324308,324341,327422,1524,1001,628,6000,617,441,0,600,1989,3114,3081,1389,303.3703242,12.95219311,1,20,-13,200,-1,-1,49,7,20,1.0
45,2,58,327424,328951,328951,329954,329954,330555,330587,339087,339087,339689,339722,339756,342856,1527,1003,601,8500,602,1042,0,600,1425,3134,3100,825,318.8040895,15.43376521,0,14,6,210,1,-1,49,20,14,1.0
45,2,59,342858,344383,344383,345392,345392,346000,346032,352032,352032,352663,352695,352728,355809,1525,1009,608,6000,631,437,0,600,1990,3114,3081,1390,331.7576543,12.95356486,1,14,14,210,1,1,51,28,14,2.0
45,2,60,355811,357338,357338,358347,358347,358949,358981,365981,365981,366603,366635,366669,369766,1527,1009,602,7000,622,427,0,600,2013,3131,3097,1413,345.7143484,13.95669409,1,4,6,190,1,1,51,10,4,2.0
45,2,61,369769,371289,371289,372295,372295,372899,372931,380931,380931,381549,381583,381616,384702,1520,1006,604,8000,618,349,0,600,2103,3119,3086,1503,360.6503421,14.9359937,1,57,-37,170,-1,-1,49,20,57,1.0
45,2,62,384704,386229,386229,387237,387237,387855,387887,395387,395387,396019,396051,396085,399139,1525,1008,618,7500,632,701,0,600,1716,3088,3054,1116,375.0875849,14.4372428,1,10,-5,190,-1,-1,49,5,10,1.0
45,2,63,399141,400669,400669,401674,401674,402282,402315,411315,411315,411918,411950,411983,415080,1528,1005,608,9000,603,490,0,600,1966,3130,3097,1366,391.0284969,15.94091204,1,28,-8,180,-1,-1,49,20,28,1.0
45,2,64,415082,416605,416605,417610,417610,418216,418248,424748,424748,425379,425412,425445,428535,1523,1005,606,6500,631,422,0,600,2013,3123,3090,1413,404.4832398,13.45474284,1,14,6,210,1,1,51,20,14,2.0
45,2,65,428538,430060,430060,431067,431067,431667,431699,437699,437699,438317,438349,438381,441473,1522,1007,600,6000,618,1682,0,600,771,3124,3092,171,417.4215638,12.93832404,1,8,-1,170,-1,-1,49,7,8,1.0
45,2,66,441475,442998,442998,444001,444001,444627,444659,452659,452659,453283,453316,453350,456422,1523,1003,626,8000,624,1142,0,600,1282,3106,3072,682,432.3699798,14.94841598,1,5,2,190,1,1,51,7,5,2.0
45,2,67,456425,457944,457944,458948,458948,459553,459585,468085,468085,468702,468735,468768,471878,1519,1004,605,8500,617,438,0,600,2017,3143,3110,1417,447.8256604,15.45568064,1,56,-28,180,-1,-1,49,28,56,1.0
45,2,68,471880,473402,473402,474407,474407,475034,475066,481566,481566,482185,482217,482250,485315,1522,1005,627,6500,619,523,0,600,1904,3098,3065,1304,461.2627752,13.43711472,1,2,5,190,1,1,51,7,2,2.0
45,2,69,485318,486839,486839,487845,487845,488455,488487,497487,497487,498091,498123,498156,501268,1521,1006,610,9000,604,695,0,600,1764,3145,3112,1164,477.2160803,15.95330509,1,28,-14,210,-1,-1,49,14,28,1.0
45,2,70,501270,502797,502797,503805,503805,504432,504465,511965,511965,512596,512628,512660,515716,1527,1008,627,7500,631,350,0,600,2057,3088,3056,1457,491.664307,14.44822673,1,10,-5,150,-1,-1,49,5,10,1.0
45,2,71,515719,517246,517246,518251,518251,518871,518903,525903,525903,526525,526558,526591,529670,1527,1005,620,7000,622,829,0,600,1597,3112,3079,997,505.6177308,13.95342383,1,6,-1,160,-1,-1,49,5,6,1.0
45,2,72,529673,531195,531195,532204,532204,532831,532863,540363,540363,540977,541009,541043,544118,1522,1009,627,7500,614,623,0,600,1805,3109,3075,1205,520.065561,14.44783015,1,2,3,150,1,1,51,5,2,2.0
45,3,73,14524,16047,16047,17064,17064,17692,17725,24225,24225,24847,24881,24917,27991,1523,1017,628,6500,622,647,0,600,1763,3110,3074,1163,13.4794304,13.4794304,1,7,-2,170,-1,-1,49,5,7,1.0
45,3,74,27996,29520,29520,30527,30527,31131,31164,39164,39164,39788,39821,39854,42929,1524,1007,604,8000,624,335,0,600,2106,3108,3075,1506,28.41496665,14.93553625,1,79,-51,180,-1,-1,49,28,79,1.0
45,3,75,42932,44455,44455,45460,45460,46067,46099,55099,55099,55722,55754,55787,58870,1523,1005,607,9000,623,507,0,600,1935,3116,3083,1335,44.35517443,15.94020779,1,79,-51,200,-1,-1,49,28,79,1.0
45,3,76,58872,60396,60396,61402,61402,62031,62063,68063,68063,68687,68719,68752,71823,1524,1006,629,6000,624,756,0,600,1661,3104,3071,1061,57.30944144,12.95426701,1,10,-3,160,-1,-1,49,7,10,1.0
45,3,77,71826,73347,73347,74352,74352,74974,75006,82006,82006,82610,82642,82676,85726,1521,1005,622,7000,604,-1,2501,0,547,3084,3050,-53,71.21196411,13.90252267,-1,14,-9,200,-1,-2,-1,5,14,
45,3,78,85729,87254,87254,88264,88264,88895,88927,97427,97427,98043,98076,98109,101159,1525,1010,631,8500,616,541,0,600,1877,3083,3050,1277,86.64402518,15.43206107,1,4,3,150,1,1,51,7,4,2.0
45,3,79,101161,102687,102687,103692,103692,104316,104348,111848,111848,112462,112495,112528,115620,1526,1005,624,7500,614,381,0,600,2050,3125,3092,1450,101.105782,14.46175678,1,2,3,160,1,1,51,5,2,2.0
45,3,80,115623,117147,117147,118150,118150,118755,118788,125288,125288,125891,125925,125958,129062,1524,1003,605,6500,603,463,0,600,2002,3137,3104,1402,114.5488194,13.44303747,1,40,-26,160,-1,-1,49,14,40,1.0
45,3,81,129065,130586,130586,131594,131594,132223,132255,138255,138255,138856,138890,138923,142007,1521,1008,629,6000,601,348,0,600,2093,3117,3084,1493,127.4921146,12.94329513,1,20,-13,200,-1,-1,49,7,20,1.0
45,3,82,142009,143528,143528,144532,144532,145139,145171,153171,153171,153796,153828,153862,156965,1519,1004,607,8000,625,529,0,600,1916,3137,3103,1316,142.4501891,14.95807457,1,7,7,160,1,1,51,14,7,2.0
45,3,83,156968,158492,158492,159495,159495,160102,160135,169135,169135,169735,169767,169800,172915,1524,1003,607,9000,600,569,0,600,1897,3148,3115,1297,158.4002845,15.95009541,1,10,4,180,1,1,51,14,10,2.0
45,3,84,172918,174442,174442,175448,175448,176049,176082,183082,183082,183714,183747,183782,186880,1524,1006,601,7000,632,881,0,600,1556,3133,3098,956,172.3655967,13.96531212,1,14,-4,190,-1,-1,49,10,14,1.0
45,3,85,186882,188409,188409,189415,189415,190043,190076,197576,197576,198198,198230,198264,201335,1527,1006,628,7500,622,753,0,600,1664,3105,3071,1064,186.8207557,14.455159,1,4,3,160,1,1,51,7,4,2.0
45,3,86,201338,202862,202862,203867,203867,204471,204503,213003,213003,213631,213663,213696,216782,1524,1005,604,8500,628,380,0,600,2059,3119,3086,1459,202.2677987,15.44704303,1,7,13,210,1,1,51,20,7,2.0
45,3,87,216785,218312,218312,219318,219318,219925,219957,226457,226457,227059,227092,227126,230219,1527,1006,607,6500,602,418,0,600,2040,3127,3093,1440,215.7045183,13.43671965,0,19,1,160,1,-1,49,20,19,1.0
45,3,88,230221,231747,231747,232755,232755,233357,233390,241390,241390,241992,242025,242059,245181,1526,1008,602,8000,602,257,0,600,2205,3156,3122,1605,230.6666846,14.96216631,1,28,-18,190,-1,-1,49,10,28,1.0
45,3,89,245183,246706,246706,247712,247712,248337,248370,256870,256870,257485,257517,257550,260627,1523,1006,625,8500,615,502,0,600,1929,3110,3077,1329,246.1126045,15.44591989,1,2,3,210,1,1,51,5,2,2.0
45,3,90,260629,262150,262150,263155,263155,263761,263794,271294,271294,271898,271930,271964,275064,1521,1005,606,7500,604,917,0,600,1547,3134,3100,947,260.5492335,14.43662895,0,19,1,210,1,-1,49,20,19,1.0
45,3,91,275067,276590,276590,277596,277596,278203,278235,287235,287235,287866,287898,287931,291017,1523,1006,607,9000,631,1223,0,600,1210,3119,3086,610,276.5027519,15.95351845,0,20,-10,190,-1,1,51,10,20,2.0
45,3,92,291019,292545,292545,293548,293548,294149,294182,300182,300182,300798,300830,300864,303959,1526,1003,601,6000,616,456,0,600,1998,3129,3095,1398,289.4444514,12.94169947,1,2,5,170,1,1,51,7,2,2.0
45,3,93,303961,305489,305489,306496,306496,307099,307131,314131,314131,314731,314763,314797,317898,1528,1007,603,7000,600,622,0,600,1840,3135,3101,1240,303.3829608,13.93850937,1,20,-10,170,-1,-1,49,10,20,1.0
45,3,94,317901,319420,319420,320422,320422,321027,321060,330060,330060,330685,330717,330750,333842,1519,1002,605,9000,625,390,0,600,2059,3125,3092,1459,319.3272561,15.94429531,1,5,5,190,1,1,51,10,5,2.0
45,3,95,333844,335368,335368,336372,336372,336981,337015,344515,344515,345141,345175,345208,348285,1524,1004,609,7500,626,437,0,600,2000,3110,3077,1400,333.7705838,14.44332767,1,28,-8,200,-1,-1,49,20,28,1.0
45,3,96,348288,349815,349815,350822,350822,351426,351459,359959,359959,360569,360602,360635,363745,1527,1007,604,8500,610,919,0,600,1533,3143,3110,933,349.2296917,15.45910791,1,56,-28,200,-1,-1,49,28,56,1.0
45,3,97,363748,365270,365270,366274,366274,366880,366913,372913,372913,373531,373563,373597,376711,1522,1004,606,6000,618,407,0,600,2043,3148,3114,1443,362.19633,12.96663836,1,56,-28,150,-1,-1,49,28,56,1.0
45,3,98,376713,378242,378242,379246,379246,379869,379902,387902,387902,388522,388555,388588,391646,1529,1004,623,8000,620,356,0,600,2068,3091,3058,1468,377.1308131,14.93448303,1,3,2,170,1,1,51,5,3,2.0
45,3,99,391648,393176,393176,394182,394182,394807,394839,401839,401839,402463,402495,402528,405607,1528,1006,625,7000,624,311,0,600,2106,3112,3079,1506,391.0924397,13.9616266,1,4,6,180,1,1,51,10,4,2.0
45,3,100,405609,407130,407130,408135,408135,408741,408773,415273,415273,415905,415937,415970,419039,1521,1005,606,6500,632,623,0,600,1813,3102,3069,1213,404.5240746,13.43163496,0,14,6,200,1,-1,49,20,14,1.0
45,3,101,419042,420567,420567,421576,421576,422183,422215,430215,430215,430817,430849,430882,433991,1525,1009,607,8000,602,311,0,600,2146,3142,3109,1546,419.4764311,14.95235644,1,20,8,170,1,1,51,28,20,2.0
45,3,102,433993,435517,435517,436521,436521,437153,437185,446185,446185,446816,446848,446881,449932,1524,1004,632,9000,631,537,0,600,1872,3084,3051,1272,435.4171668,15.94073575,1,7,-2,180,-1,-1,49,5,7,1.0
45,3,103,449935,451457,451457,452462,452462,453070,453102,460602,460602,461219,461252,461285,464371,1522,1005,608,7500,617,642,0,600,1806,3119,3086,1206,449.8567671,14.43960026,1,5,9,210,1,1,51,14,5,2.0
45,3,104,464374,465903,465903,466909,466909,467515,467548,473548,473548,474151,474183,474217,477325,1529,1006,606,6000,603,306,0,600,2150,3142,3108,1550,462.8099357,12.95316858,1,56,-28,180,-1,-1,49,28,56,1.0
45,3,105,477328,478849,478849,479852,479852,480455,480487,487487,487487,488119,488152,488185,491264,1521,1003,603,7000,632,1152,0,600,1289,3112,3079,689,476.7494091,13.9394734,0,20,-6,210,-1,1,51,14,20,2.0
45,3,106,491267,492787,492787,493793,493793,494398,494430,500930,500930,501548,501581,501615,504711,1520,1006,605,6500,618,358,0,600,2093,3130,3096,1493,490.1957951,13.44638608,1,5,9,170,1,1,51,14,5,2.0
45,3,107,504713,506238,506238,507245,507245,507868,507901,516402,516402,517025,517058,517092,520164,1525,1007,623,8501,623,1046,0,600,1375,3106,3072,775,505.6501095,15.45431432,1,5,2,200,1,1,51,7,5,2.0
45,3,108,520167,521693,521693,522698,522698,523302,523335,532335,532335,532967,533001,533034,536102,1526,1005,604,9000,632,332,0,600,2101,3101,3068,1501,521.5872215,15.93711201,1,28,-8,160,-1,-1,49,20,28,1.0
45,4,109,47279,48804,48804,49820,49820,50432,50465,57965,57965,58598,58631,58666,61745,1525,1016,612,7500,633,79,0,600,2335,3114,3079,1735,14.47774615,14.47774615,1,40,-20,160,-1,-1,49,20,40,1.0
45,4,110,61749,63276,63276,64278,64278,64903,64935,71435,71435,72060,72092,72126,75212,1527,1002,625,6500,625,637,0,600,1784,3120,3086,1184,27.94401264,13.46626649,1,5,2,210,1,1,51,7,5,2.0
45,4,111,75215,76740,76740,77747,77747,78355,78388,87388,87388,87990,88022,88055,91158,1525,1007,608,9000,602,301,0,600,2157,3136,3103,1557,43.88971978,15.94570714,1,10,18,190,1,1,51,28,10,2.0
45,4,112,91161,92686,92686,93694,93694,94323,94356,102356,102356,102956,102989,103022,106095,1525,1008,629,8000,600,528,0,600,1910,3106,3073,1310,58.82577224,14.93605246,1,14,-7,190,-1,-1,49,7,14,1.0
45,4,113,106097,107619,107619,108623,108623,109223,109256,117756,117756,118388,118420,118453,121547,1522,1004,600,8500,632,776,0,600,1666,3127,3094,1066,74.27845294,15.4526807,1,20,-6,210,-1,-1,49,14,20,1.0
45,4,114,121550,123075,123075,124079,124079,124700,124732,131732,131732,132358,132390,132423,135485,1525,1004,621,7000,626,1103,0,600,1321,3095,3062,721,88.21646177,13.93800883,1,10,-5,160,-1,-1,49,5,10,1.0
45,4,115,135487,137013,137013,138018,138018,138650,138682,144682,144682,145303,145336,145370,148422,1526,1005,632,6000,621,382,0,600,2034,3086,3052,1434,101.1534852,12.93702341,1,2,5,180,1,1,51,7,2,2.0
45,4,116,148425,149946,149946,150956,150956,151561,151593,159593,159593,160219,160252,160286,163381,1521,1010,605,8000,626,259,0,600,2179,3129,3095,1579,116.112038,14.95855282,1,79,-51,180,-1,-1,49,28,79,1.0
45,4,117,163384,164906,164906,165912,165912,166518,166550,175550,175550,176153,176186,176219,179342,1522,1006,606,9000,603,615,0,600,1848,3156,3123,1248,132.0732153,15.96117728,1,28,-14,190,-1,-1,49,14,28,1.0
45,4,118,179345,180864,180864,181869,181869,182475,182507,189007,189007,189636,189669,189702,192787,1519,1005,606,6500,629,381,0,600,2060,3118,3085,1460,145.517808,13.44459274,1,4,6,150,1,1,51,10,4,2.0
45,4,119,192789,194307,194307,195315,195315,195918,195950,203450,203450,204058,204090,204123,207227,1518,1008,603,7500,608,333,0,600,2130,3137,3104,1530,159.9576295,14.43982146,1,57,-37,190,-1,-1,49,20,57,1.0
45,4,120,207229,208752,208752,209759,209759,210362,210394,217394,217394,218026,218059,218093,221188,1523,1007,603,7000,632,970,0,600,1465,3129,3095,865,173.9190322,13.96140269,1,7,3,200,1,1,51,10,7,2.0
45,4,121,221191,222715,222715,223723,223723,224329,224362,232862,232862,233462,233495,233529,236650,1524,1008,606,8500,600,322,0,600,2140,3155,3121,1540,189.3802378,15.46120561,1,28,-14,170,-1,-1,49,14,28,1.0
45,4,122,236652,238174,238174,239179,239179,239785,239818,245818,245818,246446,246478,246511,249598,1522,1005,606,6000,628,1253,0,600,1186,3120,3087,586,202.3290916,12.94885384,1,14,6,200,1,1,51,20,14,2.0
45,4,123,249601,251122,251122,252127,252127,252727,252759,259259,259259,259885,259918,259951,263047,1521,1005,600,6500,626,481,0,600,1967,3129,3096,1367,215.7777535,13.44866188,1,4,3,170,1,1,51,7,4,2.0
45,4,124,263050,264571,264571,265580,265580,266185,266218,275218,275218,275818,275850,275883,278994,1521,1009,605,9000,600,703,0,600,1762,3144,3111,1162,231.7257982,15.94804472,1,20,-6,190,-1,-1,49,14,20,1.0
45,4,125,278997,280520,280520,281525,281525,282126,282158,290158,290158,290784,290817,290852,293959,1523,1005,601,8000,626,598,0,600,1847,3142,3107,1247,246.6899655,14.96416728,1,6,1,170,1,1,51,7,6,2.0
45,4,126,293962,295485,295485,296490,296490,297114,297147,305647,305647,306273,306305,306339,309394,1523,1005,624,8500,626,509,0,600,1913,3089,3055,1313,262.125634,15.43566854,1,4,1,200,1,1,51,5,4,2.0
45,4,127,309397,310917,310917,311922,311922,312527,312559,318559,318559,319168,319200,319233,322340,1520,1005,605,6000,609,207,0,600,2254,3140,3107,1654,275.0704353,12.94480128,1,40,-12,160,-1,-1,49,28,40,1.0
45,4,128,322342,323868,323868,324874,324874,325482,325515,332515,332515,333116,333149,333182,336298,1526,1006,608,7000,601,542,0,600,1917,3149,3116,1317,289.0290147,13.95857934,0,28,-8,160,-1,1,51,20,28,2.0
45,4,129,336301,337824,337824,338826,338826,339431,339464,346964,346964,347566,347598,347632,350740,1523,1002,605,7500,602,212,0,600,2256,3142,3108,1656,303.4706472,14.44163257,1,28,-8,200,-1,-1,49,20,28,1.0
45,4,130,350743,352268,352268,353271,353271,353876,353909,362409,362409,363036,363069,363102,366199,1525,1003,605,8500,627,487,0,600,1953,3130,3097,1353,318.929741,15.45909374,1,5,5,190,1,1,51,10,5,2.0
45,4,131,366202,367726,367726,368732,368732,369354,369386,376386,376386,377015,377048,377081,380146,1524,1006,622,7000,629,943,0,600,1476,3098,3065,876,332.8764064,13.94666543,1,7,-2,150,-1,-1,49,5,7,1.0
45,4,132,380148,381672,381672,382678,382678,383282,383315,391315,391315,391915,391948,391981,395098,1524,1006,604,8000,600,286,0,600,2180,3150,3117,1580,347.8287134,14.95230702,1,28,-14,190,-1,-1,49,14,28,1.0
45,4,133,395100,396628,396628,397632,397632,398232,398264,405764,405764,406394,406426,406459,409531,1528,1004,600,7500,630,433,0,600,2005,3105,3072,1405,362.2611316,14.43241817,0,9,1,190,1,-1,49,10,9,1.0
45,4,134,409533,411058,411058,412061,412061,412680,412713,418713,418713,419340,419372,419405,422482,1525,1003,619,6000,627,1118,0,600,1308,3110,3077,708,375.2134314,12.95229979,1,7,-2,160,-1,-1,49,5,7,1.0
45,4,135,422485,424009,424009,425009,425009,425614,425647,434647,434647,435270,435302,435335,438441,1524,1000,605,9000,623,366,0,600,2082,3139,3106,1482,391.1717449,15.95831354,0,13,1,180,1,-1,49,14,13,1.0
45,4,136,438443,439961,439961,440965,440965,441593,441626,448126,448126,448726,448758,448791,451890,1518,1004,628,6500,600,331,0,600,2119,3132,3099,1519,404.6207332,13.44898824,1,10,-5,160,-1,-1,49,5,10,1.0
45,4,137,451893,453416,453416,454420,454420,455027,455060,464060,464060,464669,464702,464736,467855,1523,1004,607,9000,609,126,0,600,2331,3153,3119,1731,420.5856638,15.9649306,1,57,-37,190,-1,-1,49,20,57,1.0
45,4,138,467858,469384,469384,470386,470386,470995,471027,478527,478527,479127,479160,479193,482317,1526,1002,609,7500,600,289,0,600,2174,3157,3124,1574,435.0476035,14.4619397,1,27,1,190,1,1,51,28,27,2.0
45,4,139,482319,483848,483848,484852,484852,485484,485516,491516,491516,492137,492170,492203,495252,1529,1004,632,6000,621,283,0,600,2131,3082,3049,1531,447.9832847,12.9356812,1,4,1,150,1,1,51,5,4,2.0
45,4,140,495255,496777,496777,497780,497780,498386,498419,504919,504919,505540,505573,505606,508688,1522,1003,606,6500,621,279,0,600,2169,3115,3082,1569,461.4187344,13.43544976,1,56,-28,200,-1,-1,49,28,56,1.0
45,4,141,508690,510218,510218,511225,511225,511829,511861,520361,520361,520991,521024,521058,524153,1528,1007,604,8500,630,549,0,600,1882,3129,3095,1282,476.8837425,15.46500805,0,14,-4,170,-1,1,51,10,14,2.0
45,4,142,524155,525681,525681,526688,526688,527292,527324,535324,535324,535924,535956,535989,539101,1526,1007,604,8000,600,535,0,600,1928,3145,3112,1328,491.8314328,14.94769033,0,27,1,210,1,-1,49,28,27,1.0
45,4,143,539103,540622,540622,541625,541625,542256,542289,549289,549289,549916,549948,549981,553045,1519,1003,631,7000,627,874,0,600,1546,3097,3064,946,505.775067,13.94363415,1,14,-7,160,-1,-1,49,7,14,1.0
45,4,144,553048,554576,554576,555584,555584,556189,556221,564221,564221,564821,564854,564887,567982,1528,1008,605,8000,600,450,0,600,2009,3128,3095,1409,520.7123212,14.93725425,1,20,-10,160,-1,-1,49,10,20,1.0
45,5,145,14716,16245,16245,17265,17265,17867,17900,25900,25900,26530,26563,26598,29677,1529,1020,602,8000,630,200,0,600,2219,3114,3079,1619,14.97252645,14.97252645,1,28,-14,200,-1,-1,49,14,28,1.0
45,5,146,29682,31207,31207,32212,32212,32817,32849,40349,40349,40950,40982,41016,44114,1525,1005,605,7500,601,265,0,600,2199,3132,3098,1599,29.40791474,14.43538828,1,14,-4,190,-1,-1,49,10,14,1.0
45,5,147,44117,45638,45638,46645,46645,47249,47282,53282,53282,53913,53945,53978,57072,1521,1007,604,6000,631,226,0,600,2211,3127,3094,1611,42.36468085,12.95676611,1,10,18,150,1,1,51,28,10,2.0
45,5,148,57074,58599,58599,59599,59599,60207,60240,68740,68740,69373,69405,69438,72510,1525,1000,608,8500,633,337,0,600,2097,3105,3072,1497,57.80312031,15.43843946,0,27,1,150,1,-1,49,28,27,1.0
45,5,149,72513,74035,74035,75040,75040,75664,75696,84696,84696,85312,85344,85377,88453,1522,1005,624,9000,616,377,0,600,2056,3109,3076,1456,73.745829,15.9427087,1,4,3,150,1,1,51,7,4,2.0
45,5,150,88455,89976,89976,90981,90981,91586,91619,98619,98619,99229,99262,99296,102410,1521,1005,605,7000,610,437,0,600,2022,3148,3114,1422,87.70280274,13.95697374,1,40,-20,160,-1,-1,49,20,40,1.0
45,5,151,102412,103933,103933,104940,104940,105544,105577,112077,112077,112699,112731,112765,115845,1521,1007,604,6500,622,371,0,600,2075,3114,3080,1475,101.1377923,13.4349896,1,5,9,180,1,1,51,14,5,2.0
45,5,152,115847,117369,117369,118377,118377,118983,119015,128015,128015,128631,128663,128697,131795,1522,1008,606,9000,616,361,0,600,2087,3132,3098,1487,117.0876991,15.94990676,1,20,-6,180,-1,-1,49,14,20,1.0
45,5,153,131798,133320,133320,134324,134324,134956,134989,140989,140989,141606,141639,141673,144747,1522,1004,632,6000,617,245,0,600,2180,3108,3074,1580,130.0402987,12.95259963,1,2,3,180,1,1,51,5,2,2.0
45,5,154,144749,146272,146272,147278,147278,147883,147915,154415,154415,155039,155072,155105,158194,1523,1006,605,6500,624,348,0,600,2094,3122,3089,1494,143.4874135,13.44711475,1,5,9,180,1,1,51,14,5,2.0
45,5,155,158197,159724,159724,160728,160728,161358,161391,169391,169391,170020,170053,170086,173150,1527,1004,630,8000,629,392,0,600,2018,3097,3064,1418,158.4426294,14.95521596,0,10,-5,180,-1,1,51,5,10,2.0
45,5,156,173153,174674,174674,175679,175679,176289,176321,183821,183821,184437,184471,184505,187602,1521,1005,610,7500,616,232,0,600,2216,3131,3097,1616,172.895095,14.45246553,1,56,-28,200,-1,-1,49,28,56,1.0
45,5,157,187605,189128,189128,190133,190133,190733,190766,199266,199266,199894,199926,199960,203057,1523,1005,600,8500,628,295,0,600,2149,3131,3097,1549,188.3508772,15.4557822,1,20,-13,210,-1,-1,49,7,20,1.0
45,5,158,203060,204587,204587,205593,205593,206220,206252,213252,213252,213876,213909,213943,217008,1527,1006,627,7000,624,393,0,600,2023,3099,3065,1423,202.3011468,13.95026959,1,3,2,160,1,1,51,5,3,2.0
45,5,159,217010,218533,218533,219537,219537,220143,220175,227175,227175,227805,227837,227870,230961,1523,1004,606,7000,630,379,0,600,2058,3124,3091,1458,216.2535716,13.95242485,1,27,1,200,1,1,51,28,27,2.0
45,5,160,230964,232481,232481,233490,233490,234092,234125,240625,240625,241226,241258,241291,244405,1517,1009,602,6500,601,1382,0,600,1089,3147,3114,489,229.6977991,13.44422751,1,14,-4,190,-1,-1,49,10,14,1.0
45,5,161,244408,245932,245932,246935,246935,247540,247573,256574,256574,257175,257207,257241,260363,1524,1003,605,9001,601,314,0,600,2152,3156,3122,1552,245.6569896,15.95919048,1,28,-18,210,-1,-1,49,10,28,1.0
45,5,162,260366,261890,261890,262895,262895,263499,263531,272031,272031,272649,272681,272715,275820,1524,1005,604,8500,618,432,0,600,2017,3139,3105,1417,261.1131729,15.4561833,1,10,4,210,1,1,51,14,10,2.0
45,5,163,275822,277349,277349,278352,278352,278982,279014,286514,286514,287114,287146,287179,290231,1527,1003,630,7500,600,-1,2501,0,539,3085,3052,-61,275.5236506,14.41047773,-1,10,-5,170,-1,-2,-1,5,10,
45,5,164,290234,291754,291754,292757,292757,293365,293398,301398,301398,302015,302049,302082,305187,1520,1003,608,8000,617,398,0,600,2054,3138,3105,1454,290.4800183,14.95636772,1,57,-37,170,-1,-1,49,20,57,1.0
45,5,165,305190,306713,306713,307717,307717,308326,308359,314359,314359,314990,315023,315056,318126,1523,1004,609,6000,631,300,0,600,2133,3103,3070,1533,303.4189635,12.93894513,1,7,7,150,1,1,51,14,7,2.0
45,5,166,318129,319651,319651,320654,320654,321259,321291,327791,327791,328391,328424,328458,331588,1522,1003,605,6500,600,429,0,600,2041,3164,3130,1441,316.8810605,13.462097,0,14,6,200,1,-1,49,20,14,1.0
45,5,167,331590,333110,333110,334115,334115,334723,334756,340756,340756,341389,341422,341456,344538,1520,1005,608,6000,633,859,0,600,1575,3116,3082,975,329.8314792,12.95041876,1,20,8,160,1,1,51,28,20,2.0
45,5,168,344541,346067,346067,347069,347069,347695,347728,354728,354728,355360,355394,355427,358489,1526,1002,626,7000,632,354,0,600,2060,3095,3062,1460,343.7815168,13.95003755,1,14,-7,150,-1,-1,49,7,14,1.0
45,5,169,358491,360013,360013,361015,361015,361643,361676,369176,369176,369794,369826,369859,372923,1522,1002,628,7500,618,585,0,600,1845,3097,3064,1245,358.2152618,14.43374502,1,2,5,200,1,1,51,7,2,2.0
45,5,170,372925,374450,374450,375455,375455,376086,376118,385118,385118,385731,385764,385797,388886,1525,1005,631,9000,613,325,0,600,2101,3122,3089,1501,374.1787574,15.96349557,1,2,5,210,1,1,51,7,2,2.0
45,5,171,388888,390411,390411,391414,391414,392030,392062,400562,400562,401185,401218,401251,404335,1523,1003,616,8500,623,308,0,600,2127,3117,3084,1527,389.6278469,15.4490895,1,79,-51,160,-1,-1,49,28,79,1.0
45,5,172,404337,405860,405860,406863,406863,407467,407500,415500,415500,416108,416141,416175,419291,1523,1003,604,8000,608,929,0,600,1533,3150,3116,933,404.5833117,14.95546488,1,40,-20,210,-1,-1,49,20,40,1.0
45,5,173,419294,420821,420821,421826,421826,422431,422464,428964,428964,429581,429614,429647,432739,1527,1005,605,6500,617,223,0,600,2223,3125,3092,1623,418.0316804,13.44836867,1,7,13,180,1,1,51,20,7,2.0
45,5,174,432741,434261,434261,435267,435267,435888,435920,441920,441920,442520,442552,442585,445677,1520,1006,621,6000,600,319,0,600,2134,3125,3092,1534,430.97031,12.93862961,1,20,-10,150,-1,-1,49,10,20,1.0
45,5,175,445680,447203,447203,448209,448209,448827,448859,456859,456859,457459,457491,457525,460622,1523,1006,618,8000,600,551,0,600,1902,3131,3097,1302,445.9147373,14.9444273,1,10,-5,200,-1,-1,49,5,10,1.0
45,5,176,460625,462146,462146,463150,463150,463750,463783,472783,472783,473413,473445,473478,476584,1521,1004,600,9000,630,1270,0,600,1175,3139,3106,575,461.8761584,15.96142107,1,7,3,170,1,1,51,10,7,2.0
45,5,177,476586,478108,478108,479112,479112,479712,479744,487244,487244,487846,487879,487912,491026,1522,1004,600,7500,602,344,0,600,2128,3147,3114,1528,476.3179965,14.4418381,1,20,-13,200,-1,-1,49,7,20,1.0
45,5,178,491028,492555,492555,493559,493559,494163,494195,501195,501195,501796,501829,501863,504982,1527,1004,604,7000,601,318,0,600,2146,3153,3119,1546,490.274209,13.95621253,1,28,-18,160,-1,-1,49,10,28,1.0
45,5,179,504984,506506,506506,507510,507510,508116,508149,516649,516649,517251,517283,517316,520423,1522,1004,606,8500,602,530,0,600,1936,3140,3107,1336,505.7156945,15.44148551,1,14,6,210,1,1,51,20,14,2.0
45,5,180,520424,521950,521950,522953,522953,523570,523602,531602,531602,532204,532238,532271,535381,1526,1003,617,8000,602,338,0,600,2114,3143,3110,1514,520.6743477,14.95865317,1,14,-9,160,-1,-1,49,5,14,1.0
45,6,181,14861,16387,16387,17401,17401,18011,18043,24543,24543,25147,25180,25216,28327,1526,1014,610,6500,604,301,0,600,2145,3147,3111,1545,13.47730799,13.47730799,1,10,4,180,1,1,51,14,10,2.0
45,6,182,28331,29856,29856,30864,30864,31487,31520,39020,39020,39621,39653,39686,42785,1525,1008,623,7500,601,1041,0,600,1402,3132,3099,802,27.93399303,14.45668505,1,20,-13,170,-1,-1,49,7,20,1.0
45,6,183,42788,44311,44311,45318,45318,45923,45956,54956,54956,55557,55589,55622,58727,1523,1007,605,9000,601,239,0,600,2225,3138,3105,1625,43.87528206,15.94128903,1,28,-14,180,-1,-1,49,14,28,1.0
45,6,184,58729,60253,60253,61257,61257,61862,61894,69894,69894,70494,70527,70561,73690,1524,1004,605,8000,600,325,0,600,2142,3163,3129,1542,58.83864263,14.96336057,1,28,-8,200,-1,-1,49,20,28,1.0
45,6,185,73692,75216,75216,76219,76219,76824,76857,85357,85357,85980,86012,86045,89154,1524,1003,605,8500,623,662,0,600,1783,3142,3109,1183,74.30209391,15.46345127,1,19,1,210,1,1,51,20,19,2.0
45,6,186,89156,90681,90681,91684,91684,92288,92320,99320,99320,99940,99972,100005,103086,1525,1003,604,7000,620,214,0,600,2234,3114,3081,1634,88.23472935,13.93263545,1,79,-51,170,-1,-1,49,28,79,1.0
45,6,187,103089,104608,104608,105615,105615,106241,106274,112274,112274,112875,112907,112940,116027,1519,1007,626,6000,601,671,0,600,1776,3120,3087,1176,101.1749679,12.94023853,1,14,-9,170,-1,-1,49,5,14,1.0
45,6,188,116029,117554,117554,118558,118558,119164,119196,126696,126696,127322,127354,127387,130490,1525,1004,606,7500,626,1273,0,600,1166,3136,3103,566,115.6382471,14.4632792,1,14,-4,200,-1,-1,49,10,14,1.0
45,6,189,130493,132018,132018,133026,133026,133653,133686,142186,142186,142814,142846,142879,145927,1525,1008,627,8500,628,828,0,600,1584,3081,3048,984,131.075124,15.43687696,1,5,2,200,1,1,51,7,5,2.0
45,6,190,145929,147452,147452,148458,148458,149064,149096,155596,155596,156221,156255,156289,159382,1523,1006,606,6500,625,385,0,600,2055,3127,3093,1455,144.5313736,13.45624959,1,5,5,160,1,1,51,10,5,2.0
45,6,191,159385,160907,160907,161914,161914,162541,162574,169574,169574,170198,170230,170263,173327,1522,1007,627,7000,624,780,0,600,1640,3097,3064,1040,158.4751973,13.9438237,1,7,-2,190,-1,-1,49,5,7,1.0
45,6,192,173329,174855,174855,175859,175859,176464,176496,182496,182496,183098,183130,183163,186284,1526,1004,605,6000,602,446,0,600,2017,3154,3121,1417,171.4318197,12.95662236,1,56,-28,190,-1,-1,49,28,56,1.0
45,6,193,186286,187814,187814,188823,188823,189430,189462,197462,197462,198072,198105,198138,201238,1528,1009,607,8000,610,1138,0,600,1308,3133,3100,708,186.3865532,14.9547335,1,40,-12,150,-1,-1,49,28,40,1.0
45,6,194,201241,202766,202766,203773,203773,204399,204431,213431,213431,214064,214096,214130,217180,1525,1007,626,9000,633,795,0,600,1614,3084,3050,1014,202.3289542,15.94240102,1,7,-2,170,-1,-1,49,5,7,1.0
45,6,195,217183,218706,218706,219713,219713,220320,220352,228352,228352,228955,228987,229021,232133,1523,1007,607,8000,603,47,0,600,2413,3146,3112,1813,217.2807679,14.95181371,1,40,-26,210,-1,-1,49,14,40,1.0
45,6,196,232136,233658,233658,234666,234666,235290,235322,241822,241822,242444,242477,242511,245571,1522,1008,624,6500,622,682,0,600,1742,3094,3060,1142,230.7192408,13.43847291,1,4,1,170,1,1,51,5,4,2.0
45,6,197,245573,247099,247099,248104,248104,248706,248740,254740,254740,255341,255373,255406,258521,1526,1005,602,6000,601,1413,0,600,1053,3148,3115,453,243.6696014,12.9503606,1,20,-10,150,-1,-1,49,10,20,1.0
45,6,198,258524,260043,260043,261048,261048,261654,261685,270185,270185,270786,270818,270851,273982,1519,1005,606,8500,601,298,0,600,2171,3164,3131,1571,259.1300311,15.46042963,1,10,4,190,1,1,51,14,10,2.0
45,6,199,273985,275510,275510,276517,276517,277118,277151,284651,284651,285266,285298,285332,288440,1525,1007,601,7500,615,1082,0,600,1370,3142,3108,770,273.587926,14.45789497,1,2,5,170,1,1,51,7,2,2.0
45,6,200,288442,289966,289966,290974,290974,291602,291635,300635,300635,301255,301287,301320,304378,1524,1008,628,9000,620,1095,0,600,1325,3091,3058,725,289.5260195,15.93809351,1,4,1,200,1,1,51,5,4,2.0
45,6,201,304381,305909,305909,306916,306916,307521,307554,314554,314554,315172,315206,315239,318326,1528,1007,605,7000,618,377,0,600,2065,3120,3087,1465,303.4735309,13.94751132,1,57,-37,190,-1,-1,49,20,57,1.0
45,6,202,318328,319849,319849,320854,320854,321461,321493,329493,329493,330121,330154,330187,333289,1521,1005,607,8000,628,822,0,600,1617,3135,3102,1017,318.4372889,14.96375805,0,20,-6,150,-1,1,51,14,20,2.0
45,6,203,333292,334816,334816,335818,335818,336443,336475,344975,344975,345594,345626,345660,348741,1524,1002,625,8500,619,342,0,600,2088,3115,3081,1488,333.8888263,15.45153737,1,2,3,170,1,1,51,5,2,2.0
45,6,204,348744,350265,350265,351271,351271,351891,351924,358924,358924,359524,359557,359590,362690,1521,1006,620,7000,600,391,0,600,2062,3133,3100,1462,347.8384941,13.94966779,1,20,-10,160,-1,-1,49,10,20,1.0
45,6,205,362693,364215,364215,365246,365246,365850,365882,374882,374882,375497,375530,375564,378641,1522,1031,604,9000,615,593,0,600,1835,3111,3077,1235,363.7889393,15.95044528,1,10,10,210,1,1,51,20,10,2.0
45,6,206,378644,380165,380165,381169,381169,381778,381811,387811,387811,388411,388444,388477,391577,1521,1004,609,6000,600,328,0,600,2138,3133,3100,1538,376.7248125,12.93587316,1,14,6,150,1,1,51,20,14,2.0
45,6,207,391579,393094,393094,394096,394096,394702,394734,401234,401234,401865,401898,401931,405041,1515,1002,606,6500,631,1442,0,600,1004,3143,3110,404,390.1884563,13.46364384,1,19,1,200,1,1,51,20,19,2.0
45,6,208,405043,406565,406565,407573,407573,408176,408208,415708,415708,416335,416368,416402,419481,1522,1008,603,7500,627,246,0,600,2194,3113,3079,1594,404.628423,14.43996671,1,5,5,210,1,1,51,10,5,2.0
45,6,209,419483,421007,421007,422012,422012,422613,422645,431645,431645,432267,432300,432333,435427,1524,1005,601,9000,622,321,0,600,2127,3127,3094,1527,420.574336,15.94591296,1,4,3,180,1,1,51,7,4,2.0
45,6,210,435429,436954,436954,437959,437959,438581,438614,444614,444614,445214,445248,445282,448369,1525,1005,622,6000,600,1351,0,600,1097,3121,3087,497,433.5164851,12.94214909,1,20,-6,200,-1,-1,49,14,20,1.0
45,6,211,448372,449892,449892,450894,450894,451498,451531,459031,459031,459648,459681,459715,462804,1520,1002,604,7500,617,418,0,600,2039,3123,3089,1439,447.9518616,14.43537653,1,10,18,160,1,1,51,28,10,2.0
45,6,212,462806,464325,464325,465331,465331,465935,465969,473969,473969,474588,474621,474655,477764,1519,1006,604,8000,619,303,0,600,2149,3143,3109,1549,462.9112965,14.95943487,1,14,14,190,1,1,51,28,14,2.0
45,6,213,477766,479291,479291,480296,480296,480924,480956,489456,489456,490078,490112,490146,493211,1525,1005,628,8500,622,459,0,600,1961,3099,3065,1361,478.359023,15.44772649,1,5,2,160,1,1,51,7,5,2.0
45,6,214,493213,494741,494741,495746,495746,496376,496408,503408,503408,504038,504071,504105,507160,1528,1005,630,7000,630,645,0,600,1762,3089,3055,1162,492.3079862,13.94896323,1,14,-7,180,-1,-1,49,7,14,1.0
45,6,215,507163,508686,508686,509691,509691,510296,510328,516828,516828,517431,517462,517496,520595,1523,1005,605,6500,603,298,0,600,2166,3133,3099,1566,505.7423131,13.43432693,1,28,-18,170,-1,-1,49,10,28,1.0
45,6,216,520597,522120,522120,523128,523128,523736,523768,530268,530268,530872,530905,530938,534047,1523,1008,608,6500,604,467,0,600,1990,3142,3109,1390,519.1942287,13.45191557,1,40,-12,180,-1,-1,49,28,40,1.0
46,1,1,49285,50812,50812,51844,51844,52475,52509,59509,59509,60115,60148,60184,63241,1527,1032,631,7000,606,824,0,600,1580,3093,3057,980,13.99432255,13.99432255,1,13,1,200,1,1,51,14,13,2.0
46,1,2,63296,64819,64819,65832,65832,66437,66470,75470,75470,76087,76119,76152,79249,1523,1013,605,9000,617,485,0,600,1957,3130,3097,1357,29.94958194,15.95525938,1,56,-28,200,-1,-1,49,28,56,1.0
46,1,3,79252,80773,80773,81780,81780,82385,82418,90918,90918,91518,91551,91585,94714,1521,1007,605,8500,600,742,0,600,1725,3163,3129,1125,45.41398701,15.46440507,0,20,-6,160,-1,1,51,14,20,2.0
46,1,4,94717,96241,96241,97247,97247,97851,97884,104384,104384,104985,105018,105051,108168,1524,1006,604,6500,601,1353,0,600,1112,3150,3117,512,58.86756365,13.45357664,1,14,-4,150,-1,-1,49,10,14,1.0
46,1,5,108171,109687,109687,110694,110694,111302,111334,119334,119334,119935,119967,120000,123129,1516,1007,608,8000,601,622,0,600,1846,3162,3129,1246,73.82899378,14.96143014,1,14,14,210,1,1,51,28,14,2.0
46,1,6,123132,124651,124651,125654,125654,126260,126292,133792,133792,134422,134454,134488,137566,1519,1003,606,7500,630,632,0,600,1810,3112,3078,1210,88.26577284,14.43677906,1,5,5,160,1,1,51,10,5,2.0
46,1,7,137569,139089,139089,140096,140096,140697,140730,146730,146730,147352,147385,147418,150502,1520,1007,601,6000,622,443,0,600,2007,3117,3084,1407,101.2024645,12.93669166,1,3,2,180,1,1,51,5,3,2.0
46,1,8,150505,152026,152026,153031,153031,153639,153671,159671,159671,160274,160308,160342,163462,1521,1005,608,6000,603,382,0,600,2081,3154,3120,1481,114.1619136,12.95944906,1,40,-20,200,-1,-1,49,20,40,1.0
46,1,9,163465,164991,164991,165996,165996,166599,166631,175631,175631,176260,176293,176326,179417,1526,1005,603,9000,629,96,0,600,2341,3124,3091,1741,130.1163991,15.95448551,1,7,7,180,1,1,51,14,7,2.0
46,1,10,179419,180940,180940,181942,181942,182547,182580,190080,190080,190695,190727,190760,193857,1521,1002,605,7500,615,488,0,600,1969,3130,3097,1369,144.5565967,14.44019758,1,2,5,210,1,1,51,7,2,2.0
46,1,11,193860,195386,195386,196393,196393,196996,197028,205028,205028,205657,205690,205723,208817,1526,1007,603,8000,629,420,0,600,2015,3127,3094,1415,159.5166894,14.96009274,1,5,5,170,1,1,51,10,5,2.0
46,1,12,208820,210342,210342,211347,211347,211953,211986,218986,218986,219602,219634,219668,222756,1522,1005,606,7000,616,512,0,600,1939,3122,3088,1339,173.4562773,13.93958795,1,56,-28,200,-1,-1,49,28,56,1.0
46,1,13,222759,224283,224283,225288,225288,225892,225925,234425,234425,235056,235089,235122,238218,1524,1005,604,8500,631,1007,0,600,1429,3129,3096,829,188.9174399,15.46116254,1,6,1,200,1,1,51,7,6,2.0
46,1,14,238221,239743,239743,240752,240752,241357,241389,247889,247889,248492,248524,248558,251671,1522,1009,605,6500,603,404,0,600,2057,3147,3113,1457,202.3710033,13.45356338,1,40,-20,150,-1,-1,49,20,40,1.0
46,1,15,251674,253197,253197,254201,254201,254802,254834,261834,261834,262465,262499,262532,265619,1523,1004,601,7000,631,412,0,600,2029,3120,3087,1429,216.3185496,13.94754631,1,20,-13,160,-1,-1,49,7,20,1.0
46,1,16,265622,267141,267141,268145,268145,268745,268779,276279,276279,276906,276939,276972,280067,1519,1004,600,7500,627,523,0,600,1927,3128,3095,1327,230.7666588,14.44810924,1,4,1,200,1,1,51,5,4,2.0
46,1,17,280070,281591,281591,282597,282597,283203,283235,289235,289235,289839,289871,289904,293014,1521,1006,606,6000,604,404,0,600,2059,3143,3110,1459,243.7142127,12.94755385,1,28,-18,200,-1,-1,49,10,28,1.0
46,1,18,293017,294542,294542,295548,295548,296153,296186,304186,304186,304818,304852,304885,307953,1525,1006,605,8000,632,817,0,600,1615,3101,3068,1015,258.6526805,14.93846783,1,27,1,210,1,1,51,28,27,2.0
46,1,19,307956,309479,309479,310482,310482,311085,311117,317617,317617,318222,318255,318288,321411,1523,1003,603,6500,605,257,0,600,2209,3156,3123,1609,272.1108355,13.45815506,1,40,-20,190,-1,-1,49,20,40,1.0
46,1,20,321414,322935,322935,323941,323941,324570,324602,333602,333602,334202,334235,334268,337354,1521,1006,629,9000,600,640,0,600,1804,3119,3086,1204,288.0534156,15.94258006,1,14,-9,190,-1,-1,49,5,14,1.0
46,1,21,337357,338878,338878,339887,339887,340492,340525,349025,349025,349626,349659,349693,352814,1521,1009,605,8500,601,250,0,600,2214,3155,3121,1614,303.5136051,15.46018948,1,7,7,170,1,1,51,14,7,2.0
46,1,22,352817,354339,354339,355344,355344,355949,355983,361983,361983,362615,362649,362683,365773,1522,1005,605,6000,632,803,0,600,1633,3124,3090,1033,316.4729987,12.95939361,1,20,8,200,1,1,51,28,20,2.0
46,1,23,365776,367305,367305,368306,368306,368935,368969,375969,375969,376583,376615,376649,379727,1529,1001,629,7000,614,442,0,600,1985,3112,3078,1385,330.426359,13.95336027,1,2,5,160,1,1,51,7,2,2.0
46,1,24,379730,381253,381253,382258,382258,382862,382894,391394,391394,392025,392059,392093,395163,1523,1005,604,8500,631,590,0,600,1847,3104,3070,1247,345.8624639,15.43610494,1,19,1,210,1,1,51,20,19,2.0
46,1,25,395166,396689,396689,397696,397696,398297,398329,406329,406329,406943,406975,407008,410125,1523,1007,601,8000,614,379,0,600,2076,3150,3117,1476,360.8249671,14.96250325,1,2,5,160,1,1,51,7,2,2.0
46,1,26,410128,411648,411648,412656,412656,413261,413294,419794,419794,420402,420435,420468,423588,1520,1008,605,6500,608,60,0,600,2399,3153,3120,1799,374.287854,13.46288687,1,40,-20,150,-1,-1,49,20,40,1.0
46,1,27,423591,425109,425109,426117,426117,426719,426752,434252,434252,434879,434913,434947,438036,1518,1008,602,7500,627,810,0,600,1635,3123,3089,1035,388.7357194,14.44786544,1,4,1,200,1,1,51,5,4,2.0
46,1,28,438039,439564,439564,440571,440571,441173,441206,450206,450206,450807,450839,450873,453971,1525,1007,602,9000,601,488,0,600,1977,3132,3098,1377,404.670254,15.9345346,1,10,-3,210,-1,-1,49,7,10,1.0
46,1,29,453974,455498,455498,456503,456503,457108,457141,464641,464641,465257,465289,465323,468426,1524,1005,605,7500,616,398,0,600,2052,3137,3103,1452,419.1249508,14.45469676,1,4,6,160,1,1,51,10,4,2.0
46,1,30,468429,469954,469954,470957,470957,471557,471590,478590,478590,479190,479222,479255,482386,1525,1003,600,7000,600,1172,0,600,1300,3164,3131,700,433.0851798,13.96022895,1,14,6,210,1,1,51,20,14,2.0
46,1,31,482388,483913,483913,484920,484920,485526,485559,494059,494059,494661,494694,494727,497822,1525,1007,606,8500,602,135,0,600,2325,3128,3095,1725,448.521282,15.43610222,1,40,-12,180,-1,-1,49,28,40,1.0
46,1,32,497825,499346,499346,500352,500352,500953,500985,508985,508985,509586,509619,509652,512770,1521,1006,601,8000,601,541,0,600,1930,3151,3118,1330,463.4692957,14.94801371,0,10,-5,170,-1,1,51,5,10,2.0
46,1,33,512773,514301,514301,515304,515304,515912,515945,522445,522445,523051,523085,523118,526232,1528,1003,608,6500,606,537,0,600,1918,3147,3114,1318,476.9312872,13.46199155,1,40,-26,170,-1,-1,49,14,40,1.0
46,1,34,526235,527756,527756,528762,528762,529394,529426,538426,538426,539043,539075,539108,542179,1521,1006,632,9000,617,497,0,600,1927,3104,3071,1327,492.8782363,15.94694904,1,2,3,160,1,1,51,5,2,2.0
46,1,35,542182,543703,543703,544711,544711,545314,545347,551347,551347,551979,552012,552045,555123,1521,1008,603,6000,632,603,0,600,1833,3111,3078,1233,505.822157,12.94392076,1,40,-26,170,-1,-1,49,14,40,1.0
46,1,36,555126,556648,556648,557659,557659,558262,558294,567294,567294,567921,567953,567987,571078,1522,1011,603,9000,627,709,0,600,1728,3125,3091,1128,521.7773658,15.95520875,1,5,5,180,1,1,51,10,5,2.0
46,2,37,23824,25347,25347,26364,26364,26981,27015,36015,36015,36646,36679,36716,39795,1523,1017,617,9000,631,816,0,600,1596,3116,3079,996,15.98262714,15.98262714,1,7,3,170,1,1,51,10,7,2.0
46,2,38,39799,41323,41323,42330,42330,42933,42965,50465,50465,51094,51126,51160,54232,1524,1007,603,7500,629,656,0,600,1781,3106,3072,1181,30.41867512,14.43604798,1,5,5,150,1,1,51,10,5,2.0
46,2,39,54235,55755,55755,56758,56758,57362,57395,65396,65396,66026,66058,66091,69192,1520,1003,604,8001,630,976,0,600,1466,3134,3101,866,45.37799882,14.9593237,1,13,1,200,1,1,51,14,13,2.0
46,2,40,69195,70718,70718,71722,71722,72329,72361,79361,79361,79962,79995,80029,83142,1523,1004,607,7000,601,1086,0,600,1379,3147,3113,779,59.32847998,13.95048117,1,13,1,170,1,1,51,14,13,2.0
46,2,41,83145,84663,84663,85665,85665,86271,86304,94804,94804,95425,95458,95491,98577,1518,1002,606,8500,621,442,0,600,2011,3119,3086,1411,74.76301277,15.43453279,1,79,-51,150,-1,-1,49,28,79,1.0
46,2,42,98580,100101,100101,101105,101105,101733,101766,107766,107766,108396,108428,108461,111480,1521,1004,628,6000,630,-1,2501,0,516,3052,3019,-84,87.66630394,12.90329117,-1,7,7,160,1,-2,-1,14,7,
46,2,43,111483,113004,113004,114012,114012,114617,114650,121150,121150,121780,121812,121846,124920,1521,1008,605,6500,630,530,0,600,1906,3108,3074,1306,101.1059672,13.43966328,1,6,1,160,1,1,51,7,6,2.0
46,2,44,124923,126445,126445,127452,127452,128053,128085,134085,134085,134709,134742,134775,137862,1522,1007,601,6000,624,572,0,600,1874,3120,3087,1274,114.0479789,12.94201171,1,10,-5,150,-1,-1,49,5,10,1.0
46,2,45,137864,139389,139389,140398,140398,141007,141039,149539,149539,150172,150204,150237,153314,1525,1009,609,8500,633,1114,0,600,1310,3110,3077,710,129.5001793,15.45220037,0,27,1,190,1,-1,49,28,27,1.0
46,2,46,153317,154837,154837,155837,155837,156439,156472,163972,163972,164601,164635,164669,167774,1520,1000,602,7500,629,2052,0,600,397,3139,3105,-203,143.9600801,14.45990078,1,4,1,160,1,1,51,5,4,2.0
46,2,47,167777,169302,169302,170306,170306,170914,170946,179946,179946,180578,180610,180643,183726,1525,1004,608,9000,632,829,0,600,1602,3116,3083,1002,159.9120487,15.95196863,1,6,1,190,1,1,51,7,6,2.0
46,2,48,183728,185251,185251,186261,186261,186879,186912,193412,193412,194044,194078,194111,197188,1523,1010,618,6500,632,596,0,600,1821,3110,3077,1221,173.3738366,13.46178784,1,14,-7,150,-1,-1,49,7,14,1.0
46,2,49,197191,198715,198715,199718,199718,200320,200354,208354,208354,208986,209019,209052,212124,1524,1003,602,8000,632,526,0,600,1913,3105,3072,1313,188.3098987,14.93606214,1,5,2,200,1,1,51,7,5,2.0
46,2,50,212127,213653,213653,214661,214661,215269,215301,222301,222301,222901,222934,222967,226085,1526,1008,608,7000,600,672,0,600,1786,3151,3118,1186,202.2711049,13.96120623,1,14,-4,180,-1,-1,49,10,14,1.0
46,2,51,226088,227610,227610,228613,228613,229219,229252,237252,237252,237873,237905,237939,241023,1522,1003,606,8000,621,504,0,600,1944,3118,3084,1344,217.2093112,14.93820625,1,79,-51,190,-1,-1,49,28,79,1.0
46,2,52,241026,242548,242548,243555,243555,244159,244192,252692,252692,253309,253342,253375,256475,1522,1007,604,8500,617,489,0,600,1961,3133,3100,1361,232.6609146,15.4516034,1,57,-37,150,-1,-1,49,20,57,1.0
46,2,53,256478,258004,258004,259009,259009,259613,259646,265646,265646,266247,266279,266312,269420,1526,1005,604,6000,601,529,0,600,1935,3141,3108,1335,245.6062312,12.94531662,1,7,3,170,1,1,51,10,7,2.0
46,2,54,269423,270949,270949,271954,271954,272579,272611,279611,279611,280228,280260,280294,283380,1526,1005,625,7000,617,636,0,600,1791,3120,3086,1191,259.565978,13.95974679,1,7,-2,150,-1,-1,49,5,7,1.0
46,2,55,283383,284907,284907,285913,285913,286519,286553,293053,293053,293683,293716,293750,296837,1524,1006,606,6500,630,773,0,600,1661,3121,3087,1061,273.0228122,13.45683424,1,7,-2,170,-1,-1,49,5,7,1.0
46,2,56,296840,298361,298361,299366,299366,299971,300004,309004,309004,309605,309638,309671,312803,1521,1005,605,9000,601,453,0,600,2015,3165,3132,1415,288.988743,15.96593081,1,10,10,180,1,1,51,20,10,2.0
46,2,57,312806,314331,314331,315336,315336,315940,315973,323473,323473,324074,324106,324140,327249,1525,1005,604,7500,601,888,0,600,1577,3143,3109,977,303.4348808,14.4461378,0,27,1,210,1,-1,49,28,27,1.0
46,2,58,327252,328778,328778,329786,329786,330395,330428,337928,337928,338532,338565,338598,341698,1526,1008,609,7500,604,816,0,600,1637,3133,3100,1037,317.8840147,14.44913383,1,40,-12,180,-1,-1,49,28,40,1.0
46,2,59,341701,343225,343225,344230,344230,344832,344865,353365,353365,353982,354015,354048,357146,1524,1005,602,8500,617,546,0,600,1906,3131,3098,1306,333.3319157,15.447901,1,5,5,170,1,1,51,10,5,2.0
46,2,60,357149,358677,358677,359689,359689,360294,360327,369327,369327,369928,369960,369994,373093,1528,1012,605,9000,601,460,0,600,1994,3133,3099,1394,349.2784745,15.94655879,1,20,-6,200,-1,-1,49,14,20,1.0
46,2,61,373094,374619,374619,375627,375627,376233,376266,382266,382266,382895,382927,382962,386047,1525,1008,606,6000,629,532,0,600,1900,3120,3085,1300,362.2325459,12.95407146,1,27,1,180,1,1,51,28,27,2.0
46,2,62,386050,387572,387572,388578,388578,389180,389213,395713,395713,396313,396346,396379,399500,1522,1006,602,6500,600,574,0,600,1896,3154,3121,1296,375.6850495,13.45250353,1,28,-14,170,-1,-1,49,14,28,1.0
46,2,63,399503,401026,401026,402032,402032,402639,402673,410673,410673,411292,411325,411358,414466,1523,1006,607,8000,619,855,0,600,1590,3141,3108,990,390.6510441,14.9659947,1,14,6,160,1,1,51,20,14,2.0
46,2,64,414468,415990,415990,416997,416997,417616,417648,424648,424648,425248,425280,425313,428406,1522,1007,619,7000,600,290,0,600,2162,3126,3093,1562,404.5917212,13.94067703,1,14,-9,160,-1,-1,49,5,14,1.0
46,2,65,428408,429936,429936,430944,430944,431546,431578,440578,440578,441191,441223,441256,444350,1528,1008,602,9000,613,582,0,600,1867,3127,3094,1267,420.5359126,15.94419138,1,2,3,190,1,1,51,5,2,2.0
46,2,66,444353,445877,445877,446883,446883,447513,447546,455546,455546,456148,456181,456214,459300,1524,1006,630,8000,602,736,0,600,1702,3119,3086,1102,435.4852823,14.94936979,1,10,10,200,1,1,51,20,10,2.0
46,2,67,459303,460829,460829,461837,461837,462439,462472,468472,468472,469072,469105,469138,472253,1526,1008,602,6000,600,600,0,600,1864,3148,3115,1264,448.4386022,12.95331989,1,14,-7,160,-1,-1,49,7,14,1.0
46,2,68,472256,473780,473780,474790,474790,475393,475426,482926,482926,483559,483591,483624,486714,1524,1010,603,7500,633,517,0,600,1913,3123,3090,1313,462.8995327,14.4609305,1,20,-13,180,-1,-1,49,7,20,1.0
46,2,69,486717,488237,488237,489242,489242,489845,489878,496378,496378,496978,497010,497044,500154,1520,1005,603,6500,600,1121,0,600,1351,3144,3110,751,476.3393292,13.43979648,1,19,1,170,1,1,51,20,19,2.0
46,2,70,500157,501679,501679,502689,502689,503294,503327,510327,510327,510957,510990,511023,514105,1522,1010,605,7000,630,280,0,600,2153,3115,3082,1553,490.2900665,13.95073731,1,14,6,190,1,1,51,20,14,2.0
46,2,71,514106,515630,515630,516655,516655,517284,517317,525817,525817,526445,526478,526512,529557,1524,1025,629,8500,628,534,0,600,1860,3079,3045,1260,505.7428271,15.45276058,1,4,6,200,1,1,51,10,4,2.0
46,2,72,529560,531079,531079,532082,532082,532690,532722,540222,540222,540853,540885,540919,543995,1519,1003,608,7500,631,401,0,600,2038,3110,3076,1438,520.1805985,14.4377714,1,7,7,150,1,1,51,14,7,2.0
46,3,73,17373,18899,18899,19916,19916,20516,20550,28550,28550,29168,29201,29236,32348,1526,1017,600,8000,618,492,0,600,1947,3147,3112,1347,14.98767265,14.98767265,1,3,2,180,1,1,51,5,3,2.0
46,3,74,32353,33878,33878,34885,34885,35487,35520,42020,42020,42649,42681,42714,45793,1525,1007,602,6500,629,500,0,600,1937,3112,3079,1337,28.43057877,13.44290612,1,10,18,160,1,1,51,28,10,2.0
46,3,75,45796,47324,47324,48328,48328,48932,48965,54965,54965,55568,55601,55635,58755,1528,1004,604,6000,603,959,0,600,1502,3154,3120,902,41.3927671,12.96218834,0,27,1,170,1,-1,49,28,27,1.0
46,3,76,58758,60284,60284,61292,61292,61895,61927,69427,69427,70044,70076,70110,73211,1526,1008,603,7500,617,619,0,600,1827,3135,3101,1227,55.84812503,14.45535792,1,5,2,210,1,1,51,7,5,2.0
46,3,77,73214,74737,74737,75741,75741,76361,76393,83393,83393,84024,84056,84089,87172,1523,1004,620,7000,631,631,0,600,1791,3116,3083,1191,69.80935175,13.96122673,1,14,-9,210,-1,-1,49,5,14,1.0
46,3,78,87175,88698,88698,89705,89705,90313,90345,99345,99345,99963,99995,100028,103131,1523,1007,608,9000,618,1302,0,600,1142,3136,3103,542,85.76791755,15.9585658,1,10,4,180,1,1,51,14,10,2.0
46,3,79,103134,104657,104657,105664,105664,106285,106317,114817,114817,115435,115468,115502,118575,1523,1007,621,8500,618,560,0,600,1871,3107,3073,1271,101.212027,15.44410941,1,4,1,170,1,1,51,5,4,2.0
46,3,80,118578,120102,120102,121106,121106,121737,121770,127770,127770,128370,128402,128436,131521,1524,1004,631,6000,600,506,0,600,1935,3119,3085,1335,114.1584089,12.94638189,1,10,-3,170,-1,-1,49,7,10,1.0
46,3,81,131524,133045,133045,134048,134048,134654,134687,143187,143187,143809,143841,143874,146968,1521,1003,606,8500,622,452,0,600,1996,3127,3094,1396,129.6053443,15.44693548,1,5,9,160,1,1,51,14,5,2.0
46,3,82,146971,148494,148494,149495,149495,150100,150132,157132,157132,157732,157764,157797,160912,1523,1001,605,7000,600,953,0,600,1518,3148,3115,918,143.549266,13.94392167,1,19,1,190,1,1,51,20,19,2.0
46,3,83,160915,162443,162443,163449,163449,164054,164086,171586,171586,172200,172232,172265,175376,1528,1006,605,7500,614,432,0,600,2015,3144,3111,1415,158.0131808,14.46391477,1,6,1,200,1,1,51,7,6,2.0
46,3,84,175379,176901,176901,177908,177908,178538,178571,186571,186571,187199,187231,187264,190330,1522,1007,630,8000,628,1072,0,600,1341,3099,3066,741,172.9671591,14.95397834,1,6,1,150,1,1,51,7,6,2.0
46,3,85,190333,191853,191853,192858,192858,193464,193497,199997,199997,200613,200646,200679,203794,1520,1005,606,6500,616,596,0,600,1857,3148,3115,1257,186.4310579,13.4638988,1,56,-28,190,-1,-1,49,28,56,1.0
46,3,86,203797,205319,205319,206327,206327,206932,206966,215966,215966,216569,216602,216636,219745,1522,1008,605,9000,603,699,0,600,1763,3143,3109,1163,202.3822409,15.95118301,1,40,-20,190,-1,-1,49,20,40,1.0
46,3,87,219748,221269,221269,222274,222274,222877,222909,229409,229409,230011,230043,230076,233182,1521,1005,603,6500,602,499,0,600,1970,3139,3106,1370,215.8189392,13.43669829,1,14,14,160,1,1,51,28,14,2.0
46,3,88,233185,234711,234711,235715,235715,236320,236353,244853,244853,245484,245517,245550,248633,1526,1004,605,8500,631,571,0,600,1863,3116,3083,1263,231.2698878,15.45094856,1,20,-10,180,-1,-1,49,10,20,1.0
46,3,89,248636,250161,250161,251168,251168,251774,251806,258807,258807,259409,259440,259475,262578,1525,1007,606,7001,602,453,0,600,2006,3138,3103,1406,245.2147943,13.94490648,1,20,8,190,1,1,51,28,20,2.0
46,3,90,262581,264107,264107,265115,265115,265717,265749,274749,274749,275349,275381,275415,278514,1526,1008,602,9000,600,684,0,600,1780,3133,3099,1180,261.1509339,15.93613959,1,9,1,190,1,1,51,10,9,2.0
46,3,91,278517,280043,280043,281052,281052,281652,281685,289685,289685,290317,290349,290382,293454,1526,1009,600,8000,632,1047,0,600,1386,3105,3072,786,276.0911082,14.94017437,0,10,-3,170,-1,1,51,7,10,2.0
46,3,92,293457,294975,294975,295978,295978,296600,296632,302632,302632,303232,303265,303298,306400,1518,1003,622,6000,600,457,0,600,2000,3135,3102,1400,289.0365288,12.94542059,1,14,-9,190,-1,-1,49,5,14,1.0
46,3,93,306403,307927,307927,308933,308933,309541,309573,317073,317073,317689,317722,317755,320845,1524,1006,608,7500,616,1190,0,600,1256,3123,3090,656,303.4817939,14.44526509,1,10,18,180,1,1,51,28,10,2.0
46,3,94,320848,322365,322365,323368,323368,323970,324002,331002,331002,331622,331655,331688,334806,1517,1003,602,7000,620,382,0,600,2076,3151,3118,1476,317.4426659,13.96087204,1,6,1,170,1,1,51,7,6,2.0
46,3,95,334808,336331,336331,337337,337337,337956,337988,344488,344488,345088,345121,345154,348256,1523,1006,619,6500,600,459,0,600,1993,3135,3102,1393,330.8929811,13.45031512,1,14,-9,200,-1,-1,49,5,14,1.0
46,3,96,348259,349783,349783,350787,350787,351396,351429,359929,359929,360529,360562,360596,363697,1524,1004,609,8500,600,655,0,600,1808,3135,3101,1208,346.3338091,15.440828,1,28,-8,190,-1,-1,49,20,28,1.0
46,3,97,363700,365219,365219,366224,366224,366829,366862,372862,372862,373479,373512,373545,376649,1519,1005,605,6000,617,625,0,600,1829,3137,3104,1229,359.285737,12.95192795,1,4,6,200,1,1,51,10,4,2.0
46,3,98,376652,378177,378177,379180,379180,379785,379818,387318,387318,387919,387952,387985,391084,1525,1003,605,7500,601,523,0,600,1943,3132,3099,1343,373.7209289,14.43519184,1,28,-14,210,-1,-1,49,14,28,1.0
46,3,99,391087,392614,392614,393618,393618,394221,394253,402253,402253,402855,402887,402921,406041,1527,1004,603,8000,602,740,0,600,1724,3154,3120,1124,388.6780705,14.95714162,0,20,-10,200,-1,1,51,10,20,2.0
46,3,100,406044,407568,407568,408571,408571,409177,409210,418210,418210,418842,418874,418907,421991,1524,1003,606,9000,632,539,0,600,1896,3117,3084,1296,404.6277522,15.94968168,1,9,1,170,1,1,51,10,9,2.0
46,3,101,421994,423515,423515,424525,424525,425146,425179,432179,432179,432811,432843,432877,435928,1521,1010,621,7000,632,447,0,600,1969,3085,3051,1369,418.5649266,13.93717443,1,14,-9,160,-1,-1,49,5,14,1.0
46,3,102,435931,437452,437452,438457,438457,439060,439092,445592,445592,446214,446247,446280,449373,1521,1005,603,6500,622,511,0,600,1938,3126,3093,1338,432.009425,13.44449845,1,4,6,170,1,1,51,10,4,2.0
46,3,103,449376,450907,450907,451914,451914,452518,452551,461551,461551,462151,462183,462216,465325,1531,1007,604,9000,600,436,0,600,2022,3142,3109,1422,447.9615522,15.95212714,1,20,-6,190,-1,-1,49,14,20,1.0
46,3,104,465328,466849,466849,467852,467852,468455,468487,474487,474487,475117,475149,475183,478266,1521,1003,603,6000,630,831,0,600,1612,3117,3083,1012,460.9024585,12.94090635,1,10,4,150,1,1,51,14,10,2.0
46,3,105,478269,479792,479792,480795,480795,481400,481433,489433,489433,490035,490068,490102,493228,1523,1003,605,8000,602,489,0,600,1978,3160,3126,1378,475.8639604,14.96150186,1,40,-20,190,-1,-1,49,20,40,1.0
46,3,106,493229,494755,494755,495763,495763,496368,496402,504902,504902,505530,505563,505596,508692,1526,1008,605,8500,628,556,0,600,1877,3129,3096,1277,491.3283109,15.46435053,1,7,7,210,1,1,51,14,7,2.0
46,3,107,508695,510216,510216,511221,511221,511825,511857,519357,519357,519971,520003,520035,523136,1521,1005,604,7500,614,362,0,600,2094,3133,3101,1494,505.7733398,14.44502883,1,57,-37,200,-1,-1,49,20,57,1.0
46,3,108,523140,524660,524660,525667,525667,526274,526306,535306,535306,535938,535971,536004,539076,1520,1007,607,9000,632,500,0,600,1934,3105,3072,1334,521.7122472,15.9389075,1,28,-8,150,-1,-1,49,20,28,1.0
46,4,109,51017,52540,52540,53555,53555,54166,54199,60699,60699,61318,61351,61386,64462,1523,1015,611,6500,619,496,0,600,1936,3111,3076,1336,13.45864626,13.45864626,1,5,9,200,1,1,51,14,5,2.0
46,4,110,64468,65988,65988,66994,66994,67597,67630,73630,73630,74257,74289,74323,77427,1520,1006,603,6000,627,429,0,600,2015,3138,3104,1415,26.41984466,12.9611984,1,7,13,170,1,1,51,20,7,2.0
46,4,111,77429,78955,78955,79961,79961,80584,80617,89617,89617,90234,90267,90300,93382,1526,1006,623,9000,617,606,0,600,1822,3115,3082,1222,42.37582999,15.95598534,1,3,2,200,1,1,51,5,3,2.0
46,4,112,93385,94908,94908,95915,95915,96519,96551,104051,104051,104653,104686,104719,107836,1523,1007,604,7500,602,509,0,600,1955,3150,3117,1355,56.82900433,14.45317434,1,10,-3,180,-1,-1,49,7,10,1.0
46,4,113,107839,109363,109363,110368,110368,110972,111005,118005,118005,118605,118638,118672,121779,1524,1005,604,7000,600,891,0,600,1576,3141,3107,976,70.77249477,13.94349044,1,27,1,210,1,1,51,28,27,2.0
46,4,114,121782,123307,123307,124313,124313,124933,124965,132965,132965,133582,133614,133647,136735,1525,1006,620,8000,617,609,0,600,1823,3121,3088,1223,85.72857774,14.95608297,1,4,1,190,1,1,51,5,4,2.0
46,4,115,136738,138256,138256,139259,139259,139891,139923,148423,148423,149055,149087,149120,152184,1518,1003,632,8500,632,393,0,600,2022,3097,3064,1422,101.1763106,15.44773285,1,14,-7,210,-1,-1,49,7,14,1.0
46,4,116,152185,153710,153710,154719,154719,155350,155382,164382,164382,165015,165047,165080,168127,1525,1009,631,9000,633,466,0,600,1936,3080,3047,1336,117.1197359,15.94342534,1,28,-18,210,-1,-1,49,10,28,1.0
46,4,117,168130,169651,169651,170654,170654,171259,171292,177792,177792,178410,178442,178476,181567,1521,1003,605,6500,618,644,0,600,1809,3125,3091,1209,130.5597994,13.44006348,1,56,-28,200,-1,-1,49,28,56,1.0
46,4,118,181570,183084,183084,184089,184089,184694,184727,190727,190727,191352,191384,191418,194518,1514,1005,605,6000,625,717,0,600,1734,3134,3100,1134,143.51136,12.9515606,1,40,-20,150,-1,-1,49,20,40,1.0
46,4,119,194521,196042,196042,197047,197047,197676,197709,205709,205709,206309,206342,206375,209456,1521,1005,629,8000,600,472,0,600,1973,3114,3081,1373,158.4494252,14.93806522,1,14,14,150,1,1,51,28,14,2.0
46,4,120,209459,210980,210980,211989,211989,212593,212626,220126,220126,220726,220758,220792,223921,1521,1009,604,7500,600,941,0,600,1525,3163,3129,925,172.9140783,14.46465308,1,19,1,180,1,1,51,20,19,2.0
46,4,121,223924,225444,225444,226449,226449,227052,227084,235584,235584,236184,236217,236250,239360,1520,1005,603,8500,600,303,0,600,2169,3143,3110,1569,188.3529503,15.43887194,1,28,-14,190,-1,-1,49,14,28,1.0
46,4,122,239362,240887,240887,241889,241889,242493,242525,249525,249525,250156,250189,250222,253313,1525,1002,604,7000,631,641,0,600,1797,3124,3091,1197,202.3060755,13.95312522,1,10,10,200,1,1,51,20,10,2.0
46,4,123,253316,254840,254840,255846,255846,256451,256483,263483,263483,264114,264147,264181,267259,1524,1006,605,7000,631,465,0,600,1969,3112,3078,1369,216.2519815,13.94590606,1,7,3,210,1,1,51,10,7,2.0
46,4,124,267262,268784,268784,269786,269786,270392,270424,278924,278924,279550,279582,279616,282699,1522,1002,606,8500,626,797,0,600,1647,3117,3083,1047,231.6924051,15.44042359,1,5,9,190,1,1,51,14,5,2.0
46,4,125,282702,284221,284221,285226,285226,285831,285864,293364,293364,293970,294003,294036,297158,1519,1005,605,7500,606,381,0,600,2084,3155,3122,1484,246.1509754,14.45857032,1,40,-20,200,-1,-1,49,20,40,1.0
46,4,126,297161,298687,298687,299693,299693,300296,300329,308329,308329,308948,308981,309014,312109,1526,1006,603,8000,619,483,0,600,1963,3128,3095,1363,261.1021352,14.95115981,1,4,6,190,1,1,51,10,4,2.0
46,4,127,312112,313635,313635,314640,314640,315246,315279,324279,324279,324879,324911,324944,328073,1523,1005,606,9000,600,1040,0,600,1426,3162,3129,826,277.0663092,15.96417393,1,20,8,150,1,1,51,28,20,2.0
46,4,128,328076,329598,329598,330602,330602,331221,331254,337754,337754,338354,338388,338422,341523,1522,1004,619,6500,600,465,0,600,1990,3135,3101,1390,290.5158185,13.44950931,1,14,-9,160,-1,-1,49,5,14,1.0
46,4,129,341526,343052,343052,344053,344053,344670,344702,350702,350702,351308,351340,351373,354472,1526,1001,617,6000,606,491,0,600,1959,3132,3099,1359,303.4649933,12.94917481,1,14,-7,180,-1,-1,49,7,14,1.0
46,4,130,354475,355999,355999,357009,357009,357615,357647,364147,364147,364760,364792,364826,367935,1524,1010,606,6500,613,406,0,600,2041,3143,3109,1441,316.9282044,13.46321112,1,4,6,190,1,1,51,10,4,2.0
46,4,131,367938,369459,369459,370461,370461,371064,371096,378096,378096,378714,378748,378782,381897,1521,1002,603,7000,618,471,0,600,1985,3149,3115,1385,330.8898943,13.9616899,1,79,-51,210,-1,-1,49,28,79,1.0
46,4,132,381900,383422,383422,384426,384426,385034,385068,394068,394068,394674,394707,394740,397851,1522,1004,608,9000,606,664,0,600,1796,3144,3111,1196,346.8439821,15.95408773,1,57,-37,190,-1,-1,49,20,57,1.0
46,4,133,397853,399374,399374,400382,400382,400986,401018,409518,409518,410148,410181,410215,413299,1521,1008,604,8500,630,1315,0,600,1122,3118,3084,522,362.2915905,15.44760839,1,7,7,190,1,1,51,14,7,2.0
46,4,134,413302,414821,414821,415826,415826,416455,416487,424487,424487,425119,425151,425185,428244,1519,1005,629,8000,632,902,0,600,1513,3093,3059,913,377.2371144,14.94552395,1,10,4,170,1,1,51,14,10,2.0
46,4,135,428247,429772,429772,430780,430780,431407,431439,437439,437439,438039,438072,438106,441202,1525,1008,627,6000,600,391,0,600,2049,3130,3096,1449,390.1945031,12.95738872,1,14,-7,210,-1,-1,49,7,14,1.0
46,4,136,441205,442731,442731,443737,443737,444342,444374,451874,451874,452496,452528,452561,455661,1526,1006,605,7500,622,422,0,600,2019,3133,3100,1419,404.6536294,14.45912631,1,5,5,160,1,1,51,10,5,2.0
46,4,137,455664,457187,457187,458197,458197,458819,458851,467851,467851,468469,468502,468535,471600,1523,1010,622,9000,618,556,0,600,1871,3098,3065,1271,420.5927696,15.93914014,1,3,2,210,1,1,51,5,3,2.0
46,4,138,471603,473128,473128,474132,474132,474735,474768,481768,481768,482390,482423,482457,485555,1525,1004,603,7000,622,519,0,600,1927,3132,3098,1327,434.5471731,13.95440355,1,5,5,180,1,1,51,10,5,2.0
46,4,139,485558,487080,487080,488083,488083,488686,488718,497218,497218,497850,497883,497917,500992,1522,1003,603,8500,632,528,0,600,1912,3109,3075,1312,449.9845931,15.43742003,1,10,18,170,1,1,51,28,10,2.0
46,4,140,500995,502519,502519,503525,503525,504150,504182,511682,511682,512308,512341,512375,515448,1524,1006,625,7500,626,501,0,600,1918,3107,3073,1318,464.4401711,14.45557791,1,7,-2,210,-1,-1,49,5,7,1.0
46,4,141,515451,516969,516969,517975,517975,518578,518611,524611,524611,525212,525245,525279,528399,1518,1006,603,6000,601,605,0,600,1867,3154,3120,1267,477.3915385,12.95136744,1,20,-13,200,-1,-1,49,7,20,1.0
46,4,142,528402,529927,529927,530932,530932,531533,531565,539565,539565,540188,540220,540253,543356,1525,1005,601,8000,623,589,0,600,1857,3136,3103,1257,492.3482266,14.95668808,1,5,2,190,1,1,51,7,5,2.0
46,4,143,543358,544882,544882,545889,545889,546513,546545,553045,553045,553662,553694,553727,556811,1524,1007,624,6500,617,571,0,600,1857,3117,3084,1257,505.8032084,13.45498184,1,3,2,190,1,1,51,5,3,2.0
46,4,144,556814,558334,558334,559336,559336,559942,559974,567474,567474,568075,568107,568140,571272,1520,1002,606,7500,601,586,0,600,1885,3165,3132,1285,520.2646048,14.46139639,1,20,-6,170,-1,-1,49,14,20,1.0
46,5,145,24811,26337,26337,27351,27351,27955,27987,34487,34487,35120,35154,35190,38279,1526,1014,604,6500,633,534,0,600,1889,3125,3089,1289,13.47978992,13.47978992,1,10,-5,200,-1,-1,49,5,10,1.0
46,5,146,38283,39805,39805,40809,40809,41410,41442,47442,47442,48043,48076,48109,51240,1522,1004,601,6000,601,456,0,600,2016,3164,3131,1416,26.43981456,12.96002464,1,14,-9,150,-1,-1,49,5,14,1.0
46,5,147,51243,52766,52766,53775,53775,54379,54413,61413,61413,62014,62046,62080,65205,1523,1009,604,7000,601,897,0,600,1566,3159,3125,966,40.40478617,13.96497161,1,28,-14,180,-1,-1,49,14,28,1.0
46,5,148,65208,66735,66735,67742,67742,68347,68379,76379,76379,77010,77043,77076,80160,1527,1007,605,8000,631,571,0,600,1859,3117,3084,1259,55.35949438,14.95470821,1,40,-26,170,-1,-1,49,14,40,1.0
46,5,149,80162,81686,81686,82690,82690,83297,83329,90829,90829,91430,91463,91496,94618,1524,1004,607,7500,601,807,0,600,1657,3155,3122,1057,69.81772809,14.45823371,1,13,1,180,1,1,51,14,13,2.0
46,5,150,94621,96147,96147,97150,97150,97755,97788,106288,106288,106890,106922,106955,110072,1526,1003,605,8500,602,662,0,600,1802,3150,3117,1202,85.27155305,15.45382495,1,10,10,170,1,1,51,20,10,2.0
46,5,151,110075,111603,111603,112614,112614,113215,113248,122248,122248,122880,122912,122945,126010,1528,1011,601,9000,632,491,0,600,1937,3098,3065,1337,101.2094607,15.93790761,1,14,-9,150,-1,-1,49,5,14,1.0
46,5,152,126013,127538,127538,128544,128544,129145,129178,138178,138178,138780,138812,138846,141971,1525,1006,601,9000,602,1032,0,600,1434,3159,3125,834,117.1708558,15.96139518,1,14,-4,150,-1,-1,49,10,14,1.0
46,5,153,141974,143500,143500,144502,144502,145106,145138,152638,152638,153255,153288,153321,156423,1526,1002,604,7500,617,652,0,600,1799,3135,3102,1199,131.6226542,14.45179837,1,2,5,200,1,1,51,7,2,2.0
46,5,154,156426,157953,157953,158958,158958,159565,159598,166598,166598,167198,167230,167263,170382,1527,1005,607,7000,600,578,0,600,1883,3152,3119,1283,145.5814954,13.95884123,1,19,1,210,1,1,51,20,19,2.0
46,5,155,170385,171910,171910,172912,172912,173518,173552,181552,181552,182183,182216,182250,185345,1525,1002,606,8000,631,449,0,600,1987,3129,3095,1387,160.544348,14.96285251,0,27,1,150,1,-1,49,28,27,1.0
46,5,156,185348,186875,186875,187883,187883,188490,188523,195024,195024,195656,195688,195721,198803,1527,1008,607,6501,632,407,0,600,2018,3115,3082,1418,174.0020462,13.45769821,1,57,-37,190,-1,-1,49,20,57,1.0
46,5,157,198805,200328,200328,201334,201334,201941,201974,210474,210474,211075,211108,211141,214254,1523,1006,607,8500,601,413,0,600,2050,3146,3113,1450,189.4530749,15.45102872,1,57,-37,150,-1,-1,49,20,57,1.0
46,5,158,214256,215779,215779,216783,216783,217412,217444,223444,223444,224066,224098,224132,227213,1523,1004,629,6000,622,571,0,600,1851,3115,3081,1251,202.412247,12.95917212,1,4,1,200,1,1,51,5,4,2.0
46,5,159,227216,228739,228739,229745,229745,230352,230384,239384,239384,239984,240017,240052,243165,1523,1006,607,9000,600,468,0,600,1996,3148,3113,1396,218.3643796,15.95213257,1,20,-13,190,-1,-1,49,7,20,1.0
46,5,160,243168,244690,244690,245694,245694,246296,246328,254828,254828,255428,255460,255493,258625,1522,1004,602,8500,600,620,0,600,1852,3165,3132,1252,233.8241966,15.45981701,1,5,5,180,1,1,51,10,5,2.0
46,5,161,258628,260149,260149,261153,261153,261755,261789,267789,267789,268414,268446,268479,271590,1521,1004,602,6000,625,496,0,600,1952,3144,3111,1352,246.7897314,12.96553483,1,4,6,210,1,1,51,10,4,2.0
46,5,162,271593,273118,273118,274124,274124,274730,274762,282762,282762,283381,283414,283447,286546,1525,1006,606,8000,619,754,0,600,1690,3132,3099,1090,261.7458286,14.95609714,1,79,-51,180,-1,-1,49,28,79,1.0
46,5,163,286549,288072,288072,289077,289077,289682,289715,296215,296215,296846,296878,296911,300012,1523,1005,605,6500,631,584,0,600,1852,3134,3101,1252,275.2110605,13.46523198,1,7,7,170,1,1,51,14,7,2.0
46,5,164,300015,301539,301539,302547,302547,303151,303184,310684,310684,311305,311338,311371,314479,1524,1008,604,7500,621,469,0,600,1974,3141,3108,1374,289.6779789,14.46691833,1,4,1,210,1,1,51,5,4,2.0
46,5,165,314481,316006,316006,317011,317011,317616,317650,324650,324650,325251,325284,325318,328416,1525,1005,605,7000,601,520,0,600,1944,3132,3098,1344,303.6150114,13.93703249,1,10,10,160,1,1,51,20,10,2.0
46,5,166,328419,329947,329947,330955,330955,331559,331592,339592,339592,340212,340244,340277,343370,1528,1008,604,8000,620,680,0,600,1760,3126,3093,1160,318.5691365,14.9541251,1,10,-3,200,-1,-1,49,7,10,1.0
46,5,167,343373,344896,344896,345906,345906,346509,346543,355043,355043,355672,355704,355737,358830,1523,1010,603,8500,629,775,0,600,1660,3126,3093,1060,334.0293675,15.46023106,1,7,3,160,1,1,51,10,7,2.0
46,5,168,358833,360356,360356,361360,361360,361966,361998,368998,368998,369613,369646,369679,372776,1523,1004,606,7000,615,423,0,600,2029,3130,3097,1429,347.9750455,13.94567794,1,2,5,180,1,1,51,7,2,2.0
46,5,169,372779,374297,374297,375306,375306,375914,375948,383448,383448,384066,384098,384132,387231,1518,1009,608,7500,618,328,0,600,2119,3133,3099,1519,362.4299393,14.45489384,1,7,13,190,1,1,51,20,7,2.0
46,5,170,387234,388758,388758,389768,389768,390374,390407,396407,396407,397026,397059,397093,400194,1524,1010,606,6000,619,456,0,600,1985,3135,3101,1385,375.3930456,12.96310625,1,56,-28,160,-1,-1,49,28,56,1.0
46,5,171,400197,401722,401722,402727,402727,403331,403363,412363,412363,412991,413023,413058,416151,1525,1005,604,9000,628,382,0,600,2056,3128,3093,1456,391.3498623,15.95681676,1,6,1,160,1,1,51,7,6,2.0
46,5,172,416154,417673,417673,418683,418683,419286,419319,425819,425819,426449,426482,426515,429592,1519,1010,603,6500,630,465,0,600,1973,3110,3077,1373,404.7905155,13.44065322,1,7,3,190,1,1,51,10,7,2.0
46,5,173,429595,431122,431122,432128,432128,432730,432763,439763,439763,440363,440396,440430,443533,1527,1006,602,7000,600,847,0,600,1618,3137,3103,1018,418.7318254,13.94130986,0,7,-2,190,-1,1,51,5,7,2.0
46,5,174,443536,445062,445062,446072,446072,446677,446709,455709,455709,456337,456370,456404,459468,1526,1010,605,9000,628,323,0,600,2108,3098,3064,1508,434.6667463,15.93492093,1,4,3,190,1,1,51,7,4,2.0
46,5,175,459471,460989,460989,461994,461994,462600,462632,470132,470132,470739,470772,470806,473931,1518,1005,606,7500,607,483,0,600,1981,3159,3125,1381,449.1298704,14.46312403,1,40,-12,190,-1,-1,49,28,40,1.0
46,5,176,473934,475457,475457,476464,476464,477069,477101,483601,483601,484233,484266,484300,487380,1523,1007,605,6500,632,756,0,600,1677,3114,3080,1077,462.5787342,13.44886382,1,10,4,150,1,1,51,14,10,2.0
46,5,177,487383,488910,488910,489914,489914,490523,490556,498556,498556,499156,499189,499223,502316,1527,1004,609,8000,600,749,0,600,1711,3127,3093,1111,477.5151591,14.93642497,1,14,14,210,1,1,51,28,14,2.0
46,5,178,502319,503843,503843,504847,504847,505454,505486,511486,511486,512118,512150,512183,515273,1524,1004,607,6000,632,517,0,600,1916,3123,3090,1316,490.4715974,12.95643827,1,5,9,200,1,1,51,14,5,2.0
46,5,179,515275,516799,516799,517808,517808,518414,518446,526946,526946,527557,527590,527624,530709,1524,1009,606,8500,611,408,0,600,2042,3119,3085,1442,505.9077873,15.43618992,1,56,-28,200,-1,-1,49,28,56,1.0
46,5,180,530712,532234,532234,533240,533240,533844,533876,542876,542876,543508,543540,543573,546670,1522,1006,604,9000,632,393,0,600,2043,3130,3097,1443,521.8686732,15.9608859,1,9,1,190,1,1,51,10,9,2.0
46,6,181,15301,16825,16825,17845,17845,18451,18485,27485,27485,28086,28119,28154,31253,1524,1020,606,9000,601,455,0,600,1994,3134,3099,1394,15.96477935,15.96477935,1,14,6,210,1,1,51,20,14,2.0
46,6,182,31257,32780,32780,33783,33783,34388,34420,41420,41420,42021,42055,42088,45219,1523,1003,605,7000,601,392,0,600,2076,3164,3131,1476,29.92905062,13.96427127,1,7,13,200,1,1,51,20,7,2.0
46,6,183,45222,46747,46747,47755,47755,48358,48390,54890,54890,55515,55547,55580,58676,1525,1008,603,6500,625,458,0,600,1981,3129,3096,1381,43.38563052,13.4565799,1,4,6,180,1,1,51,10,4,2.0
46,6,184,58678,60202,60202,61210,61210,61817,61850,70350,70350,70978,71011,71044,74112,1524,1008,607,8500,628,364,0,600,2069,3101,3068,1469,58.82149257,15.43586205,1,5,9,180,1,1,51,14,5,2.0
46,6,185,74115,75639,75639,76644,76644,77246,77278,84778,84778,85408,85440,85473,88577,1524,1005,602,7500,630,363,0,600,2076,3137,3104,1476,73.28623364,14.46474108,1,10,18,170,1,1,51,28,10,2.0
46,6,186,88579,90102,90102,91108,91108,91713,91746,99746,99746,100349,100382,100416,103542,1523,1006,605,8000,603,393,0,600,2070,3160,3126,1470,88.25131434,14.9650807,1,20,-13,200,-1,-1,49,7,20,1.0
46,6,187,103544,105071,105071,106075,106075,106697,106729,112729,112729,113346,113378,113411,116474,1527,1004,622,6000,617,550,0,600,1880,3096,3063,1280,101.1834499,12.93213555,1,14,-9,180,-1,-1,49,5,14,1.0
46,6,188,116477,117998,117998,119002,119002,119605,119638,125638,125638,126268,126300,126334,129439,1521,1004,603,6000,630,373,0,600,2069,3139,3105,1469,114.1487427,12.96529285,1,7,13,170,1,1,51,20,7,2.0
46,6,189,129442,130961,130961,131966,131966,132571,132604,140604,140604,141221,141254,141287,144395,1519,1005,605,8000,617,533,0,600,1921,3141,3108,1321,129.104402,14.95565927,1,2,5,200,1,1,51,7,2,2.0
46,6,190,144398,145923,145923,146929,146929,147531,147564,154064,154064,154665,154697,154730,157843,1525,1006,602,6500,601,408,0,600,2058,3146,3113,1458,142.5525109,13.44810893,1,10,-5,170,-1,-1,49,5,10,1.0
46,6,191,157845,159374,159374,160384,160384,160992,161026,170026,170026,170627,170659,170693,173810,1529,1010,608,9000,601,478,0,600,1974,3151,3117,1374,158.5193431,15.96683215,1,20,-6,200,-1,-1,49,14,20,1.0
46,6,192,173813,175339,175339,176345,176345,176947,176979,183979,183979,184579,184612,184646,187757,1526,1006,602,7000,600,858,0,600,1608,3145,3111,1008,172.4665935,13.94725039,1,14,-4,210,-1,-1,49,10,14,1.0
46,6,193,187760,189284,189284,190292,190292,190898,190930,198430,198430,199032,199066,199100,202207,1524,1008,606,7500,602,465,0,600,1995,3141,3107,1395,186.91595,14.44935653,1,40,-12,160,-1,-1,49,28,40,1.0
46,6,194,202209,203737,203737,204741,204741,205346,205378,213878,213878,214481,214513,214547,217653,1528,1004,605,8500,603,980,0,600,1480,3140,3106,880,202.362051,15.44610104,1,14,14,200,1,1,51,28,14,2.0
46,6,195,217656,219181,219181,220212,220212,220815,220847,228347,228347,228979,229011,229044,232103,1525,1031,603,7500,632,899,0,600,1510,3092,3059,910,216.812252,14.45020091,1,14,-4,180,-1,-1,49,10,14,1.0
46,6,196,232106,233628,233628,234632,234632,235239,235271,241271,241271,241874,241906,241940,245062,1522,1004,607,6000,603,378,0,600,2086,3156,3122,1486,229.7716233,12.95937131,1,10,4,160,1,1,51,14,10,2.0
46,6,197,245065,246589,246589,247593,247593,248198,248231,257231,257231,257848,257880,257915,261007,1524,1004,605,9000,617,483,0,600,1967,3127,3092,1367,245.7171689,15.94554565,1,79,-51,150,-1,-1,49,28,79,1.0
46,6,198,261011,262532,262532,263540,263540,264145,264178,270678,270678,271307,271339,271372,274467,1521,1008,605,6500,629,906,0,600,1531,3128,3095,931,259.1764387,13.45926976,1,20,-6,180,-1,-1,49,14,20,1.0
46,6,199,274470,275992,275992,276999,276999,277601,277634,284634,284634,285235,285268,285301,288405,1522,1007,602,7000,601,658,0,600,1810,3137,3104,1210,273.1149092,13.93847054,1,14,-4,200,-1,-1,49,10,14,1.0
46,6,200,288408,289927,289927,290933,290933,291535,291568,300068,300068,300688,300720,300753,303851,1519,1006,602,8500,620,190,0,600,2263,3131,3098,1663,288.5600887,15.44517951,1,3,2,210,1,1,51,5,3,2.0
46,6,201,303854,305382,305382,306389,306389,306996,307028,315028,315028,315659,315691,315726,318807,1528,1007,607,8000,631,475,0,600,1952,3116,3081,1352,303.5158565,14.95576776,1,20,-6,170,-1,-1,49,14,20,1.0
46,6,202,318809,320339,320339,321345,321345,321947,321979,329979,329979,330580,330612,330647,333745,1530,1006,602,8000,601,458,0,600,2003,3133,3098,1403,318.4539856,14.93812911,1,14,-4,160,-1,-1,49,10,14,1.0
46,6,203,333748,335275,335275,336283,336283,336888,336922,343422,343422,344038,344071,344104,347201,1527,1008,605,6500,616,645,0,600,1799,3130,3097,1199,331.9102343,13.45624872,1,57,-37,150,-1,-1,49,20,57,1.0
46,6,204,347204,348728,348728,349735,349735,350339,350371,357371,357371,357974,358007,358040,361162,1524,1007,604,7000,603,576,0,600,1886,3155,3122,1286,345.8705419,13.96030761,1,40,-20,180,-1,-1,49,20,40,1.0
46,6,205,361164,362688,362688,363692,363692,364296,364329,371829,371829,372457,372489,372523,375605,1524,1004,604,7500,628,439,0,600,2001,3116,3082,1401,360.3140787,14.44353684,1,4,6,190,1,1,51,10,4,2.0
46,6,206,375608,377132,377132,378137,378137,378741,378773,387273,387273,387899,387931,387964,391048,1524,1005,604,8500,626,508,0,600,1933,3117,3084,1333,375.7566886,15.44260989,1,4,3,180,1,1,51,7,4,2.0
46,6,207,391050,392576,392576,393585,393585,394216,394249,400249,400249,400865,400897,400930,403998,1526,1009,631,6000,616,522,0,600,1896,3101,3068,1296,388.707174,12.95048539,1,57,-37,200,-1,-1,49,20,57,1.0
46,6,208,404001,405524,405524,406530,406530,407132,407165,416165,416165,416781,416814,416847,419952,1523,1006,602,9000,616,496,0,600,1957,3138,3105,1357,404.6611081,15.95393404,1,3,2,150,1,1,51,5,3,2.0
46,6,209,419955,421475,421475,422480,422480,423084,423117,429117,429117,429721,429754,429788,432907,1520,1005,604,6000,604,542,0,600,1925,3153,3119,1325,417.6163466,12.95523859,1,40,-26,170,-1,-1,49,14,40,1.0
46,6,210,432910,434435,434435,435439,435439,436041,436074,444574,444574,445205,445237,445272,448350,1525,1004,602,8500,631,435,0,600,2003,3113,3078,1403,433.0590548,15.44270813,1,5,2,200,1,1,51,7,5,2.0
46,6,211,448353,449882,449882,450887,450887,451491,451524,458524,458524,459127,459160,459193,462315,1529,1005,604,7000,603,414,0,600,2045,3155,3122,1445,447.02359,13.96453525,1,40,-12,190,-1,-1,49,28,40,1.0
46,6,212,462318,463842,463842,464849,464849,465453,465486,474486,474486,475086,475119,475153,478252,1524,1007,604,9000,600,720,0,600,1745,3133,3099,1145,462.9605876,15.93699754,1,10,-3,200,-1,-1,49,7,10,1.0
46,6,213,478255,479776,479776,480781,480781,481381,481413,487913,487913,488539,488571,488604,491707,1521,1005,600,6500,626,519,0,600,1929,3136,3103,1329,476.4159862,13.45539861,1,4,1,190,1,1,51,5,4,2.0
46,6,214,491710,493237,493237,494242,494242,494843,494876,502376,502376,502976,503009,503042,506161,1527,1005,601,7500,600,576,0,600,1891,3152,3119,1291,490.8701971,14.45421098,1,14,-9,150,-1,-1,49,5,14,1.0
46,6,215,506164,507689,507689,508692,508692,509296,509328,517328,517328,517928,517961,517994,521126,1525,1003,604,8000,600,488,0,600,1980,3165,3132,1380,505.8359568,14.96575964,1,20,-13,160,-1,-1,49,7,20,1.0
46,6,216,521130,522658,522658,523664,523664,524270,524304,532304,532304,532920,532953,532986,536082,1528,1006,606,8000,616,453,0,600,1991,3129,3096,1391,520.7910104,14.95505356,1,79,-51,150,-1,-1,49,28,79,1.0
47,1,1,80564,82094,82094,83114,83114,83722,83755,91255,91255,91873,91906,91941,95012,1530,1020,608,7500,618,746,0,600,1678,3106,3071,1078,14.45955212,14.45955212,1,57,-37,200,-1,-1,49,20,57,1.0
47,1,2,95016,96539,96539,97544,97544,98146,98178,107178,107178,107795,107827,107861,110966,1523,1005,602,9000,617,816,0,600,1637,3139,3105,1037,30.41245434,15.95290222,1,79,-51,170,-1,-1,49,28,79,1.0
47,1,3,110969,112492,112492,113497,113497,114104,114136,120136,120136,120761,120794,120827,123921,1523,1005,607,6000,625,970,0,600,1470,3127,3094,870,43.36719419,12.95473985,1,4,3,210,1,1,51,7,4,2.0
47,1,4,123924,125444,125444,126454,126454,127057,127089,135589,135589,136222,136255,136288,139364,1520,1010,603,8500,633,663,0,600,1771,3109,3076,1171,58.8099415,15.4427473,1,14,-7,190,-1,-1,49,7,14,1.0
47,1,5,139367,140888,140888,141895,141895,142497,142529,149529,149529,150144,150176,150209,153312,1521,1007,602,7000,615,918,0,600,1537,3136,3103,937,72.75813149,13.94819,1,2,3,210,1,1,51,5,2,2.0
47,1,6,153315,154833,154833,155838,155838,156446,156480,164480,164480,165082,165114,165148,168252,1518,1005,608,8000,602,1597,0,600,870,3138,3104,270,87.6982471,14.94011561,1,40,-12,170,-1,-1,49,28,40,1.0
47,1,7,168255,169779,169779,170785,170785,171394,171426,177926,177926,178557,178589,178623,181715,1524,1006,609,6500,631,834,0,600,1596,3126,3092,996,101.1611337,13.46288657,1,7,13,170,1,1,51,20,7,2.0
47,1,8,181718,183242,183242,184246,184246,184852,184886,193386,193386,194018,194051,194085,197185,1524,1004,606,8500,632,1329,0,600,1105,3134,3100,505,116.6308308,15.46969709,1,20,-6,170,-1,-1,49,14,20,1.0
47,1,9,197188,198709,198709,199713,199713,200345,200377,207377,207377,207977,208010,208044,211148,1521,1004,632,7000,600,1109,0,600,1334,3138,3104,734,130.5942558,13.96342508,1,4,1,150,1,1,51,5,4,2.0
47,1,10,211151,212675,212675,213679,213679,214285,214317,223317,223317,223935,223967,224000,227096,1524,1004,606,9000,618,708,0,600,1740,3129,3096,1140,146.5420535,15.94779764,1,57,-37,180,-1,-1,49,20,57,1.0
47,1,11,227099,228623,228623,229625,229625,230235,230268,236768,236768,237369,237401,237434,240560,1524,1002,610,6500,601,648,0,600,1815,3159,3126,1215,160.0060858,13.4640323,1,14,14,180,1,1,51,28,14,2.0
47,1,12,240563,242087,242087,243090,243090,243697,243729,251229,251229,251830,251864,251897,255026,1524,1003,607,7500,601,1002,0,600,1463,3162,3129,863,174.4718168,14.46573101,1,9,1,180,1,1,51,10,9,2.0
47,1,13,255029,256553,256553,257562,257562,258166,258199,266199,266199,266800,266833,266866,269986,1524,1009,604,8000,601,671,0,600,1791,3153,3120,1191,189.4320692,14.96025246,1,7,3,200,1,1,51,10,7,2.0
47,1,14,269989,271514,271514,272522,272522,273122,273154,279154,279154,279768,279801,279835,282941,1525,1008,600,6000,614,659,0,600,1794,3140,3106,1194,202.3866168,12.95454759,1,3,2,160,1,1,51,5,3,2.0
47,1,15,282944,284469,284469,285473,285473,286077,286109,292609,292609,293209,293241,293274,296404,1525,1004,604,6500,600,590,0,600,1877,3163,3130,1277,215.8500904,13.4634736,1,20,-10,150,-1,-1,49,10,20,1.0
47,1,16,296407,297932,297932,298940,298940,299547,299580,305580,305580,306182,306216,306249,309346,1525,1008,607,6000,602,586,0,600,1872,3130,3097,1272,228.7919382,12.94184777,1,40,-26,150,-1,-1,49,14,40,1.0
47,1,17,309349,310872,310872,311879,311879,312482,312515,321015,321015,321632,321664,321697,324798,1523,1007,603,8500,617,589,0,600,1861,3134,3101,1261,244.2437143,15.45177607,1,2,5,170,1,1,51,7,2,2.0
47,1,18,324801,326330,326330,327334,327334,327942,327974,335474,335474,336106,336138,336172,339239,1529,1004,608,7500,632,2178,0,600,249,3101,3067,-351,258.6848689,14.44115467,1,10,10,200,1,1,51,20,10,2.0
47,1,19,339242,340765,340765,341772,341772,342377,342409,351409,351409,352009,352041,352075,355187,1523,1007,605,9000,600,540,0,600,1925,3146,3112,1325,274.6324936,15.94762466,1,20,-6,190,-1,-1,49,14,20,1.0
47,1,20,355190,356713,356713,357720,357720,358326,358358,365358,365358,365959,365992,366025,369110,1523,1007,606,7000,601,-1,2501,0,562,3118,3085,-38,288.5557601,13.9232665,-1,19,1,200,1,-2,-1,20,19,
47,1,21,369113,370640,370640,371647,371647,372252,372285,380285,380285,380915,380947,380980,384074,1527,1007,605,8000,630,585,0,600,1846,3127,3094,1246,303.520107,14.96434691,1,20,-13,190,-1,-1,49,7,20,1.0
47,1,22,384077,385598,385598,386602,386602,387205,387237,393237,393237,393864,393896,393929,397037,1521,1004,603,6000,627,1501,0,600,944,3141,3108,344,316.4827221,12.96261505,1,4,1,200,1,1,51,5,4,2.0
47,1,23,397040,398562,398562,399571,399571,400178,400210,408710,408710,409312,409345,409378,412473,1522,1009,607,8500,602,612,0,600,1848,3128,3095,1248,331.918968,15.43624597,1,28,-18,160,-1,-1,49,10,28,1.0
47,1,24,412476,414003,414003,415010,415010,415629,415662,422662,422662,423262,423294,423328,426426,1527,1007,619,7000,600,1071,0,600,1376,3132,3098,776,345.8713824,13.95241433,1,7,-2,210,-1,-1,49,5,7,1.0
47,1,25,426428,427951,427951,428955,428955,429562,429595,437095,437095,437727,437759,437793,440864,1523,1004,607,7500,632,656,0,600,1778,3105,3071,1178,360.3095265,14.43814417,1,14,14,150,1,1,51,28,14,2.0
47,1,26,440867,442388,442388,443394,443394,444016,444048,450548,450548,451179,451212,451246,454310,1521,1006,622,6500,631,1458,0,600,962,3098,3064,362,373.755423,13.44589642,1,10,-3,150,-1,-1,49,7,10,1.0
47,1,27,454313,455835,455835,456840,456840,457448,457480,465480,465480,466082,466114,466147,469269,1522,1005,608,8000,602,574,0,600,1889,3155,3122,1289,388.7140569,14.95863391,1,7,13,200,1,1,51,20,7,2.0
47,1,28,469271,470801,470801,471807,471807,472411,472444,481444,481444,482062,482095,482128,485223,1530,1006,604,9000,618,446,0,600,1996,3128,3095,1396,404.6684101,15.95435322,1,4,6,170,1,1,51,10,4,2.0
47,1,29,485226,486746,486746,487750,487750,488355,488388,495388,495388,495991,496025,496060,499180,1520,1004,605,7000,603,2037,0,600,431,3155,3120,-169,418.625266,13.95685594,0,13,1,190,1,-1,49,14,13,1.0
47,1,30,499182,500701,500701,501702,501702,502302,502334,508834,508834,509466,509499,509532,512626,1519,1001,600,6500,632,2236,0,600,212,3127,3094,-388,432.0722591,13.44699303,0,7,-2,150,-1,1,51,5,7,2.0
47,1,31,512630,514155,514155,515162,515163,515769,515801,523301,523301,523905,523938,523971,527091,1525,1007,606,7500,604,445,0,600,2013,3153,3120,1413,446.5355594,14.46330032,1,40,-26,200,-1,-1,49,14,40,1.0
47,1,32,527093,528611,528611,529615,529615,530220,530253,539253,539253,539854,539886,539919,543026,1518,1004,605,9000,601,686,0,600,1786,3140,3107,1186,462.4711146,15.93555527,1,10,18,160,1,1,51,28,10,2.0
47,1,33,543029,544554,544554,545561,545561,546166,546200,554700,554700,555303,555336,555370,558469,1525,1007,605,8500,603,521,0,600,1939,3133,3099,1339,477.9143745,15.4432599,1,5,9,200,1,1,51,14,5,2.0
47,1,34,558472,559998,559998,561009,561009,561613,561645,569645,569645,570276,570309,570343,573432,1526,1011,604,8000,631,932,0,600,1496,3123,3089,896,492.8772876,14.96291308,1,7,3,180,1,1,51,10,7,2.0
47,1,35,573435,574957,574957,575959,575959,576580,576612,582612,582612,583212,583244,583277,586378,1522,1002,621,6000,600,684,0,600,1771,3134,3101,1171,505.8224768,12.94518915,1,20,-13,170,-1,-1,49,7,20,1.0
47,1,36,586380,587902,587902,588910,588910,589516,589549,596549,596549,597168,597201,597235,600334,1522,1008,606,7000,619,939,0,600,1506,3133,3099,906,519.7792845,13.95680772,1,56,-28,150,-1,-1,49,28,56,1.0
47,2,37,16591,18121,18121,19142,19142,19756,19790,28290,28290,28922,28956,28993,32039,1530,1021,614,8500,632,1657,0,600,746,3083,3046,146,15.46045888,15.46045888,1,20,8,180,1,1,51,28,20,2.0
47,2,38,32043,33569,33569,34574,34574,35183,35216,43216,43216,43849,43882,43915,47000,1526,1005,609,8000,633,1383,0,600,1044,3118,3085,444,30.41946194,14.95900306,1,29,-1,150,-1,-1,49,28,29,1.0
47,2,39,47003,48528,48528,49531,49531,50163,50195,57195,57195,57812,57844,57878,60963,1525,1003,632,7000,617,478,0,600,1945,3119,3085,1345,44.38234339,13.96288144,1,2,3,160,1,1,51,5,2,2.0
47,2,40,60965,62492,62492,63499,63499,64104,64137,73137,73137,73761,73793,73826,76913,1527,1007,605,9000,624,1841,0,600,596,3120,3087,-4,60.33277362,15.95043024,1,14,6,190,1,1,51,20,14,2.0
47,2,41,76916,78441,78441,79446,79446,80053,80086,86586,86586,87215,87247,87281,90368,1525,1005,607,6500,629,373,0,600,2061,3121,3087,1461,73.78735406,13.45458044,1,5,9,150,1,1,51,14,5,2.0
47,2,42,90371,91891,91891,92896,92896,93502,93535,99535,99535,100135,100168,100201,103324,1520,1005,606,6000,600,678,0,600,1791,3156,3123,1191,86.74370644,12.95635238,1,29,-1,200,-1,-1,49,28,29,1.0
47,2,43,103327,104852,104852,105859,105859,106466,106498,113998,113998,114631,114664,114698,117786,1525,1007,607,7500,633,1710,0,600,718,3122,3088,118,101.2050634,14.46135691,0,10,-3,210,-1,1,51,7,10,2.0
47,2,44,117789,119314,119314,120322,120322,120926,120958,129958,129958,130559,130592,130625,133708,1525,1008,604,9000,601,-1,2501,0,561,3116,3083,-39,117.1269072,15.92184382,-1,10,4,150,1,-2,-1,14,10,
47,2,45,133710,135237,135237,136245,136245,136849,136882,144382,144382,144982,145014,145048,148149,1527,1008,604,7500,600,335,0,600,2126,3135,3101,1526,131.5678202,14.44091298,1,20,-10,180,-1,-1,49,10,20,1.0
47,2,46,148151,149676,149676,150681,150681,151286,151319,159319,159319,159923,159957,159991,163091,1525,1005,605,8000,604,877,0,600,1584,3134,3100,984,146.5096728,14.94185259,1,14,14,150,1,1,51,28,14,2.0
47,2,47,163093,164622,164622,165626,165626,166231,166263,174763,174763,175364,175397,175430,178530,1529,1004,605,8500,601,329,0,600,2132,3133,3100,1532,161.9496311,15.43995831,1,28,-18,210,-1,-1,49,10,28,1.0
47,2,48,178533,180061,180061,181067,181067,181669,181702,188702,188702,189335,189368,189401,192488,1528,1006,602,7000,633,804,0,600,1627,3120,3087,1027,175.9066551,13.95702409,1,14,-7,180,-1,-1,49,7,14,1.0
47,2,49,192490,194011,194011,195019,195019,195619,195651,201651,201651,202251,202284,202317,205426,1521,1008,600,6000,600,922,0,600,1549,3142,3109,949,188.8447834,12.9381282,1,14,-9,160,-1,-1,49,5,14,1.0
47,2,50,205429,206953,206953,207957,207957,208561,208593,215093,215093,215723,215756,215789,218876,1524,1004,604,6500,630,382,0,600,2056,3120,3087,1456,202.2955396,13.4507563,1,5,9,210,1,1,51,14,5,2.0
47,2,51,218879,220405,220405,221413,221413,222016,222049,229549,229549,230149,230183,230216,233315,1526,1008,603,7500,600,937,0,600,1526,3132,3099,926,216.7340237,14.4384841,1,10,10,190,1,1,51,20,10,2.0
47,2,52,233318,234843,234843,235846,235846,236452,236484,244984,244984,245614,245646,245680,248760,1525,1003,606,8500,630,670,0,600,1766,3114,3080,1166,232.1795179,15.44549412,0,11,-1,190,-1,1,51,10,11,2.0
47,2,53,248763,250289,250289,251295,251295,251902,251934,260934,260934,261538,261571,261605,264724,1526,1006,607,9000,604,352,0,600,2105,3153,3119,1505,248.1431388,15.96362096,1,40,-26,180,-1,-1,49,14,40,1.0
47,2,54,264727,266253,266253,267259,267259,267863,267896,274896,274896,275499,275531,275564,278659,1526,1006,604,7000,603,481,0,600,1980,3128,3095,1380,262.0781514,13.93501254,1,20,-10,180,-1,-1,49,10,20,1.0
47,2,55,278662,280189,280189,281194,281194,281801,281834,287834,287834,288465,288499,288533,291613,1527,1005,607,6000,631,1284,0,600,1146,3114,3080,546,275.0323165,12.95416518,1,15,-1,210,-1,-1,49,14,15,1.0
47,2,56,291616,293136,293136,294140,294140,294742,294775,302775,302775,303375,303408,303441,306578,1520,1004,602,8000,600,493,0,600,1981,3170,3137,1381,289.9972827,14.96496619,1,28,-18,210,-1,-1,49,10,28,1.0
47,2,57,306581,308106,308106,309113,309113,309719,309752,316252,316252,316858,316890,316923,320033,1525,1007,606,6500,606,308,0,600,2148,3143,3110,1548,303.4521778,13.45489505,1,40,-20,180,-1,-1,49,20,40,1.0
47,2,58,320036,321560,321560,322566,322566,323175,323209,329709,329709,330324,330357,330390,333489,1524,1006,609,6500,615,391,0,600,2055,3132,3099,1455,316.9082565,13.45607875,1,56,-28,150,-1,-1,49,28,56,1.0
47,2,59,333492,335014,335014,336016,336016,336620,336653,344153,344153,344753,344786,344820,347940,1522,1002,604,7500,600,381,0,600,2091,3154,3120,1491,331.3590514,14.45079487,1,14,-7,210,-1,-1,49,7,14,1.0
47,2,60,347943,349465,349465,350472,350472,351078,351112,359612,359612,360228,360262,360295,363391,1522,1007,606,8500,616,682,0,600,1767,3129,3096,1167,346.809971,15.45091963,1,57,-37,180,-1,-1,49,20,57,1.0
47,2,61,363393,364920,364920,365925,365925,366530,366562,372562,372562,373193,373225,373259,376354,1527,1005,605,6000,631,383,0,600,2049,3129,3095,1449,359.7720488,12.96207774,1,5,9,150,1,1,51,14,5,2.0
47,2,62,376356,377881,377881,378885,378885,379515,379548,387548,387548,388164,388196,388229,391295,1525,1004,630,8000,616,490,0,600,1935,3099,3066,1335,374.7139077,14.94185892,1,3,2,160,1,1,51,5,3,2.0
47,2,63,391298,392824,392824,393829,393829,394454,394486,403486,403486,404118,404152,404185,407259,1526,1005,625,9000,632,691,0,600,1721,3107,3074,1121,390.6776585,15.96375084,1,6,-1,180,-1,-1,49,5,6,1.0
47,2,64,407262,408788,408788,409793,409793,410400,410433,417433,417433,418048,418082,418115,421203,1526,1005,607,7000,615,251,0,600,2196,3121,3088,1596,404.6212122,13.94355372,1,57,-37,190,-1,-1,49,20,57,1.0
47,2,65,421206,422729,422729,423732,423732,424335,424367,432367,432367,432982,433014,433047,436156,1523,1003,603,8000,615,304,0,600,2152,3142,3109,1552,419.5750291,14.95381682,1,5,2,150,1,1,51,7,5,2.0
47,2,66,436159,437681,437681,438686,438686,439286,439319,446819,446819,447444,447477,447510,450610,1522,1005,600,7500,625,326,0,600,2122,3133,3100,1522,434.0285991,14.45357001,1,4,3,180,1,1,51,7,4,2.0
47,2,67,450613,452135,452135,453144,453144,453748,453780,462780,462780,463386,463419,463453,466549,1522,1009,604,9000,606,389,0,600,2070,3130,3096,1470,449.9673206,15.93872156,1,40,-20,210,-1,-1,49,20,40,1.0
47,2,68,466551,468076,468076,469085,469085,469689,469722,476222,476222,476855,476887,476921,479995,1525,1009,604,6500,633,790,0,600,1639,3108,3074,1039,463.413353,13.44603233,1,6,-1,210,-1,-1,49,5,6,1.0
47,2,69,479998,481519,481519,482524,482524,483156,483189,489189,489189,489789,489822,489855,492944,1521,1005,632,6000,600,444,0,600,1998,3122,3089,1398,476.362544,12.94919108,1,7,-2,190,-1,-1,49,5,7,1.0
47,2,70,492947,494472,494472,495479,495479,496082,496114,504614,504614,505247,505279,505313,508391,1525,1007,603,8500,633,567,0,600,1865,3112,3078,1265,491.8098999,15.44735586,1,5,2,200,1,1,51,7,5,2.0
47,2,71,508394,509918,509918,510922,510922,511528,511560,518561,518561,519195,519227,519261,522336,1524,1004,606,7001,634,625,0,600,1806,3109,3075,1206,505.7538011,13.94390118,1,11,-1,210,-1,-1,49,10,11,1.0
47,2,72,522339,523857,523857,524864,524864,525470,525502,531502,531502,532121,532153,532186,535289,1518,1007,606,6000,619,263,0,600,2187,3136,3103,1587,518.7068344,12.9530333,1,56,-28,160,-1,-1,49,28,56,1.0
47,3,73,17783,19307,19307,20324,20324,20934,20966,26966,26966,27569,27601,27637,30754,1524,1017,610,6000,603,41,0,600,2405,3153,3117,1805,12.98329945,12.98329945,1,14,-7,180,-1,-1,49,7,14,1.0
47,3,74,30759,32284,32284,33292,33292,33897,33930,40930,40930,41562,41594,41627,44716,1525,1008,605,7000,632,318,0,600,2112,3122,3089,1512,26.94382524,13.96052578,1,6,1,200,1,1,51,7,6,2.0
47,3,75,44719,46242,46242,47249,47249,47851,47883,55883,55883,56505,56537,56570,59654,1523,1007,602,8000,622,410,0,600,2036,3117,3084,1436,41.88101413,14.93718889,1,4,6,160,1,1,51,10,4,2.0
47,3,76,59657,61181,61181,62188,62188,62792,62825,71325,71325,71925,71958,71992,75105,1524,1007,604,8500,600,372,0,600,2093,3147,3113,1493,57.33146787,15.45045374,1,14,14,160,1,1,51,28,14,2.0
47,3,77,75107,76633,76633,77640,77640,78246,78279,87279,87279,87911,87944,87977,91064,1526,1007,606,9000,632,702,0,600,1727,3120,3087,1127,73.29175047,15.96028259,1,7,13,170,1,1,51,20,7,2.0
47,3,78,91067,92588,92588,93591,93591,94218,94250,100750,100750,101370,101403,101436,104510,1521,1003,627,6500,620,561,0,600,1868,3107,3074,1268,86.73794311,13.44619265,1,4,1,170,1,1,51,5,4,2.0
47,3,79,104513,106041,106041,107049,107049,107656,107688,115188,115188,115788,115820,115853,118971,1528,1008,607,7500,600,1031,0,600,1426,3151,3118,826,101.1979177,14.45997461,0,7,13,190,1,-1,49,20,7,1.0
47,3,80,118973,120494,120494,121498,121498,122118,122151,130151,130151,130752,130783,130818,133921,1521,1004,620,8000,601,783,0,600,1671,3138,3103,1071,116.1478682,14.94995049,1,7,-2,150,-1,-1,49,5,7,1.0
47,3,81,133923,135445,135445,136448,136448,137056,137088,145588,145588,146219,146252,146285,149364,1522,1003,608,8500,631,435,0,600,2001,3112,3079,1401,131.5904953,15.44262707,1,10,18,160,1,1,51,28,10,2.0
47,3,82,149366,150888,150888,151893,151893,152497,152529,159029,159029,159658,159690,159724,162828,1522,1005,604,6500,629,298,0,600,2142,3138,3104,1542,145.054806,13.46431075,1,5,5,200,1,1,51,10,5,2.0
47,3,83,162830,164351,164351,165358,165358,165965,165998,171998,171998,172631,172664,172697,175767,1521,1007,607,6000,633,264,0,600,2168,3103,3070,1568,157.9939865,12.93918052,0,27,1,170,1,-1,49,28,27,1.0
47,3,84,175770,177289,177289,178295,178295,178902,178935,185935,185935,186536,186569,186603,189723,1519,1006,607,7000,601,341,0,600,2126,3154,3120,1526,171.9506303,13.95664379,1,7,13,200,1,1,51,20,7,2.0
47,3,85,189726,191250,191250,192254,192254,192859,192892,201892,201892,202494,202527,202560,205688,1524,1004,605,9000,602,357,0,600,2108,3161,3128,1508,187.915269,15.96463862,1,14,-7,210,-1,-1,49,7,14,1.0
47,3,86,205691,207212,207212,208216,208216,208816,208848,216348,216348,216963,216995,217029,220121,1521,1004,600,7500,615,514,0,600,1946,3126,3092,1346,202.3479475,14.43267858,1,3,2,190,1,1,51,5,3,2.0
47,3,87,220123,221647,221647,222650,222650,223280,223312,230312,230312,230914,230947,230980,234080,1524,1003,630,7000,602,327,0,600,2114,3133,3100,1514,216.3070726,13.95912511,1,20,-10,160,-1,-1,49,10,20,1.0
47,3,88,234083,235603,235603,236610,236610,237231,237263,243263,243263,243881,243914,243947,247026,1520,1007,621,6000,618,303,0,600,2131,3112,3079,1531,229.2528356,12.94576292,1,2,3,150,1,1,51,5,2,2.0
47,3,89,247029,248555,248555,249560,249560,250165,250197,259197,259197,259827,259860,259894,262991,1526,1005,605,9000,630,555,0,600,1879,3131,3097,1279,245.2178325,15.96499692,1,5,9,180,1,1,51,14,5,2.0
47,3,90,262993,264518,264518,265522,265522,266125,266158,274158,274158,274758,274791,274824,277948,1525,1004,603,8000,600,254,0,600,2214,3157,3124,1614,260.1756145,14.95778199,1,20,-10,150,-1,-1,49,10,20,1.0
47,3,91,277951,279473,279473,280476,280476,281084,281116,287616,287616,288217,288249,288282,291410,1522,1003,608,6500,601,321,0,600,2145,3161,3128,1545,273.6371133,13.46149885,1,5,5,150,1,1,51,10,5,2.0
47,3,92,291413,292939,292939,293948,293948,294556,294588,303088,303088,303705,303738,303772,306872,1526,1009,608,8500,617,651,0,600,1789,3134,3100,1189,289.0994731,15.4623598,1,79,-51,200,-1,-1,49,28,79,1.0
47,3,93,306875,308398,308398,309401,309401,310005,310037,317537,317537,318139,318172,318206,321311,1523,1003,604,7500,602,1658,0,600,810,3139,3105,210,303.5378629,14.43838978,1,13,1,180,1,1,51,14,13,2.0
47,3,94,321314,322838,322838,323843,323843,324445,324478,330478,330478,331080,331113,331147,334273,1524,1005,602,6000,602,680,0,600,1787,3160,3126,1187,316.4997137,12.96185082,1,20,-13,180,-1,-1,49,7,20,1.0
47,3,95,334275,335802,335802,336810,336810,337418,337450,344450,344450,345053,345086,345119,348213,1527,1008,608,7000,603,940,0,600,1514,3127,3094,914,330.4390904,13.9393767,0,10,4,180,1,-1,49,14,10,1.0
47,3,96,348215,349737,349737,350745,350745,351349,351381,359381,359381,359981,360014,360047,363146,1522,1008,604,8000,600,1365,0,600,1101,3132,3099,501,345.3720625,14.93297209,1,13,1,160,1,1,51,14,13,2.0
47,3,97,363148,364674,364674,365677,365677,366279,366311,375311,375311,375933,375965,375999,379092,1526,1003,602,9000,622,481,0,600,1966,3127,3093,1366,361.3185661,15.94650364,1,4,1,190,1,1,51,5,4,2.0
47,3,98,379095,380614,380614,381620,381620,382225,382258,388758,388758,389367,389400,389436,392551,1519,1006,605,6500,609,309,0,600,2152,3151,3115,1552,374.7779272,13.45936106,1,79,-51,160,-1,-1,49,28,79,1.0
47,3,99,392554,394075,394075,395080,395080,395684,395716,404216,404216,404848,404880,404913,407984,1521,1005,604,8500,632,1630,0,600,808,3104,3071,208,390.2101327,15.43220546,0,14,6,200,1,-1,49,20,14,1.0
47,3,100,407986,409506,409506,410510,410510,411118,411150,418650,418650,419280,419314,419347,422430,1520,1004,608,7500,630,1574,0,600,864,3116,3083,264,404.6562262,14.4460935,0,14,6,190,1,-1,49,20,14,1.0
47,3,101,422432,423956,423956,424961,424961,425565,425597,432597,432597,433202,433234,433267,436370,1524,1005,604,7000,605,945,0,600,1517,3136,3103,917,418.5966684,13.94044227,0,13,1,150,1,-1,49,14,13,1.0
47,3,102,436373,437900,437900,438905,438905,439508,439541,446041,446041,446641,446674,446708,449834,1527,1005,603,6500,600,1748,0,600,717,3160,3126,117,432.0604865,13.46381804,0,6,1,200,1,-1,49,7,6,1.0
47,3,103,449837,451356,451356,452361,452361,452966,452998,460498,460498,461102,461135,461169,464291,1519,1005,605,7500,604,56,0,600,2411,3156,3122,1811,446.5168859,14.45639939,1,40,-26,200,-1,-1,49,14,40,1.0
47,3,104,464293,465811,465811,466812,466812,467421,467453,476453,476453,477054,477087,477121,480241,1518,1001,609,9000,601,538,0,600,1933,3154,3120,1333,462.4668499,15.94996405,0,27,1,170,1,-1,49,28,27,1.0
47,3,105,480244,481769,481769,482772,482772,483402,483435,489435,489435,490052,490084,490118,493180,1525,1003,630,6000,617,749,0,600,1676,3096,3062,1076,475.4060603,12.93921035,1,2,3,200,1,1,51,5,2,2.0
47,3,106,493182,494706,494706,495710,495710,496315,496348,504848,504848,505481,505514,505547,508615,1524,1004,605,8500,633,360,0,600,2074,3101,3068,1474,490.8411943,15.43513398,1,28,-8,210,-1,-1,49,20,28,1.0
47,3,107,508618,510133,510133,511139,511139,511744,511777,519777,519777,520409,520442,520475,523568,1515,1006,605,8000,632,389,0,600,2053,3126,3093,1453,505.7959148,14.95472057,1,5,5,190,1,1,51,10,5,2.0
47,3,108,523572,525101,525101,526109,526109,526712,526744,535244,535244,535872,535904,535938,539031,1529,1008,603,8500,628,1069,0,600,1363,3127,3093,763,521.2565994,15.4606846,1,5,2,180,1,1,51,7,5,2.0
47,4,109,52623,54150,54150,55168,55168,55780,55813,64313,64313,64914,64947,64983,68071,1527,1018,612,8500,601,631,0,600,1811,3124,3088,1211,15.46054869,15.46054869,1,14,-4,180,-1,-1,49,10,14,1.0
47,4,110,68076,69598,69598,70603,70603,71213,71246,79246,79246,79860,79893,79926,83027,1522,1005,610,8000,614,323,0,600,2126,3134,3101,1526,30.41543198,14.9548833,1,56,-28,150,-1,-1,49,28,56,1.0
47,4,111,83030,84555,84555,85558,85558,86160,86193,92693,92693,93323,93355,93390,96474,1525,1003,602,6500,630,1087,0,600,1353,3119,3084,753,43.86179097,13.44635899,1,6,1,150,1,1,51,7,6,2.0
47,4,112,96476,98004,98004,99012,99012,99619,99651,108651,108651,109269,109301,109334,112437,1528,1008,607,9000,618,423,0,600,2016,3136,3103,1416,59.8250024,15.96321142,1,57,-37,190,-1,-1,49,20,57,1.0
47,4,113,112440,113963,113963,114967,114967,115570,115603,122603,122603,123205,123237,123271,126377,1523,1004,603,7000,602,655,0,600,1813,3140,3106,1213,73.76500771,13.94000532,1,14,-4,180,-1,-1,49,10,14,1.0
47,4,114,126380,127902,127902,128907,128907,129513,129545,137045,137045,137677,137709,137743,140813,1522,1005,606,7500,632,620,0,600,1815,3104,3070,1215,88.20111415,14.43610644,1,7,13,190,1,1,51,20,7,2.0
47,4,115,140816,142343,142343,143348,143348,143953,143986,149986,149986,150614,150646,150680,153750,1527,1005,605,6000,628,332,0,600,2103,3104,3070,1503,101.1377567,12.93664254,1,5,5,210,1,1,51,10,5,2.0
47,4,116,153753,155269,155269,156277,156277,156907,156940,164440,164440,165073,165105,165138,168187,1516,1008,630,7500,633,337,0,600,2076,3082,3049,1476,115.5748844,14.43712772,1,10,-5,180,-1,-1,49,5,10,1.0
47,4,117,168190,169716,169716,170722,170722,171328,171361,179361,179361,179962,179994,180028,183140,1526,1006,606,8000,601,664,0,600,1797,3146,3112,1197,130.5274762,14.95259183,1,28,-14,170,-1,-1,49,14,28,1.0
47,4,118,183143,184664,184664,185673,185673,186276,186309,192309,192309,192924,192956,192990,196094,1521,1009,603,6000,615,745,0,600,1707,3138,3104,1107,143.4816562,12.95417994,1,5,5,160,1,1,51,10,5,2.0
47,4,119,196097,197623,197623,198628,198628,199237,199270,208270,208270,208900,208932,208965,212047,1526,1005,609,9000,630,372,0,600,2058,3115,3082,1458,159.4348203,15.95316409,1,5,9,190,1,1,51,14,5,2.0
47,4,120,212050,213574,213574,214581,214581,215187,215221,221721,221721,222353,222385,222419,225484,1524,1007,606,6500,632,292,0,600,2139,3099,3065,1539,172.8713405,13.4365202,1,40,-20,170,-1,-1,49,20,40,1.0
47,4,121,225487,227009,227009,228015,228015,228615,228647,237147,237147,237751,237783,237816,240927,1522,1006,600,8500,604,761,0,600,1707,3144,3111,1107,188.3148113,15.44347085,1,10,-5,180,-1,-1,49,5,10,1.0
47,4,122,240930,242453,242453,243460,243460,244067,244100,251100,251100,251700,251732,251766,254874,1523,1007,607,7000,600,691,0,600,1772,3142,3108,1172,202.2620017,13.94719042,1,5,5,160,1,1,51,10,5,2.0
47,4,123,254877,256399,256399,257406,257406,258012,258045,266545,266545,267149,267183,267216,270318,1522,1007,606,8500,604,230,0,600,2231,3135,3102,1631,217.7056359,15.44363418,1,40,-26,190,-1,-1,49,14,40,1.0
47,4,124,270321,271844,271844,272848,272848,273452,273485,280985,280985,281606,281639,281672,284752,1523,1004,604,7500,621,467,0,600,1981,3113,3080,1381,232.1397553,14.43411934,1,57,-37,210,-1,-1,49,20,57,1.0
47,4,125,284755,286277,286277,287284,287284,287885,287917,293917,293917,294535,294567,294601,297713,1522,1007,601,6000,618,402,0,600,2050,3146,3112,1450,245.1008413,12.961086,1,3,2,150,1,1,51,5,3,2.0
47,4,126,297716,299242,299242,300247,300247,300875,300908,307408,307408,308009,308042,308076,311172,1526,1005,628,6500,601,323,0,600,2117,3130,3096,1517,258.5596409,13.45879965,1,14,-9,150,-1,-1,49,5,14,1.0
47,4,127,311175,312701,312701,313706,313706,314337,314370,322370,322370,322988,323020,323053,326124,1526,1005,631,8000,618,263,0,600,2157,3104,3071,1557,273.5115845,14.95194362,1,2,5,190,1,1,51,7,2,2.0
47,4,128,326127,327649,327649,328657,328657,329274,329306,338306,338306,338924,338956,338989,342071,1522,1008,617,9000,618,1053,0,600,1382,3115,3082,782,289.4584175,15.94683302,1,56,-28,160,-1,-1,49,28,56,1.0
47,4,129,342074,343599,343599,344607,344607,345213,345246,352246,352246,352879,352912,352945,356007,1525,1008,606,7000,633,1488,0,600,940,3095,3062,340,303.3936121,13.93519455,1,28,-8,160,-1,-1,49,20,28,1.0
47,4,130,356010,357535,357535,358543,358543,359148,359181,368181,368181,368814,368846,368880,371952,1525,1008,605,9000,633,850,0,600,1579,3106,3072,979,319.3393624,15.94575026,1,40,-12,200,-1,-1,49,28,40,1.0
47,4,131,371955,373477,373477,374482,374482,375087,375119,383119,383119,383720,383753,383786,386886,1522,1005,605,8000,601,586,0,600,1881,3133,3100,1281,334.2725852,14.93322282,1,6,1,150,1,1,51,7,6,2.0
47,4,132,386888,388417,388417,389424,389424,390027,390060,396060,396060,396692,396724,396757,399829,1529,1007,603,6000,632,297,0,600,2132,3105,3072,1532,347.2162986,12.94371343,1,40,-26,200,-1,-1,49,14,40,1.0
47,4,133,399832,401357,401357,402364,402364,402993,403026,410026,410026,410644,410677,410710,413777,1525,1007,629,7000,618,455,0,600,1966,3100,3067,1366,361.1643515,13.94805288,1,3,2,170,1,1,51,5,3,2.0
47,4,134,413780,415302,415302,416306,416306,416915,416947,423447,423447,424063,424095,424130,427226,1522,1004,609,6500,616,478,0,600,1971,3131,3096,1371,374.6131008,13.4487493,1,79,-51,210,-1,-1,49,28,79,1.0
47,4,135,427228,428757,428757,429763,429763,430367,430399,437899,437899,438500,438532,438566,441677,1529,1006,604,7500,601,1082,0,600,1378,3145,3111,778,389.0641289,14.45102812,1,14,-7,190,-1,-1,49,7,14,1.0
47,4,136,441680,443203,443203,444210,444210,444812,444844,453344,453344,453968,454001,454034,457112,1523,1007,602,8500,624,438,0,600,2006,3111,3078,1406,404.4993105,15.4351816,1,4,3,170,1,1,51,7,4,2.0
47,4,137,457115,458642,458642,459649,459649,460254,460288,468788,468788,469388,469420,469453,472574,1527,1007,605,8500,600,799,0,600,1662,3154,3121,1062,419.9612969,15.46198643,0,20,8,150,1,-1,49,28,20,1.0
47,4,138,472577,474102,474102,475107,475107,475712,475744,482244,482244,482864,482896,482930,486028,1525,1005,605,6500,620,481,0,600,1964,3132,3098,1364,433.4151141,13.45381712,1,2,5,170,1,1,51,7,2,2.0
47,4,139,486031,487555,487555,488563,488563,489164,489196,496696,496696,497329,497362,497395,500490,1524,1008,601,7500,633,286,0,600,2148,3128,3095,1548,447.8765415,14.46142743,1,14,-9,170,-1,-1,49,5,14,1.0
47,4,140,500492,502017,502017,503022,503022,503629,503661,511661,511661,512287,512318,512352,515422,1525,1005,607,8000,626,271,0,600,2166,3104,3070,1566,462.8090459,14.9325044,1,5,9,190,1,1,51,14,5,2.0
47,4,141,515424,516945,516945,517953,517953,518561,518592,525592,525592,526193,526225,526258,529370,1521,1008,608,7000,601,1797,0,600,665,3145,3112,65,476.756993,13.94794711,1,20,8,150,1,1,51,28,20,2.0
47,4,142,529373,530899,530899,531910,531910,532516,532548,541548,541548,542180,542213,542246,545319,1526,1011,606,9000,632,299,0,600,2126,3106,3073,1526,492.7062793,15.94928631,1,7,7,170,1,1,51,14,7,2.0
47,4,143,545322,546848,546848,547857,547857,548462,548494,554494,554494,555128,555160,555194,558280,1526,1009,605,6000,634,282,0,600,2144,3120,3086,1544,505.6671119,12.96083256,1,28,-18,170,-1,-1,49,10,28,1.0
47,4,144,558283,559804,559804,560809,560809,561414,561447,567947,567947,568552,568585,568620,571721,1521,1005,605,6500,605,615,0,600,1849,3136,3101,1249,519.1082747,13.4411628,1,40,-20,190,-1,-1,49,20,40,1.0
47,5,145,17524,19047,19047,20064,20064,20675,20709,29209,29209,29813,29846,29882,32983,1523,1017,611,8500,604,382,0,600,2063,3137,3101,1463,15.47166069,15.47166069,1,10,-5,190,-1,-1,49,5,10,1.0
47,5,146,32988,34514,34514,35519,35519,36123,36156,44156,44156,44788,44820,44853,47930,1526,1005,604,8000,632,1438,0,600,995,3110,3077,395,30.41679228,14.94513159,1,10,4,180,1,1,51,14,10,2.0
47,5,147,47933,49460,49460,50465,50465,51072,51105,57105,57105,57707,57741,57775,60894,1527,1005,607,6000,602,319,0,600,2140,3153,3119,1540,43.38010917,12.96331689,1,29,-1,170,-1,-1,49,28,29,1.0
47,5,148,60896,62421,62421,63424,63424,64027,64059,70559,70559,71191,71224,71258,74345,1525,1003,603,6500,632,274,0,600,2163,3121,3087,1563,56.8320754,13.45196622,1,28,-18,160,-1,-1,49,10,28,1.0
47,5,149,74348,75874,75874,76881,76881,77488,77521,85021,85021,85654,85686,85719,88780,1526,1007,607,7500,633,416,0,600,2011,3094,3061,1411,71.26689597,14.43482058,1,14,14,170,1,1,51,28,14,2.0
47,5,150,88782,90307,90307,91315,91315,91946,91978,98978,98978,99597,99630,99664,102737,1525,1008,631,7000,619,1047,0,600,1370,3107,3073,770,85.22405296,13.95715699,1,6,-1,200,-1,-1,49,5,6,1.0
47,5,151,102740,104262,104262,105269,105269,105872,105905,114905,114905,115505,115538,115571,118679,1522,1007,603,9000,600,369,0,600,2099,3141,3108,1499,101.1655403,15.94148736,1,10,10,170,1,1,51,20,10,2.0
47,5,152,118681,120208,120208,121212,121212,121815,121848,130848,130848,131448,131480,131514,134620,1527,1004,603,9000,600,428,0,600,2038,3140,3106,1438,117.1075559,15.94201563,1,5,9,160,1,1,51,14,5,2.0
47,5,153,134623,136147,136147,137152,137152,137757,137790,144790,144790,145390,145423,145456,148556,1524,1005,605,7000,600,1462,0,600,1004,3133,3100,404,131.0429865,13.93543051,1,28,-18,150,-1,-1,49,10,28,1.0
47,5,154,148559,150087,150087,151092,151092,151696,151729,159229,159229,159860,159893,159926,163005,1528,1005,604,7500,631,308,0,600,2124,3112,3079,1524,145.4920889,14.44910249,1,20,-13,210,-1,-1,49,7,20,1.0
47,5,155,163008,164532,164532,165537,165537,166141,166173,174173,174173,174779,174811,174846,177958,1524,1005,604,8000,606,533,0,600,1928,3147,3112,1328,160.4444906,14.95240167,1,28,-8,160,-1,-1,49,20,28,1.0
47,5,156,177960,179484,179484,180489,180489,181095,181127,189627,189627,190227,190260,190293,193403,1524,1005,606,8500,600,340,0,600,2125,3143,3110,1525,175.8895963,15.44510567,1,40,-12,160,-1,-1,49,28,40,1.0
47,5,157,193406,194931,194931,195935,195935,196541,196573,202573,202573,203173,203205,203238,206358,1525,1004,606,6000,600,1644,0,600,821,3153,3120,221,188.8451049,12.9555086,1,8,-1,210,-1,-1,49,7,8,1.0
47,5,158,206361,207883,207883,208890,208890,209521,209555,216055,216055,216687,216721,216754,219808,1522,1007,631,6500,632,85,0,600,2323,3087,3054,1723,202.2947866,13.44968168,1,10,-5,210,-1,-1,49,5,10,1.0
47,5,159,219811,221332,221332,222338,222338,222941,222973,230973,230973,231575,231609,231643,234774,1521,1006,603,8000,602,553,0,600,1915,3165,3131,1315,217.2600011,14.9652145,1,20,-13,210,-1,-1,49,7,20,1.0
47,5,160,234776,236298,236298,237307,237307,237911,237943,243943,243943,244575,244608,244641,247710,1522,1009,604,6000,632,848,0,600,1585,3102,3069,985,230.1963224,12.9363213,1,28,-8,200,-1,-1,49,20,28,1.0
47,5,161,247712,249232,249232,250235,250235,250841,250874,259374,259374,260005,260039,260072,263165,1520,1003,606,8500,631,969,0,600,1471,3126,3093,871,245.6521628,15.45584039,0,29,-1,190,-1,1,51,28,29,2.0
47,5,162,263168,264687,264687,265696,265696,266302,266335,273835,273835,274437,274471,274504,277615,1519,1009,606,7500,602,2187,0,600,277,3144,3111,-323,260.1017176,14.44955481,1,15,-1,200,-1,-1,49,14,15,1.0
47,5,163,277618,279140,279140,280142,280142,280742,280775,289775,289775,290393,290425,290457,293567,1522,1002,600,9000,618,569,0,600,1889,3142,3110,1289,276.0536678,15.95195025,1,5,5,180,1,1,51,10,5,2.0
47,5,164,293570,295091,295091,296094,296094,296727,296760,303760,303760,304363,304396,304430,307516,1521,1003,633,7000,603,541,0,600,1899,3120,3086,1299,290.0029656,13.94929776,1,7,-2,170,-1,-1,49,5,7,1.0
47,5,165,307519,309044,309044,310053,310053,310658,310690,317190,317190,317792,317825,317859,320971,1525,1009,605,6500,602,336,0,600,2123,3146,3112,1523,303.4568397,13.45387407,1,28,-8,200,-1,-1,49,20,28,1.0
47,5,166,320974,322499,322499,323502,323502,324108,324140,332640,332640,333241,333273,333307,336432,1525,1003,606,8500,601,482,0,600,1983,3159,3125,1383,318.9176535,15.46081388,1,7,7,170,1,1,51,14,7,2.0
47,5,167,336435,337955,337955,338962,338962,339595,339627,346627,346627,347259,347292,347326,350367,1520,1007,633,7000,632,592,0,600,1816,3075,3041,1216,332.8536985,13.93604497,1,10,-5,160,-1,-1,49,5,10,1.0
47,5,168,350370,351893,351893,352894,352894,353495,353528,360028,360028,360628,360661,360695,363808,1523,1001,601,6500,600,569,0,600,1906,3147,3113,1306,346.294315,13.44061645,1,14,-7,200,-1,-1,49,7,14,1.0
47,5,169,363811,365333,365333,366340,366340,366947,366981,372981,372981,373581,373613,373647,376775,1522,1007,607,6000,600,1169,0,600,1295,3162,3128,695,359.2612212,12.96690628,0,10,10,150,1,-1,49,20,10,1.0
47,5,170,376777,378302,378302,379308,379308,379908,379941,387441,387441,388042,388075,388108,391209,1525,1006,600,7500,601,590,0,600,1878,3134,3101,1278,373.6959891,14.43476784,1,20,-10,150,-1,-1,49,10,20,1.0
47,5,171,391212,392733,392733,393734,393734,394335,394367,402367,402367,402967,403000,403033,406160,1521,1001,601,8000,600,1357,0,600,1120,3160,3127,520,388.6460655,14.95007645,1,10,-3,150,-1,-1,49,7,10,1.0
47,5,172,406163,407687,407687,408695,408695,409305,409337,418337,418337,418966,418999,419032,422106,1524,1008,610,9000,629,465,0,600,1964,3107,3074,1364,404.5919683,15.94590275,1,5,9,210,1,1,51,14,5,2.0
47,5,173,422109,423631,423631,424637,424637,425243,425275,433775,433775,434379,434412,434445,437563,1522,1006,606,8500,604,931,0,600,1531,3151,3118,931,420.0489857,15.45701746,1,40,-20,190,-1,-1,49,20,40,1.0
47,5,174,437566,439085,439085,440091,440091,440694,440727,449727,449727,450329,450361,450395,453529,1519,1006,603,9000,602,294,0,600,2176,3168,3134,1576,436.0154388,15.96645305,1,5,5,170,1,1,51,10,5,2.0
47,5,175,453532,455060,455060,456063,456063,456667,456700,462700,462700,463316,463349,463382,466492,1528,1003,604,6000,616,338,0,600,2111,3143,3110,1511,448.9787108,12.96327199,1,2,5,160,1,1,51,7,2,2.0
47,5,176,466495,468018,468018,469022,469022,469627,469659,477159,477159,477765,477798,477831,480953,1523,1004,605,7500,606,611,0,600,1851,3155,3122,1251,463.4391956,14.4604848,1,40,-26,190,-1,-1,49,14,40,1.0
47,5,177,480956,482479,482479,483484,483484,484088,484120,491120,491120,491721,491754,491788,494907,1523,1005,604,7000,601,612,0,600,1855,3153,3119,1255,477.393657,13.95446141,1,40,-12,210,-1,-1,49,28,40,1.0
47,5,178,494910,496431,496431,497433,497433,498033,498066,506066,506066,506685,506717,506751,509859,1521,1002,600,8000,619,621,0,600,1837,3142,3108,1237,492.3448298,14.95117277,1,10,-5,200,-1,-1,49,5,10,1.0
47,5,179,509861,511385,511385,512393,512393,512998,513032,519532,519532,520163,520196,520230,523304,1524,1008,605,6500,631,463,0,600,1969,3108,3074,1369,505.7907361,13.44590636,1,10,18,150,1,1,51,28,10,2.0
47,5,180,523307,524828,524828,525835,525835,526439,526472,532972,532972,533603,533636,533669,536769,1521,1007,604,6500,631,1236,0,600,1201,3133,3100,601,519.2556583,13.46492219,1,11,-1,210,-1,-1,49,10,11,1.0
47,6,181,16459,17985,17985,19000,19000,19616,19648,27148,27148,27752,27785,27821,30911,1526,1015,616,7500,604,442,0,600,1997,3126,3090,1397,14.4650816,14.4650816,1,28,-14,210,-1,-1,49,14,28,1.0
47,6,182,30916,32433,32433,33438,33438,34043,34076,40576,40576,41177,41210,41243,44370,1517,1005,605,6500,601,778,0,600,1694,3160,3127,1094,27.92125257,13.45617097,1,20,8,190,1,1,51,28,20,2.0
47,6,183,44371,45897,45897,46899,46899,47499,47531,56031,56031,56632,56664,56697,59803,1526,1002,600,8500,601,334,0,600,2137,3139,3106,1537,43.35491988,15.43366731,1,10,10,200,1,1,51,20,10,2.0
47,6,184,59806,61329,61329,62335,62335,62940,62973,69973,69973,70605,70637,70670,73738,1523,1006,605,7000,632,329,0,600,2105,3101,3068,1505,57.2896823,13.93476242,1,7,13,210,1,1,51,20,7,2.0
47,6,185,73741,75263,75263,76264,76264,76870,76902,85902,85902,86506,86539,86572,89676,1522,1001,606,9000,604,462,0,600,2005,3137,3104,1405,73.22759172,15.93790942,1,40,-12,170,-1,-1,49,28,40,1.0
47,6,186,89678,91195,91195,92203,92203,92807,92839,100839,100839,101468,101501,101534,104625,1517,1008,604,8000,629,515,0,600,1927,3124,3091,1327,88.1771381,14.94954638,1,4,3,190,1,1,51,7,4,2.0
47,6,187,104628,106154,106154,107163,107163,107769,107802,113802,113802,114434,114467,114501,117561,1526,1009,606,6000,632,551,0,600,1876,3094,3060,1276,101.1126177,12.93547963,1,10,-3,190,-1,-1,49,7,10,1.0
47,6,188,117564,119085,119085,120088,120088,120693,120725,126725,126725,127326,127358,127392,130496,1521,1003,605,6000,601,590,0,600,1880,3138,3104,1280,114.0475019,12.93488416,1,20,-6,170,-1,-1,49,14,20,1.0
47,6,189,130497,132024,132024,133033,133033,133635,133667,141167,141167,141768,141800,141833,144946,1527,1009,602,7500,601,733,0,600,1728,3146,3113,1128,128.4978242,14.45032235,1,6,-1,190,-1,-1,49,5,6,1.0
47,6,190,144949,146475,146475,147482,147482,148085,148117,156117,156117,156746,156778,156811,159880,1526,1007,603,8000,629,560,0,600,1875,3102,3069,1275,143.4322811,14.93445685,1,4,1,210,1,1,51,5,4,2.0
47,6,191,159883,161408,161408,162413,162413,163017,163049,172049,172049,172651,172683,172717,175829,1525,1005,604,9000,602,309,0,600,2155,3146,3112,1555,159.3812474,15.94896628,1,10,4,160,1,1,51,14,10,2.0
47,6,192,175832,177356,177356,178363,178363,178969,179001,185501,185501,186132,186164,186197,189290,1524,1007,606,6500,631,708,0,600,1724,3126,3093,1124,172.8418624,13.46061498,1,14,-4,200,-1,-1,49,10,14,1.0
47,6,193,189293,190816,190816,191821,191821,192428,192460,199460,199460,200078,200110,200144,203240,1523,1005,607,7000,618,1524,0,600,923,3130,3096,323,186.7923077,13.95044531,1,56,-28,160,-1,-1,49,28,56,1.0
47,6,194,203243,204761,204761,205766,205766,206369,206401,214901,214901,215502,215534,215568,218683,1518,1005,603,8500,601,509,0,600,1964,3149,3115,1364,202.2350269,15.44271928,1,79,-51,190,-1,-1,49,28,79,1.0
47,6,195,218686,220215,220215,221219,221219,221846,221878,228378,228378,228979,229013,229047,232125,1529,1004,627,6500,601,1475,0,600,964,3112,3078,364,215.6770495,13.44202256,1,14,6,180,1,1,51,20,14,2.0
47,6,196,232128,233651,233651,234659,234659,235266,235298,243798,243798,244400,244433,244467,247588,1523,1008,607,8500,602,509,0,600,1951,3155,3121,1351,231.1388334,15.46178392,1,40,-26,190,-1,-1,49,14,40,1.0
47,6,197,247590,249113,249113,250118,250118,250722,250754,259754,259754,260382,260415,260447,263552,1523,1005,604,9000,628,303,0,600,2137,3137,3105,1537,247.1037845,15.96495112,1,4,6,170,1,1,51,10,4,2.0
47,6,198,263554,265076,265076,266081,266081,266700,266733,274733,274733,275334,275366,275400,278490,1522,1005,619,8000,601,317,0,600,2136,3124,3090,1536,262.041508,14.93772349,1,14,-4,160,-1,-1,49,10,14,1.0
47,6,199,278493,280008,280008,281014,281014,281620,281653,289153,289153,289783,289815,289850,292925,1515,1006,606,7500,630,367,0,600,2076,3110,3075,1476,276.4770729,14.43556491,1,5,2,200,1,1,51,7,5,2.0
47,6,200,292928,294456,294456,295460,295460,296066,296098,302098,302098,302698,302730,302764,305876,1528,1004,606,6000,600,119,0,600,2343,3146,3112,1743,289.4274405,12.95036756,1,28,-18,150,-1,-1,49,10,28,1.0
47,6,201,305879,307397,307397,308400,308400,309006,309038,316038,316038,316670,316703,316737,319817,1518,1003,606,7000,632,693,0,600,1748,3114,3080,1148,303.3687127,13.94127219,1,20,-13,200,-1,-1,49,7,20,1.0
47,6,202,319820,321344,321344,322348,322348,322953,322985,328985,328985,329587,329619,329652,332756,1524,1004,605,6000,602,1404,0,600,1061,3137,3104,461,316.3076422,12.93892949,0,8,-1,170,-1,1,51,7,8,2.0
47,6,203,332759,334278,334278,335283,335283,335889,335923,343423,343423,344024,344057,344091,347208,1519,1005,606,7500,601,510,0,600,1959,3151,3117,1359,330.7594342,14.45179204,1,57,-37,200,-1,-1,49,20,57,1.0
47,6,204,347211,348735,348735,349742,349742,350346,350379,357379,357379,357979,358011,358045,361173,1524,1007,604,7000,600,620,0,600,1845,3162,3128,1245,344.7245692,13.96513494,0,15,-1,210,-1,1,51,14,15,2.0
47,6,205,361176,362700,362700,363700,363700,364333,364366,372366,372366,372967,373000,373033,376110,1524,1000,633,8000,601,472,0,600,1970,3110,3077,1370,359.6613323,14.93676308,1,7,-2,190,-1,-1,49,5,7,1.0
47,6,206,376112,377637,377637,378644,378644,379250,379283,387783,387783,388407,388439,388472,391566,1525,1007,606,8500,624,678,0,600,1760,3127,3094,1160,375.1176367,15.45630447,1,14,14,200,1,1,51,28,14,2.0
47,6,207,391569,393095,393095,394102,394102,394705,394737,403737,403737,404337,404369,404403,407513,1526,1007,603,9000,600,563,0,600,1901,3144,3110,1301,391.0645403,15.94690353,1,7,3,170,1,1,51,10,7,2.0
47,6,208,407516,409038,409038,410041,410041,410642,410675,417175,417175,417790,417823,417856,420948,1522,1003,601,6500,615,777,0,600,1682,3125,3092,1082,404.4996646,13.43512434,1,2,5,190,1,1,51,7,2,2.0
47,6,209,420951,422471,422471,423477,423477,424106,424138,430638,430638,431240,431273,431306,434406,1520,1006,629,6500,602,1034,0,600,1409,3133,3100,809,417.9574189,13.45775426,1,14,-9,180,-1,-1,49,5,14,1.0
47,6,210,434409,435935,435935,436943,436943,437543,437575,446075,446075,446675,446707,446741,449867,1526,1008,600,8500,600,715,0,600,1751,3160,3126,1151,433.4184518,15.46103296,1,6,-1,170,-1,-1,49,5,6,1.0
47,6,211,449870,451393,451393,452399,452399,453029,453061,462061,462061,462687,462720,462753,465812,1523,1006,630,9000,626,550,0,600,1865,3092,3059,1265,449.3632802,15.94482843,1,10,-5,150,-1,-1,49,5,10,1.0
47,6,212,465815,467343,467343,468349,468349,468959,468991,474991,474991,475591,475624,475657,478758,1528,1006,610,6000,600,1464,0,600,992,3134,3101,392,462.3095515,12.9462713,1,10,4,210,1,1,51,14,10,2.0
47,6,213,478761,480286,480286,481297,481297,481903,481936,489436,489436,490068,490102,490135,493206,1525,1011,606,7500,632,785,0,600,1641,3104,3071,1041,476.757131,14.44757946,0,20,8,160,1,-1,49,28,20,1.0
47,6,214,493209,494727,494727,495732,495732,496335,496367,504367,504367,504968,505000,505033,508169,1518,1005,603,8000,601,528,0,600,1945,3169,3136,1345,491.7203584,14.96322739,1,14,-4,180,-1,-1,49,10,14,1.0
47,6,215,508172,509697,509697,510701,510701,511306,511339,518339,518339,518943,518976,519010,522124,1525,1004,605,7000,604,474,0,600,1988,3148,3114,1388,505.675506,13.95514758,1,57,-37,200,-1,-1,49,20,57,1.0
47,6,216,522126,523649,523649,524659,524659,525263,525296,534296,534296,534897,534929,534962,538069,1523,1010,604,9000,601,499,0,600,1963,3140,3107,1363,521.6202184,15.94471241,1,7,13,180,1,1,51,20,7,2.0
48,1,1,59281,60805,60805,61831,61831,62447,62480,69480,69480,70100,70132,70167,73241,1524,1026,616,7000,620,1519,0,600,895,3109,3074,295,13.99806352,13.99806352,1,57,-37,150,-1,-1,49,20,57,1.0
48,1,2,73294,74814,74814,75825,75825,76430,76462,83962,83962,84562,84595,84628,87753,1520,1011,605,7500,600,678,0,600,1786,3158,3125,1186,28.45956167,14.46149815,1,7,13,210,1,1,51,20,7,2.0
48,1,3,87756,89276,89276,90280,90280,90887,90919,99419,99419,100037,100069,100104,103216,1520,1004,607,8500,618,1091,0,600,1360,3147,3112,760,43.92202113,15.46245946,1,79,-51,190,-1,-1,49,28,79,1.0
48,1,4,103219,104739,104739,105742,105742,106346,106379,112379,112379,112999,113031,113064,116159,1520,1003,604,6000,620,1235,0,600,1218,3128,3095,618,56.86531916,12.94329804,1,6,1,210,1,1,51,7,6,2.0
48,1,5,116162,117687,117687,118692,118692,119309,119341,128341,128341,128957,128989,129023,132113,1525,1005,617,9000,616,1162,0,600,1275,3124,3090,675,72.81875918,15.95344002,1,4,1,190,1,1,51,5,4,2.0
48,1,6,132116,133640,133640,134643,134643,135246,135279,141779,141779,142411,142444,142477,145562,1524,1003,603,6500,632,1741,0,600,697,3118,3085,97,86.26775818,13.448999,1,40,-12,170,-1,-1,49,28,40,1.0
48,1,7,145565,147083,147083,148090,148090,148693,148726,156726,156726,157326,157359,157392,160526,1518,1007,603,8000,600,1920,0,600,552,3167,3134,-48,101.2324763,14.96471809,1,19,1,200,1,1,51,20,19,2.0
48,1,8,160529,162050,162050,163059,163059,163662,163694,170194,170194,170810,170842,170876,173968,1521,1009,603,6500,616,839,0,600,1612,3126,3092,1012,114.6738734,13.44139711,1,2,5,160,1,1,51,7,2,2.0
48,1,9,173971,175490,175490,176492,176492,177096,177128,183128,183128,183761,183793,183826,186932,1519,1002,604,6000,633,2404,0,600,38,3139,3106,-562,127.6378544,12.96398098,0,13,1,210,1,-1,49,14,13,1.0
48,1,10,186935,188453,188453,189459,189459,190061,190094,198594,198594,199211,199243,199276,202372,1518,1006,602,8500,617,849,0,600,1608,3129,3096,1008,143.0780889,15.4402345,1,2,5,190,1,1,51,7,2,2.0
48,1,11,202375,203895,203895,204899,204899,205506,205540,214540,214540,215140,215172,215206,218321,1520,1004,607,9000,600,2028,0,600,441,3149,3115,-159,159.0273365,15.94924762,1,20,-6,200,-1,-1,49,14,20,1.0
48,1,12,218324,219844,219844,220850,220850,221469,221502,229502,229502,230134,230166,230200,233283,1520,1006,619,8000,632,771,0,600,1652,3117,3083,1052,173.9886427,14.96130619,1,10,-5,190,-1,-1,49,5,10,1.0
48,1,13,233286,234805,234805,235811,235811,236434,236467,243467,243467,244097,244130,244163,247228,1519,1006,623,7000,630,879,0,600,1543,3098,3065,943,187.9344067,13.94576399,1,10,-5,160,-1,-1,49,5,10,1.0
48,1,14,247231,248753,248753,249756,249756,250357,250389,257889,257889,258507,258540,258572,261673,1522,1003,601,7500,618,718,0,600,1738,3133,3101,1138,202.3793585,14.44495185,1,5,2,210,1,1,51,7,5,2.0
48,1,15,261677,263204,263204,264209,264209,264813,264846,272846,272846,273464,273496,273529,276626,1527,1005,604,8000,618,814,0,600,1632,3130,3097,1032,217.332276,14.95291747,1,5,2,170,1,1,51,7,5,2.0
48,1,16,276629,278148,278148,279153,279153,279774,279806,285806,285806,286438,286470,286503,289586,1519,1005,621,6000,632,412,0,600,2011,3116,3083,1411,230.2922032,12.95992721,1,14,-9,170,-1,-1,49,5,14,1.0
48,1,17,289589,291112,291112,292112,292112,292720,292752,301752,301752,302357,302390,302423,305521,1523,1000,608,9000,605,620,0,600,1844,3131,3098,1244,246.2263748,15.93417161,1,40,-12,180,-1,-1,49,28,40,1.0
48,1,18,305524,307043,307043,308051,308051,308658,308691,315191,315191,315824,315856,315890,318976,1519,1008,607,6500,633,2130,0,600,303,3120,3086,-297,259.6818465,13.45547173,1,28,-18,160,-1,-1,49,10,28,1.0
48,1,19,318978,320498,320498,321498,321498,322121,322153,330653,330653,331284,331317,331350,334434,1520,1000,623,8500,631,1162,0,600,1264,3117,3084,664,275.1400844,15.45823783,1,20,-10,160,-1,-1,49,10,20,1.0
48,1,20,334437,335958,335958,336963,336963,337568,337600,344600,344600,345200,345232,345265,348395,1521,1005,605,7000,600,1237,0,600,1232,3163,3130,632,289.1007984,13.96071403,1,40,-26,200,-1,-1,49,14,40,1.0
48,1,21,348398,349918,349918,350924,350924,351544,351576,359076,359076,359689,359722,359756,362857,1520,1006,620,7500,613,1013,0,600,1428,3135,3101,828,303.5630716,14.46227323,1,4,1,160,1,1,51,5,4,2.0
48,1,22,362860,364387,364387,365391,365391,365999,366031,375031,375031,375663,375695,375728,378819,1527,1004,608,9000,632,1003,0,600,1426,3124,3091,826,319.5245137,15.9614421,1,20,8,190,1,1,51,28,20,2.0
48,1,23,378822,380341,380341,381346,381346,381950,381983,390483,390483,391086,391118,391152,394269,1519,1005,604,8500,603,1061,0,600,1408,3151,3117,808,334.9741203,15.44960653,1,19,1,200,1,1,51,20,19,2.0
48,1,24,394270,395789,395789,396793,396793,397395,397428,403928,403928,404529,404561,404595,407681,1519,1004,602,6500,601,-1,2501,0,573,3120,3086,-27,348.3865078,13.41238753,-1,7,3,210,1,-2,-1,10,7,
48,1,25,407684,409207,409207,410211,410211,410817,410849,418349,418349,418964,418996,419030,422143,1523,1004,606,7500,615,316,0,600,2136,3147,3113,1536,362.8481747,14.46166691,1,5,9,200,1,1,51,14,5,2.0
48,1,26,422146,423664,423664,424667,424667,425270,425302,433302,433302,433933,433966,434000,437082,1518,1003,603,8000,631,1095,0,600,1350,3116,3082,750,377.7880213,14.93984666,1,9,1,160,1,1,51,10,9,2.0
48,1,27,437085,438606,438606,439608,439608,440213,440245,446245,446245,446861,446893,446926,450032,1521,1002,605,6000,616,572,0,600,1884,3139,3106,1284,390.7377957,12.94977438,1,79,-51,190,-1,-1,49,28,79,1.0
48,1,28,450035,451556,451556,452562,452562,453183,453215,460215,460215,460845,460877,460910,463996,1521,1006,621,7000,630,672,0,600,1750,3119,3086,1150,404.7015453,13.96374955,1,7,-2,200,-1,-1,49,5,7,1.0
48,1,29,463999,465520,465520,466523,466523,467127,467160,476160,476160,476762,476795,476828,479945,1521,1003,604,9000,602,1191,0,600,1279,3150,3117,679,420.6506452,15.94909995,1,20,-6,160,-1,-1,49,14,20,1.0
48,1,30,479948,481467,481467,482469,482469,483075,483107,489607,489607,490223,490256,490289,493397,1519,1002,606,6500,616,341,0,600,2116,3141,3108,1516,434.1027301,13.45208484,1,5,9,150,1,1,51,14,5,2.0
48,1,31,493400,494923,494923,495926,495926,496530,496562,505062,505062,505664,505696,505730,508845,1523,1003,604,8500,602,1316,0,600,1152,3149,3115,552,449.5499282,15.44719813,1,14,-4,160,-1,-1,49,10,14,1.0
48,1,32,508848,510368,510368,511376,511376,511982,512014,520014,520014,520616,520649,520682,523793,1520,1008,606,8000,602,441,0,600,2023,3144,3111,1423,464.498452,14.94852377,1,40,-12,160,-1,-1,49,28,40,1.0
48,1,33,523796,525317,525317,526318,526318,526923,526955,532955,532955,533586,533619,533652,536735,1521,1001,605,6000,631,380,0,600,2062,3116,3083,1462,477.4399699,12.94151795,1,10,10,170,1,1,51,20,10,2.0
48,1,34,536738,538259,538259,539265,539265,539866,539900,547400,547400,548031,548063,548096,551193,1521,1006,601,7500,631,263,0,600,2178,3130,3097,1578,491.8987601,14.45879021,1,7,3,170,1,1,51,10,7,2.0
48,1,35,551196,552716,552716,553722,553722,554325,554358,561358,561358,561990,562023,562056,565145,1520,1006,603,7000,632,1515,0,600,924,3122,3089,324,505.850703,13.9519429,1,28,-8,160,-1,-1,49,20,28,1.0
48,1,36,565148,566674,566674,567681,567681,568281,568313,575313,575313,575926,575959,575994,579097,1526,1007,600,7000,613,402,0,600,2052,3138,3103,1452,519.8022123,13.95150926,1,4,3,210,1,1,51,7,4,2.0
48,2,37,15024,16550,16550,17568,17568,18172,18204,24204,24204,24836,24869,24906,27987,1526,1018,604,6000,632,434,0,600,1986,3118,3081,1386,12.97683301,12.97683301,1,6,1,170,1,1,51,7,6,2.0
48,2,38,27992,29516,29516,30518,30518,31123,31156,39156,39156,39756,39788,39822,42941,1524,1002,605,8000,600,417,0,600,2052,3153,3119,1452,27.92841038,14.95157736,1,6,1,160,1,1,51,7,6,2.0
48,2,39,42944,44463,44463,45472,45472,46080,46114,54614,54614,55220,55254,55288,58383,1519,1009,608,8500,606,1136,0,600,1322,3129,3095,722,43.37074047,15.4423301,1,40,-12,200,-1,-1,49,28,40,1.0
48,2,40,58386,59907,59907,60914,60914,61519,61551,69051,69051,69684,69718,69751,72829,1521,1007,605,7500,633,1538,0,600,896,3111,3078,296,57.81705534,14.44631487,1,28,-14,160,-1,-1,49,14,28,1.0
48,2,41,72832,74354,74354,75358,75358,75964,75997,82997,82997,83598,83630,83663,86766,1522,1004,606,7000,601,623,0,600,1844,3136,3103,1244,71.75375981,13.93670447,1,7,3,160,1,1,51,10,7,2.0
48,2,42,86769,88290,88290,89296,89296,89919,89952,98952,98952,99569,99601,99634,102715,1521,1006,623,9000,617,347,0,600,2086,3114,3081,1486,87.70290165,15.94914184,1,4,1,200,1,1,51,5,4,2.0
48,2,43,102718,104243,104243,105245,105245,105868,105900,112400,112400,113002,113035,113069,116155,1525,1002,623,6500,602,704,0,600,1744,3120,3086,1144,101.1433727,13.44047106,1,14,-9,190,-1,-1,49,5,14,1.0
48,2,44,116158,117690,117690,118698,118698,119306,119339,128339,128339,128939,128972,129005,132119,1532,1008,608,9000,600,1032,0,600,1420,3147,3114,820,117.1066368,15.96326407,1,10,18,210,1,1,51,28,10,2.0
48,2,45,132122,133637,133637,134638,134638,135239,135272,142272,142272,142872,142906,142939,146084,1515,1001,601,7000,600,1639,0,600,844,3178,3145,244,131.0720212,13.96538438,1,14,-7,190,-1,-1,49,7,14,1.0
48,2,46,146087,147614,147614,148618,148618,149240,149272,157772,157772,158388,158420,158454,161525,1527,1004,622,8500,616,820,0,600,1611,3105,3071,1011,146.5131223,15.44110119,1,3,2,210,1,1,51,5,3,2.0
48,2,47,161528,163049,163049,164055,164055,164663,164696,171196,171196,171813,171846,171879,174968,1521,1006,608,6500,617,448,0,600,2000,3122,3089,1400,159.9555296,13.44240724,1,10,10,180,1,1,51,20,10,2.0
48,2,48,174971,176494,176494,177497,177497,178103,178135,185635,185635,186235,186268,186301,189425,1523,1003,606,7500,600,1294,0,600,1174,3157,3124,574,174.4130146,14.45748505,1,14,14,190,1,1,51,28,14,2.0
48,2,49,189428,190948,190948,191952,191952,192555,192587,198587,198587,199188,199221,199255,202364,1520,1004,603,6000,601,470,0,600,2002,3143,3109,1402,187.3512669,12.93825221,1,28,-8,180,-1,-1,49,20,28,1.0
48,2,50,202366,203891,203891,204894,204894,205512,205544,213544,213544,214159,214192,214225,217301,1525,1003,618,8000,615,398,0,600,2041,3109,3076,1441,202.288081,14.93681416,1,4,1,190,1,1,51,5,4,2.0
48,2,51,217304,218827,218827,219829,219829,220432,220465,226465,226465,227084,227116,227149,230265,1523,1002,603,6000,619,477,0,600,1976,3149,3116,1376,215.2528958,12.96481482,1,5,9,150,1,1,51,14,5,2.0
48,2,52,230268,231786,231786,232787,232787,233392,233424,241924,241924,242557,242590,242623,245722,1518,1001,605,8500,633,714,0,600,1729,3132,3099,1129,230.7100355,15.45713971,1,19,1,210,1,1,51,20,19,2.0
48,2,53,245726,247246,247246,248250,248250,248869,248901,257901,257901,258533,258565,258599,261656,1520,1004,619,9000,632,999,0,600,1426,3091,3057,826,246.643448,15.93341251,1,7,3,200,1,1,51,10,7,2.0
48,2,54,261659,263185,263185,264187,264187,264792,264824,272324,272324,272956,272990,273024,276110,1526,1002,605,7500,632,450,0,600,1985,3120,3086,1385,261.0976586,14.45421057,1,14,-7,150,-1,-1,49,7,14,1.0
48,2,55,276113,277632,277632,278635,278635,279257,279289,286289,286289,286909,286941,286975,290073,1519,1003,622,7000,620,297,0,600,2139,3132,3098,1539,275.0595136,13.96185495,1,4,1,180,1,1,51,5,4,2.0
48,2,56,290074,291588,291588,292594,292594,293195,293228,299728,299728,300328,300360,300394,303531,1514,1006,601,6500,600,621,0,600,1858,3171,3137,1258,288.5179614,13.45844787,1,14,14,180,1,1,51,28,14,2.0
48,2,57,303534,305056,305056,306060,306060,306662,306694,314694,314694,315326,315359,315392,318493,1522,1004,602,8000,632,232,0,600,2208,3134,3101,1608,303.4804866,14.96252516,1,28,-14,180,-1,-1,49,14,28,1.0
48,2,58,318496,320020,320020,321026,321026,321633,321667,328667,328667,329269,329302,329335,332434,1524,1006,607,7000,602,526,0,600,1935,3132,3099,1335,317.4215269,13.94104031,1,40,-12,180,-1,-1,49,28,40,1.0
48,2,59,332437,333956,333956,334961,334961,335586,335619,343119,343119,343747,343780,343814,346891,1519,1005,625,7500,628,174,0,600,2249,3111,3077,1649,331.8780621,14.4565352,1,5,2,200,1,1,51,7,5,2.0
48,2,60,346894,348421,348421,349429,349429,350037,350069,359069,359069,359703,359736,359770,362844,1527,1008,608,9000,634,889,0,600,1534,3108,3074,934,347.8308202,15.95275806,1,20,-6,180,-1,-1,49,14,20,1.0
48,2,61,362847,364368,364368,365370,365370,365975,366007,372007,372007,372607,372639,372671,375797,1521,1002,605,6000,600,681,0,600,1791,3158,3126,1191,360.7840025,12.95318236,1,20,8,170,1,1,51,28,20,2.0
48,2,62,375800,377323,377323,378325,378325,378930,378962,385462,385462,386082,386114,386147,389236,1523,1002,605,6500,620,319,0,600,2131,3122,3089,1531,374.2229352,13.43893266,1,4,6,190,1,1,51,10,4,2.0
48,2,63,389239,390760,390760,391763,391763,392366,392398,400398,400398,401031,401063,401096,404190,1521,1003,603,8000,633,1556,0,600,884,3127,3094,284,389.177172,14.95423679,1,7,3,180,1,1,51,10,7,2.0
48,2,64,404193,405715,405715,406721,406721,407347,407379,415879,415879,416503,416536,416569,419625,1522,1006,626,8500,624,284,0,600,2138,3089,3056,1538,404.6125068,15.43533483,1,14,-9,150,-1,-1,49,5,14,1.0
48,2,65,419628,421152,421152,422158,422158,422762,422794,431794,431794,432427,432459,432492,435579,1524,1006,604,9000,633,218,0,600,2215,3120,3087,1615,420.5663859,15.95387908,1,10,4,210,1,1,51,14,10,2.0
48,2,66,435582,437104,437104,438106,438106,438710,438742,445742,445742,446355,446388,446421,449539,1522,1002,604,7000,613,443,0,600,2016,3151,3118,1416,434.5262956,13.95990973,1,2,5,180,1,1,51,7,2,2.0
48,2,67,449542,451065,451065,452069,452069,452675,452708,459208,459208,459840,459873,459907,462985,1523,1004,606,6500,632,276,0,600,2159,3112,3078,1559,447.9725602,13.44626454,1,10,4,180,1,1,51,14,10,2.0
48,2,68,462988,464512,464512,465518,465518,466124,466156,473656,473656,474269,474302,474335,477426,1524,1006,606,7500,613,2459,0,600,-8,3124,3091,-608,462.4119662,14.43940608,1,9,1,170,1,1,51,10,9,2.0
48,2,69,477426,478949,478949,479951,479951,480554,480587,489087,489087,489719,489751,489784,492886,1523,1002,603,8500,632,268,0,600,2172,3135,3102,1572,477.8734457,15.46147947,1,20,-10,170,-1,-1,49,10,20,1.0
48,2,70,492889,494410,494410,495412,495412,496018,496051,504051,504051,504683,504715,504748,507837,1521,1002,606,8000,632,326,0,600,2113,3122,3089,1513,492.8239741,14.95052836,1,14,6,180,1,1,51,20,14,2.0
48,2,71,507840,509364,509364,510369,510369,510973,511005,517005,517005,517609,517643,517676,520785,1524,1005,604,6000,604,724,0,600,1739,3142,3109,1139,505.7731108,12.94913672,1,14,6,170,1,1,51,20,14,2.0
48,2,72,520789,522313,522313,523317,523317,523924,523957,529957,529957,530557,530589,530622,533750,1524,1004,607,6000,600,945,0,600,1520,3161,3128,920,518.7369128,12.96380198,0,19,1,200,1,-1,49,20,19,1.0
48,3,73,13670,15195,15195,16210,16210,16841,16873,25373,25373,25988,26020,26055,29122,1525,1015,631,8500,615,201,0,600,2213,3102,3067,1613,15.46490191,15.46490191,1,4,6,200,1,1,51,10,4,2.0
48,3,74,29127,30653,30653,31657,31657,32261,32293,40293,40293,40908,40941,40975,44061,1526,1004,604,8000,615,998,0,600,1453,3120,3086,853,30.40186344,14.93696152,1,5,2,180,1,1,51,7,5,2.0
48,3,75,44064,45582,45582,46584,46584,47208,47240,53740,53740,54357,54389,54422,57499,1518,1002,624,6500,617,183,0,600,2256,3110,3077,1656,43.83940777,13.43754434,1,3,2,190,1,1,51,5,3,2.0
48,3,76,57501,59017,59017,60022,60022,60640,60672,69672,69672,70302,70334,70367,73462,1516,1005,618,9000,630,229,0,600,2202,3128,3095,1602,59.80347283,15.96406506,1,7,3,160,1,1,51,10,7,2.0
48,3,77,73465,74985,74985,75990,75990,76598,76630,84130,84130,84730,84763,84796,87901,1520,1005,608,7500,600,208,0,600,2259,3138,3105,1659,74.24246305,14.43899022,1,10,18,210,1,1,51,28,10,2.0
48,3,78,87904,89428,89428,90432,90432,91036,91068,97068,97068,97670,97703,97736,100863,1524,1004,604,6000,602,425,0,600,2041,3160,3127,1441,87.20347512,12.96101207,1,20,-10,170,-1,-1,49,10,20,1.0
48,3,79,100866,102386,102386,103390,103390,103995,104027,111027,111027,111628,111661,111696,114806,1520,1004,605,7000,601,241,0,600,2229,3145,3110,1629,101.1467494,13.94327423,1,40,-20,210,-1,-1,49,20,40,1.0
48,3,80,114809,116331,116331,117338,117338,117941,117974,125474,125474,126105,126138,126172,129265,1522,1007,603,7500,631,1652,0,600,785,3127,3093,185,115.6067859,14.4600366,1,28,-14,180,-1,-1,49,14,28,1.0
48,3,81,129269,130789,130789,131792,131792,132415,132447,141447,141447,142058,142091,142124,145225,1520,1003,623,9000,611,333,0,600,2110,3134,3101,1510,131.5664031,15.95961712,1,3,2,210,1,1,51,5,3,2.0
48,3,82,145228,146752,146752,147759,147759,148365,148397,154897,154897,155497,155530,155563,158682,1524,1007,606,6500,600,513,0,600,1950,3152,3119,1350,145.0228991,13.45649602,1,40,-26,180,-1,-1,49,14,40,1.0
48,3,83,158685,160204,160204,161208,161208,161812,161846,168846,168846,169447,169479,169513,172638,1519,1004,604,7000,601,615,0,600,1857,3159,3125,1257,158.9789226,13.9560235,1,10,4,200,1,1,51,14,10,2.0
48,3,84,172641,174163,174163,175166,175166,175769,175801,183801,183801,184417,184449,184482,187583,1522,1003,603,8000,616,232,0,600,2224,3134,3101,1624,173.9244205,14.9454979,1,79,-51,180,-1,-1,49,28,79,1.0
48,3,85,187586,189110,189110,190113,190113,190716,190748,199248,199248,199848,199880,199913,203024,1524,1003,603,8500,600,535,0,600,1935,3144,3111,1335,189.3648521,15.44043158,1,13,1,170,1,1,51,14,13,2.0
48,3,86,203027,204549,204549,205555,205555,206159,206192,212192,212192,212811,212843,212876,215961,1522,1006,604,6000,619,251,0,600,2198,3118,3085,1598,202.3016659,12.93681386,1,56,-28,200,-1,-1,49,28,56,1.0
48,3,87,215963,217491,217491,218496,218496,219102,219134,226134,226134,226765,226798,226831,229918,1528,1005,606,7000,631,152,0,600,2278,3120,3087,1678,216.2585727,13.95690676,1,7,13,200,1,1,51,20,7,2.0
48,3,88,229921,231442,231442,232445,232445,233049,233081,240581,240581,241181,241214,241247,244381,1521,1003,604,7500,600,201,0,600,2271,3167,3134,1671,230.7219965,14.46342378,0,27,1,160,1,-1,49,28,27,1.0
48,3,89,244384,245903,245903,246907,246907,247518,247550,256050,256050,256682,256714,256748,259815,1519,1004,611,8500,632,360,0,600,2074,3101,3067,1474,246.1555169,15.43352039,1,10,10,160,1,1,51,20,10,2.0
48,3,90,259817,261343,261343,262349,262349,262953,262986,270986,270986,271588,271620,271654,274755,1526,1006,604,8000,602,231,0,600,2231,3135,3101,1631,261.09595,14.94043309,1,14,14,210,1,1,51,28,14,2.0
48,3,91,274758,276285,276285,277289,277289,277895,277927,283927,283927,284529,284561,284595,287718,1527,1004,606,6000,602,229,0,600,2232,3157,3123,1632,274.0574599,12.9615099,1,7,3,200,1,1,51,10,7,2.0
48,3,92,287719,289233,289233,290239,290239,290842,290874,297374,297374,297990,298022,298055,301176,1514,1006,603,6500,616,290,0,600,2171,3154,3121,1571,287.5169037,13.45944384,1,4,3,170,1,1,51,7,4,2.0
48,3,93,301179,302699,302699,303702,303702,304306,304338,313338,313338,313970,314003,314036,317121,1520,1003,604,9000,632,825,0,600,1616,3118,3085,1016,303.461971,15.94506727,1,10,10,170,1,1,51,20,10,2.0
48,3,94,317124,318650,318650,319658,319658,320266,320298,326798,326798,327399,327432,327466,330581,1526,1008,608,6500,601,1189,0,600,1268,3149,3115,668,316.9219069,13.45993594,1,19,1,200,1,1,51,20,19,2.0
48,3,95,330584,332105,332105,333111,333111,333744,333777,342777,342777,343396,343428,343462,346538,1521,1006,633,9000,619,371,0,600,2050,3110,3076,1450,332.8787034,15.95679647,1,3,2,200,1,1,51,5,3,2.0
48,3,96,346541,348066,348066,349069,349069,349675,349707,356707,356707,357307,357341,357375,360479,1525,1003,606,7000,600,278,0,600,2188,3138,3104,1588,346.8199332,13.94122986,1,40,-26,170,-1,-1,49,14,40,1.0
48,3,97,360482,362001,362001,363008,363008,363611,363644,372144,372144,372760,372792,372825,375919,1519,1007,603,8500,616,685,0,600,1770,3127,3094,1170,362.2593068,15.43937354,1,10,-3,170,-1,-1,49,7,10,1.0
48,3,98,375922,377444,377444,378447,378447,379068,379100,386600,386600,387220,387253,387287,390373,1522,1003,621,7500,620,2096,0,600,338,3120,3086,-262,376.7134779,14.45417109,1,4,1,210,1,1,51,5,4,2.0
48,3,99,390376,391895,391895,392900,392900,393505,393538,399538,399538,400169,400201,400234,403328,1519,1005,605,6000,631,260,0,600,2180,3127,3094,1580,389.66855,12.95507213,1,7,13,210,1,1,51,20,7,2.0
48,3,100,403331,404853,404853,405859,405859,406467,406499,414499,414499,415105,415138,415171,418273,1522,1006,608,8000,606,558,0,600,1900,3135,3102,1300,404.6137845,14.94523452,1,40,-26,160,-1,-1,49,14,40,1.0
48,3,101,418276,419796,419796,420802,420802,421404,421437,429937,429937,430556,430589,430622,433708,1520,1006,602,8500,619,317,0,600,2136,3119,3086,1536,420.0480179,15.43423339,1,5,5,180,1,1,51,10,5,2.0
48,3,102,433711,435232,435232,436239,436239,436862,436895,443395,443395,444007,444040,444073,447150,1521,1007,623,6500,612,985,0,600,1452,3110,3077,852,433.4904062,13.44238826,1,4,1,200,1,1,51,5,4,2.0
48,3,103,447152,448674,448674,449678,449678,450279,450312,457312,457312,457943,457975,458009,461091,1522,1004,601,7000,631,1190,0,600,1252,3116,3082,652,447.4316891,13.9412829,1,6,1,160,1,1,51,7,6,2.0
48,3,104,461094,462619,462619,463623,463623,464240,464272,470272,470272,470872,470904,470938,474049,1525,1004,617,6000,600,409,0,600,2045,3145,3111,1445,460.3893766,12.95768756,1,14,-7,150,-1,-1,49,7,14,1.0
48,3,105,474052,475576,475576,476579,476579,477201,477233,486233,486233,486851,486884,486917,489982,1524,1003,622,9000,618,970,0,600,1463,3098,3065,863,476.3216844,15.93230775,1,4,1,160,1,1,51,5,4,2.0
48,3,106,489985,491504,491504,492513,492513,493120,493153,500653,500653,501269,501301,501334,504434,1519,1009,607,7500,616,686,0,600,1763,3133,3100,1163,490.7741616,14.4524772,1,56,-28,150,-1,-1,49,28,56,1.0
48,3,107,504437,505960,505960,506964,506964,507568,507601,515601,515601,516215,516246,516280,519381,1523,1004,604,8000,614,915,0,600,1540,3135,3101,940,505.7224078,14.94824623,1,4,6,180,1,1,51,10,4,2.0
48,3,108,519385,520910,520910,521917,521917,522520,522554,531554,531554,532172,532205,532238,535319,1525,1007,603,9000,618,540,0,600,1907,3114,3081,1307,521.6588224,15.93641457,1,5,2,170,1,1,51,7,5,2.0
48,4,109,51583,53105,53105,54122,54122,54735,54768,62268,62268,62872,62904,62939,65991,1522,1017,613,7500,604,-1,2502,0,542,3087,3052,-58,14.42071658,14.42071658,-1,56,-28,170,-1,-2,-1,28,56,
48,4,110,65996,67521,67521,68531,68531,69137,69169,75169,75169,75803,75835,75868,78953,1525,1010,606,6000,634,246,0,600,2179,3118,3085,1579,27.38088095,12.96016437,1,6,1,210,1,1,51,7,6,2.0
48,4,111,78956,80477,80477,81482,81482,82089,82122,91122,91122,91724,91758,91791,94908,1521,1005,607,9000,602,866,0,600,1599,3150,3117,999,43.33592385,15.9550429,0,27,1,200,1,-1,49,28,27,1.0
48,4,112,94912,96429,96429,97436,97436,98058,98090,104590,104590,105206,105238,105272,108362,1517,1007,622,6500,616,194,0,600,2244,3124,3090,1644,56.78925538,13.45333153,1,4,1,160,1,1,51,5,4,2.0
48,4,113,108365,109875,109875,110875,110875,111482,111515,119515,119515,120148,120181,120214,123299,1510,1000,607,8000,633,705,0,600,1745,3118,3085,1145,71.72631062,14.93705524,1,14,14,180,1,1,51,28,14,2.0
48,4,114,123302,124824,124824,125834,125834,126442,126474,133474,133474,134106,134139,134172,137235,1522,1010,608,7000,632,914,0,600,1514,3096,3063,914,85.66198809,13.93567746,1,14,6,160,1,1,51,20,14,2.0
48,4,115,137238,138758,138758,139760,139760,140391,140423,148923,148923,149538,149571,149605,152696,1520,1002,631,8500,615,715,0,600,1717,3125,3091,1117,101.123865,15.46187695,1,4,1,200,1,1,51,5,4,2.0
48,4,116,152699,154223,154223,155226,155226,155832,155865,161865,161865,162499,162532,162565,165646,1524,1003,606,6000,634,2289,0,600,144,3114,3081,-456,114.0738061,12.94994103,1,28,-14,150,-1,-1,49,14,28,1.0
48,4,117,165649,167170,167170,168175,168175,168781,168813,176813,176813,177413,177445,177478,180605,1521,1005,606,8000,600,229,0,600,2239,3160,3127,1639,129.0327325,14.95892642,1,14,6,210,1,1,51,20,14,2.0
48,4,118,180608,182128,182128,183130,183130,183732,183764,192764,192764,193383,193415,193448,196561,1520,1002,602,9000,619,729,0,600,1728,3146,3113,1128,144.988187,15.95545455,1,5,2,190,1,1,51,7,5,2.0
48,4,119,196564,198084,198084,199088,199088,199690,199723,208223,208223,208826,208858,208892,212028,1520,1004,602,8500,603,334,0,600,2137,3170,3136,1537,160.4558219,15.46763487,1,28,-18,200,-1,-1,49,10,28,1.0
48,4,120,212031,213554,213554,214557,214557,215165,215197,221697,221697,222300,222333,222367,225489,1523,1003,608,6500,603,618,0,600,1845,3156,3122,1245,173.9164305,13.46060856,1,9,1,150,1,1,51,10,9,2.0
48,4,121,225492,227012,227012,228014,228014,228616,228648,236148,236148,236780,236812,236846,239954,1520,1002,602,7500,632,178,0,600,2266,3142,3108,1666,188.3810054,14.46457495,1,20,-13,180,-1,-1,49,7,20,1.0
48,4,122,239956,241481,241481,242485,242485,243107,243140,250140,250140,250741,250774,250808,253898,1525,1004,622,7000,601,29,0,600,2419,3124,3090,1819,202.3249785,13.94397306,1,10,-5,170,-1,-1,49,5,10,1.0
48,4,123,253901,255422,255422,256423,256423,257029,257063,264063,264063,264665,264699,264733,267844,1521,1001,606,7000,602,1441,0,600,1029,3145,3111,429,216.2714621,13.94648362,1,14,6,210,1,1,51,20,14,2.0
48,4,124,267847,269372,269372,270379,270379,271005,271037,277037,277037,277654,277687,277721,280793,1525,1007,626,6000,617,463,0,600,1962,3106,3072,1362,229.220365,12.94890287,1,4,1,150,1,1,51,5,4,2.0
48,4,125,280796,282316,282316,283321,283321,283924,283958,292458,292458,293079,293111,293144,296225,1520,1005,603,8500,621,-1,2501,0,550,3114,3081,-50,244.6524087,15.43204377,-1,9,1,200,1,-2,-1,10,9,
48,4,126,296228,297745,297745,298746,298746,299351,299384,306884,306884,307500,307533,307566,310687,1517,1001,605,7500,616,1000,0,600,1461,3154,3121,861,259.1145081,14.46209935,1,5,2,160,1,1,51,7,5,2.0
48,4,127,310690,312212,312212,313219,313219,313825,313857,322857,322857,323457,323490,323523,326625,1522,1007,606,9000,600,1722,0,600,743,3135,3102,143,275.0519307,15.93742259,1,19,1,150,1,1,51,20,19,2.0
48,4,128,326628,328155,328155,329159,329159,329762,329794,337794,337794,338427,338460,338494,341582,1527,1004,603,8000,633,382,0,600,2051,3122,3088,1451,290.0092623,14.95733167,1,20,-10,170,-1,-1,49,10,20,1.0
48,4,129,341585,343104,343104,344111,344111,344713,344745,351245,351245,351861,351893,351926,355022,1519,1007,602,6500,616,197,0,600,2259,3129,3096,1659,303.4489954,13.43973305,1,4,3,160,1,1,51,7,4,2.0
48,4,130,355025,356548,356548,357554,357554,358160,358193,365693,365693,366294,366326,366360,369475,1523,1006,606,7500,601,415,0,600,2049,3149,3115,1449,317.9020723,14.45307689,1,7,7,170,1,1,51,14,7,2.0
48,4,131,369478,370998,370998,372002,372002,372610,372642,378642,378642,379245,379277,379311,382428,1520,1004,608,6000,603,931,0,600,1534,3151,3117,934,330.8549563,12.95288402,1,14,-4,190,-1,-1,49,10,14,1.0
48,4,132,382431,383955,383955,384959,384959,385564,385596,392596,392596,393199,393233,393266,396366,1524,1004,605,7000,603,295,0,600,2169,3133,3100,1569,344.7928873,13.93793097,1,20,-10,170,-1,-1,49,10,20,1.0
48,4,133,396369,397891,397891,398898,398898,399500,399533,408033,408033,408663,408695,408728,411804,1522,1007,602,8500,630,435,0,600,2004,3109,3076,1404,360.2314276,15.4385403,1,7,7,200,1,1,51,14,7,2.0
48,4,134,411807,413328,413328,414332,414332,414937,414969,421469,421469,422099,422133,422166,425257,1521,1004,605,6500,630,1747,0,600,693,3124,3091,93,373.6840551,13.45262757,1,20,-6,150,-1,-1,49,14,20,1.0
48,4,135,425260,426783,426783,427783,427783,428404,428437,437437,437437,438051,438084,438117,441215,1523,1000,621,9000,614,1071,0,600,1371,3131,3098,771,389.6422212,15.95816611,1,4,1,160,1,1,51,5,4,2.0
48,4,136,441218,442739,442739,443744,443744,444351,444385,452385,452385,452986,453020,453054,456167,1521,1005,607,8000,601,794,0,600,1672,3147,3113,1072,404.5936467,14.95142548,1,27,1,170,1,1,51,28,27,2.0
48,4,137,456170,457687,457687,458693,458693,459300,459333,466833,466833,467434,467468,467502,470634,1517,1006,607,7500,601,171,0,600,2298,3166,3132,1698,419.0610707,14.46742392,1,40,-20,150,-1,-1,49,20,40,1.0
48,4,138,470636,472162,472162,473167,473167,473768,473800,482300,482300,482902,482934,482967,486068,1526,1005,601,8500,602,915,0,600,1551,3134,3101,951,434.4944575,15.43338689,1,13,1,200,1,1,51,14,13,2.0
48,4,139,486071,487599,487599,488609,488609,489213,489246,495246,495246,495877,495910,495944,499033,1528,1010,604,6000,631,510,0,600,1917,3123,3089,1317,447.4599302,12.96547267,1,7,7,150,1,1,51,14,7,2.0
48,4,140,499036,500555,500555,501560,501560,502182,502215,508715,508715,509331,509363,509396,512485,1519,1005,622,6500,616,549,0,600,1889,3122,3089,1289,460.9120093,13.45207911,1,4,1,200,1,1,51,5,4,2.0
48,4,141,512486,514006,514006,515008,515008,515614,515647,522647,522647,523279,523311,523344,526439,1520,1002,606,7000,632,36,0,600,2404,3128,3095,1804,474.8663618,13.95435251,1,10,18,180,1,1,51,28,10,2.0
48,4,142,526442,527962,527962,528967,528967,529585,529617,537617,537617,538237,538270,538303,541382,1520,1005,618,8000,620,241,0,600,2196,3112,3079,1596,489.809062,14.94270016,1,5,2,160,1,1,51,7,5,2.0
48,4,143,541385,542910,542910,543917,543917,544522,544555,553555,553555,554188,554221,554254,557335,1525,1007,605,9000,633,215,0,600,2215,3114,3081,1615,505.7614334,15.95237142,1,10,18,210,1,1,51,28,10,2.0
48,4,144,557338,558861,558861,559863,559863,560470,560502,568502,568502,569105,569138,569171,572274,1523,1002,607,8000,603,400,0,600,2065,3136,3103,1465,520.7003079,14.9388745,1,40,-20,210,-1,-1,49,20,40,1.0
48,5,145,14543,16062,16062,17081,17081,17686,17718,24718,24718,25334,25366,25402,28513,1519,1019,605,7000,616,102,0,600,2339,3147,3111,1739,13.98295557,13.98295557,1,57,-37,200,-1,-1,49,20,57,1.0
48,5,146,28518,30041,30041,31046,31046,31653,31685,40685,40685,41285,41318,41351,44480,1523,1005,607,9000,600,227,0,600,2238,3162,3129,1638,29.94755402,15.96459845,1,27,1,150,1,1,51,28,27,2.0
48,5,147,44483,46013,46013,47021,47021,47622,47655,56155,56155,56771,56803,56837,59937,1530,1008,601,8500,616,199,0,600,2246,3134,3100,1646,45.40477509,15.45722107,1,4,3,180,1,1,51,7,4,2.0
48,5,148,59940,61460,61460,62462,62462,63076,63108,69608,69608,70231,70263,70297,73379,1520,1002,614,6500,623,317,0,600,2124,3116,3082,1524,58.84709223,13.44231714,1,5,9,170,1,1,51,14,5,2.0
48,5,149,73382,74907,74907,75912,75912,76519,76552,84052,84052,84653,84687,84721,87835,1525,1005,607,7500,601,311,0,600,2151,3148,3114,1551,73.30250941,14.45541718,1,20,-10,180,-1,-1,49,10,20,1.0
48,5,150,87838,89363,89363,90368,90368,90972,91005,99005,99005,99637,99670,99703,102779,1525,1005,604,8000,632,372,0,600,2062,3109,3076,1462,88.24681698,14.94430756,1,14,-7,210,-1,-1,49,7,14,1.0
48,5,151,102782,104306,104306,105310,105310,105914,105946,111946,111946,112547,112579,112612,115740,1524,1004,604,6000,601,107,0,600,2360,3161,3128,1760,101.2077597,12.96094276,1,40,-26,210,-1,-1,49,14,40,1.0
48,5,152,115743,117266,117266,118274,118274,118902,118934,126934,126934,127536,127568,127601,130679,1523,1008,628,8000,602,142,0,600,2297,3111,3078,1697,116.1467343,14.93897455,1,14,-9,160,-1,-1,49,5,14,1.0
48,5,153,130681,132213,132213,133224,133224,133826,133858,142358,142358,142959,142991,143025,146112,1532,1011,602,8500,601,1159,0,600,1295,3121,3087,695,131.5798358,15.43310151,1,14,-4,180,-1,-1,49,10,14,1.0
48,5,154,146114,147637,147637,148643,148643,149248,149280,155780,155780,156409,156441,156475,159575,1523,1006,605,6500,629,756,0,600,1681,3134,3100,1081,145.0420973,13.46226147,0,19,1,160,1,-1,49,20,19,1.0
48,5,155,159578,161092,161092,162099,162099,162705,162738,169738,169738,170339,170372,170405,173535,1514,1007,606,7000,601,2016,0,600,456,3163,3130,-144,159.0029725,13.96087526,1,14,-4,150,-1,-1,49,10,14,1.0
48,5,156,173539,175062,175062,176067,176067,176690,176722,185722,185722,186351,186383,186416,189495,1523,1005,623,9000,629,1087,0,600,1333,3112,3079,733,174.9627515,15.95977894,1,7,-2,190,-1,-1,49,5,7,1.0
48,5,157,189498,191021,191021,192025,192025,192629,192663,200163,200163,200763,200796,200829,203943,1523,1004,604,7500,600,2384,0,600,85,3147,3114,-515,189.4103106,14.44755914,1,19,1,170,1,1,51,20,19,2.0
48,5,158,203946,205466,205466,206471,206471,207078,207111,213111,213111,213743,213775,213809,216897,1520,1005,607,6000,632,226,0,600,2210,3122,3088,1610,202.3644769,12.95416627,1,20,8,210,1,1,51,28,20,2.0
48,5,159,216900,218422,218422,219426,219426,220030,220063,229063,229063,229695,229729,229762,232862,1522,1004,604,9000,632,105,0,600,2333,3133,3100,1733,218.3298049,15.96532802,1,28,-14,180,-1,-1,49,14,28,1.0
48,5,160,232865,234387,234387,235394,235394,236001,236033,244533,244533,245165,245197,245230,248312,1522,1007,607,8500,632,735,0,600,1697,3115,3082,1097,233.7800542,15.45024931,1,14,6,200,1,1,51,20,14,2.0
48,5,161,248316,249837,249837,250842,250842,251466,251499,259499,259499,260110,260142,260175,263272,1521,1005,624,8000,611,274,0,600,2165,3130,3097,1565,248.7399447,14.95989044,1,2,3,200,1,1,51,5,2,2.0
48,5,162,263275,264795,264795,265795,265795,266404,266437,273437,273437,274037,274069,274103,277216,1520,1000,609,7000,600,213,0,600,2258,3147,3113,1658,262.6831882,13.94324349,1,27,1,210,1,1,51,28,27,2.0
48,5,163,277218,278742,278742,279750,279750,280381,280413,287913,287913,288513,288546,288579,291676,1524,1008,631,7500,600,648,0,600,1789,3130,3097,1189,277.1434758,14.46028762,0,14,-4,150,-1,1,51,10,14,2.0
48,5,164,291679,293203,293203,294210,294210,294813,294846,300846,300846,301478,301511,301545,304612,1524,1007,603,6000,632,460,0,600,1974,3101,3067,1374,290.0789649,12.93548912,1,20,-6,200,-1,-1,49,14,20,1.0
48,5,165,304615,306134,306134,307138,307138,307744,307777,314277,314277,314897,314929,314963,318058,1519,1004,606,6500,620,1977,0,600,474,3129,3095,-126,303.5248271,13.44586224,1,6,1,180,1,1,51,7,6,2.0
48,5,166,318061,319581,319581,320587,320587,321193,321226,328726,328726,329330,329363,329396,332511,1520,1006,606,7500,604,349,0,600,2115,3148,3115,1515,317.9783223,14.45349516,1,20,-10,190,-1,-1,49,10,20,1.0
48,5,167,332514,334037,334037,335040,335040,335647,335681,342181,342181,342781,342813,342848,345960,1523,1003,607,6500,600,2189,0,600,278,3147,3112,-322,331.4272972,13.44897489,1,28,-8,190,-1,-1,49,20,28,1.0
48,5,168,345963,347486,347486,348494,348494,349101,349133,356133,356133,356754,356787,356820,359914,1523,1008,607,7000,621,293,0,600,2148,3127,3094,1548,345.3806652,13.95336799,1,6,1,170,1,1,51,7,6,2.0
48,5,169,359917,361439,361439,362443,362443,363047,363079,372079,372079,372680,372713,372747,375864,1522,1004,604,9000,601,215,0,600,2254,3151,3117,1654,361.3313951,15.95072996,1,13,1,190,1,1,51,14,13,2.0
48,5,170,375867,377393,377393,378401,378401,379002,379034,385034,385034,385635,385669,385702,388824,1526,1008,601,6000,601,476,0,600,1988,3155,3122,1388,374.2902541,12.95885892,1,14,14,160,1,1,51,28,14,2.0
48,5,171,388826,390347,390347,391351,391351,391951,391983,399983,399983,400613,400645,400678,403772,1521,1004,600,8000,630,1167,0,600,1278,3127,3094,678,389.2392365,14.94898243,1,7,-2,150,-1,-1,49,5,7,1.0
48,5,172,403775,405294,405294,406302,406302,406921,406954,415454,415454,416067,416100,416133,419216,1519,1008,619,8500,613,247,0,600,2194,3116,3083,1594,404.6826602,15.4434237,1,4,1,200,1,1,51,5,4,2.0
48,5,173,419219,420744,420744,421749,421749,422356,422388,431388,431388,432005,432039,432072,435170,1525,1005,607,9000,617,40,0,600,2406,3131,3098,1806,420.6368509,15.95419068,1,56,-28,160,-1,-1,49,28,56,1.0
48,5,174,435173,436697,436697,437699,437699,438301,438334,445834,445834,446451,446483,446517,449620,1524,1002,602,7500,617,105,0,600,2350,3137,3103,1750,435.0871092,14.45025835,1,2,5,210,1,1,51,7,2,2.0
48,5,175,449623,451145,451145,452149,452149,452778,452810,459310,459310,459940,459974,460007,463077,1522,1004,629,6500,630,46,0,600,2369,3103,3070,1769,448.5437544,13.45664519,1,7,7,150,1,1,51,14,7,2.0
48,5,176,463080,464602,464602,465606,465606,466209,466242,474242,474242,474859,474892,474925,478032,1522,1004,603,8000,617,172,0,600,2282,3140,3107,1682,463.4991315,14.9553771,1,2,5,210,1,1,51,7,2,2.0
48,5,177,478035,479561,479561,480568,480568,481199,481231,489731,489731,490333,490367,490400,493487,1526,1007,631,8500,602,645,0,600,1789,3120,3087,1189,478.9533752,15.45424372,1,7,-2,190,-1,-1,49,5,7,1.0
48,5,178,493490,495014,495014,496018,496018,496624,496657,502657,502657,503289,503322,503355,506442,1524,1004,606,6000,632,478,0,600,1956,3120,3087,1356,491.9085384,12.95516314,1,27,1,210,1,1,51,28,27,2.0
48,5,179,506445,507968,507968,508971,508971,509578,509610,516610,516610,517226,517258,517291,520376,1523,1003,607,7000,616,673,0,600,1778,3118,3085,1178,505.8432313,13.93469295,1,4,6,150,1,1,51,10,4,2.0
48,5,180,520379,521902,521902,522905,522905,523510,523542,529542,529542,530159,530192,530225,533325,1523,1003,605,6000,617,336,0,600,2116,3133,3100,1516,518.791985,12.9487537,1,57,-37,210,-1,-1,49,20,57,1.0
48,6,181,14209,15731,15731,16748,16748,17364,17398,23398,23398,24000,24033,24069,27156,1522,1017,616,6000,602,1312,0,600,1131,3123,3087,531,12.95899151,12.95899151,0,27,1,150,1,-1,49,28,27,1.0
48,6,182,27161,28683,28683,29691,29691,30300,30332,36832,36832,37464,37496,37529,40608,1522,1008,609,6500,632,213,0,600,2216,3112,3079,1616,26.40869447,13.44970296,1,57,-37,160,-1,-1,49,20,57,1.0
48,6,183,40611,42134,42134,43139,43139,43740,43773,51773,51773,52402,52434,52468,55547,1523,1005,601,8000,629,1473,0,600,969,3113,3079,369,41.34721006,14.93851559,0,6,1,190,1,-1,49,7,6,1.0
48,6,184,55549,57075,57075,58078,58078,58682,58714,67714,67714,68337,68369,68403,71504,1526,1003,604,9000,623,1724,0,600,720,3135,3101,120,57.30439828,15.95718822,0,10,4,160,1,-1,49,14,10,1.0
48,6,185,71507,73032,73032,74033,74033,74646,74678,82178,82178,82794,82827,82860,85937,1525,1001,613,7500,616,532,0,600,1913,3110,3077,1313,71.73827035,14.43387207,1,5,9,210,1,1,51,14,5,2.0
48,6,186,85940,87465,87465,88470,88470,89076,89109,97609,97609,98217,98249,98282,101388,1525,1005,606,8500,608,1018,0,600,1438,3139,3106,838,87.1889967,15.45072635,1,56,-28,160,-1,-1,49,28,56,1.0
48,6,187,101391,102914,102914,103917,103917,104518,104550,111550,111550,112166,112199,112232,115340,1523,1003,601,7000,616,338,0,600,2119,3141,3108,1519,101.1404493,13.9514526,1,4,6,200,1,1,51,10,4,2.0
48,6,188,115343,116863,116863,117869,117869,118474,118506,125506,125506,126107,126139,126172,129280,1520,1006,605,7000,601,212,0,600,2256,3141,3108,1656,115.0807793,13.94033003,1,7,13,200,1,1,51,20,7,2.0
48,6,189,129282,130805,130805,131812,131812,132437,132469,138469,138469,139085,139117,139151,142244,1523,1007,625,6000,616,356,0,600,2073,3127,3093,1473,128.0442061,12.9634268,1,3,2,180,1,1,51,5,3,2.0
48,6,190,142247,143768,143768,144774,144774,145376,145408,154408,154408,155027,155059,155094,158186,1521,1006,602,9000,619,742,0,600,1710,3127,3092,1110,143.9869211,15.94271492,1,4,3,210,1,1,51,7,4,2.0
48,6,191,158189,159714,159714,160716,160716,161320,161353,168853,168853,169454,169486,169519,172629,1525,1002,604,7500,601,827,0,600,1641,3143,3110,1041,158.4299464,14.44302531,1,10,-3,210,-1,-1,49,7,10,1.0
48,6,192,172632,174156,174156,175161,175161,175768,175800,183800,183800,184419,184452,184485,187563,1524,1005,607,8000,619,82,0,600,2363,3111,3078,1763,173.3631268,14.93318047,1,4,6,170,1,1,51,10,4,2.0
48,6,193,187566,189085,189085,190091,190091,190694,190727,199227,199227,199827,199859,199893,203019,1519,1006,603,8500,600,225,0,600,2247,3160,3126,1647,188.8192591,15.45613229,1,28,-18,160,-1,-1,49,10,28,1.0
48,6,194,203022,204550,204550,205557,205557,206164,206198,212698,212698,213317,213350,213384,216484,1528,1007,607,6500,619,196,0,600,2243,3134,3100,1643,202.2844407,13.46518157,1,79,-51,170,-1,-1,49,28,79,1.0
48,6,195,216487,218010,218010,219014,219014,219618,219650,227150,227150,227763,227796,227829,230927,1523,1004,604,7500,613,136,0,600,2320,3131,3098,1720,216.7278605,14.44341978,1,2,5,170,1,1,51,7,2,2.0
48,6,196,230930,232452,232452,233456,233456,234060,234093,240093,240093,240693,240725,240758,243891,1522,1004,604,6000,600,1142,0,600,1328,3166,3133,728,229.6918186,12.96395808,0,14,-4,150,-1,1,51,10,14,2.0
48,6,197,243894,245413,245413,246419,246419,247024,247057,253557,253557,254158,254191,254225,257346,1519,1006,605,6500,601,2166,0,600,303,3155,3121,-297,243.1468141,13.45499559,1,19,1,170,1,1,51,20,19,2.0
48,6,198,257350,258872,258872,259879,259879,260510,260541,269541,269541,270172,270205,270238,273300,1522,1007,631,9000,631,556,0,600,1853,3095,3062,1253,259.1000046,15.9531905,1,14,-9,150,-1,-1,49,5,14,1.0
48,6,199,273303,274824,274824,275832,275832,276463,276495,284995,284995,285596,285628,285661,288740,1521,1008,631,8500,601,988,0,600,1451,3112,3079,851,274.5401168,15.44011215,1,14,-9,180,-1,-1,49,5,14,1.0
48,6,200,288742,290260,290260,291263,291263,291882,291914,299914,299914,300545,300579,300612,303688,1518,1003,619,8000,631,819,0,600,1610,3109,3076,1010,289.4877519,14.94763509,1,7,-2,160,-1,-1,49,5,7,1.0
48,6,201,303691,305218,305218,306224,306224,306831,306864,313864,313864,314466,314499,314532,317646,1527,1006,607,7000,602,1835,0,600,623,3147,3114,23,303.4460545,13.95830262,0,40,-12,180,-1,1,51,28,40,2.0
48,6,202,317649,319172,319172,320175,320175,320778,320811,328811,328811,329441,329473,329507,332587,1523,1003,603,8000,630,861,0,600,1580,3114,3080,980,318.3868778,14.94082334,1,7,7,150,1,1,51,14,7,2.0
48,6,203,332590,334111,334111,335113,335113,335737,335769,341769,341769,342386,342418,342451,345524,1521,1002,624,6000,617,504,0,600,1932,3106,3073,1332,331.3232291,12.93635129,1,2,3,180,1,1,51,5,2,2.0
48,6,204,345527,347047,347047,348054,348054,348661,348693,355193,355193,355809,355842,355875,358987,1520,1007,607,6500,616,186,0,600,2264,3145,3112,1664,344.7874708,13.46424165,0,79,-51,210,-1,1,51,28,79,2.0
48,6,205,358990,360512,360512,361518,361518,362122,362155,371155,371155,371773,371805,371838,374945,1522,1006,604,9000,618,80,0,600,2370,3140,3107,1770,360.7449805,15.95750977,1,4,3,160,1,1,51,7,4,2.0
48,6,206,374948,376467,376467,377473,377473,378076,378109,386609,386609,387240,387272,387305,390394,1519,1006,603,8500,631,355,0,600,2086,3122,3089,1486,376.1943662,15.44938564,1,5,5,160,1,1,51,10,5,2.0
48,6,207,390397,391917,391917,392923,392923,393526,393558,400558,400558,401158,401191,401224,404356,1520,1006,603,7000,600,422,0,600,2049,3165,3132,1449,390.1564318,13.96206559,0,20,-10,200,-1,1,51,10,20,2.0
48,6,208,404359,405882,405882,406885,406885,407491,407523,415023,415023,415642,415674,415707,418808,1523,1003,606,7500,619,107,0,600,2342,3134,3101,1742,404.60785,14.45141825,1,79,-51,210,-1,-1,49,28,79,1.0
48,6,209,418811,420332,420332,421335,421335,421958,421990,430990,430990,431608,431640,431674,434758,1521,1003,623,9000,618,1511,0,600,924,3118,3084,324,420.557647,15.94979698,1,4,1,200,1,1,51,5,4,2.0
48,6,210,434761,436280,436280,437287,437287,437891,437923,445423,445423,446023,446055,446089,449209,1519,1007,604,7500,600,186,0,600,2284,3154,3120,1684,435.0093702,14.45172322,1,28,-8,190,-1,-1,49,20,28,1.0
48,6,211,449212,450735,450735,451745,451745,452347,452380,459380,459380,459982,460015,460049,463155,1523,1010,602,7000,602,763,0,600,1700,3140,3106,1100,448.9545424,13.94517214,0,20,-6,170,-1,1,51,14,20,2.0
48,6,212,463158,464677,464677,465682,465682,466287,466319,474819,474819,475451,475483,475517,478596,1519,1005,605,8500,632,214,0,600,2225,3113,3079,1625,464.3955019,15.44095955,1,7,13,150,1,1,51,20,7,2.0
48,6,213,478599,480126,480126,481130,481130,481734,481766,487766,487766,488396,488430,488463,491555,1527,1004,604,6000,630,161,0,600,2274,3125,3092,1674,477.3547698,12.95926785,1,5,9,150,1,1,51,14,5,2.0
48,6,214,491558,493081,493081,494088,494088,494694,494727,501227,501227,501842,501874,501908,505009,1523,1007,606,6500,615,262,0,600,2187,3135,3101,1587,490.8092054,13.45443568,1,2,5,150,1,1,51,7,2,2.0
48,6,215,505012,506536,506536,507544,507544,508152,508184,516184,516184,516784,516816,516850,519955,1524,1008,608,8000,600,794,0,600,1666,3139,3105,1066,505.754594,14.94538851,1,14,6,160,1,1,51,20,14,2.0
48,6,216,519957,521482,521482,522486,522486,523091,523123,531123,531123,531725,531759,531792,534893,1525,1004,605,8000,602,170,0,600,2294,3134,3101,1694,520.6924909,14.93789692,1,40,-26,210,-1,-1,49,14,40,1.0
49,1,1,78168,79691,79691,80707,80707,81317,81349,90349,90349,90966,90998,91033,94127,1523,1016,610,9000,617,1029,0,600,1405,3129,3094,805,15.97090754,15.97090754,1,79,-51,170,-1,-1,49,28,79,1.0
49,1,2,94131,95655,95655,96661,96661,97266,97298,105798,105798,106400,106433,106467,109571,1524,1006,605,8500,602,1014,0,600,1449,3138,3104,849,31.41250023,15.44159269,0,20,-6,190,-1,1,51,14,20,2.0
49,1,3,109573,111096,111096,112101,112101,112721,112754,119754,119754,120386,120418,120451,123531,1523,1005,620,7000,632,637,0,600,1783,3113,3080,1183,45.37300935,13.96050911,1,14,-7,190,-1,-1,49,7,14,1.0
49,1,4,123534,125061,125061,126068,126068,126676,126708,132708,132708,133327,133359,133394,136493,1527,1007,608,6000,619,264,0,600,2175,3134,3099,1575,58.33518554,12.96217619,1,79,-51,190,-1,-1,49,28,79,1.0
49,1,5,136495,138018,138018,139020,139020,139625,139657,147657,147657,148258,148290,148325,151436,1523,1002,605,8000,601,440,0,600,2029,3146,3111,1429,73.27778324,14.9425977,1,10,18,190,1,1,51,28,10,2.0
49,1,6,151438,152960,152960,153965,153965,154568,154601,161101,161101,161732,161764,161797,164874,1522,1005,603,6500,631,373,0,600,2066,3110,3077,1466,86.71610325,13.43832001,1,20,-10,170,-1,-1,49,10,20,1.0
49,1,7,164877,166400,166400,167409,167409,168015,168047,175547,175547,176165,176198,176231,179330,1523,1009,606,7500,618,301,0,600,2143,3132,3099,1543,101.1721617,14.45605846,1,57,-37,160,-1,-1,49,20,57,1.0
49,1,8,179333,180855,180855,181859,181859,182461,182494,188994,188994,189595,189627,189660,192780,1522,1004,602,6500,601,411,0,600,2060,3153,3120,1460,114.6226409,13.45047924,1,7,-2,160,-1,-1,49,5,7,1.0
49,1,9,192783,194308,194308,195316,195316,195921,195954,204954,204954,205555,205587,205622,208717,1525,1008,605,9000,601,263,0,600,2198,3130,3095,1598,130.5586155,15.9359746,1,20,-13,210,-1,-1,49,7,20,1.0
49,1,10,208719,210244,210244,211251,211251,211857,211889,220389,220389,220993,221026,221060,224173,1525,1007,606,8500,604,1285,0,600,1173,3147,3113,573,146.015239,15.45662349,0,10,18,160,1,-1,49,28,10,1.0
49,1,11,224176,225700,225700,226704,226704,227333,227366,234866,234866,235468,235500,235534,238615,1524,1004,629,7500,602,148,0,600,2293,3115,3081,1693,160.4566358,14.44139681,1,10,-5,180,-1,-1,49,5,10,1.0
49,1,12,238618,240141,240141,241147,241147,241752,241785,248785,248785,249387,249420,249454,252566,1523,1006,605,7000,602,1120,0,600,1344,3146,3112,744,174.4075674,13.95093157,0,21,-1,160,-1,1,51,20,21,2.0
49,1,13,252568,254092,254092,255098,255098,255701,255734,263734,263734,264334,264366,264400,267511,1524,1006,603,8000,600,213,0,600,2254,3145,3111,1654,189.3526931,14.94512573,1,14,-4,210,-1,-1,49,10,14,1.0
49,1,14,267514,269038,269038,270043,270043,270652,270684,276684,276684,277285,277317,277350,280449,1524,1005,609,6000,601,877,0,600,1584,3132,3099,984,202.291257,12.93856381,1,10,4,200,1,1,51,14,10,2.0
49,1,15,280452,281975,281975,282977,282977,283582,283614,290614,290614,291218,291250,291283,294396,1523,1002,605,7000,604,1059,0,600,1407,3146,3113,807,216.2384313,13.94717432,1,15,-1,210,-1,-1,49,14,15,1.0
49,1,16,294399,295918,295918,296923,296923,297554,297586,305586,305586,306218,306250,306284,309343,1519,1005,631,8000,632,609,0,600,1804,3093,3059,1204,231.1850378,14.94660657,1,6,-1,190,-1,-1,49,5,6,1.0
49,1,17,309346,310868,310868,311870,311870,312475,312508,321008,321008,321638,321670,321704,324785,1522,1002,605,8500,630,867,0,600,1574,3115,3081,974,246.6266601,15.44162222,0,7,3,170,1,-1,49,10,7,1.0
49,1,18,324787,326310,326310,327316,327316,327920,327953,335453,335453,336055,336088,336121,339247,1523,1006,604,7500,602,901,0,600,1564,3159,3126,964,261.0887425,14.46208247,1,10,4,200,1,1,51,14,10,2.0
49,1,19,339250,340774,340774,341778,341778,342381,342414,351414,351414,352014,352047,352080,355206,1524,1004,603,9000,600,130,0,600,2339,3159,3126,1739,277.0474354,15.95869287,1,20,-13,150,-1,-1,49,7,20,1.0
49,1,20,355208,356731,356731,357737,357737,358368,358400,364400,364400,365002,365034,365068,368168,1523,1006,631,6000,602,143,0,600,2295,3134,3100,1695,290.0097367,12.96230125,1,10,-5,190,-1,-1,49,5,10,1.0
49,1,21,368171,369693,369693,370700,370700,371329,371362,377862,377862,378496,378528,378563,381603,1522,1007,629,6500,634,177,0,600,2231,3075,3040,1631,303.4446285,13.43489184,1,10,-5,150,-1,-1,49,5,10,1.0
49,1,22,381606,383128,383128,384133,384133,384734,384767,393267,393267,393868,393901,393934,397063,1522,1005,601,8500,601,362,0,600,2109,3162,3129,1509,318.9043297,15.45970119,1,7,3,210,1,1,51,10,7,2.0
49,1,23,397064,398583,398583,399592,399592,400223,400256,407756,407756,408389,408421,408454,411497,1519,1009,631,7500,633,241,0,600,2167,3076,3043,1567,333.3384769,14.4341472,1,8,-1,150,-1,-1,49,7,8,1.0
49,1,24,411500,413024,413024,414029,414029,414633,414666,422666,422666,423298,423332,423366,426439,1524,1005,604,8000,632,40,0,600,2395,3107,3073,1795,348.2809073,14.94243045,1,20,-10,150,-1,-1,49,10,20,1.0
49,1,25,426442,427963,427963,428968,428968,429569,429601,435601,435601,436217,436250,436283,439384,1521,1005,601,6000,616,427,0,600,2030,3134,3101,1430,361.2253864,12.94447903,1,8,-1,200,-1,-1,49,7,8,1.0
49,1,26,439387,440908,440908,441912,441912,442517,442549,449549,449549,450154,450186,450219,453325,1521,1004,605,7000,605,80,0,600,2385,3139,3106,1785,375.1661434,13.94075704,1,40,-20,150,-1,-1,49,20,40,1.0
49,1,27,453327,454847,454847,455850,455850,456451,456484,462984,462984,463584,463617,463651,466781,1520,1003,601,6500,600,235,0,600,2241,3164,3130,1641,388.6231575,13.45701404,1,10,10,160,1,1,51,20,10,2.0
49,1,28,466784,468308,468308,469313,469313,469945,469977,478977,478977,479593,479626,479660,482740,1524,1005,632,9000,616,537,0,600,1886,3114,3080,1286,404.5817274,15.95856992,1,3,2,160,1,1,51,5,3,2.0
49,1,29,482743,484267,484267,485273,485273,485879,485912,491912,491912,492543,492576,492610,495704,1524,1006,606,6000,631,547,0,600,1886,3128,3094,1286,417.5452006,12.96347321,1,5,9,150,1,1,51,14,5,2.0
49,1,30,495707,497235,497235,498243,498243,498847,498880,506880,506880,507483,507515,507548,510651,1528,1008,604,8000,603,239,0,600,2218,3136,3103,1618,432.4931009,14.94790027,1,28,-8,210,-1,-1,49,20,28,1.0
49,1,31,510654,512174,512174,513176,513176,513784,513817,522817,522817,523419,523452,523485,526605,1520,1002,608,9000,602,341,0,600,2127,3153,3120,1527,448.4461738,15.95307297,1,20,8,170,1,1,51,28,20,2.0
49,1,32,526608,528123,528123,529125,529125,529727,529759,536759,536759,537359,537391,537425,540550,1515,1002,602,7000,600,257,0,600,2224,3159,3125,1624,462.3920331,13.94585922,1,20,-13,190,-1,-1,49,7,20,1.0
49,1,33,540553,542077,542077,543078,543078,543696,543728,550228,550228,550829,550861,550895,554013,1524,1001,618,6500,601,255,0,600,2201,3152,3118,1601,475.8544946,13.46246157,1,7,7,190,1,1,51,14,7,2.0
49,1,34,554016,555537,555537,556537,556537,557138,557170,565670,565670,566301,566333,566366,569472,1521,1000,601,8500,631,376,0,600,2071,3139,3106,1471,491.3139909,15.45949627,1,7,3,210,1,1,51,10,7,2.0
49,1,35,569475,571000,571000,572005,572005,572608,572641,580141,580141,580745,580778,580811,583936,1525,1005,603,7500,604,290,0,600,2173,3158,3125,1573,505.7773164,14.46332554,1,29,-1,150,-1,-1,49,28,29,1.0
49,1,36,583939,585462,585462,586467,586467,587071,587104,593604,593604,594234,594266,594299,597393,1523,1005,604,6500,630,323,0,600,2115,3127,3094,1515,519.2338875,13.45657106,1,14,6,150,1,1,51,20,14,2.0
49,2,37,18599,20120,20120,21134,21134,21752,21785,27785,27785,28386,28418,28455,31561,1521,1014,618,6000,601,488,0,600,1958,3143,3106,1358,12.9739536,12.9739536,1,7,7,200,1,1,51,14,7,2.0
49,2,38,31565,33085,33085,34089,34089,34694,34727,43227,43227,43859,43891,43925,47007,1520,1004,605,8500,632,118,0,600,2321,3116,3082,1721,28.41824098,15.44428737,1,28,-14,150,-1,-1,49,14,28,1.0
49,2,39,47009,48529,48529,49536,49536,50141,50173,57673,57673,58303,58335,58368,61450,1520,1007,605,7500,630,85,0,600,2353,3115,3082,1753,42.86051502,14.44227405,1,7,13,150,1,1,51,20,7,2.0
49,2,40,61452,62975,62975,63981,63981,64584,64617,71617,71617,72217,72249,72282,75412,1523,1006,603,7000,600,647,0,600,1821,3163,3130,1221,56.82368386,13.96316884,1,20,8,170,1,1,51,28,20,2.0
49,2,41,75415,76939,76939,77947,77947,78552,78584,86584,86584,87214,87247,87281,90351,1524,1008,605,8000,630,691,0,600,1742,3104,3070,1142,71.7620307,14.93834683,1,7,3,160,1,1,51,10,7,2.0
49,2,42,90354,91877,91877,92880,92880,93502,93534,102534,102534,103150,103182,103215,106295,1523,1003,622,9000,616,1993,0,600,443,3113,3080,-157,87.70644976,15.94441906,1,4,1,170,1,1,51,5,4,2.0
49,2,43,106298,107817,107817,108820,108820,109421,109453,115953,115953,116554,116587,116620,119732,1519,1003,601,6500,601,377,0,600,2099,3145,3112,1499,101.1436129,13.43716313,1,10,18,170,1,1,51,28,10,2.0
49,2,44,119735,121260,121260,122262,122262,122866,122898,130898,130898,131529,131561,131594,134681,1525,1002,604,8000,631,421,0,600,2017,3120,3087,1417,116.0921535,14.94854065,1,29,-1,150,-1,-1,49,28,29,1.0
49,2,45,134684,136205,136205,137211,137211,137818,137850,146850,146850,147450,147484,147517,150642,1521,1006,607,9000,600,30,0,600,2436,3158,3125,1836,132.0531927,15.96103919,1,10,18,170,1,1,51,28,10,2.0
49,2,46,150645,152166,152166,153173,153173,153780,153812,160812,160812,161416,161448,161481,164579,1521,1007,607,7000,604,1266,0,600,1195,3131,3098,595,145.9894645,13.93627173,1,20,-6,200,-1,-1,49,14,20,1.0
49,2,47,164582,166107,166107,167113,167113,167720,167752,175252,175252,175869,175901,175934,179037,1525,1006,607,7500,617,300,0,600,2145,3136,3103,1545,160.4484334,14.45896891,1,5,9,170,1,1,51,14,5,2.0
49,2,48,179040,180562,180562,181569,181569,182194,182226,188726,188726,189350,189382,189416,192493,1522,1007,625,6500,624,316,0,600,2106,3111,3077,1506,173.9040335,13.4556001,0,6,-1,150,-1,1,51,5,6,2.0
49,2,49,192496,194014,194014,195019,195019,195622,195655,204155,204155,204758,204790,204824,207931,1518,1005,603,8500,603,8,0,600,2463,3141,3107,1863,189.3421305,15.43809701,1,20,-10,150,-1,-1,49,10,20,1.0
49,2,50,207934,209455,209455,210460,210460,211064,211097,217097,217097,217727,217759,217793,220877,1521,1005,604,6000,630,479,0,600,1961,3118,3084,1361,202.2877688,12.94563833,1,14,6,150,1,1,51,20,14,2.0
49,2,51,220880,222403,222403,223407,223407,224010,224042,233042,233042,233643,233675,233708,236825,1523,1004,603,9000,601,218,0,600,2251,3150,3117,1651,218.2350977,15.94732891,1,40,-26,190,-1,-1,49,14,40,1.0
49,2,52,236828,238345,238345,239346,239346,239963,239995,247995,247995,248613,248646,248680,251788,1517,1001,617,8000,618,630,0,600,1817,3142,3108,1217,233.1985242,14.9634265,1,3,2,200,1,1,51,5,3,2.0
49,2,53,251791,253316,253316,254323,254323,254923,254956,263456,263456,264056,264089,264123,267232,1525,1007,600,8500,600,173,0,600,2295,3143,3109,1695,248.6426564,15.44413218,1,14,-7,190,-1,-1,49,7,14,1.0
49,2,54,267235,268754,268754,269759,269759,270378,270410,277410,277410,278013,278045,278078,281177,1519,1005,619,7000,603,1270,0,600,1184,3132,3099,584,262.5882571,13.94560066,1,14,-7,210,-1,-1,49,7,14,1.0
49,2,55,281180,282705,282705,283705,283705,284325,284357,290357,290357,290970,291002,291036,294128,1525,1000,620,6000,613,199,0,600,2243,3126,3092,1643,275.5386724,12.95041535,0,7,-2,190,-1,1,51,5,7,2.0
49,2,56,294131,295653,295653,296658,296658,297262,297295,304795,304795,305398,305430,305463,308585,1522,1005,604,7500,603,353,0,600,2113,3155,3122,1513,289.9953706,14.45669823,1,10,10,160,1,1,51,20,10,2.0
49,2,57,308588,310112,310112,311116,311116,311721,311753,318253,318253,318854,318887,318920,322050,1524,1004,605,6500,601,843,0,600,1623,3163,3130,1023,303.4604091,13.46503843,1,20,8,190,1,1,51,28,20,2.0
49,2,58,322053,323579,323579,324582,324582,325184,325216,331716,331716,332345,332378,332412,335515,1526,1003,602,6500,629,690,0,600,1750,3137,3103,1150,316.9252793,13.46487027,1,10,-3,150,-1,-1,49,7,10,1.0
49,2,59,335518,337040,337040,338043,338043,338674,338707,346207,346207,346837,346869,346902,349975,1522,1003,631,7500,630,1728,0,600,686,3106,3073,86,331.3861504,14.46087104,1,8,-1,150,-1,-1,49,7,8,1.0
49,2,60,349978,351498,351498,352508,352508,353108,353140,361140,361140,361757,361789,361822,364929,1520,1010,600,8000,617,338,0,600,2115,3140,3107,1515,346.3394527,14.9533023,1,4,3,150,1,1,51,7,4,2.0
49,2,61,364932,366459,366459,367465,367465,368070,368103,375103,375103,375705,375737,375770,378869,1527,1006,605,7000,602,1072,0,600,1388,3132,3099,788,360.279968,13.94051536,1,7,3,180,1,1,51,10,7,2.0
49,2,62,378872,380395,380395,381403,381403,382010,382042,390542,390542,391174,391207,391240,394327,1523,1008,607,8500,632,1063,0,600,1367,3120,3087,767,375.7375658,15.45759776,1,29,-1,190,-1,-1,49,28,29,1.0
49,2,63,394330,395851,395851,396857,396857,397458,397490,403490,403490,404106,404138,404172,407272,1521,1006,601,6000,616,328,0,600,2128,3134,3100,1528,388.6829679,12.94540207,1,4,6,200,1,1,51,10,4,2.0
49,2,64,407275,408797,408797,409799,409799,410407,410439,419439,419439,420072,420105,420139,423222,1522,1002,608,9000,633,828,0,600,1607,3117,3083,1007,404.6329975,15.95002962,1,40,-26,210,-1,-1,49,14,40,1.0
49,2,65,423225,424747,424747,425754,425754,426359,426393,435393,435393,436024,436057,436091,439188,1522,1007,605,9000,631,393,0,600,2042,3131,3097,1442,420.59856,15.96556248,1,7,13,190,1,1,51,20,7,2.0
49,2,66,439191,440709,440709,441711,441711,442317,442349,448349,448349,448953,448985,449018,452127,1518,1002,606,6000,604,1055,0,600,1415,3142,3109,815,433.5378775,12.93931749,1,28,-8,180,-1,-1,49,20,28,1.0
49,2,67,452130,453659,453659,454666,454666,455269,455301,461801,461801,462433,462466,462501,465582,1529,1007,603,6500,632,1121,0,600,1308,3116,3081,708,446.9927395,13.45486209,1,20,-13,170,-1,-1,49,7,20,1.0
49,2,68,465584,467107,467107,468114,468114,468735,468767,477267,477267,477880,477912,477945,481030,1523,1007,621,8500,613,1287,0,600,1149,3118,3085,549,462.440673,15.44793342,1,2,3,180,1,1,51,5,2,2.0
49,2,69,481033,482555,482555,483559,483559,484164,484196,492196,492196,492798,492830,492864,495970,1522,1004,605,8000,602,725,0,600,1742,3140,3106,1142,477.380249,14.93957605,1,57,-37,210,-1,-1,49,20,57,1.0
49,2,70,495973,497497,497497,498501,498501,499106,499139,506639,506639,507270,507302,507336,510410,1524,1004,605,7500,631,1180,0,600,1256,3108,3074,656,491.8205875,14.44033847,1,28,-18,150,-1,-1,49,10,28,1.0
49,2,71,510413,511937,511937,512940,512940,513558,513591,520591,520591,521203,521236,521270,524370,1524,1003,618,7000,612,396,0,600,2047,3134,3100,1447,505.779928,13.95934047,1,3,2,200,1,1,51,5,3,2.0
49,2,72,524373,525890,525890,526895,526895,527499,527532,534532,534532,535134,535167,535201,538330,1517,1005,604,7000,602,525,0,600,1947,3163,3129,1347,519.7407746,13.96084663,1,20,-10,150,-1,-1,49,10,20,1.0
49,3,73,17848,19370,19370,20378,20378,20996,21028,27028,27028,27658,27690,27726,30818,1522,1008,618,6000,630,443,0,600,1979,3128,3092,1379,12.98360317,12.98360317,1,7,7,170,1,1,51,14,7,2.0
49,3,74,30823,32348,32348,33354,33354,33959,33992,41492,41492,42092,42126,42159,45261,1525,1006,605,7500,600,556,0,600,1908,3135,3102,1308,27.4244913,14.44088813,1,20,-10,210,-1,-1,49,10,20,1.0
49,3,75,45264,46784,46784,47791,47791,48397,48429,56429,56429,57061,57094,57127,60198,1520,1007,606,8000,632,1630,0,600,805,3104,3071,205,42.36064912,14.93615782,1,11,-1,150,-1,-1,49,10,11,1.0
49,3,76,60200,61723,61723,62731,62731,63336,63368,71868,71868,72470,72503,72536,75638,1523,1008,605,8500,602,1047,0,600,1415,3135,3102,815,57.80113615,15.44048703,1,40,-26,150,-1,-1,49,14,40,1.0
49,3,77,75641,77161,77161,78168,78168,78772,78805,85305,85305,85905,85937,85970,89104,1520,1007,604,6500,600,915,0,600,1554,3167,3134,954,71.26680742,13.46567126,1,10,-3,160,-1,-1,49,7,10,1.0
49,3,78,89106,90630,90630,91634,91634,92236,92268,99268,99268,99900,99932,99966,103046,1524,1004,602,7000,632,1119,0,600,1319,3114,3080,719,85.20932164,13.94251422,1,8,-1,150,-1,-1,49,7,8,1.0
49,3,79,103049,104570,104570,105577,105577,106183,106217,115217,115217,115821,115853,115886,119012,1521,1007,606,9000,604,1487,0,600,975,3159,3126,375,101.1755712,15.96624956,1,15,-1,180,-1,-1,49,14,15,1.0
49,3,80,119015,120536,120536,121541,121541,122146,122178,131178,131178,131780,131813,131846,134959,1521,1005,605,9000,602,473,0,600,1994,3146,3113,1394,117.1217607,15.9461895,1,40,-20,170,-1,-1,49,20,40,1.0
49,3,81,134962,136486,136486,137489,137489,138095,138127,146127,146127,146743,146776,146809,149916,1524,1003,606,8000,616,591,0,600,1860,3140,3107,1260,132.0795899,14.9578292,1,10,18,180,1,1,51,28,10,2.0
49,3,82,149919,151442,151442,152448,152448,153054,153086,161586,161586,162190,162222,162255,165362,1523,1006,606,8500,604,530,0,600,1931,3140,3107,1331,147.5250348,15.44544486,0,21,-1,200,-1,1,51,20,21,2.0
49,3,83,165365,166891,166891,167899,167899,168522,168554,175054,175054,175685,175718,175751,178816,1526,1008,623,6500,631,908,0,600,1504,3098,3065,904,160.9782656,13.45323088,1,14,-9,160,-1,-1,49,5,14,1.0
49,3,84,178817,180344,180344,181346,181346,181948,181981,188981,188981,189611,189644,189678,192757,1527,1002,602,7000,630,570,0,600,1869,3113,3079,1269,174.9196197,13.94135402,1,20,8,190,1,1,51,28,20,2.0
49,3,85,192760,194281,194281,195283,195283,195889,195921,201921,201921,202552,202585,202618,205717,1521,1002,606,6000,631,426,0,600,2014,3132,3099,1414,187.8796599,12.96004021,1,7,13,150,1,1,51,20,7,2.0
49,3,86,205720,207241,207241,208251,208251,208853,208886,216386,216386,217019,217051,217085,220162,1521,1010,602,7500,633,1088,0,600,1346,3111,3077,746,202.3254187,14.44575887,0,11,-1,190,-1,1,51,10,11,2.0
49,3,87,220165,221687,221687,222690,222690,223292,223324,229324,229324,229942,229974,230008,233113,1522,1003,602,6000,618,529,0,600,1926,3139,3105,1326,215.2765109,12.95109219,1,5,2,180,1,1,51,7,5,2.0
49,3,88,233116,234636,234636,235643,235643,236248,236281,242781,242781,243411,243443,243477,246552,1520,1007,605,6500,630,1147,0,600,1291,3109,3075,691,228.7151311,13.43862016,1,40,-20,160,-1,-1,49,20,40,1.0
49,3,89,246555,248077,248077,249081,249081,249686,249718,258718,258718,259321,259355,259389,262514,1522,1004,605,9000,603,1551,0,600,915,3159,3125,315,244.677351,15.96221989,1,14,14,150,1,1,51,28,14,2.0
49,3,90,262517,264038,264038,265046,265046,265649,265681,273681,273681,274282,274315,274350,277459,1521,1008,603,8000,601,988,0,600,1479,3144,3109,879,259.6214768,14.94412585,1,14,-7,160,-1,-1,49,7,14,1.0
49,3,91,277462,278981,278981,279987,279987,280587,280619,288119,288119,288742,288775,288808,291903,1519,1006,600,7500,623,714,0,600,1738,3128,3095,1138,274.0660933,14.44461645,1,5,2,170,1,1,51,7,5,2.0
49,3,92,291905,293429,293429,294431,294431,295049,295082,303582,303582,304182,304214,304248,307355,1524,1002,618,8500,600,237,0,600,2219,3141,3107,1619,289.5174874,15.45139414,1,10,-5,180,-1,-1,49,5,10,1.0
49,3,93,307358,308879,308879,309886,309886,310493,310525,317525,317525,318141,318174,318208,321321,1521,1007,607,7000,616,1024,0,600,1425,3147,3113,825,303.483438,13.96595062,1,57,-37,210,-1,-1,49,20,57,1.0
49,3,94,321324,322844,322844,323847,323847,324452,324484,330984,330984,331584,331616,331649,334768,1520,1003,605,6500,600,801,0,600,1671,3152,3119,1071,316.9300316,13.44659362,1,10,4,190,1,1,51,14,10,2.0
49,3,95,334770,336284,336284,337289,337289,337894,337927,346427,346427,347050,347082,347116,350228,1514,1005,605,8500,623,500,0,600,1953,3146,3112,1353,332.3900493,15.46001761,1,5,5,200,1,1,51,10,5,2.0
49,3,96,350231,351752,351752,352754,352754,353372,353404,360904,360904,361528,361561,361594,364644,1521,1002,618,7500,624,-1,2501,0,534,3083,3050,-66,346.8066024,14.41655311,-1,6,-1,170,-1,-2,-1,5,6,
49,3,97,364647,366170,366170,367174,367174,367778,367810,376810,376810,377428,377460,377493,380594,1523,1004,604,9000,618,1531,0,600,920,3134,3101,320,362.756475,15.94987262,1,5,5,210,1,1,51,10,5,2.0
49,3,98,380597,382116,382116,383116,383116,383734,383767,390767,390767,391367,391401,391434,394556,1519,1000,618,7000,600,646,0,600,1817,3155,3122,1217,376.719036,13.96256102,1,40,-26,160,-1,-1,49,14,40,1.0
49,3,99,394559,396078,396078,397081,397081,397700,397733,403733,403733,404365,404397,404431,407490,1519,1003,619,6000,632,641,0,600,1786,3093,3059,1186,389.6521396,12.93310362,1,7,-2,200,-1,-1,49,5,7,1.0
49,3,100,407492,409011,409011,410017,410017,410621,410653,418653,418653,419253,419285,419318,422421,1519,1006,604,8000,600,433,0,600,2038,3136,3103,1438,404.5840306,14.93189099,1,10,10,170,1,1,51,20,10,2.0
49,3,101,422424,423944,423944,424946,424946,425552,425586,431586,431586,432219,432251,432285,435361,1520,1002,606,6000,633,1149,0,600,1290,3110,3076,690,417.5235021,12.93947148,0,29,-1,190,-1,1,51,28,29,2.0
49,3,102,435364,436886,436886,437888,437888,438493,438526,446026,446026,446626,446658,446691,449805,1522,1002,605,7500,600,1154,0,600,1317,3147,3114,717,431.9676165,14.4441144,1,10,-3,150,-1,-1,49,7,10,1.0
49,3,103,449808,451331,451331,452341,452341,452949,452981,459981,459981,460582,460614,460647,463766,1523,1010,608,7000,601,838,0,600,1620,3152,3119,1020,445.9284978,13.96088128,1,29,-1,180,-1,-1,49,28,29,1.0
49,3,104,463769,465296,465296,466302,466302,466925,466957,473457,473457,474070,474102,474135,477202,1527,1006,623,6500,613,1114,0,600,1317,3100,3067,717,459.3644543,13.43595652,1,4,1,210,1,1,51,5,4,2.0
49,3,105,477205,478727,478727,479732,479732,480338,480370,488870,488870,489503,489536,489569,492641,1522,1005,606,8500,633,1079,0,600,1355,3105,3072,755,474.8038227,15.43936842,0,29,-1,150,-1,1,51,28,29,2.0
49,3,106,492644,494166,494166,495172,495172,495779,495812,504812,504812,505445,505477,505510,508590,1522,1006,607,9000,633,470,0,600,1962,3113,3080,1362,490.7520822,15.94825949,1,10,4,210,1,1,51,14,10,2.0
49,3,107,508593,510108,510108,511113,511113,511718,511752,519753,519753,520384,520416,520450,523532,1515,1005,605,8001,631,832,0,600,1611,3116,3082,1011,505.6945509,14.94246872,1,7,3,180,1,1,51,10,7,2.0
49,3,108,523534,525046,525046,526046,526046,526666,526699,533699,533699,534312,534344,534378,537492,1512,1000,620,7000,613,541,0,600,1914,3148,3114,1314,519.6547544,13.96020354,1,3,2,170,1,1,51,5,3,2.0
49,4,109,59634,61157,61157,62176,62177,62795,62827,71327,71327,71928,71961,71998,75094,1523,1019,618,8500,601,934,0,600,1505,3133,3096,905,15.47168413,15.47168413,0,29,-1,200,-1,1,51,28,29,2.0
49,4,110,75099,76625,76625,77628,77628,78234,78267,84767,84767,85369,85401,85434,88554,1526,1003,606,6500,602,449,0,600,2014,3153,3120,1414,28.93034445,13.45866032,1,20,8,210,1,1,51,28,20,2.0
49,4,111,88557,90082,90082,91089,91089,91707,91739,98739,98739,99340,99374,99408,102513,1525,1007,618,7000,601,401,0,600,2048,3139,3105,1448,42.88870915,13.9583647,1,10,-5,160,-1,-1,49,5,10,1.0
49,4,112,102515,104035,104035,105040,105040,105660,105692,113692,113692,114321,114353,114387,117465,1520,1005,620,8000,629,373,0,600,2053,3112,3078,1453,57.84064723,14.95193808,1,10,-5,150,-1,-1,49,5,10,1.0
49,4,113,117468,118989,118989,119995,119995,120598,120632,126632,126632,127252,127285,127318,130418,1521,1006,603,6000,620,460,0,600,1990,3133,3100,1390,70.79348153,12.9528343,1,5,5,200,1,1,51,10,5,2.0
49,4,114,130420,131945,131945,132948,132948,133551,133584,141084,141084,141685,141718,141751,144876,1525,1003,603,7500,601,520,0,600,1948,3158,3125,1348,85.25175793,14.4582764,1,29,-1,170,-1,-1,49,28,29,1.0
49,4,115,144879,146398,146398,147402,147402,148010,148042,157042,157042,157674,157707,157742,160812,1519,1004,608,9000,632,624,0,600,1813,3105,3070,1213,101.1868029,15.93504493,0,15,-1,180,-1,1,51,14,15,2.0
49,4,116,160814,162341,162341,163347,163347,163951,163984,171484,171484,172085,172119,172152,175253,1527,1006,604,7500,601,464,0,600,1998,3134,3101,1398,115.6287159,14.44191303,1,40,-26,200,-1,-1,49,14,40,1.0
49,4,117,175256,176779,176779,177786,177786,178392,178424,184924,184924,185525,185558,185593,188718,1523,1007,606,6500,601,1032,0,600,1431,3160,3125,831,129.0938095,13.46509357,1,20,8,160,1,1,51,28,20,2.0
49,4,118,188721,190251,190251,191257,191257,191864,191897,199897,199897,200497,200529,200563,203676,1530,1006,607,8000,600,1444,0,600,1013,3147,3113,413,144.0505818,14.95677236,1,14,6,190,1,1,51,20,14,2.0
49,4,119,203678,205196,205196,206199,206199,206805,206838,215338,215338,215939,215972,216005,219111,1518,1003,606,8500,601,371,0,600,2101,3139,3106,1501,159.4869985,15.43641668,1,28,-8,210,-1,-1,49,20,28,1.0
49,4,120,219114,220639,220639,221643,221643,222248,222281,229281,229281,229912,229944,229978,233057,1525,1004,605,7000,631,466,0,600,1969,3113,3079,1369,173.4317732,13.94477466,1,7,13,210,1,1,51,20,7,2.0
49,4,121,233059,234583,234583,235590,235590,236223,236255,242255,242255,242876,242910,242944,246010,1524,1007,633,6000,621,974,0,600,1441,3100,3066,841,186.386047,12.95427385,1,4,1,170,1,1,51,5,4,2.0
49,4,122,246013,247532,247532,248534,248534,249163,249195,258195,258195,258812,258844,258877,261954,1519,1002,629,9000,617,632,0,600,1801,3110,3077,1201,202.3303217,15.94427472,1,3,2,180,1,1,51,5,3,2.0
49,4,123,261958,263483,263483,264492,264492,265098,265131,271131,271131,271749,271782,271815,274892,1525,1009,606,6000,618,1214,0,600,1228,3110,3077,628,215.26744,12.93711823,1,5,9,180,1,1,51,14,5,2.0
49,4,124,274895,276413,276413,277415,277415,278018,278050,285550,285550,286153,286186,286219,289351,1518,1002,603,7500,603,820,0,600,1654,3165,3132,1054,229.7268314,14.4593914,1,20,-10,150,-1,-1,49,10,20,1.0
49,4,125,289354,290877,290877,291882,291882,292485,292518,299518,299518,300135,300167,300201,303299,1523,1005,603,7000,617,559,0,600,1893,3132,3098,1293,243.6742359,13.94740455,1,4,3,200,1,1,51,7,4,2.0
49,4,126,303302,304823,304823,305825,305825,306440,306473,315473,315473,316074,316106,316139,319243,1521,1002,615,9000,601,916,0,600,1545,3137,3104,945,259.6180176,15.94378171,1,40,-26,170,-1,-1,49,14,40,1.0
49,4,127,319246,320765,320765,321766,321766,322382,322414,330914,330914,331546,331580,331614,334681,1519,1001,616,8500,632,1204,0,600,1228,3101,3067,628,275.05683,15.43881242,1,14,-4,190,-1,-1,49,10,14,1.0
49,4,128,334684,336210,336210,337217,337217,337822,337854,345854,345854,346485,346519,346552,349615,1526,1007,605,8000,631,1204,0,600,1227,3096,3063,627,289.9904734,14.93364334,1,29,-1,150,-1,-1,49,28,29,1.0
49,4,129,349618,351140,351140,352145,352145,352747,352779,359279,359279,359879,359912,359946,363066,1522,1005,602,6500,600,1226,0,600,1245,3154,3120,645,303.4411786,13.45070525,1,40,-26,200,-1,-1,49,14,40,1.0
49,4,130,363069,364593,364593,365597,365597,366206,366239,372739,372739,373371,373403,373436,376528,1524,1004,609,6500,632,515,0,600,1916,3125,3092,1316,316.9030526,13.46187394,1,7,13,180,1,1,51,20,7,2.0
49,4,131,376530,378050,378050,379053,379053,379685,379718,386718,386718,387319,387352,387385,390491,1520,1003,632,7000,601,794,0,600,1650,3139,3106,1050,330.8666927,13.96364016,1,10,-3,150,-1,-1,49,7,10,1.0
49,4,132,390494,392018,392018,393024,393024,393631,393664,399664,399664,400275,400307,400340,403443,1524,1006,607,6000,611,1014,0,600,1438,3136,3103,838,343.8181541,12.95146134,1,4,6,180,1,1,51,10,4,2.0
49,4,133,403446,404968,404968,405970,405970,406574,406606,415106,415106,415706,415739,415773,418902,1522,1002,604,8500,600,713,0,600,1759,3163,3129,1159,359.2775931,15.45943902,1,10,-3,160,-1,-1,49,7,10,1.0
49,4,134,418905,420424,420424,421425,421425,422028,422060,431060,431060,431676,431709,431742,434859,1519,1001,603,9000,616,477,0,600,1984,3150,3117,1384,375.2334499,15.95585685,1,4,6,190,1,1,51,10,4,2.0
49,4,135,434861,436381,436381,437386,437386,437990,438023,446023,446023,446654,446687,446721,449796,1520,1005,604,8000,631,884,0,600,1556,3109,3075,956,390.1713062,14.93785623,1,7,3,210,1,1,51,10,7,2.0
49,4,136,449799,451318,451318,452324,452324,452930,452963,460463,460463,461093,461126,461160,464258,1519,1006,606,7500,630,742,0,600,1697,3132,3098,1097,404.6330071,14.46170096,1,14,-7,210,-1,-1,49,7,14,1.0
49,4,137,464261,465785,465785,466788,466788,467391,467424,476424,476424,477056,477089,477123,480222,1524,1003,603,9000,632,363,0,600,2075,3133,3099,1475,420.596757,15.96374985,1,7,13,190,1,1,51,20,7,2.0
49,4,138,480225,481745,481745,482751,482751,483383,483415,491415,491415,492044,492077,492110,495182,1520,1006,632,8000,629,723,0,600,1690,3105,3072,1090,435.5568813,14.96012429,1,6,-1,160,-1,-1,49,5,6,1.0
49,4,139,495185,496709,496709,497710,497710,498316,498349,505349,505349,505967,505999,506032,509118,1524,1001,606,7000,618,705,0,600,1746,3119,3086,1146,449.4933793,13.93649804,1,79,-51,150,-1,-1,49,28,79,1.0
49,4,140,509121,510645,510645,511649,511649,512280,512312,519812,519812,520428,520460,520493,523577,1524,1004,631,7500,616,801,0,600,1624,3117,3084,1024,463.9517259,14.45834662,1,3,2,150,1,1,51,5,3,2.0
49,4,141,523580,525100,525100,526107,526107,526713,526745,532745,532745,533346,533379,533413,536533,1520,1007,606,6000,601,773,0,600,1693,3154,3120,1093,476.907933,12.95620702,1,28,-8,160,-1,-1,49,20,28,1.0
49,4,142,536536,538053,538053,539060,539060,539665,539698,546198,546198,546823,546855,546889,549974,1517,1007,605,6500,625,768,0,600,1678,3119,3085,1078,490.3490459,13.44111294,1,5,2,160,1,1,51,7,5,2.0
49,4,143,549977,551497,551497,552501,552501,553105,553137,561637,561637,562263,562296,562329,565423,1520,1004,604,8500,626,515,0,600,1931,3127,3094,1331,505.7975817,15.44853582,1,5,9,200,1,1,51,14,5,2.0
49,4,144,565426,566950,566950,567958,567958,568561,568594,575594,575594,576195,576228,576261,579383,1524,1008,603,7000,601,288,0,600,2176,3155,3122,1576,519.7572555,13.95967377,1,20,-13,170,-1,-1,49,7,20,1.0
49,5,145,17913,19439,19439,20460,20460,21072,21104,29604,29604,30238,30271,30307,33355,1526,1021,612,8500,634,432,0,600,1975,3084,3048,1375,15.45459931,15.45459931,1,20,-6,210,-1,-1,49,14,20,1.0
49,5,146,33360,34882,34882,35885,35885,36491,36525,44525,44525,45142,45176,45209,48306,1522,1003,606,8000,617,487,0,600,1965,3130,3097,1365,30.40335965,14.94876033,1,56,-28,170,-1,-1,49,28,56,1.0
49,5,147,48308,49834,49834,50838,50838,51442,51475,60475,60475,61076,61109,61142,64251,1526,1004,604,9000,601,501,0,600,1964,3142,3109,1364,46.34915558,15.94579594,0,28,-8,210,-1,1,51,20,28,2.0
49,5,148,64254,65777,65777,66783,66783,67385,67419,73919,73919,74519,74552,74586,77714,1523,1006,602,6500,600,1169,0,600,1300,3162,3128,700,59.81094183,13.46178624,1,6,-1,180,-1,-1,49,5,6,1.0
49,5,149,77716,79238,79238,80246,80246,80847,80879,87879,87879,88480,88512,88546,91653,1522,1008,601,7000,601,1668,0,600,800,3141,3107,200,73.7505917,13.93964988,0,14,6,200,1,-1,49,20,14,1.0
49,5,150,91656,93181,93181,94187,94187,94796,94829,102329,102329,102956,102988,103022,106095,1525,1006,609,7500,627,492,0,600,1941,3107,3073,1341,88.19187581,14.44128411,1,10,4,160,1,1,51,14,10,2.0
49,5,151,106097,107622,107622,108627,108627,109234,109266,115266,115266,115897,115929,115962,119040,1525,1005,607,6000,631,434,0,600,1998,3111,3078,1398,101.1373412,12.94546536,1,5,5,210,1,1,51,10,5,2.0
49,5,152,119043,120567,120567,121567,121567,122168,122201,129701,129701,130314,130346,130380,133487,1524,1000,601,7500,613,627,0,600,1835,3141,3107,1235,115.5842165,14.44687538,1,2,5,170,1,1,51,7,2,2.0
49,5,153,133490,135013,135013,136017,136017,136623,136655,143155,143155,143789,143821,143854,146921,1523,1004,606,6500,634,718,0,600,1715,3100,3067,1115,129.0184771,13.43426051,1,21,-1,190,-1,-1,49,20,21,1.0
49,5,154,146924,148447,148447,149450,149450,150055,150088,158088,158088,158720,158753,158786,161877,1523,1003,605,8000,632,1101,0,600,1336,3124,3091,736,143.9743059,14.95582883,1,20,-13,160,-1,-1,49,7,20,1.0
49,5,155,161880,163403,163403,164410,164410,165013,165045,174045,174045,174662,174694,174728,177831,1523,1007,603,9000,617,272,0,600,2178,3137,3103,1578,159.9282275,15.95392158,1,79,-51,150,-1,-1,49,28,79,1.0
49,5,156,177834,179355,179355,180357,180357,180982,181015,189515,189515,190116,190148,190182,193296,1521,1002,625,8500,601,509,0,600,1942,3148,3114,1342,175.3939964,15.4657689,1,10,-5,210,-1,-1,49,5,10,1.0
49,5,157,193299,194827,194827,195835,195835,196440,196473,203473,203473,204104,204136,204169,207254,1528,1008,605,7000,631,217,0,600,2211,3118,3085,1611,189.3519771,13.95798078,1,28,-18,210,-1,-1,49,10,28,1.0
49,5,158,207257,208782,208782,209788,209788,210392,210425,216425,216425,217043,217075,217108,220207,1525,1006,604,6000,618,586,0,600,1861,3132,3099,1261,202.3050094,12.95303229,1,4,3,200,1,1,51,7,4,2.0
49,5,159,220210,221737,221737,222744,222744,223349,223381,232381,232381,232985,233019,233053,236162,1527,1007,605,9000,604,633,0,600,1824,3143,3109,1224,218.2598631,15.95485365,1,11,-1,150,-1,-1,49,10,11,1.0
49,5,160,236165,237688,237688,238695,238695,239301,239334,245834,245834,246435,246467,246500,249606,1523,1007,606,6500,601,1534,0,600,929,3139,3106,329,231.7036366,13.44377357,0,20,-6,210,-1,1,51,14,20,2.0
49,5,161,249609,251134,251134,252140,252140,252741,252773,260773,260773,261387,261421,261454,264554,1525,1006,601,8000,614,718,0,600,1736,3133,3100,1136,246.6508999,14.94726322,1,4,1,180,1,1,51,5,4,2.0
49,5,162,264557,266082,266082,267086,267086,267689,267721,276221,276221,276852,276885,276918,280000,1525,1004,603,8500,631,833,0,600,1604,3115,3082,1004,262.0977306,15.44683078,1,14,-7,190,-1,-1,49,7,14,1.0
49,5,163,280003,281523,281523,282527,282527,283128,283161,290661,290661,291263,291295,291328,294433,1520,1004,601,7500,602,1794,0,600,679,3138,3105,79,276.5303425,14.43261182,1,10,-5,150,-1,-1,49,5,10,1.0
49,5,164,294435,295960,295960,296968,296968,297574,297606,304606,304606,305238,305270,305304,308385,1525,1008,606,7000,632,1153,0,600,1276,3115,3081,676,290.4822091,13.95186666,1,7,3,210,1,1,51,10,7,2.0
49,5,165,308388,309910,309910,310919,310919,311524,311556,317556,317556,318157,318189,318223,321347,1522,1009,605,6000,601,937,0,600,1526,3158,3124,926,303.4445254,12.96231632,1,15,-1,180,-1,-1,49,14,15,1.0
49,5,166,321350,322874,322874,323878,323878,324482,324515,330515,330515,331115,331148,331182,334307,1524,1004,604,6000,600,877,0,600,1591,3159,3125,991,316.404635,12.96010952,1,14,6,200,1,1,51,20,14,2.0
49,5,167,334310,335828,335828,336832,336832,337438,337470,343970,343970,344601,344634,344668,347745,1518,1004,606,6500,631,692,0,600,1749,3111,3077,1149,329.8419009,13.43726589,1,10,10,210,1,1,51,20,10,2.0
49,5,168,347747,349270,349270,350277,350277,350880,350913,357913,357913,358531,358563,358597,361705,1523,1007,603,7000,618,368,0,600,2081,3142,3108,1481,343.8018534,13.95995252,1,4,3,200,1,1,51,7,4,2.0
49,5,169,361708,363232,363232,364239,364239,364870,364903,373903,373903,374532,374566,374599,377667,1524,1007,631,9000,629,1432,0,600,977,3101,3068,377,359.7645988,15.96274544,1,7,-2,200,-1,-1,49,5,7,1.0
49,5,170,377670,379190,379190,380193,380193,380816,380849,388849,388849,389467,389499,389533,392602,1520,1003,623,8000,618,1693,0,600,743,3103,3069,143,374.6995175,14.93491866,0,15,-1,150,-1,1,51,14,15,2.0
49,5,171,392605,394129,394129,395132,395132,395760,395793,404293,404293,404909,404941,404975,408050,1524,1003,628,8500,616,369,0,600,2060,3109,3075,1460,390.1471857,15.44766823,1,4,6,190,1,1,51,10,4,2.0
49,5,172,408053,409575,409575,410577,410577,411183,411215,418715,418715,419332,419364,419398,422487,1522,1002,606,7500,617,513,0,600,1940,3123,3089,1340,404.5832799,14.43609423,1,2,5,200,1,1,51,7,2,2.0
49,5,173,422490,424010,424010,425015,425015,425621,425654,431654,431654,432260,432293,432326,435428,1520,1005,606,6000,606,1340,0,600,1123,3135,3102,523,417.5245927,12.94131273,1,40,-12,150,-1,-1,49,28,40,1.0
49,5,174,435431,436950,436950,437956,437956,438559,438591,447591,447591,448211,448243,448276,451366,1519,1006,603,9000,620,645,0,600,1807,3123,3090,1207,433.4625218,15.93792916,1,56,-28,170,-1,-1,49,28,56,1.0
49,5,175,451369,452891,452891,453895,453895,454500,454533,462033,462033,462665,462698,462732,465809,1522,1004,605,7500,632,1245,0,600,1192,3111,3077,592,447.9057563,14.44323445,1,10,4,190,1,1,51,14,10,2.0
49,5,176,465812,467335,467335,468339,468339,468971,469004,477504,477504,478123,478156,478189,481263,1523,1004,632,8500,619,696,0,600,1726,3107,3074,1126,463.3601145,15.45435823,1,14,-9,200,-1,-1,49,5,14,1.0
49,5,177,481266,482784,482784,483789,483789,484392,484425,490925,490925,491543,491575,491608,494699,1518,1005,603,6500,618,582,0,600,1874,3124,3091,1274,476.7954014,13.43528691,1,57,-37,180,-1,-1,49,20,57,1.0
49,5,178,494702,496226,496226,497232,497232,497840,497872,505872,505872,506488,506522,506555,509646,1524,1006,608,8000,616,873,0,600,1573,3124,3091,973,491.7427186,14.94731716,1,56,-28,200,-1,-1,49,28,56,1.0
49,5,179,509649,511167,511167,512169,512169,512774,512806,519806,519806,520438,520472,520506,523611,1518,1002,605,7000,632,725,0,600,1718,3139,3105,1118,505.7075747,13.96485611,1,11,-1,160,-1,-1,49,10,11,1.0
49,5,180,523614,525133,525133,526135,526135,526739,526771,533271,533271,533872,533904,533938,537066,1519,1002,604,6500,601,1685,0,600,789,3162,3128,189,519.1622503,13.45467556,1,14,14,190,1,1,51,28,14,2.0
49,6,181,18115,19643,19643,20655,20655,21262,21295,29795,29795,30415,30448,30483,33567,1528,1012,607,8500,620,460,0,600,1973,3119,3084,1373,15.46400569,15.46400569,1,3,2,190,1,1,51,5,3,2.0
49,6,182,33572,35095,35095,36098,36098,36705,36738,42738,42738,43338,43371,43405,46522,1523,1003,607,6000,600,600,0,600,1867,3151,3117,1267,28.41648982,12.95248413,1,27,1,160,1,1,51,28,27,2.0
49,6,183,46524,48051,48051,49056,49056,49659,49692,56692,56692,57292,57325,57359,60473,1527,1005,603,7000,600,279,0,600,2186,3148,3114,1586,42.36725685,13.95076703,1,9,1,200,1,1,51,10,9,2.0
49,6,184,60475,61997,61997,63001,63001,63607,63641,72641,72641,73256,73288,73321,76436,1522,1004,606,9000,615,407,0,600,2046,3148,3115,1446,58.33060168,15.96334483,1,56,-28,170,-1,-1,49,28,56,1.0
49,6,185,76439,77961,77961,78963,78963,79567,79599,86099,86099,86719,86751,86784,89892,1522,1002,604,6500,620,561,0,600,1891,3141,3108,1291,71.78597999,13.45537831,1,7,13,170,1,1,51,20,7,2.0
49,6,186,89894,91418,91418,92422,92422,93031,93063,100563,100563,101193,101226,101260,104351,1524,1004,609,7500,630,1230,0,600,1203,3125,3091,603,86.24514659,14.45916659,0,10,4,160,1,-1,49,14,10,1.0
49,6,187,104354,105869,105869,106874,106874,107491,107523,115523,115523,116124,116158,116191,119316,1515,1005,617,8000,601,840,0,600,1622,3158,3125,1022,101.2106645,14.96551788,1,7,-2,160,-1,-1,49,5,7,1.0
49,6,188,119318,120838,120838,121843,121843,122460,122492,128993,128993,129625,129657,129693,132774,1520,1005,617,6501,632,696,0,600,1729,3117,3081,1129,114.6683894,13.45772493,1,20,-13,180,-1,-1,49,7,20,1.0
49,6,189,132776,134299,134299,135305,135305,135909,135941,141941,141941,142543,142576,142609,145732,1523,1006,604,6000,602,419,0,600,2046,3156,3123,1446,127.6271582,12.95876881,1,7,13,190,1,1,51,20,7,2.0
49,6,190,145735,147262,147262,148267,148267,148871,148904,157904,157904,158506,158539,158572,161668,1527,1005,604,9000,602,551,0,600,1911,3129,3096,1311,143.5620519,15.93489365,1,14,14,180,1,1,51,28,14,2.0
49,6,191,161671,163194,163194,164199,164199,164806,164839,172339,172339,172941,172974,173008,176130,1523,1005,607,7500,602,285,0,600,2178,3156,3122,1578,158.0244113,14.46235941,1,28,-8,190,-1,-1,49,20,28,1.0
49,6,192,176132,177654,177654,178657,178657,179261,179293,187293,187293,187919,187951,187985,191089,1522,1003,604,8000,626,755,0,600,1690,3138,3104,1090,172.9834688,14.95905751,1,5,9,180,1,1,51,14,5,2.0
49,6,193,191091,192611,192611,193618,193618,194224,194256,201256,201256,201873,201906,201940,205035,1520,1007,606,7000,617,456,0,600,1994,3129,3095,1394,186.9285511,13.94508234,1,4,3,180,1,1,51,7,4,2.0
49,6,194,205037,206561,206561,207563,207563,208165,208198,216698,216698,217299,217331,217364,220496,1524,1002,602,8500,601,460,0,600,2011,3165,3132,1411,202.390381,15.46182994,1,40,-26,170,-1,-1,49,14,40,1.0
49,6,195,220499,222017,222017,223020,223020,223628,223660,229660,229660,230292,230325,230359,233452,1518,1003,608,6000,632,388,0,600,2051,3127,3093,1451,215.3465811,12.95620009,1,10,18,170,1,1,51,28,10,2.0
49,6,196,233454,234975,234975,235978,235978,236599,236632,243132,243132,243756,243789,243822,246910,1521,1003,621,6500,624,253,0,600,2178,3121,3088,1578,228.8049353,13.45835415,1,14,-9,150,-1,-1,49,5,14,1.0
49,6,197,246913,248431,248431,249436,249436,250041,250073,257074,257074,257707,257740,257773,260848,1518,1005,605,7001,633,433,0,600,2005,3108,3075,1405,242.7424703,13.93753499,1,40,-26,170,-1,-1,49,14,40,1.0
49,6,198,260851,262372,262372,263377,263377,263978,264010,271510,271510,272121,272154,272187,275304,1521,1005,601,7500,611,604,0,600,1858,3150,3117,1258,257.1982566,14.45578634,1,3,2,200,1,1,51,5,3,2.0
49,6,199,275306,276825,276825,277830,277830,278458,278490,286990,286990,287605,287638,287671,290752,1519,1005,628,8500,615,2191,0,600,242,3114,3081,-358,272.6469042,15.44864763,1,2,3,190,1,1,51,5,2,2.0
49,6,200,290755,292278,292278,293285,293285,293886,293918,302918,302918,303550,303582,303616,306694,1523,1007,601,9000,632,570,0,600,1867,3112,3078,1267,288.5888284,15.94192418,1,14,-4,200,-1,-1,49,10,14,1.0
49,6,201,306698,308219,308219,309223,309223,309826,309859,317859,317859,318491,318523,318556,321633,1521,1004,603,8000,632,208,0,600,2232,3110,3077,1632,303.5266804,14.93785202,1,14,-7,190,-1,-1,49,7,14,1.0
49,6,202,321635,323158,323158,324160,324160,324789,324821,332321,332321,332940,332972,333005,336076,1523,1002,629,7500,619,303,0,600,2124,3104,3071,1524,317.9706044,14.44392394,1,4,6,200,1,1,51,10,4,2.0
49,6,203,336080,337601,337601,338603,338603,339233,339265,347765,347765,348398,348431,348464,351539,1521,1002,630,8500,633,368,0,600,2046,3108,3075,1446,333.4330431,15.46243867,1,14,-9,210,-1,-1,49,5,14,1.0
49,6,204,351541,353064,353064,354067,354067,354670,354702,363702,363702,364332,364365,364398,367484,1523,1003,603,9000,630,865,0,600,1576,3119,3086,976,349.3779057,15.94486265,1,5,5,150,1,1,51,10,5,2.0
49,6,205,367486,369009,369009,370017,370017,370621,370653,377153,377153,377785,377819,377853,380950,1523,1008,604,6500,632,220,0,600,2213,3131,3097,1613,362.8442104,13.4663047,1,28,-14,180,-1,-1,49,14,28,1.0
49,6,206,380953,382478,382478,383482,383482,384105,384138,391138,391138,391741,391774,391808,394907,1525,1004,623,7000,603,300,0,600,2145,3133,3099,1545,376.8013055,13.95709511,1,20,-10,200,-1,-1,49,10,20,1.0
49,6,207,394910,396432,396432,397438,397438,398043,398075,404075,404075,404709,404741,404774,407857,1522,1006,605,6000,634,253,0,600,2180,3116,3083,1580,389.7506562,12.94935068,1,14,6,160,1,1,51,20,14,2.0
49,6,208,407859,409384,409384,410385,410385,411018,411051,419051,419051,419652,419685,419719,422809,1525,1001,633,8000,601,1942,0,600,498,3124,3090,-102,404.7033314,14.95267519,1,28,-18,150,-1,-1,49,10,28,1.0
49,6,209,422812,424339,424339,425344,425344,425948,425981,434481,434481,435084,435117,435150,438252,1527,1005,604,8500,603,816,0,600,1645,3135,3102,1045,420.145484,15.4421526,1,20,-13,150,-1,-1,49,7,20,1.0
49,6,210,438255,439771,439771,440773,440773,441379,441412,448412,448412,449044,449077,449111,452209,1516,1002,606,7000,632,359,0,600,2085,3132,3098,1485,434.1024368,13.95695287,1,10,18,210,1,1,51,28,10,2.0
49,6,211,452211,453735,453736,454743,454743,455346,455378,461378,461378,461994,462026,462059,465156,1524,1007,603,6000,616,655,0,600,1795,3130,3097,1195,447.0493454,12.94690853,1,2,5,200,1,1,51,7,2,2.0
49,6,212,465158,466676,466676,467683,467683,468284,468316,477316,477316,477940,477972,478006,481110,1518,1007,601,9000,624,333,0,600,2117,3138,3104,1517,463.0038787,15.95453332,1,4,3,160,1,1,51,7,4,2.0
49,6,213,481113,482630,482630,483636,483636,484239,484272,491772,491772,492376,492409,492443,495561,1517,1006,603,7500,604,283,0,600,2187,3152,3118,1587,477.4556275,14.45174883,1,40,-26,170,-1,-1,49,14,40,1.0
49,6,214,495564,497085,497085,498089,498089,498693,498726,506726,506726,507343,507375,507409,510520,1521,1004,604,8000,617,633,0,600,1821,3145,3111,1221,492.4141381,14.95851055,1,56,-28,170,-1,-1,49,28,56,1.0
49,6,215,510523,512044,512044,513048,513048,513652,513683,520183,520183,520816,520847,520881,523981,1521,1004,604,6500,633,206,0,600,2232,3134,3100,1632,505.8748404,13.46070228,1,7,13,160,1,1,51,20,7,2.0
49,6,216,523982,525505,525505,526508,526508,527115,527147,533147,533147,533747,533780,533814,536932,1523,1003,607,6000,600,964,0,600,1503,3152,3118,903,518.8262975,12.95145712,0,19,1,180,1,-1,49,20,19,1.0
50,1,1,61797,63323,63323,64337,64337,64947,64980,72980,72980,73599,73632,73667,76746,1526,1014,610,8000,619,821,0,600,1610,3114,3079,1010,14.96106029,14.96106029,1,57,-37,200,-1,-1,49,20,57,1.0
50,1,2,76751,78270,78270,79274,79274,79876,79909,85909,85909,86510,86543,86576,89716,1519,1004,602,6000,601,722,0,600,1752,3173,3140,1152,27.9295739,12.96851361,1,15,-1,200,-1,-1,49,14,15,1.0
50,1,3,89719,91241,91241,92247,92247,92852,92886,101886,101886,102491,102524,102557,105659,1522,1006,605,9000,605,788,0,600,1674,3135,3102,1074,43.87202996,15.94245606,0,20,-6,170,-1,1,51,14,20,2.0
50,1,4,105662,107184,107184,108191,108191,108796,108828,115328,115328,115944,115977,116011,119125,1522,1007,605,6500,616,537,0,600,1913,3148,3114,1313,57.33795827,13.46592832,1,57,-37,170,-1,-1,49,20,57,1.0
50,1,5,119128,120644,120644,121648,121648,122248,122280,129280,129280,129881,129913,129947,133064,1516,1004,600,7000,601,447,0,600,2032,3151,3117,1432,71.27685568,13.9388974,0,6,-1,160,-1,1,51,5,6,2.0
50,1,6,133067,134588,134588,135591,135591,136191,136224,144724,144724,145341,145374,145407,148522,1521,1003,600,8500,617,1060,0,600,1399,3148,3115,799,86.73526437,15.4584087,1,4,1,200,1,1,51,5,4,2.0
50,1,7,148525,150048,150048,151051,151051,151656,151689,159189,159189,159820,159853,159886,162971,1523,1003,605,7500,631,801,0,600,1637,3118,3085,1037,101.1837131,14.44844873,1,7,7,160,1,1,51,14,7,2.0
50,1,8,162974,164498,164498,165504,165504,166136,166169,172669,172669,173269,173302,173335,176416,1524,1006,632,6500,600,503,0,600,1935,3114,3081,1335,114.6289262,13.44521312,1,10,-5,160,-1,-1,49,5,10,1.0
50,1,9,176419,177941,177941,178945,178945,179553,179585,187085,187085,187718,187751,187784,190849,1522,1004,608,7500,633,392,0,600,2041,3098,3065,1441,129.0624409,14.43351467,1,7,13,190,1,1,51,20,7,2.0
50,1,10,190852,192377,192377,193386,193386,193990,194022,202022,202022,202649,202682,202716,205799,1525,1009,604,8000,627,576,0,600,1859,3117,3083,1259,144.0125178,14.95007693,1,4,3,180,1,1,51,7,4,2.0
50,1,11,205802,207329,207329,208333,208333,208937,208970,217970,217970,218588,218621,218654,221757,1527,1004,604,9000,618,655,0,600,1792,3136,3103,1192,159.9705369,15.95801905,1,79,-51,150,-1,-1,49,28,79,1.0
50,1,12,221760,223283,223283,224287,224287,224895,224929,231929,231929,232548,232580,232613,235705,1523,1004,608,7000,619,581,0,600,1865,3125,3092,1265,173.917798,13.94726111,1,79,-51,160,-1,-1,49,28,79,1.0
50,1,13,235708,237232,237232,238233,238233,238835,238868,244868,244868,245469,245501,245535,248655,1524,1001,602,6000,601,873,0,600,1599,3154,3120,999,186.8684439,12.95064589,1,14,6,210,1,1,51,20,14,2.0
50,1,14,248658,250185,250185,251186,251186,251791,251824,260324,260324,260954,260988,261021,264118,1527,1001,605,8500,630,455,0,600,1982,3130,3097,1382,202.330935,15.4624911,1,5,5,190,1,1,51,10,5,2.0
50,1,15,264121,265645,265645,266647,266647,267252,267284,274284,274284,274900,274932,274965,278070,1524,1002,605,7000,616,593,0,600,1860,3138,3105,1260,216.2824491,13.95151408,1,4,3,180,1,1,51,7,4,2.0
50,1,16,278072,279595,279595,280601,280601,281205,281238,287238,287238,287839,287872,287906,291005,1523,1006,604,6000,601,788,0,600,1678,3133,3099,1078,229.217682,12.93523297,1,20,-10,180,-1,-1,49,10,20,1.0
50,1,17,291008,292532,292532,293539,293539,294144,294176,302676,302676,303292,303325,303358,306448,1524,1007,605,8500,616,450,0,600,1998,3123,3090,1398,244.6611521,15.44347011,1,4,6,160,1,1,51,10,4,2.0
50,1,18,306451,307974,307974,308981,308981,309586,309618,317118,317118,317750,317782,317816,320888,1523,1007,605,7500,632,1275,0,600,1158,3106,3072,558,259.1011953,14.44004314,1,40,-20,190,-1,-1,49,20,40,1.0
50,1,19,320891,322412,322412,323416,323416,324021,324054,333054,333054,333684,333718,333751,336828,1521,1004,605,9000,630,861,0,600,1579,3110,3077,979,275.0404076,15.93921232,1,5,9,200,1,1,51,14,5,2.0
50,1,20,336831,338353,338353,339357,339357,339963,339996,346496,346496,347115,347148,347182,350274,1522,1004,606,6500,619,488,0,600,1961,3126,3092,1361,288.4868569,13.44644927,1,10,-3,150,-1,-1,49,7,10,1.0
50,1,21,350277,351799,351799,352804,352804,353407,353439,361439,361439,362040,362074,362107,365230,1522,1005,603,8000,601,905,0,600,1564,3156,3123,964,303.4429174,14.95606057,1,28,-18,180,-1,-1,49,10,28,1.0
50,1,22,365233,366761,366761,367765,367765,368368,368400,375900,375900,376532,376565,376599,379669,1528,1004,603,7500,632,595,0,600,1838,3104,3070,1238,317.8814318,14.43851439,1,14,-9,170,-1,-1,49,5,14,1.0
50,1,23,379672,381192,381192,382199,382199,382805,382837,391837,391837,392437,392470,392503,395613,1520,1007,606,9000,600,725,0,600,1742,3143,3110,1142,333.8258229,15.94439104,1,10,4,200,1,1,51,14,10,2.0
50,1,24,395616,397135,397135,398139,398139,398747,398780,407280,407280,407880,407913,407948,411062,1519,1004,608,8500,600,602,0,600,1867,3149,3114,1267,349.2741275,15.44830469,1,20,8,160,1,1,51,28,20,2.0
50,1,25,411065,412588,412588,413591,413591,414196,414228,420228,420228,420847,420879,420913,423996,1523,1003,605,6000,619,734,0,600,1716,3117,3083,1116,362.2087084,12.93458085,1,28,-14,150,-1,-1,49,14,28,1.0
50,1,26,423999,425516,425516,426523,426523,427128,427160,433660,433660,434293,434325,434359,437440,1517,1007,605,6500,633,347,0,600,2091,3115,3081,1491,375.652946,13.44423765,1,14,14,160,1,1,51,28,14,2.0
50,1,27,437443,438966,438966,439967,439967,440569,440601,447601,447601,448201,448233,448266,451399,1523,1001,602,7000,600,919,0,600,1555,3166,3133,955,389.6117887,13.95884264,1,6,-1,160,-1,-1,49,5,6,1.0
50,1,28,451402,452924,452924,453955,453955,454561,454593,462593,462593,463198,463230,463264,466356,1522,1031,606,8000,605,355,0,600,2081,3126,3092,1481,404.5689395,14.95715086,1,40,-20,150,-1,-1,49,20,40,1.0
50,1,29,466359,467884,467884,468891,468891,469493,469525,477025,477025,477627,477659,477692,480791,1525,1007,602,7500,602,850,0,600,1614,3132,3099,1014,419.0035303,14.43459079,1,20,-10,160,-1,-1,49,10,20,1.0
50,1,30,480793,482311,482311,483312,483312,483916,483948,489948,489948,490581,490613,490646,493745,1518,1001,604,6000,633,301,0,600,2143,3132,3099,1543,431.957793,12.9542627,1,10,18,150,1,1,51,28,10,2.0
50,1,31,493748,495267,495267,496273,496273,496875,496908,505908,505908,506542,506575,506608,509705,1519,1006,602,9000,634,685,0,600,1754,3130,3097,1154,447.9171389,15.9593459,1,6,-1,160,-1,-1,49,5,6,1.0
50,1,32,509708,511232,511232,512236,512236,512845,512876,521376,521376,522006,522041,522076,525171,1524,1004,609,8500,630,458,0,600,1975,3130,3095,1375,463.3832074,15.46606844,1,29,-1,200,-1,-1,49,28,29,1.0
50,1,33,525173,526694,526694,527697,527697,528299,528332,534832,534832,535447,535480,535513,538611,1521,1003,602,6500,615,457,0,600,2002,3131,3098,1402,476.8232032,13.43999583,1,4,3,160,1,1,51,7,4,2.0
50,1,34,538614,540132,540132,541140,541140,541742,541775,549775,549775,550392,550424,550458,553547,1518,1008,602,8000,617,291,0,600,2164,3123,3089,1564,491.7598577,14.93665445,1,4,3,210,1,1,51,7,4,2.0
50,1,35,553550,555074,555074,556105,556105,556712,556744,563744,563744,564345,564378,564411,567489,1524,1031,607,7000,601,733,0,600,1704,3111,3078,1104,505.7015718,13.94171413,1,8,-1,200,-1,-1,49,7,8,1.0
50,1,36,567492,569016,569016,570024,570024,570629,570662,578162,578162,578777,578809,578843,581931,1524,1008,605,7500,615,385,0,600,2063,3122,3088,1463,520.1432311,14.44165929,1,4,6,180,1,1,51,10,4,2.0
50,2,37,18122,19645,19645,20658,20658,21270,21302,28302,28302,28905,28939,28974,32067,1523,1013,612,7000,603,319,0,600,2130,3128,3093,1530,13.95816189,13.95816189,1,40,-26,200,-1,-1,49,14,40,1.0
50,2,38,32073,33594,33594,34601,34601,35203,35235,42735,42735,43366,43399,43433,46506,1521,1007,602,7500,631,1082,0,600,1357,3107,3073,757,28.39397918,14.43581729,1,8,-1,150,-1,-1,49,7,8,1.0
50,2,39,46509,48029,48029,49031,49031,49637,49670,58170,58170,58785,58818,58851,61946,1520,1002,606,8500,615,324,0,600,2133,3128,3095,1533,43.83334217,15.43936299,1,56,-28,190,-1,-1,49,28,56,1.0
50,2,40,61949,63473,63473,64474,64474,65081,65113,71113,71113,71728,71762,71795,74906,1524,1001,607,6000,615,634,0,600,1819,3144,3111,1219,56.79374973,12.96040756,1,79,-51,170,-1,-1,49,28,79,1.0
50,2,41,74909,76429,76429,77437,77437,78042,78074,87074,87074,87674,87707,87740,90842,1520,1008,605,9000,600,1624,0,600,843,3135,3102,243,72.72931238,15.93556265,1,8,-1,210,-1,-1,49,7,8,1.0
50,2,42,90845,92369,92369,93373,93373,93973,94006,102006,102006,102635,102668,102702,105791,1524,1004,600,8000,629,904,0,600,1539,3123,3089,939,87.67849641,14.94918403,1,7,-2,200,-1,-1,49,5,7,1.0
50,2,43,105794,107313,107313,108317,108318,108922,108954,115454,115454,116072,116105,116138,119246,1519,1004,604,6500,618,236,0,600,2219,3141,3108,1619,101.1341167,13.45562029,1,4,6,160,1,1,51,10,4,2.0
50,2,44,119249,120773,120773,121778,121778,122382,122414,129414,129414,130015,130048,130080,133182,1524,1005,604,7000,601,497,0,600,1969,3134,3102,1369,115.0694603,13.93534357,1,10,10,190,1,1,51,20,10,2.0
50,2,45,133185,134705,134705,135709,135709,136342,136374,142374,142374,142975,143008,143042,146118,1520,1004,633,6000,601,694,0,600,1748,3110,3076,1148,128.0057721,12.93631181,1,7,-2,170,-1,-1,49,5,7,1.0
50,2,46,146121,147638,147638,148641,148641,149243,149276,158276,158276,158888,158920,158953,162081,1517,1003,602,9000,612,297,0,600,2169,3161,3128,1569,143.9687191,15.96294705,1,4,1,210,1,1,51,5,4,2.0
50,2,47,162084,163604,163604,164613,164613,165219,165251,172751,172751,173353,173385,173420,176516,1520,1009,606,7500,602,1368,0,600,1095,3131,3096,495,158.4037921,14.43507295,1,15,-1,150,-1,-1,49,14,15,1.0
50,2,48,176519,178039,178039,179044,179044,179649,179681,188181,188181,188783,188816,188849,191973,1520,1005,605,8500,602,323,0,600,2145,3157,3124,1545,173.8600964,15.45630436,1,7,13,180,1,1,51,20,7,2.0
50,2,49,191976,193500,193500,194507,194507,195112,195144,201644,201644,202244,202276,202309,205405,1524,1007,605,6500,600,421,0,600,2043,3129,3096,1443,187.2923816,13.43228515,1,11,-1,200,-1,-1,49,10,11,1.0
50,2,50,205408,206932,206932,207938,207938,208543,208575,216575,216575,217206,217238,217272,220356,1524,1006,605,8000,631,472,0,600,1962,3118,3084,1362,202.2440858,14.95170423,1,10,10,150,1,1,51,20,10,2.0
50,2,51,220359,221885,221885,222888,222888,223504,223536,231536,231536,232151,232183,232216,235303,1526,1003,616,8000,615,322,0,600,2118,3120,3087,1518,217.1903172,14.94623139,1,5,5,210,1,1,51,10,5,2.0
50,2,52,235306,236824,236824,237830,237830,238433,238466,245466,245466,246066,246100,246133,249260,1518,1006,603,7000,600,1879,0,600,594,3160,3127,-6,231.1470278,13.95671058,1,8,-1,210,-1,-1,49,7,8,1.0
50,2,53,249263,250788,250788,251792,251792,252397,252430,258430,258430,259031,259064,259096,262211,1525,1004,605,6000,601,1084,0,600,1381,3147,3115,781,244.0988487,12.95182086,1,20,-13,180,-1,-1,49,7,20,1.0
50,2,54,262214,263737,263737,264744,264744,265347,265380,271880,271880,272480,272512,272545,275674,1523,1007,603,6500,600,1916,0,600,551,3162,3129,-49,257.5615908,13.46274213,1,10,10,160,1,1,51,20,10,2.0
50,2,55,275677,277192,277192,278201,278201,278803,278835,287835,287835,288436,288469,288503,291630,1515,1009,602,9000,601,1618,0,600,855,3161,3127,255,273.5171782,15.95558745,1,6,-1,200,-1,-1,49,5,6,1.0
50,2,56,291633,293157,293157,294162,294162,294767,294801,303301,303301,303933,303965,303999,307085,1524,1005,605,8500,632,1059,0,600,1375,3120,3086,775,288.9721967,15.45501849,1,5,2,190,1,1,51,7,5,2.0
50,2,57,307088,308611,308611,309614,309614,310219,310251,317751,317751,318351,318383,318416,321522,1523,1003,605,7500,600,694,0,600,1775,3139,3106,1175,303.4089072,14.4367105,1,15,-1,200,-1,-1,49,14,15,1.0
50,2,58,321525,323048,323048,324050,324050,324654,324686,332186,332186,332802,332834,332867,335976,1523,1002,604,7500,616,375,0,600,2080,3142,3109,1480,317.8630479,14.45414066,1,7,7,190,1,1,51,14,7,2.0
50,2,59,335979,337508,337508,338513,338513,339113,339146,348146,348146,348765,348797,348830,351917,1529,1005,600,9000,619,409,0,600,2038,3120,3087,1438,333.8047735,15.94172559,1,10,-5,150,-1,-1,49,5,10,1.0
50,2,60,351921,353445,353445,354453,354453,355060,355092,361592,361592,362207,362240,362273,365375,1524,1008,607,6500,615,587,0,600,1859,3135,3102,1259,347.2619044,13.45713097,1,4,6,180,1,1,51,10,4,2.0
50,2,61,365378,366901,366901,367903,367903,368506,368538,374538,374538,375138,375171,375205,378328,1523,1002,603,6000,600,265,0,600,2207,3157,3123,1607,360.2150934,12.95318899,1,28,-18,210,-1,-1,49,10,28,1.0
50,2,62,378331,379852,379852,380858,380858,381462,381495,389995,389995,390614,390648,390681,393765,1521,1006,604,8500,619,1315,0,600,1135,3117,3084,535,375.6527025,15.43760913,0,56,-28,180,-1,1,51,28,56,2.0
50,2,63,393768,395288,395288,396289,396289,396896,396929,403929,403929,404559,404591,404625,407714,1520,1001,607,7000,630,415,0,600,2027,3123,3089,1427,389.6015286,13.94882603,1,7,7,210,1,1,51,14,7,2.0
50,2,64,407717,409245,409245,410248,410248,410854,410888,418888,418888,419506,419540,419575,422657,1528,1003,606,8000,618,274,0,600,2171,3117,3082,1571,404.5443535,14.94282492,1,79,-51,180,-1,-1,49,28,79,1.0
50,2,65,422660,424177,424177,425183,425183,425789,425821,432321,432321,432953,432986,433019,436118,1517,1006,606,6500,632,1207,0,600,1232,3132,3099,632,418.0042912,13.45993775,1,20,-10,200,-1,-1,49,10,20,1.0
50,2,66,436120,437644,437644,438646,438646,439249,439282,448282,448282,448882,448915,448948,452058,1524,1002,603,9000,600,1732,0,600,739,3143,3110,139,433.9449458,15.94065458,1,10,10,150,1,1,51,20,10,2.0
50,2,67,452061,453582,453582,454587,454587,455218,455250,463250,463250,463883,463915,463949,467003,1521,1005,631,8000,633,1159,0,600,1251,3088,3054,651,448.8896735,14.94472765,1,14,-9,150,-1,-1,49,5,14,1.0
50,2,68,467006,468531,468531,469534,469534,470139,470171,477671,477671,478272,478304,478337,481465,1525,1003,605,7500,601,324,0,600,2142,3161,3128,1542,463.3523746,14.46270114,1,10,18,150,1,1,51,28,10,2.0
50,2,69,481468,482987,482987,483990,483990,484594,484627,493127,493127,493744,493776,493810,496906,1519,1003,604,8500,617,516,0,600,1941,3130,3096,1341,478.7930277,15.44065308,1,2,5,180,1,1,51,7,2,2.0
50,2,70,496909,498434,498434,499438,499438,500043,500076,507076,507076,507691,507724,507757,510865,1525,1004,605,7000,615,401,0,600,2050,3141,3108,1450,492.7523528,13.95932511,1,56,-28,170,-1,-1,49,28,56,1.0
50,2,71,510868,512388,512388,513392,513392,513996,514030,520030,520030,520636,520669,520703,523830,1520,1004,604,6000,606,1074,0,600,1392,3161,3127,792,505.7168075,12.96445471,1,40,-26,160,-1,-1,49,14,40,1.0
50,2,72,523832,525352,525352,526355,526355,526960,526993,533493,533493,534126,534158,534191,537272,1520,1003,605,6500,633,927,0,600,1512,3114,3081,912,519.1585994,13.44179188,1,28,-8,150,-1,-1,49,20,28,1.0
50,3,73,51323,52847,52847,53858,53858,54460,54492,62492,62492,63095,63128,63165,66267,1524,1011,602,8000,603,514,0,600,1946,3139,3102,1346,14.95549493,14.95549493,1,7,-2,210,-1,-1,49,5,7,1.0
50,3,74,66272,67801,67801,68809,68809,69432,69464,76464,76464,77095,77128,77161,80215,1529,1008,623,7000,631,411,0,600,1998,3087,3054,1398,28.90254389,13.94704896,1,14,-9,200,-1,-1,49,5,14,1.0
50,3,75,80218,81743,81743,82749,82749,83353,83386,89886,89886,90488,90521,90554,93676,1525,1006,604,6500,602,385,0,600,2078,3155,3122,1478,42.36344596,13.46090208,1,20,-6,190,-1,-1,49,14,20,1.0
50,3,76,93679,95202,95202,96207,96207,96813,96845,104345,104345,104947,104981,105014,108141,1523,1005,606,7500,602,1068,0,600,1396,3160,3127,796,56.82854104,14.46509508,1,21,-1,170,-1,-1,49,20,21,1.0
50,3,77,108144,109669,109669,110671,110671,111295,111328,117328,117328,117959,117992,118025,121084,1525,1002,624,6000,631,776,0,600,1642,3092,3059,1042,69.7713072,12.94276615,1,7,-2,150,-1,-1,49,5,7,1.0
50,3,78,121087,122607,122607,123610,123610,124213,124248,133248,133248,133851,133884,133918,137026,1520,1003,603,9000,603,1312,0,600,1159,3142,3108,559,85.71309576,15.94178857,0,14,14,190,1,-1,49,28,14,1.0
50,3,79,137028,138548,138548,139555,139555,140188,140221,148721,148721,149322,149355,149390,152482,1520,1007,633,8500,601,321,0,600,2118,3127,3092,1518,101.169134,15.45603827,1,14,6,200,1,1,51,20,14,2.0
50,3,80,152485,154011,154011,155017,155017,155622,155654,163654,163654,164287,164319,164352,167431,1526,1006,605,8000,633,1084,0,600,1346,3112,3079,746,116.118353,14.94921899,1,14,14,180,1,1,51,28,14,2.0
50,3,81,167434,168957,168958,169962,169963,170568,170600,179100,179100,179731,179764,179798,182867,1523,1004,605,8500,631,1111,0,600,1326,3103,3069,726,131.5539262,15.4355732,1,20,-10,200,-1,-1,49,10,20,1.0
50,3,82,182870,184387,184387,185390,185390,185993,186026,193026,193026,193644,193676,193709,196828,1517,1003,603,7000,618,251,0,600,2208,3152,3119,1608,145.5149696,13.96104341,1,56,-28,180,-1,-1,49,28,56,1.0
50,3,83,196830,198347,198347,199351,199351,199968,200000,206500,206500,207131,207165,207199,210268,1517,1004,617,6500,631,1563,0,600,868,3103,3069,268,158.954675,13.43970533,0,8,-1,210,-1,1,51,7,8,2.0
50,3,84,210271,211796,211796,212801,212801,213408,213440,219440,219440,220041,220073,220107,223212,1525,1005,607,6000,601,1367,0,600,1095,3139,3105,495,171.8990377,12.94436271,1,14,6,180,1,1,51,20,14,2.0
50,3,85,223214,224734,224734,225739,225739,226340,226372,235372,235372,235989,236021,236055,239172,1520,1005,601,9000,617,509,0,600,1948,3151,3117,1348,187.85853,15.95949236,1,4,3,160,1,1,51,7,4,2.0
50,3,86,239175,240697,240697,241700,241700,242302,242335,249835,249835,250454,250487,250521,253634,1522,1003,602,7500,619,274,0,600,2180,3147,3113,1580,202.3212932,14.46276322,1,79,-51,160,-1,-1,49,28,79,1.0
50,3,87,253637,255158,255158,256161,256161,256784,256817,262817,262817,263442,263474,263508,266581,1521,1003,623,6000,625,1080,0,600,1348,3107,3073,748,215.2681614,12.94686815,1,6,-1,200,-1,-1,49,5,6,1.0
50,3,88,266584,268110,268110,269116,269116,269722,269754,278254,278254,278871,278904,278938,282017,1526,1006,606,8500,617,380,0,600,2065,3113,3079,1465,230.7030345,15.43487316,1,2,5,180,1,1,51,7,2,2.0
50,3,89,282019,283542,283542,284547,284547,285148,285180,294180,294180,294812,294844,294878,297957,1523,1005,601,9000,632,375,0,600,2064,3113,3079,1464,246.6441894,15.94115483,1,29,-1,170,-1,-1,49,28,29,1.0
50,3,90,297960,299487,299487,300493,300493,301119,301151,309151,309151,309782,309815,309848,312909,1527,1006,626,8000,631,584,0,600,1826,3094,3061,1226,261.5953964,14.951207,1,7,-2,200,-1,-1,49,5,7,1.0
50,3,91,312912,314437,314437,315442,315442,316047,316080,323580,323580,324198,324230,324263,327360,1525,1005,605,7500,618,686,0,600,1761,3130,3097,1161,276.0465015,14.45110515,1,4,3,170,1,1,51,7,4,2.0
50,3,92,327363,328885,328885,329892,329892,330498,330530,337030,337030,337630,337663,337698,340800,1522,1007,606,6500,600,756,0,600,1709,3137,3102,1109,289.4862484,13.43974691,1,20,-6,190,-1,-1,49,14,20,1.0
50,3,93,340803,342327,342327,343335,343335,343943,343975,350975,350975,351605,351638,351672,354757,1524,1008,608,7000,630,216,0,600,2214,3119,3085,1614,303.4430588,13.95681033,1,10,18,210,1,1,51,28,10,2.0
50,3,94,354759,356284,356284,357289,357289,357892,357924,364924,364924,365531,365564,365598,368717,1525,1005,603,7000,607,731,0,600,1729,3153,3119,1129,317.403457,13.96039822,1,40,-20,180,-1,-1,49,20,40,1.0
50,3,95,368719,370244,370244,371251,371251,371859,371892,377892,377892,378510,378542,378577,381658,1525,1007,608,6000,618,279,0,600,2163,3116,3081,1563,330.3441248,12.94066784,1,57,-37,170,-1,-1,49,20,57,1.0
50,3,96,381661,383181,383181,384188,384188,384793,384825,392825,392825,393456,393489,393522,396620,1520,1007,605,8000,631,657,0,600,1780,3131,3098,1180,345.3066563,14.96253148,1,28,-14,200,-1,-1,49,14,28,1.0
50,3,97,396623,398144,398144,399150,399150,399753,399785,407285,407285,407887,407919,407952,411062,1521,1006,603,7500,602,830,0,600,1638,3143,3110,1038,359.7480947,14.4414384,1,28,-14,210,-1,-1,49,14,28,1.0
50,3,98,411065,412590,412590,413595,413595,414200,414233,423233,423233,423849,423882,423915,427021,1525,1005,605,9000,616,1664,0,600,785,3139,3106,185,375.7070829,15.95898819,0,11,-1,210,-1,1,51,10,11,2.0
50,3,99,427024,428543,428543,429548,429548,430153,430185,436685,436685,437291,437324,437357,440482,1519,1005,605,6500,606,777,0,600,1688,3158,3125,1088,389.1681146,13.46103166,1,40,-20,200,-1,-1,49,20,40,1.0
50,3,100,440485,442002,442002,443009,443009,443615,443648,452148,452148,452749,452782,452815,455918,1517,1007,606,8500,601,790,0,600,1679,3136,3103,1079,404.6045038,15.43638926,1,7,7,180,1,1,51,14,7,2.0
50,3,101,455921,457445,457445,458446,458446,459053,459087,465087,465087,465706,465738,465771,468857,1524,1001,607,6000,619,341,0,600,2108,3119,3086,1508,417.5428582,12.93835437,1,5,9,160,1,1,51,14,5,2.0
50,3,102,468859,470380,470380,471387,471387,471995,472027,479527,479527,480153,480186,480219,483309,1521,1007,608,7500,626,255,0,600,2183,3123,3090,1583,431.995304,14.45244586,1,5,5,180,1,1,51,10,5,2.0
50,3,103,483311,484835,484835,485839,485839,486458,486490,493490,493490,494091,494123,494157,497252,1524,1004,619,7000,601,1262,0,600,1190,3129,3095,590,445.9385605,13.94325645,1,28,-18,210,-1,-1,49,10,28,1.0
50,3,104,497255,498775,498775,499784,499784,500408,500440,508440,508440,509058,509090,509124,512214,1520,1009,624,8000,618,385,0,600,2044,3124,3090,1444,460.9002608,14.96170036,1,3,2,190,1,1,51,5,3,2.0
50,3,105,512217,513740,513740,514746,514746,515352,515385,524385,524385,524987,525020,525053,528138,1523,1006,606,9000,602,-1,2501,0,562,3118,3085,-38,476.8240841,15.92382321,-1,20,-13,150,-1,-2,-1,7,20,
50,3,106,528141,529665,529665,530667,530667,531271,531303,539803,539803,540403,540435,540469,543574,1524,1002,604,8500,600,1238,0,600,1232,3139,3105,632,492.2598164,15.43573231,1,14,-4,160,-1,-1,49,10,14,1.0
50,3,107,543577,545100,545100,546103,546103,546705,546738,553238,553238,553853,553885,553919,557038,1523,1003,602,6500,615,320,0,600,2137,3153,3119,1537,505.7238664,13.46404999,1,2,5,170,1,1,51,7,2,2.0
50,3,108,557040,558561,558561,559566,559566,560191,560224,567224,567224,567824,567856,567890,571001,1521,1005,625,7000,600,408,0,600,2041,3145,3111,1441,519.6874972,13.96363081,0,11,-1,200,-1,1,51,10,11,2.0
50,4,109,50740,52266,52266,53277,53277,53883,53915,62915,62915,63515,63547,63583,66707,1526,1011,606,9000,600,1221,0,600,1236,3160,3124,636,15.97959279,15.97959279,0,14,-7,170,-1,1,51,7,14,2.0
50,4,110,66712,68235,68235,69237,69237,69841,69874,77874,77874,78474,78506,78539,81649,1523,1002,604,8000,600,339,0,600,2132,3143,3110,1532,30.92015606,14.94056327,1,28,-14,170,-1,-1,49,14,28,1.0
50,4,111,81652,83175,83175,84180,84180,84788,84820,93320,93320,93936,93969,94002,97093,1523,1005,608,8500,616,258,0,600,2190,3124,3091,1590,46.36330614,15.44315007,1,4,6,200,1,1,51,10,4,2.0
50,4,112,97096,98614,98614,99620,99620,100221,100253,106253,106253,106885,106917,106951,110049,1518,1006,601,6000,632,748,0,600,1695,3132,3098,1095,59.31936791,12.95606177,1,10,-3,190,-1,-1,49,7,10,1.0
50,4,113,110052,111573,111573,112573,112573,113180,113212,120212,120212,120833,120865,120898,124006,1521,1000,607,7000,621,276,0,600,2175,3141,3108,1575,73.27626262,13.95689471,1,5,9,190,1,1,51,14,5,2.0
50,4,114,124009,125531,125531,126534,126534,127138,127171,133671,133671,134293,134325,134359,137450,1522,1003,604,6500,622,257,0,600,2192,3125,3091,1592,86.72086098,13.44459837,1,5,9,210,1,1,51,14,5,2.0
50,4,115,137453,138983,138983,139987,139987,140594,140628,148128,148128,148728,148761,148795,151897,1530,1004,607,7500,600,1178,0,600,1281,3136,3102,681,101.1680217,14.44716076,0,19,1,180,1,-1,49,20,19,1.0
50,4,116,151900,153425,153425,154431,154431,155055,155088,162088,162088,162705,162737,162771,165846,1525,1006,624,7000,617,236,0,600,2192,3109,3075,1592,115.1165533,13.94853161,1,3,2,180,1,1,51,5,3,2.0
50,4,117,165849,167370,167370,168375,168376,168981,169013,178013,178013,178643,178675,178709,181781,1521,1005,605,9000,630,692,0,600,1747,3106,3072,1147,131.0512599,15.93470651,1,40,-20,190,-1,-1,49,20,40,1.0
50,4,118,181784,183308,183308,184314,184314,184919,184951,192951,192951,193568,193601,193635,196732,1524,1006,605,8000,617,456,0,600,1992,3131,3097,1392,146.0024373,14.95117747,1,5,5,170,1,1,51,10,5,2.0
50,4,119,196735,198255,198255,199262,199262,199882,199915,208415,208415,209033,209065,209099,212177,1520,1007,620,8500,618,1312,0,600,1123,3112,3078,523,161.4476604,15.44522307,1,4,1,150,1,1,51,5,4,2.0
50,4,120,212180,213701,213701,214706,214706,215325,215358,221358,221358,221973,222005,222038,225139,1521,1005,619,6000,615,360,0,600,2080,3134,3101,1480,174.4091007,12.96144029,1,4,1,180,1,1,51,5,4,2.0
50,4,121,225142,226665,226665,227670,227670,228298,228331,235831,235831,236449,236481,236514,239573,1523,1005,628,7500,618,548,0,600,1878,3092,3059,1278,188.8438967,14.43479601,1,14,-9,200,-1,-1,49,5,14,1.0
50,4,122,239576,241094,241094,242101,242101,242702,242735,249235,249235,249869,249901,249934,253010,1518,1007,601,6500,634,501,0,600,1939,3109,3076,1339,202.2809911,13.43709442,1,20,-13,190,-1,-1,49,7,20,1.0
50,4,123,253013,254539,254539,255546,255546,256153,256185,263685,263685,264318,264350,264385,267447,1526,1007,607,7500,633,682,0,600,1745,3097,3062,1145,216.7177456,14.43675449,0,13,1,150,1,-1,49,14,13,1.0
50,4,124,267450,268969,268969,269975,269975,270580,270612,276612,276612,277230,277263,277295,280404,1519,1006,605,6000,618,758,0,600,1694,3141,3109,1094,229.6749787,12.95723312,1,79,-51,150,-1,-1,49,28,79,1.0
50,4,125,280407,281932,281932,282939,282939,283545,283577,292577,292577,293209,293241,293275,296342,1525,1007,606,9000,632,689,0,600,1741,3101,3067,1141,245.6121822,15.93720351,1,28,-8,190,-1,-1,49,20,28,1.0
50,4,126,296345,297870,297870,298875,298875,299477,299510,307510,307510,308114,308146,308179,311303,1525,1005,602,8000,604,584,0,600,1880,3157,3124,1280,260.5736849,14.96150267,1,28,-18,210,-1,-1,49,10,28,1.0
50,4,127,311306,312828,312828,313833,313833,314438,314470,322970,322970,323586,323619,323653,326763,1522,1005,605,8500,616,441,0,600,2011,3144,3110,1411,276.0335591,15.45987417,1,79,-51,170,-1,-1,49,28,79,1.0
50,4,128,326766,328287,328287,329292,329292,329896,329928,336928,336928,337559,337591,337624,340699,1521,1005,604,7000,631,919,0,600,1520,3108,3075,920,289.9692763,13.93571724,1,10,-3,170,-1,-1,49,7,10,1.0
50,4,129,340702,342224,342224,343228,343228,343832,343864,350364,350364,350968,351000,351033,354160,1522,1004,604,6500,604,780,0,600,1686,3160,3127,1086,303.4299271,13.46065075,1,40,-26,150,-1,-1,49,14,40,1.0
50,4,130,354163,355689,355689,356693,356693,357316,357349,366349,366349,366968,367000,367034,370094,1526,1004,623,9000,619,1005,0,600,1423,3094,3060,823,319.3646375,15.93471043,1,14,-9,150,-1,-1,49,5,14,1.0
50,4,131,370097,371619,371619,372623,372623,373245,373278,380778,380778,381380,381413,381446,384545,1522,1004,622,7500,602,724,0,600,1726,3132,3099,1126,333.8152349,14.45059737,1,10,-5,200,-1,-1,49,5,10,1.0
50,4,132,384548,386071,386071,387081,387081,387711,387743,393743,393743,394361,394393,394426,397482,1523,1010,630,6000,618,1068,0,600,1351,3089,3056,751,346.7525647,12.93732977,0,5,2,190,1,-1,49,7,5,1.0
50,4,133,397485,399003,399003,400007,400007,400611,400644,409144,409144,409759,409792,409826,412941,1518,1004,604,8500,615,311,0,600,2148,3149,3115,1548,362.2115947,15.45903008,1,57,-37,150,-1,-1,49,20,57,1.0
50,4,134,412944,414464,414464,415469,415469,416072,416104,423104,423104,423737,423769,423802,426880,1520,1005,603,7000,633,1600,0,600,839,3111,3078,239,376.1496514,13.93805663,0,20,-10,190,-1,1,51,10,20,2.0
50,4,135,426883,428404,428404,429407,429407,430014,430047,436547,436547,437148,437182,437215,440334,1521,1003,607,6500,601,865,0,600,1603,3152,3119,1003,389.6039867,13.45433533,1,40,-12,180,-1,-1,49,28,40,1.0
50,4,136,440337,441858,441858,442864,442864,443470,443503,451503,451503,452135,452167,452200,455291,1521,1006,606,8000,632,837,0,600,1598,3124,3091,998,404.5615224,14.95753568,1,28,-18,210,-1,-1,49,10,28,1.0
50,4,137,455294,456820,456820,457825,457825,458433,458465,465465,465465,466065,466099,466132,469239,1526,1005,608,7000,600,885,0,600,1576,3140,3107,976,418.5089727,13.94745036,1,28,-14,200,-1,-1,49,14,28,1.0
50,4,138,469242,470761,470761,471770,471770,472372,472404,481404,481404,482036,482069,482103,485197,1519,1009,602,9000,632,707,0,600,1731,3128,3094,1131,434.4672482,15.9582755,1,10,10,150,1,1,51,20,10,2.0
50,4,139,485200,486723,486723,487728,487728,488332,488365,494365,494365,494991,495023,495057,498159,1523,1005,604,6000,626,628,0,600,1814,3136,3102,1214,447.4288597,12.96161146,1,7,3,150,1,1,51,10,7,2.0
50,4,140,498161,499687,499687,500694,500694,501302,501334,509834,509834,510434,510467,510500,513591,1526,1007,608,8500,600,777,0,600,1682,3124,3091,1082,462.8613332,15.4324735,0,20,8,170,1,-1,49,28,20,1.0
50,4,141,513594,515120,515120,516125,516125,516731,516764,523264,523264,523878,523909,523943,527052,1526,1005,606,6500,614,375,0,600,2074,3143,3109,1474,476.322442,13.4611088,1,57,-37,160,-1,-1,49,20,57,1.0
50,4,142,527055,528579,528579,529587,529587,530218,530251,538251,538251,538884,538917,538951,541999,1524,1008,631,8000,633,1704,0,600,700,3082,3048,100,491.2681716,14.94572964,1,10,-3,190,-1,-1,49,7,10,1.0
50,4,143,542001,543521,543521,544524,544524,545129,545161,552661,552661,553293,553325,553359,556441,1520,1003,605,7500,632,287,0,600,2153,3116,3082,1553,505.7107419,14.44257027,0,27,1,170,1,-1,49,28,27,1.0
50,4,144,556443,557968,557968,558974,558974,559580,559613,566113,566113,566745,566778,566811,569903,1525,1006,606,6500,632,1230,0,600,1201,3125,3092,601,519.1726788,13.46193692,0,27,1,190,1,-1,49,28,27,1.0
50,5,145,17630,19156,19156,20169,20169,20778,20810,29310,29310,29926,29959,29994,33072,1526,1013,609,8500,616,790,0,600,1646,3113,3078,1046,15.45389837,15.45389837,1,56,-28,160,-1,-1,49,28,56,1.0
50,5,146,33076,34601,34601,35605,35605,36210,36242,45242,45242,45874,45906,45939,49035,1525,1004,605,9000,632,911,0,600,1523,3129,3096,923,31.41592328,15.96202491,1,10,10,210,1,1,51,20,10,2.0
50,5,147,49039,50557,50557,51562,51562,52179,52211,60211,60211,60843,60876,60909,63974,1518,1005,617,8000,632,1076,0,600,1352,3098,3065,752,46.35419478,14.9382715,1,14,-7,180,-1,-1,49,7,14,1.0
50,5,148,63977,65500,65500,66503,66503,67109,67141,73641,73641,74273,74305,74338,77408,1523,1003,606,6500,632,333,0,600,2103,3103,3070,1503,59.78850682,13.43431204,1,20,-10,210,-1,-1,49,10,20,1.0
50,5,149,77411,78931,78931,79937,79937,80558,80590,88090,88090,88692,88724,88757,91854,1520,1006,621,7500,602,1104,0,600,1347,3130,3097,747,74.23474093,14.4462341,1,10,-5,210,-1,-1,49,5,10,1.0
50,5,150,91857,93381,93381,94384,94384,94989,95021,101021,101021,101623,101655,101690,104788,1524,1003,605,6000,602,878,0,600,1588,3133,3098,988,87.16790783,12.93316691,1,14,-4,190,-1,-1,49,10,14,1.0
50,5,151,104791,106316,106316,107324,107324,107931,107963,114963,114963,115563,115596,115630,118752,1525,1008,607,7000,600,870,0,600,1590,3156,3122,990,101.1319,13.96399213,1,10,4,150,1,1,51,14,10,2.0
50,5,152,118755,120282,120282,121286,121286,121891,121924,130924,130924,131538,131570,131603,134690,1527,1004,605,9000,614,413,0,600,2037,3120,3087,1437,117.0704891,15.93858912,1,4,6,170,1,1,51,10,4,2.0
50,5,153,134693,136210,136210,137212,137212,137814,137846,144346,144346,144978,145010,145043,148132,1517,1002,602,6500,632,1323,0,600,1124,3122,3089,524,130.5118416,13.44135251,1,14,14,160,1,1,51,28,14,2.0
50,5,154,148135,149659,149659,150690,150690,151291,151324,157324,157324,157940,157972,158006,161087,1524,1031,601,6000,616,705,0,600,1723,3115,3081,1123,143.4662502,12.95440856,1,2,5,190,1,1,51,7,2,2.0
50,5,155,161088,162605,162605,163607,163607,164235,164267,172267,172267,172870,172903,172936,176031,1517,1002,628,8000,603,295,0,600,2155,3128,3095,1555,158.4112466,14.94499645,1,40,-20,200,-1,-1,49,20,40,1.0
50,5,156,176033,177553,177553,178556,178556,179186,179218,187718,187718,188318,188351,188385,191474,1520,1003,630,8500,600,810,0,600,1637,3123,3089,1037,173.8534818,15.44223517,1,20,-6,150,-1,-1,49,14,20,1.0
50,5,157,191476,192995,192995,193997,193997,194601,194634,202134,202134,202766,202798,202831,205927,1519,1002,604,7500,632,616,0,600,1827,3129,3096,1227,188.3075209,14.4540391,1,10,10,200,1,1,51,20,10,2.0
50,5,158,205930,207452,207452,208459,208459,209087,209119,216119,216119,216735,216767,216801,219875,1522,1007,628,7000,616,826,0,600,1601,3108,3074,1001,202.2549878,13.94746693,1,3,2,200,1,1,51,5,3,2.0
50,5,159,219878,221401,221401,222407,222407,223012,223044,231544,231544,232147,232181,232215,235331,1523,1006,605,8500,603,448,0,600,2015,3150,3116,1415,217.7110448,15.45605695,1,40,-26,210,-1,-1,49,14,40,1.0
50,5,160,235334,236856,236856,237862,237862,238462,238495,245495,245495,246111,246143,246176,249272,1522,1006,600,7000,616,327,0,600,2129,3129,3096,1529,231.6522291,13.94118436,1,4,3,200,1,1,51,7,4,2.0
50,5,161,249275,250796,250796,251801,251801,252409,252441,261442,261442,262048,262083,262116,265228,1521,1005,608,9001,606,858,0,600,1601,3145,3112,1001,247.6076174,15.95538825,1,40,-12,150,-1,-1,49,28,40,1.0
50,5,162,265231,266754,266754,267756,267756,268358,268391,276391,276391,277008,277041,277074,280171,1523,1002,602,8000,617,617,0,600,1839,3130,3097,1239,262.5513804,14.94376302,1,5,5,200,1,1,51,10,5,2.0
50,5,163,280174,281694,281694,282698,282698,283298,283330,290830,290830,291431,291465,291498,294632,1520,1004,600,7500,601,1015,0,600,1460,3167,3134,860,277.0120098,14.46062935,1,14,-7,210,-1,-1,49,7,14,1.0
50,5,164,294635,296157,296157,297159,297159,297761,297793,303793,303793,304396,304428,304462,307583,1522,1002,602,6000,603,1125,0,600,1346,3155,3121,746,289.9631441,12.95113438,1,20,-10,190,-1,-1,49,10,20,1.0
50,5,165,307586,309109,309109,310113,310113,310718,310752,317252,317252,317853,317886,317919,321026,1523,1004,605,6500,601,1534,0,600,933,3140,3107,333,303.4055915,13.44244732,0,20,8,150,1,-1,49,28,20,1.0
50,5,166,321029,322550,322550,323556,323556,324162,324195,332695,332695,333296,333329,333362,336481,1521,1006,606,8500,601,1903,0,600,563,3152,3119,-37,318.8610379,15.45544641,0,13,1,200,1,-1,49,14,13,1.0
50,5,167,336484,338003,338003,339008,339008,339611,339644,347144,347144,347775,347808,347841,350929,1519,1005,603,7500,631,834,0,600,1608,3121,3088,1008,333.3084991,14.44746121,1,20,-10,160,-1,-1,49,10,20,1.0
50,5,168,350932,352452,352452,353457,353457,354089,354122,362122,362122,362740,362773,362806,365871,1520,1005,632,8000,618,387,0,600,2038,3098,3065,1438,348.2511881,14.94268901,1,2,3,210,1,1,51,5,2,2.0
50,5,169,365874,367397,367397,368402,368402,369028,369060,378060,378060,378692,378725,378758,381826,1523,1005,626,9000,632,589,0,600,1825,3101,3068,1225,364.2055713,15.95438325,1,7,-2,190,-1,-1,49,5,7,1.0
50,5,170,381829,383349,383349,384357,384357,384979,385012,392012,392012,392627,392660,392693,395782,1520,1008,622,7000,615,968,0,600,1467,3122,3089,867,378.1616548,13.95608347,1,4,1,150,1,1,51,5,4,2.0
50,5,171,395785,397305,397305,398311,398311,398920,398952,404952,404952,405571,405603,405636,408736,1520,1006,609,6000,619,1332,0,600,1114,3133,3100,514,391.1149203,12.95326553,1,14,14,190,1,1,51,28,14,2.0
50,5,172,408738,410265,410265,411270,411270,411902,411935,418435,418435,419054,419087,419120,422178,1527,1005,632,6500,619,450,0,600,1967,3091,3058,1367,404.557499,13.44257871,1,2,3,190,1,1,51,5,2,2.0
50,5,173,422181,423702,423702,424708,424708,425314,425346,431846,431846,432463,432495,432528,435632,1521,1006,606,6500,617,1047,0,600,1403,3137,3104,803,418.0119588,13.45445979,0,56,-28,180,-1,1,51,28,56,2.0
50,5,174,435635,437159,437159,438161,438161,438766,438798,447298,447298,447899,447931,447965,451068,1524,1002,605,8500,601,1147,0,600,1321,3137,3103,721,433.4479413,15.43598243,1,10,4,170,1,1,51,14,10,2.0
50,5,175,451071,452596,452596,453602,453602,454210,454242,461242,461242,461843,461875,461908,465015,1525,1006,608,7000,601,955,0,600,1505,3140,3107,905,447.3946084,13.94666714,0,13,1,210,1,-1,49,14,13,1.0
50,5,176,465018,466541,466541,467545,467545,468150,468182,474182,474182,474783,474817,474850,477954,1523,1004,605,6000,601,1206,0,600,1261,3137,3104,661,460.3340618,12.9394534,1,28,-8,170,-1,-1,49,20,28,1.0
50,5,177,477957,479479,479479,480481,480481,481086,481118,489118,489118,489718,489751,489786,492903,1522,1002,605,8000,600,545,0,600,1926,3152,3117,1326,475.2822969,14.94823508,1,19,1,190,1,1,51,20,19,2.0
50,5,178,492905,494426,494426,495428,495428,496050,496082,505082,505082,505713,505747,505781,508855,1521,1002,622,9000,631,1178,0,600,1246,3108,3074,646,491.2348672,15.95257032,1,20,-13,190,-1,-1,49,7,20,1.0
50,5,179,508858,510387,510387,511392,511392,511996,512028,519528,519528,520144,520177,520210,523311,1529,1005,604,7500,616,1403,0,600,1043,3134,3101,443,505.6907536,14.45588639,1,5,2,170,1,1,51,7,5,2.0
50,5,180,523313,524835,524835,525839,525839,526444,526476,533476,533476,534076,534109,534142,537271,1522,1004,605,7000,600,330,0,600,2139,3162,3129,1539,519.6508896,13.96013604,1,40,-20,210,-1,-1,49,20,40,1.0
50,6,181,16617,18143,18143,19157,19157,19789,19821,28321,28321,28921,28954,28991,32089,1526,1014,632,8500,600,1156,0,600,1272,3135,3098,672,15.48489235,15.48489235,1,7,-2,190,-1,-1,49,5,7,1.0
50,6,182,32093,33616,33616,34619,34619,35221,35254,44254,44254,44854,44886,44919,48030,1523,1003,602,9000,600,1989,0,600,483,3144,3111,-117,31.42383345,15.9389411,1,8,-1,160,-1,-1,49,7,8,1.0
50,6,183,48033,49554,49554,50558,50558,51161,51193,58193,58193,58794,58826,58861,61984,1521,1004,603,7000,601,578,0,600,1893,3158,3123,1293,45.3773699,13.95353645,1,20,-10,200,-1,-1,49,10,20,1.0
50,6,184,61986,63508,63508,64513,64513,65117,65149,71149,71149,71781,71815,71848,74937,1522,1005,604,6000,632,349,0,600,2088,3122,3089,1488,58.33096421,12.95359431,1,20,-13,150,-1,-1,49,7,20,1.0
50,6,185,74940,76461,76461,77470,77470,78102,78136,84636,84636,85239,85272,85306,88396,1521,1009,632,6500,603,1035,0,600,1400,3124,3090,800,71.79025436,13.45929015,1,14,-4,190,-1,-1,49,10,14,1.0
50,6,186,88399,89921,89921,90928,90928,91532,91564,99564,99564,100194,100226,100260,103337,1522,1007,604,8000,630,1895,0,600,542,3111,3077,-58,86.73102285,14.94076849,1,7,7,170,1,1,51,14,7,2.0
50,6,187,103339,104868,104868,105873,105873,106473,106505,114005,114005,114621,114654,114687,117783,1529,1005,600,7500,616,843,0,600,1607,3129,3096,1007,101.176829,14.44580618,1,4,1,160,1,1,51,5,4,2.0
50,6,188,117786,119305,119305,120311,120311,120943,120975,127975,127975,128590,128622,128657,131724,1519,1006,632,7000,615,819,0,600,1609,3102,3067,1009,115.1175665,13.94073745,1,2,3,150,1,1,51,5,2,2.0
50,6,189,131726,133250,133250,134259,134259,134862,134894,140894,140894,141509,141542,141575,144669,1524,1009,603,6000,615,454,0,600,1995,3127,3094,1395,128.0624388,12.9448723,1,4,3,190,1,1,51,7,4,2.0
50,6,190,144671,146196,146196,147199,147199,147807,147840,155340,155340,155970,156002,156035,159115,1525,1003,608,7500,630,1833,0,600,601,3113,3080,1,142.5085768,14.44613797,1,10,18,180,1,1,51,28,10,2.0
50,6,191,159118,160627,160627,161631,161631,162233,162266,168766,168766,169396,169429,169463,172553,1509,1004,602,6500,630,647,0,600,1808,3124,3090,1208,155.9467193,13.43814252,1,7,13,190,1,1,51,20,7,2.0
50,6,192,172555,174082,174082,175091,175091,175709,175741,184741,184741,185357,185389,185423,188503,1527,1009,618,9000,616,928,0,600,1502,3114,3080,902,171.8967055,15.94998623,1,3,2,190,1,1,51,5,3,2.0
50,6,193,188504,190024,190024,191030,191030,191633,191666,200166,200166,200767,200799,200833,203959,1520,1006,603,8500,601,1163,0,600,1307,3160,3126,707,187.3533441,15.45663856,1,11,-1,190,-1,-1,49,10,11,1.0
50,6,194,203962,205485,205485,206490,206490,207093,207125,215125,215125,215740,215774,215807,218924,1523,1005,603,8000,615,183,0,600,2271,3150,3117,1671,202.3169966,14.96365251,1,57,-37,190,-1,-1,49,20,57,1.0
50,6,195,218927,220448,220448,221454,221454,222061,222094,229594,229594,230226,230260,230293,233376,1521,1006,607,7500,632,990,0,600,1444,3116,3083,844,216.7695473,14.45255073,0,28,-8,160,-1,1,51,20,28,2.0
50,6,196,233378,234899,234899,235906,235906,236509,236541,245541,245541,246159,246192,246225,249309,1521,1007,603,9000,618,246,0,600,2205,3117,3084,1605,232.7024306,15.93288334,1,2,5,200,1,1,51,7,2,2.0
50,6,197,249312,250834,250834,251840,251840,252447,252479,260480,260480,261096,261129,261164,264267,1522,1006,607,8001,616,1240,0,600,1208,3138,3103,608,247.6612462,14.95881552,1,79,-51,150,-1,-1,49,28,79,1.0
50,6,198,264270,265790,265790,266795,266795,267404,267437,273937,273937,274541,274574,274608,277729,1520,1005,609,6500,604,1130,0,600,1332,3155,3121,732,261.1223746,13.46112839,0,15,-1,150,-1,1,51,14,15,2.0
50,6,199,277732,279257,279257,280264,280264,280868,280901,287901,287901,288532,288564,288598,291688,1525,1007,604,7000,631,1779,0,600,654,3124,3090,54,275.0810816,13.95870703,1,21,-1,180,-1,-1,49,20,21,1.0
50,6,200,291690,293213,293213,294216,294216,294820,294852,300852,300852,301484,301516,301550,304646,1523,1003,604,6000,632,390,0,600,2048,3130,3096,1448,288.0389973,12.95791569,1,10,18,200,1,1,51,28,10,2.0
50,6,201,304648,306164,306164,307166,307166,307773,307807,316307,316307,316916,316948,316982,320111,1516,1002,607,8500,609,290,0,600,2176,3163,3129,1576,303.5040607,15.46506344,1,79,-51,150,-1,-1,49,28,79,1.0
50,6,202,320113,321636,321636,322640,322640,323244,323276,330276,330276,330876,330910,330944,334064,1523,1004,604,7000,600,1905,0,600,564,3154,3120,-36,317.4572307,13.95317,1,20,-6,180,-1,-1,49,14,20,1.0
50,6,203,334066,335588,335588,336595,336595,337201,337234,346234,346234,346859,346892,346927,350026,1522,1007,606,9000,625,263,0,600,2177,3134,3099,1577,333.4198788,15.96264811,1,5,9,200,1,1,51,14,5,2.0
50,6,204,350029,351551,351551,352556,352556,353161,353193,361193,361193,361827,361860,361893,364986,1522,1005,605,8000,634,1361,0,600,1073,3126,3093,473,348.3795912,14.95971234,0,29,-1,170,-1,1,51,28,29,2.0
50,6,205,364989,366511,366511,367515,367515,368121,368153,376653,376653,377283,377315,377348,380440,1522,1004,606,8500,630,223,0,600,2215,3125,3092,1615,363.8331791,15.45358798,1,5,9,200,1,1,51,14,5,2.0
50,6,206,380443,381968,381968,382974,382974,383577,383610,389610,389610,390242,390274,390308,393396,1525,1006,603,6000,632,415,0,600,2019,3122,3088,1419,376.7895667,12.95638753,1,29,-1,210,-1,-1,49,28,29,1.0
50,6,207,393399,394924,394924,395929,395929,396546,396578,403078,403078,403692,403725,403759,406847,1525,1005,617,6500,614,1220,0,600,1219,3122,3088,619,390.2400721,13.45050546,1,4,3,210,1,1,51,7,4,2.0
50,6,208,406850,408370,408370,409373,409373,409981,410013,417513,417513,418142,418174,418208,421306,1520,1003,608,7500,629,263,0,600,2177,3132,3098,1577,404.6990049,14.45893275,1,5,5,190,1,1,51,10,5,2.0
50,6,209,421309,422829,422829,423830,423830,424434,424467,431467,431467,432084,432116,432150,435243,1520,1001,604,7000,617,255,0,600,2203,3127,3093,1603,418.6367816,13.93777668,1,4,1,210,1,1,51,5,4,2.0
50,6,210,435246,436766,436766,437769,437769,438375,438407,446407,446407,447033,447066,447099,450186,1520,1003,606,8000,626,226,0,600,2219,3120,3087,1619,433.5785071,14.94172559,1,5,9,150,1,1,51,14,5,2.0
50,6,211,450188,451710,451710,452714,452714,453316,453349,461849,461849,462463,462496,462530,465633,1522,1004,602,8500,614,307,0,600,2151,3137,3103,1551,449.0254298,15.44692269,1,2,5,160,1,1,51,7,2,2.0
50,6,212,465636,467153,467153,468156,468156,468760,468793,475293,475293,475913,475946,475979,479074,1517,1003,604,6500,620,393,0,600,2063,3128,3095,1463,462.4677744,13.44234456,1,5,5,200,1,1,51,10,5,2.0
50,6,213,479077,480596,480596,481601,481601,482205,482237,488237,488237,488868,488902,488935,492026,1519,1005,604,6000,631,1361,0,600,1080,3124,3091,480,475.4188901,12.95111569,1,10,10,170,1,1,51,20,10,2.0
50,6,214,492028,493548,493548,494550,494550,495182,495215,504215,504215,504834,504867,504900,507963,1520,1002,632,9000,619,194,0,600,2233,3096,3063,1633,491.3567921,15.93790204,1,4,1,150,1,1,51,5,4,2.0
50,6,215,507966,509488,509488,510490,510490,511094,511127,518628,518628,519231,519264,519297,522429,1522,1002,604,7501,603,334,0,600,2134,3165,3132,1534,505.8218962,14.46510412,1,28,-18,170,-1,-1,49,10,28,1.0
50,6,216,522432,523953,523953,524959,524959,525565,525597,533597,533597,534200,534232,534266,537390,1521,1006,606,8000,603,869,0,600,1595,3158,3124,995,520.7836716,14.96177539,0,14,6,200,1,-1,49,20,14,1.0
51,1,1,67211,68738,68738,69763,69763,70368,70400,78400,78400,79003,79036,79073,82183,1527,1025,605,8000,603,167,0,600,2273,3147,3110,1673,15.00273144,15.00273144,1,7,13,210,1,1,51,20,7,2.0
51,1,2,82235,83759,83759,84774,84774,85380,85413,92413,92413,93013,93045,93080,96175,1524,1015,606,7000,600,427,0,600,2028,3130,3095,1428,28.94802697,13.94529553,1,10,18,200,1,1,51,28,10,2.0
51,1,3,96181,97705,97705,98711,98711,99314,99346,106846,106846,107450,107483,107516,110632,1524,1006,603,7500,604,538,0,600,1925,3149,3116,1325,43.4014674,14.45344043,1,40,-12,190,-1,-1,49,28,40,1.0
51,1,4,110635,112158,112158,113165,113165,113768,113800,122300,122300,122903,122936,122970,126093,1523,1007,603,8500,603,1039,0,600,1425,3157,3123,825,58.86208419,15.46061679,1,14,-4,200,-1,-1,49,10,14,1.0
51,1,5,126095,127618,127618,128621,128621,129226,129258,135758,135758,136376,136409,136442,139544,1523,1003,605,6500,618,298,0,600,2153,3135,3102,1553,72.31327202,13.45118783,1,57,-37,200,-1,-1,49,20,57,1.0
51,1,6,139547,141070,141070,142075,142075,142701,142734,148734,148734,149361,149393,149426,152509,1523,1005,626,6000,627,636,0,600,1783,3116,3083,1183,85.27866492,12.9653929,1,4,1,200,1,1,51,5,4,2.0
51,1,7,152512,154037,154037,155043,155043,155648,155681,164681,164681,165311,165343,165376,168444,1525,1006,605,9000,630,393,0,600,2041,3101,3068,1441,101.2134566,15.93479165,1,14,6,200,1,1,51,20,14,2.0
51,1,8,168447,169967,169967,170970,170970,171577,171610,178110,178110,178738,178770,178803,181907,1520,1003,607,6500,628,427,0,600,2015,3137,3104,1415,114.6763549,13.46289832,1,4,3,160,1,1,51,7,4,2.0
51,1,9,181910,183436,183436,184444,184444,185048,185081,194081,194081,194708,194741,194774,197858,1526,1008,604,9000,627,729,0,600,1706,3117,3084,1106,130.6273562,15.9510013,1,4,3,190,1,1,51,7,4,2.0
51,1,10,197861,199387,199387,200393,200393,200999,201033,208033,208033,208633,208665,208698,211798,1526,1006,606,7000,600,203,0,600,2259,3133,3100,1659,144.5671816,13.93982541,1,28,-14,170,-1,-1,49,14,28,1.0
51,1,11,211801,213324,213324,214328,214328,214957,214990,222490,222490,223118,223150,223183,226248,1523,1004,629,7500,628,584,0,600,1832,3098,3065,1232,159.0171842,14.45000262,1,4,1,190,1,1,51,5,4,2.0
51,1,12,226251,227773,227773,228779,228779,229406,229439,237939,237939,238571,238603,238637,241706,1522,1006,627,8500,632,167,0,600,2246,3103,3069,1646,174.4747655,15.45758129,1,28,-18,160,-1,-1,49,10,28,1.0
51,1,13,241709,243226,243226,244230,244230,244861,244893,250893,250893,251510,251543,251576,254661,1517,1004,631,6000,617,282,0,600,2149,3118,3085,1549,187.4301894,12.95542392,1,2,3,160,1,1,51,5,2,2.0
51,1,14,254664,256185,256185,257190,257190,257798,257831,265831,265831,266463,266495,266529,269627,1521,1005,608,8000,632,1105,0,600,1329,3132,3098,729,202.3963312,14.96614175,1,5,9,170,1,1,51,14,5,2.0
51,1,15,269630,271152,271152,272156,272156,272759,272792,281292,281292,281925,281958,281991,285080,1522,1004,603,8500,633,577,0,600,1861,3122,3089,1261,217.8494929,15.45316168,1,7,3,200,1,1,51,10,7,2.0
51,1,16,285083,286603,286603,287605,287605,288210,288242,295742,295742,296342,296374,296409,299545,1520,1002,605,7500,600,397,0,600,2076,3171,3136,1476,232.3139983,14.46450542,1,5,5,200,1,1,51,10,5,2.0
51,1,17,299547,301075,301075,302081,302081,302686,302719,310719,310719,311319,311351,311384,314504,1528,1006,605,8000,600,319,0,600,2142,3153,3120,1542,247.2732548,14.9592565,1,40,-26,200,-1,-1,49,14,40,1.0
51,1,18,314507,316032,316032,317033,317033,317634,317666,323666,323666,324269,324302,324335,327445,1525,1001,601,6000,603,957,0,600,1513,3143,3110,913,260.2139194,12.94066467,1,10,-3,210,-1,-1,49,7,10,1.0
51,1,19,327448,328974,328974,329977,329977,330583,330615,339615,339615,340218,340251,340284,343395,1526,1003,606,9000,603,374,0,600,2088,3144,3111,1488,276.1641104,15.95019097,1,28,-14,180,-1,-1,49,14,28,1.0
51,1,20,343398,344922,344922,345932,345932,346537,346570,353570,353570,354193,354225,354258,357345,1524,1010,605,7000,623,487,0,600,1951,3120,3087,1351,290.1140244,13.94991402,1,4,3,160,1,1,51,7,4,2.0
51,1,21,357348,358866,358866,359869,359869,360470,360502,367002,367002,367622,367655,367687,370780,1518,1003,601,6500,620,323,0,600,2135,3125,3093,1535,303.5489957,13.43497125,1,10,-5,180,-1,-1,49,5,10,1.0
51,1,22,370783,372311,372311,373316,373316,373919,373951,382451,382451,383073,383105,383139,386215,1528,1005,603,8500,622,601,0,600,1841,3110,3076,1241,318.984334,15.4353383,1,10,18,200,1,1,51,28,10,2.0
51,1,23,386218,387743,387743,388746,388746,389352,389384,398384,398384,398985,399018,399053,402177,1525,1003,606,9000,601,806,0,600,1659,3159,3124,1059,334.9461158,15.96178181,1,28,-14,150,-1,-1,49,14,28,1.0
51,1,24,402180,403697,403697,404701,404701,405305,405337,412337,412337,412968,413001,413034,416140,1517,1004,604,7000,631,432,0,600,2012,3139,3106,1412,348.908965,13.9628492,1,10,-3,190,-1,-1,49,7,10,1.0
51,1,25,416143,417668,417668,418675,418675,419281,419314,426814,426814,427414,427448,427482,430588,1525,1007,606,7500,600,466,0,600,1996,3140,3106,1396,363.3568455,14.44788051,1,28,-8,210,-1,-1,49,20,28,1.0
51,1,26,430591,432112,432112,433115,433115,433720,433752,439752,439752,440352,440385,440418,443523,1521,1003,605,6000,600,70,0,600,2401,3138,3105,1801,376.2917924,12.93494684,1,5,5,190,1,1,51,10,5,2.0
51,1,27,443526,445052,445052,446055,446055,446658,446691,453191,453191,453797,453831,453864,456985,1526,1003,603,6500,606,517,0,600,1945,3154,3121,1345,389.7540253,13.46223294,1,40,-26,180,-1,-1,49,14,40,1.0
51,1,28,456987,458507,458507,459508,459508,460127,460160,468160,468160,468791,468823,468857,471947,1520,1001,619,8000,631,906,0,600,1523,3124,3090,923,404.7160012,14.96197588,1,7,-2,190,-1,-1,49,5,7,1.0
51,1,29,471949,473471,473471,474473,474473,475074,475106,481106,481106,481707,481740,481773,484908,1522,1002,601,6000,601,815,0,600,1659,3168,3135,1059,417.6769582,12.96095702,1,27,1,190,1,1,51,28,27,2.0
51,1,30,484911,486438,486438,487442,487442,488051,488083,496583,496583,497184,497216,497251,500359,1527,1004,609,8500,601,1246,0,600,1213,3143,3108,613,433.1276828,15.45072466,1,27,1,170,1,1,51,28,27,2.0
51,1,31,500362,501881,501881,502884,502884,503515,503547,511547,511547,512176,512207,512241,515293,1519,1003,631,8000,629,123,0,600,2295,3086,3052,1695,448.0617172,14.93403436,1,4,1,200,1,1,51,5,4,2.0
51,1,32,515296,516823,516823,517831,517831,518438,518472,524972,524972,525590,525622,525655,528734,1527,1008,607,6500,618,442,0,600,1998,3112,3079,1398,461.502792,13.44107481,1,56,-28,160,-1,-1,49,28,56,1.0
51,1,33,528737,530258,530258,531264,531264,531871,531903,539403,539403,540019,540052,540086,543170,1521,1006,607,7500,616,736,0,600,1714,3118,3084,1114,475.9386043,14.43581232,1,57,-37,210,-1,-1,49,20,57,1.0
51,1,34,543173,544690,544690,545693,545693,546297,546330,553330,553330,553931,553964,553997,557111,1517,1003,604,7000,601,181,0,600,2294,3147,3114,1694,489.879589,13.94098471,1,7,13,210,1,1,51,20,7,2.0
51,1,35,557114,558639,558639,559644,559644,560246,560279,569279,569279,569911,569943,569976,573052,1525,1005,602,9000,632,204,0,600,2232,3109,3076,1632,505.8209516,15.9413626,1,20,-13,150,-1,-1,49,7,20,1.0
51,1,36,573055,574577,574577,575585,575585,576188,576221,583221,583221,583853,583886,583920,587021,1522,1008,603,7000,632,912,0,600,1523,3135,3101,923,519.789437,13.96848536,0,14,-4,180,-1,1,51,10,14,2.0
51,2,37,29042,30567,30567,31579,31579,32186,32219,38219,38219,38839,38871,38906,41997,1525,1012,607,6000,620,605,0,600,1831,3126,3091,1231,12.9704589,12.9704589,1,56,-28,210,-1,-1,49,28,56,1.0
51,2,38,42002,43525,43525,44527,44527,45156,45190,53190,53190,53791,53823,53857,56962,1523,1002,629,8000,601,363,0,600,2082,3139,3105,1482,27.93357329,14.96311439,1,14,-9,180,-1,-1,49,5,14,1.0
51,2,39,56965,58486,58486,59493,59493,60122,60155,67655,67655,68255,68287,68321,71405,1521,1007,629,7500,600,247,0,600,2196,3118,3084,1596,42.37677413,14.44320084,1,14,-9,210,-1,-1,49,5,14,1.0
51,2,40,71408,72923,72923,73927,73927,74531,74564,81064,81064,81696,81729,81762,84847,1515,1004,604,6500,632,738,0,600,1707,3118,3085,1107,55.81900522,13.44223109,1,28,-14,160,-1,-1,49,14,28,1.0
51,2,41,84850,86372,86372,87375,87375,87982,88015,96515,96515,97116,97149,97182,100305,1522,1003,607,8500,601,417,0,600,2050,3156,3123,1450,71.27635778,15.45735256,1,40,-20,160,-1,-1,49,20,40,1.0
51,2,42,100308,101832,101832,102837,102837,103454,103487,112487,112487,113118,113150,113184,116266,1524,1005,617,9000,631,91,0,600,2332,3116,3082,1732,87.23745402,15.96109624,1,7,7,150,1,1,51,14,7,2.0
51,2,43,116269,117789,117789,118792,118792,119398,119430,126430,126430,127062,127095,127129,130201,1520,1003,606,7000,632,202,0,600,2237,3106,3072,1637,101.1722264,13.93477236,1,10,10,190,1,1,51,20,10,2.0
51,2,44,130204,131724,131724,132731,132731,133335,133368,139868,139868,140470,140502,140536,143651,1520,1007,604,6500,602,501,0,600,1966,3149,3115,1366,114.6222751,13.45004873,1,28,-18,210,-1,-1,49,10,28,1.0
51,2,45,143654,145176,145176,146182,146182,146788,146821,152821,152821,153444,153477,153511,156588,1522,1006,606,6000,623,213,0,600,2230,3111,3077,1630,127.559643,12.9373679,1,79,-51,150,-1,-1,49,28,79,1.0
51,2,46,156591,158108,158108,159110,159110,159713,159746,167746,167746,168348,168380,168413,171551,1517,1002,603,8000,602,403,0,600,2073,3171,3138,1473,142.5221655,14.96252253,1,13,1,190,1,1,51,14,13,2.0
51,2,47,171553,173078,173078,174083,174083,174687,174719,183719,183719,184319,184352,184386,187485,1525,1005,604,9000,600,619,0,600,1847,3133,3099,1247,158.4564702,15.93430467,1,40,-12,160,-1,-1,49,28,40,1.0
51,2,48,187488,189009,189009,190015,190015,190646,190678,199178,199178,199779,199813,199847,202943,1521,1006,631,8500,601,233,0,600,2208,3130,3096,1608,173.9148859,15.45841573,1,20,-13,200,-1,-1,49,7,20,1.0
51,2,49,202946,204463,204463,205470,205470,206075,206108,213108,213108,213727,213759,213793,216878,1517,1007,605,7000,619,184,0,600,2268,3119,3085,1668,187.8491761,13.9342902,1,57,-37,210,-1,-1,49,20,57,1.0
51,2,50,216881,218405,218405,219410,219410,220010,220043,227543,227543,228165,228198,228231,231345,1524,1005,600,7500,622,310,0,600,2139,3147,3114,1539,202.316061,14.46688488,0,4,1,150,1,-1,49,5,4,1.0
51,2,51,231347,232869,232869,233873,233873,234491,234524,241024,241024,241639,241671,241704,244807,1522,1004,618,6500,615,426,0,600,2015,3136,3103,1415,215.7779812,13.46192013,1,2,3,150,1,1,51,5,2,2.0
51,2,52,244809,246331,246331,247335,247335,247954,247986,254986,254986,255587,255619,255652,258757,1522,1004,619,7000,601,562,0,600,1892,3138,3105,1292,229.7281821,13.95020091,1,10,-3,150,-1,-1,49,7,10,1.0
51,2,53,258760,260284,260284,261289,261289,261896,261928,270928,270928,271529,271563,271597,274720,1524,1005,607,9000,601,68,0,600,2395,3157,3123,1795,245.6907284,15.96254634,1,10,18,210,1,1,51,28,10,2.0
51,2,54,274722,276242,276242,277247,277247,277861,277893,285893,285893,286495,286528,286562,289680,1520,1005,614,8000,602,2097,0,600,362,3152,3118,-238,260.6511948,14.96046642,0,14,-4,200,-1,1,51,10,14,2.0
51,2,55,289683,291205,291205,292212,292212,292819,292851,301351,301351,301951,301983,302016,305117,1522,1007,607,8500,600,170,0,600,2294,3134,3101,1694,276.0875532,15.43635837,1,10,10,190,1,1,51,20,10,2.0
51,2,56,305120,306639,306639,307645,307645,308246,308278,314278,314278,314907,314940,314974,318077,1519,1006,601,6000,629,102,0,600,2343,3137,3103,1743,289.0480895,12.96053633,1,5,2,160,1,1,51,7,5,2.0
51,2,57,318080,319602,319602,320609,320609,321238,321270,328770,328770,329395,329428,329462,332523,1522,1007,629,7500,625,100,0,600,2317,3095,3061,1717,303.4942599,14.44617035,1,4,1,190,1,1,51,5,4,2.0
51,2,58,332526,334050,334050,335055,335055,335660,335692,344692,344692,345325,345359,345392,348463,1524,1005,605,9000,633,1405,0,600,1028,3104,3071,428,319.4346184,15.9403585,1,7,3,150,1,1,51,10,7,2.0
51,2,59,348466,349982,349982,350982,350982,351585,351619,360119,360119,360721,360753,360786,363922,1516,1000,603,8500,602,391,0,600,2088,3169,3136,1488,334.8932188,15.45860046,1,40,-20,190,-1,-1,49,20,40,1.0
51,2,60,363925,365443,365443,366451,366451,367067,367100,374600,374600,375214,375247,375280,378385,1518,1008,616,7500,614,534,0,600,1910,3138,3105,1310,349.3559734,14.46275457,1,2,5,180,1,1,51,7,2,2.0
51,2,61,378388,379911,379911,380915,380915,381517,381549,388049,388049,388675,388709,388742,391845,1523,1004,602,6500,626,1202,0,600,1243,3136,3103,643,362.8162931,13.46031966,1,10,4,150,1,1,51,14,10,2.0
51,2,62,391848,393369,393369,394370,394370,394974,395007,401007,401007,401638,401671,401704,404785,1521,1001,604,6000,631,703,0,600,1740,3114,3081,1140,375.7558699,12.9395768,1,10,-3,160,-1,-1,49,7,10,1.0
51,2,63,404788,406310,406310,407313,407313,407925,407957,414957,414957,415571,415604,415638,418742,1522,1003,612,7000,614,244,0,600,2205,3138,3104,1605,389.7129202,13.95705031,1,2,5,190,1,1,51,7,2,2.0
51,2,64,418745,420262,420262,421265,421265,421867,421899,429899,429899,430512,430545,430578,433682,1517,1003,602,8000,613,300,0,600,2165,3137,3104,1565,404.6527329,14.93981275,1,5,5,150,1,1,51,10,5,2.0
51,2,65,433685,435211,435211,436215,436215,436819,436851,445351,445351,445955,445988,446021,449123,1526,1004,604,8500,604,368,0,600,2094,3135,3102,1494,420.0939228,15.44118993,1,56,-28,210,-1,-1,49,28,56,1.0
51,2,66,449126,450649,450649,451655,451655,452258,452290,459790,459790,460391,460424,460457,463570,1523,1006,603,7500,601,122,0,600,2345,3146,3113,1745,434.540736,14.44681313,1,13,1,210,1,1,51,14,13,2.0
51,2,67,463573,465097,465097,466101,466101,466707,466740,472740,472740,473374,473407,473440,476520,1524,1004,606,6000,634,379,0,600,2053,3113,3080,1453,447.4902296,12.94949364,1,20,-10,150,-1,-1,49,10,20,1.0
51,2,68,476522,478048,478048,479051,479051,479655,479687,488687,488687,489319,489351,489386,492485,1526,1003,604,9000,632,301,0,600,2134,3134,3099,1534,463.4559076,15.96567798,1,14,14,180,1,1,51,28,14,2.0
51,2,69,492487,494007,494007,495012,495012,495615,495648,502648,502648,503251,503283,503317,506431,1520,1005,603,7000,603,11,0,600,2458,3148,3114,1858,477.4014939,13.94558633,1,7,13,200,1,1,51,20,7,2.0
51,2,70,506434,507958,507958,508965,508965,509595,509627,516128,516128,516759,516792,516826,519895,1524,1007,630,6501,631,365,0,600,2042,3103,3069,1442,490.8659686,13.46447468,1,4,1,170,1,1,51,5,4,2.0
51,2,71,519898,521419,521419,522428,522428,523028,523059,531059,531059,531678,531711,531745,534848,1521,1009,600,8000,619,885,0,600,1566,3137,3103,966,505.8187759,14.95280729,1,4,6,150,1,1,51,10,4,2.0
51,2,72,534851,536369,536369,537371,537371,537977,538009,545009,545009,545623,545655,545689,548785,1518,1002,606,7000,614,845,0,600,1615,3130,3096,1015,519.7559675,13.93719161,1,5,9,180,1,1,51,14,5,2.0
51,3,73,14307,15828,15828,16841,16841,17471,17503,26503,26503,27106,27138,27173,30273,1521,1013,630,9000,603,838,0,600,1595,3135,3100,995,15.97883856,15.97883856,1,11,-1,160,-1,-1,49,10,11,1.0
51,3,74,30278,31801,31801,32810,32810,33416,33449,40949,40949,41581,41613,41646,44735,1523,1009,606,7500,632,801,0,600,1629,3122,3089,1029,30.43842684,14.45958828,1,14,-4,190,-1,-1,49,10,14,1.0
51,3,75,44738,46255,46255,47255,47255,47879,47911,56411,56411,57012,57046,57079,60177,1517,1000,624,8500,601,226,0,600,2232,3131,3098,1632,45.8805832,15.44215636,1,14,-9,170,-1,-1,49,5,14,1.0
51,3,76,60180,61701,61701,62709,62709,63316,63349,69349,69349,69965,69997,70030,73120,1521,1008,607,6000,616,92,0,600,2356,3123,3090,1756,58.82349926,12.94291606,1,14,-7,150,-1,-1,49,7,14,1.0
51,3,77,73123,74644,74644,75653,75653,76280,76312,82812,82812,83432,83465,83499,86583,1521,1009,627,6500,620,475,0,600,1948,3118,3084,1348,72.28634333,13.46284407,1,3,2,160,1,1,51,5,3,2.0
51,3,78,86585,88105,88105,89105,89105,89709,89741,96741,96741,97342,97375,97408,100540,1520,1000,604,7000,601,465,0,600,2010,3165,3132,1410,86.2432514,13.95690807,1,7,7,170,1,1,51,14,7,2.0
51,3,79,100543,102060,102060,103063,103063,103672,103704,111704,111704,112305,112338,112371,115481,1517,1003,609,8000,601,179,0,600,2291,3143,3110,1691,101.1844742,14.94122277,1,7,7,210,1,1,51,14,7,2.0
51,3,80,115484,117003,117003,118008,118008,118613,118647,124647,124647,125248,125281,125314,128436,1519,1005,605,6000,601,122,0,600,2348,3155,3122,1748,114.139211,12.95473684,1,56,-28,150,-1,-1,49,28,56,1.0
51,3,81,128439,129965,129965,130972,130972,131599,131631,140631,140631,141263,141295,141328,144387,1526,1007,627,9000,632,64,0,600,2344,3092,3059,1744,130.0903006,15.95108959,0,14,-9,160,-1,1,51,5,14,2.0
51,3,82,144390,145911,145911,146918,146918,147550,147582,155582,155582,156183,156216,156250,159353,1521,1007,632,8000,601,781,0,600,1658,3137,3103,1058,145.0560717,14.96577109,1,21,-1,160,-1,-1,49,20,21,1.0
51,3,83,159356,160877,160877,161885,161885,162488,162520,169020,169020,169653,169685,169719,172790,1521,1008,603,6500,633,197,0,600,2238,3105,3071,1638,158.4933194,13.43724766,1,20,8,170,1,1,51,28,20,2.0
51,3,84,172793,174320,174320,175328,175328,175932,175965,184465,184465,185065,185098,185132,188249,1527,1008,604,8500,600,1067,0,600,1394,3151,3117,794,173.9527289,15.45940958,1,10,18,210,1,1,51,28,10,2.0
51,3,85,188252,189772,189772,190778,190778,191383,191415,198415,198415,199033,199067,199100,202205,1520,1006,605,7000,618,268,0,600,2183,3138,3105,1583,187.9079061,13.95517711,1,56,-28,200,-1,-1,49,28,56,1.0
51,3,86,202207,203732,203732,204738,204738,205370,205403,212903,212903,213535,213568,213601,216649,1525,1006,632,7500,632,243,0,600,2162,3081,3048,1562,202.3522659,14.44435983,1,14,6,170,1,1,51,20,14,2.0
51,3,87,216653,218177,218177,219183,219183,219790,219823,228323,228323,228929,228961,228994,232116,1524,1006,607,8500,606,550,0,600,1907,3155,3122,1307,217.8191619,15.46689603,1,40,-20,180,-1,-1,49,20,40,1.0
51,3,88,232119,233640,233640,234643,234643,235249,235281,242781,242781,243410,243443,243476,246565,1521,1003,606,7500,629,579,0,600,1862,3122,3089,1262,232.2680061,14.44884423,1,4,6,160,1,1,51,10,4,2.0
51,3,89,246568,248091,248091,249096,249096,249702,249735,258735,258735,259355,259389,259423,262506,1523,1005,606,9000,620,156,0,600,2290,3117,3083,1690,248.2092952,15.94128907,1,7,3,150,1,1,51,10,7,2.0
51,3,90,262509,264030,264030,265032,265032,265638,265670,272670,272670,273287,273320,273353,276446,1521,1002,606,7000,617,421,0,600,2033,3126,3093,1433,262.1495058,13.94021054,1,57,-37,170,-1,-1,49,20,57,1.0
51,3,91,276449,277973,277973,278979,278979,279585,279617,285617,285617,286219,286252,286285,289392,1524,1006,606,6000,602,1114,0,600,1348,3140,3107,748,275.0951734,12.94566769,1,20,-6,150,-1,-1,49,14,20,1.0
51,3,92,289395,290918,290918,291927,291927,292531,292563,299063,299063,299666,299699,299732,302829,1523,1009,604,6500,603,135,0,600,2326,3130,3097,1726,288.5321565,13.43698307,1,5,9,160,1,1,51,14,5,2.0
51,3,93,302831,304353,304353,305358,305358,305973,306005,314005,314005,314606,314639,314672,317790,1522,1005,615,8000,601,314,0,600,2143,3151,3118,1543,303.4925699,14.96041338,1,14,-7,190,-1,-1,49,7,14,1.0
51,3,94,317792,319317,319317,320324,320324,320930,320962,328962,328962,329562,329595,329628,332728,1525,1007,606,8000,600,265,0,600,2197,3133,3100,1597,318.4304049,14.93783499,1,14,6,180,1,1,51,20,14,2.0
51,3,95,332730,334255,334255,335261,335261,335891,335923,343423,343423,344026,344058,344092,347161,1525,1006,630,7500,603,324,0,600,2112,3103,3069,1512,332.8638233,14.43341839,1,14,6,200,1,1,51,20,14,2.0
51,3,96,347164,348684,348684,349688,349688,350292,350325,359325,359325,359925,359958,359991,363114,1520,1004,604,9000,600,347,0,600,2125,3156,3123,1525,348.8168837,15.95306043,0,15,-1,150,-1,1,51,14,15,2.0
51,3,97,363117,364645,364645,365651,365651,366255,366287,372787,372787,373418,373451,373485,376559,1528,1006,604,6500,631,161,0,600,2270,3108,3074,1670,362.2618836,13.4449999,1,28,-18,180,-1,-1,49,10,28,1.0
51,3,98,376563,378084,378084,379087,379087,379688,379720,386720,386720,387335,387368,387402,390513,1521,1003,601,7000,615,468,0,600,1992,3145,3111,1392,376.2157191,13.9538355,1,10,-3,190,-1,-1,49,7,10,1.0
51,3,99,390515,392043,392043,393054,393054,393655,393688,399688,399688,400318,400351,400384,403455,1528,1011,601,6000,630,464,0,600,1966,3104,3071,1366,389.1577558,12.94203672,1,4,3,150,1,1,51,7,4,2.0
51,3,100,403458,404981,404981,405988,405988,406588,406620,415120,415120,415747,415780,415813,418890,1523,1007,600,8500,627,761,0,600,1682,3110,3077,1082,404.5927093,15.43495347,1,4,1,170,1,1,51,5,4,2.0
51,3,101,418893,420408,420408,421412,421412,422041,422073,430073,430073,430673,430707,430740,433826,1515,1004,629,8000,600,834,0,600,1618,3119,3086,1018,419.5287097,14.93600037,1,6,-1,170,-1,-1,49,5,6,1.0
51,3,102,433829,435345,435345,436351,436351,436952,436984,445984,445984,446584,446617,446651,449775,1516,1006,601,9000,600,225,0,600,2252,3158,3124,1652,435.4773957,15.94868602,1,14,-9,150,-1,-1,49,5,14,1.0
51,3,103,449778,451298,451298,452303,452303,452907,452939,459439,459439,460060,460093,460126,463233,1520,1005,604,6500,621,1305,0,600,1145,3140,3107,545,448.9356348,13.45823914,1,8,-1,150,-1,-1,49,7,8,1.0
51,3,104,463236,464762,464762,465765,465765,466370,466402,472402,472402,473032,473065,473098,476172,1526,1003,605,6000,630,1600,0,600,836,3107,3074,236,461.8748277,12.93919287,0,8,-1,150,-1,1,51,7,8,2.0
51,3,105,476175,477699,477699,478703,478703,479307,479339,486839,486839,487440,487473,487507,490625,1524,1004,604,7500,601,185,0,600,2282,3152,3118,1682,476.3274575,14.4526298,1,20,-10,180,-1,-1,49,10,20,1.0
51,3,106,490628,492151,492151,493158,493158,493774,493806,500806,500806,501408,501441,501474,504581,1523,1007,616,7000,602,401,0,600,2051,3140,3107,1451,490.2840247,13.95656724,1,20,-6,210,-1,-1,49,14,20,1.0
51,3,107,504584,506108,506108,507113,507113,507719,507751,516251,516251,516866,516899,516933,520039,1524,1005,606,8500,615,1373,0,600,1077,3140,3106,477,505.7428184,15.45879362,0,79,-51,160,-1,1,51,28,79,2.0
51,3,108,520043,521563,521563,522571,522571,523181,523212,530212,530212,530830,530862,530896,533988,1520,1008,610,7000,618,676,0,600,1768,3126,3092,1168,519.6904048,13.94758639,1,56,-28,160,-1,-1,49,28,56,1.0
51,4,109,47655,49177,49177,50195,50195,50806,50839,57339,57339,57956,57989,58026,61106,1522,1018,611,6500,617,368,0,600,2064,3117,3080,1464,13.46317888,13.46317888,1,57,-37,150,-1,-1,49,20,57,1.0
51,4,110,61111,62633,62633,63639,63639,64244,64277,71277,71277,71879,71913,71946,75072,1522,1006,605,7000,602,92,0,600,2373,3159,3126,1773,27.42770328,13.96452441,1,40,-26,150,-1,-1,49,14,40,1.0
51,4,111,75075,76601,76601,77608,77608,78214,78247,86747,86747,87362,87395,87428,90510,1526,1007,606,8500,615,54,0,600,2392,3115,3082,1792,42.86563139,15.43792811,1,56,-28,150,-1,-1,49,28,56,1.0
51,4,112,90513,92030,92030,93036,93036,93668,93700,101700,101700,102302,102335,102368,105453,1517,1006,632,8000,602,1094,0,600,1349,3118,3085,749,57.80833017,14.94269879,0,7,-2,160,-1,1,51,5,7,2.0
51,4,113,105456,106978,106978,107981,107981,108588,108621,117621,117621,118221,118253,118287,121398,1522,1003,607,9000,600,501,0,600,1967,3145,3111,1367,73.75364137,15.9453112,1,56,-28,190,-1,-1,49,28,56,1.0
51,4,114,121401,122923,122923,123929,123929,124529,124562,130562,130562,131194,131226,131259,134341,1522,1006,600,6000,632,276,0,600,2164,3115,3082,1564,86.69706008,12.94341871,1,10,-3,150,-1,-1,49,7,10,1.0
51,4,115,134344,135864,135864,136867,136867,137471,137504,145004,145004,145636,145668,145702,148800,1520,1003,604,7500,632,326,0,600,2115,3132,3098,1515,101.155446,14.45838589,1,20,8,180,1,1,51,28,20,2.0
51,4,116,148803,150326,150326,151327,151327,151933,151966,157966,157966,158594,158626,158660,161746,1523,1001,606,6000,628,226,0,600,2216,3120,3086,1616,114.1019719,12.94652594,1,4,6,160,1,1,51,10,4,2.0
51,4,117,161749,163269,163269,164271,164271,164881,164913,171413,171413,172043,172075,172108,175198,1520,1002,610,6500,630,322,0,600,2116,3123,3090,1516,127.5532001,13.45122821,1,5,5,170,1,1,51,10,5,2.0
51,4,118,175201,176721,176721,177726,177726,178354,178386,187386,187386,188018,188050,188084,191161,1520,1005,628,9000,632,791,0,600,1624,3111,3077,1024,143.5164604,15.96326024,1,10,-5,160,-1,-1,49,5,10,1.0
51,4,119,191164,192685,192685,193687,193687,194316,194348,201848,201848,202451,202484,202519,205621,1521,1002,629,7500,603,973,0,600,1472,3137,3102,872,157.9764862,14.46002584,1,14,-9,190,-1,-1,49,5,14,1.0
51,4,120,205624,207143,207143,208148,208148,208752,208784,215784,215784,216416,216448,216482,219579,1519,1005,604,7000,632,196,0,600,2244,3131,3097,1644,171.9342426,13.95775637,1,20,-10,180,-1,-1,49,10,20,1.0
51,4,121,219582,221109,221109,222110,222110,222736,222768,231268,231268,231885,231918,231951,235020,1527,1001,626,8500,617,530,0,600,1899,3102,3069,1299,187.3755772,15.44133457,1,3,2,170,1,1,51,5,3,2.0
51,4,122,235022,236543,236543,237544,237544,238174,238206,246206,246206,246806,246838,246871,249967,1521,1001,630,8000,600,456,0,600,1992,3129,3096,1392,202.3224888,14.94691167,1,10,10,150,1,1,51,20,10,2.0
51,4,123,249970,251491,251491,252495,252495,253099,253132,260632,260632,261232,261265,261298,264404,1521,1004,604,7500,600,719,0,600,1752,3139,3106,1152,216.7590467,14.43655787,1,28,-14,150,-1,-1,49,14,28,1.0
51,4,124,264407,265931,265931,266935,266935,267543,267575,274575,274575,275208,275241,275275,278349,1524,1004,608,7000,633,374,0,600,2057,3108,3074,1457,230.7043699,13.94532325,1,7,3,150,1,1,51,10,7,2.0
51,4,125,278351,279869,279869,280873,280873,281481,281513,287513,287513,288146,288178,288211,291291,1518,1004,608,6000,633,862,0,600,1575,3113,3080,975,243.6461638,12.94179383,1,14,14,210,1,1,51,28,14,2.0
51,4,126,291294,292814,292814,293821,293821,294425,294457,303457,303457,304058,304091,304125,307228,1520,1007,604,9000,601,627,0,600,1841,3137,3103,1241,259.5834313,15.93726755,1,14,-7,150,-1,-1,49,7,14,1.0
51,4,127,307231,308754,308754,309758,309758,310362,310395,318395,318395,318996,319028,319062,322192,1523,1004,604,8000,601,136,0,600,2332,3164,3130,1732,274.547268,14.96383672,1,28,-14,160,-1,-1,49,14,28,1.0
51,4,128,322195,323714,323714,324719,324719,325324,325356,331856,331856,332457,332489,332523,335630,1519,1005,605,6500,601,1050,0,600,1420,3141,3107,820,287.985012,13.43774398,1,28,-14,150,-1,-1,49,14,28,1.0
51,4,129,335633,337157,337157,338160,338160,338766,338799,347299,347299,347915,347947,347980,351071,1524,1003,606,8500,616,774,0,600,1677,3124,3091,1077,303.4266012,15.44158921,1,57,-37,160,-1,-1,49,20,57,1.0
51,4,130,351074,352597,352597,353602,353602,354206,354238,362238,362238,362870,362903,362936,366027,1523,1005,604,8000,632,681,0,600,1755,3124,3091,1155,318.3827086,14.95610738,1,5,2,160,1,1,51,7,5,2.0
51,4,131,366030,367551,367551,368561,368561,369164,369196,376696,376696,377322,377354,377387,380483,1521,1010,603,7500,626,394,0,600,2046,3129,3096,1446,332.8377061,14.45499751,1,14,14,180,1,1,51,28,14,2.0
51,4,132,380486,382009,382009,383015,383015,383617,383650,390650,390650,391283,391315,391348,394436,1523,1006,602,7000,633,776,0,600,1660,3121,3088,1060,346.7916519,13.95394579,1,5,2,210,1,1,51,7,5,2.0
51,4,133,394439,395958,395958,396964,396964,397568,397601,403601,403601,404203,404236,404270,407382,1519,1006,604,6000,602,1410,0,600,1059,3146,3112,459,359.7369176,12.94526569,1,20,-6,190,-1,-1,49,14,20,1.0
51,4,134,407385,408905,408905,409909,409909,410514,410546,419046,419046,419677,419709,419742,422827,1520,1004,605,8500,631,834,0,600,1606,3118,3085,1006,375.1825226,15.44560501,1,5,2,170,1,1,51,7,5,2.0
51,4,135,422830,424351,424351,425357,425357,425961,425993,434993,434993,435625,435658,435692,438776,1521,1006,604,9000,632,342,0,600,2095,3118,3084,1495,391.131384,15.94886141,1,28,-8,160,-1,-1,49,20,28,1.0
51,4,136,438779,440304,440304,441311,441311,441937,441970,448470,448470,449103,449135,449168,452217,1525,1007,626,6500,633,540,0,600,1869,3082,3049,1269,404.5723763,13.44099224,1,6,-1,160,-1,-1,49,5,6,1.0
51,4,137,452220,453746,453746,454754,454754,455358,455391,462891,462891,463505,463537,463570,466651,1526,1008,604,7500,614,348,0,600,2100,3114,3081,1500,419.0065342,14.43415791,1,2,5,200,1,1,51,7,2,2.0
51,4,138,466654,468177,468177,469180,469180,469784,469816,475816,475816,476447,476479,476512,479616,1523,1003,604,6000,631,207,0,600,2232,3137,3104,1632,431.9706117,12.9640775,1,28,-18,190,-1,-1,49,10,28,1.0
51,4,139,479619,481136,481136,482144,482144,482770,482803,489303,489303,489904,489937,489970,493068,1517,1008,626,6500,601,327,0,600,2121,3131,3098,1521,445.4234524,13.45284074,1,14,-9,180,-1,-1,49,5,14,1.0
51,4,140,493071,494596,494596,495601,495601,496206,496238,504738,504738,505340,505373,505408,508520,1525,1005,605,8500,602,694,0,600,1769,3147,3112,1169,460.8746104,15.451158,1,10,10,170,1,1,51,20,10,2.0
51,4,141,508523,510043,510043,511050,511050,511652,511684,519684,519684,520315,520347,520380,523456,1520,1007,602,8000,631,241,0,600,2199,3109,3076,1599,475.8104999,14.93588947,1,14,-4,170,-1,-1,49,10,14,1.0
51,4,142,523458,524982,524982,525987,525987,526592,526624,535624,535624,536253,536285,536318,539401,1524,1005,605,9000,629,282,0,600,2155,3116,3083,1555,491.7561555,15.94565564,1,10,18,210,1,1,51,28,10,2.0
51,4,143,539404,540928,540928,541935,541935,542543,542576,549576,549576,550176,550209,550242,553340,1524,1007,608,7000,600,294,0,600,2167,3131,3098,1567,505.6948238,13.93866822,1,10,10,190,1,1,51,20,10,2.0
51,4,144,553343,554865,554865,555870,555870,556474,556506,563506,563506,564107,564139,564173,567257,1522,1005,604,7000,601,-1,2501,0,567,3118,3084,-33,519.6113409,13.91651715,-1,7,7,200,1,-2,-1,14,7,
51,5,145,15097,16624,16624,17636,17636,18250,18282,26282,26282,26914,26947,26982,30067,1527,1012,614,8000,632,242,0,600,2173,3120,3085,1573,14.98247707,14.98247707,1,40,-12,180,-1,-1,49,28,40,1.0
51,5,146,30072,31595,31595,32601,32601,33202,33235,40735,40735,41368,41400,41433,44515,1523,1006,601,7500,633,408,0,600,2029,3115,3082,1429,29.42865826,14.44618119,1,14,-9,200,-1,-1,49,5,14,1.0
51,5,147,44518,46036,46036,47041,47041,47647,47679,56179,56179,56791,56824,56857,59967,1518,1005,606,8500,612,525,0,600,1934,3143,3110,1334,44.88016944,15.45151118,1,10,10,170,1,1,51,20,10,2.0
51,5,148,59969,61491,61491,62493,62493,63113,63145,69145,69145,69745,69778,69812,72915,1522,1002,620,6000,600,1273,0,600,1183,3137,3103,583,57.82856406,12.94839461,1,21,-1,150,-1,-1,49,20,21,1.0
51,5,149,72918,74438,74438,75441,75441,76042,76074,85074,85074,85707,85740,85774,88869,1520,1003,601,9000,633,675,0,600,1768,3129,3095,1168,73.78231367,15.95374962,1,11,-1,200,-1,-1,49,10,11,1.0
51,5,150,88872,90398,90398,91399,91399,92029,92062,99062,99062,99692,99725,99758,102829,1526,1001,630,7000,630,465,0,600,1948,3104,3071,1348,87.7421786,13.95986492,1,20,-10,180,-1,-1,49,10,20,1.0
51,5,151,102832,104358,104358,105367,105367,105973,106006,112506,112506,113138,113170,113204,116273,1526,1009,606,6500,632,727,0,600,1700,3103,3069,1100,101.1861898,13.44401117,1,40,-12,200,-1,-1,49,28,40,1.0
51,5,152,116276,117799,117799,118802,118802,119428,119460,128460,128460,129092,129125,129157,132222,1523,1003,626,9000,632,426,0,600,1990,3097,3065,1390,117.1356421,15.94945236,1,10,-5,210,-1,-1,49,5,10,1.0
51,5,153,132225,133746,133746,134751,134751,135353,135386,142386,142386,142987,143019,143053,146161,1521,1005,602,7000,601,279,0,600,2192,3142,3108,1592,131.0743254,13.93868329,1,28,-18,180,-1,-1,49,10,28,1.0
51,5,154,146164,147684,147684,148688,148688,149294,149327,155827,155827,156454,156487,156520,159597,1520,1004,606,6500,627,1052,0,600,1391,3110,3077,791,144.5100564,13.43573096,1,7,13,150,1,1,51,20,7,2.0
51,5,155,159600,161122,161122,162124,162124,162755,162788,170288,170288,170917,170949,170983,174039,1522,1002,631,7500,629,1448,0,600,968,3090,3056,368,158.9521763,14.44211989,0,6,-1,190,-1,1,51,5,6,2.0
51,5,156,174042,175564,175564,176570,176570,177177,177210,185210,185210,185828,185860,185893,188989,1522,1006,607,8000,618,361,0,600,2086,3129,3096,1486,173.9025086,14.9503323,1,57,-37,150,-1,-1,49,20,57,1.0
51,5,157,188992,190514,190514,191520,191520,192124,192156,198156,198156,198778,198811,198845,201950,1522,1006,604,6000,622,1662,0,600,784,3139,3105,184,186.8633047,12.9607961,1,15,-1,160,-1,-1,49,14,15,1.0
51,5,158,201953,203475,203475,204479,204479,205102,205135,213635,213635,214262,214295,214328,217412,1522,1004,623,8500,627,509,0,600,1915,3117,3084,1315,202.3252703,15.46196564,1,5,2,170,1,1,51,7,5,2.0
51,5,159,217415,218936,218936,219940,219940,220569,220602,228102,228102,228735,228768,228801,231874,1521,1004,629,7500,633,494,0,600,1919,3106,3073,1319,216.7870907,14.46182039,1,7,-2,190,-1,-1,49,5,7,1.0
51,5,160,231877,233400,233400,234400,234400,235005,235037,241037,241037,241670,241703,241737,244832,1523,1000,605,6000,633,1721,0,600,718,3129,3095,118,229.744948,12.95785732,1,20,-6,170,-1,-1,49,14,20,1.0
51,5,161,244834,246360,246360,247366,247366,247992,248024,255024,255024,255639,255671,255705,258791,1526,1006,626,7000,615,1319,0,600,1108,3120,3086,508,243.7045104,13.95956237,1,10,-3,190,-1,-1,49,7,10,1.0
51,5,162,258795,260315,260315,261322,261322,261927,261959,270959,270959,271574,271606,271639,274755,1520,1007,605,9000,615,796,0,600,1657,3149,3116,1057,259.6676706,15.96316019,1,79,-51,150,-1,-1,49,28,79,1.0
51,5,163,274758,276283,276283,277288,277288,277894,277927,285927,285927,286558,286590,286623,289701,1525,1005,606,8000,631,434,0,600,1999,3111,3078,1399,274.6141694,14.94649882,1,10,18,200,1,1,51,28,10,2.0
51,5,164,289704,291227,291227,292234,292234,292839,292871,301371,301371,301972,302004,302038,305162,1523,1007,605,8500,601,391,0,600,2073,3158,3124,1473,290.0748823,15.46071292,1,10,4,210,1,1,51,14,10,2.0
51,5,165,305165,306685,306685,307688,307688,308293,308325,314825,314825,315425,315458,315491,318616,1520,1003,605,6500,600,1746,0,600,726,3158,3125,126,303.5285286,13.45364625,1,15,-1,190,-1,-1,49,14,15,1.0
51,5,166,318618,320141,320141,321149,321149,321779,321811,328811,328811,329442,329474,329508,332551,1523,1008,630,7000,631,1408,0,600,1000,3077,3043,400,317.4639437,13.93541514,1,8,-1,200,-1,-1,49,7,8,1.0
51,5,167,332554,334079,334079,335085,335085,335686,335718,342218,342218,342843,342876,342909,346011,1525,1006,601,6500,625,521,0,600,1922,3135,3102,1322,330.9237496,13.45980586,1,4,6,170,1,1,51,10,4,2.0
51,5,168,346014,347539,347539,348543,348543,349149,349181,355181,355181,355812,355845,355878,358967,1525,1004,606,6000,631,258,0,600,2176,3122,3089,1576,343.8802183,12.9564687,1,40,-20,200,-1,-1,49,20,40,1.0
51,5,169,358970,360493,360493,361500,361500,362107,362139,369639,369639,370241,370274,370307,373429,1523,1007,607,7500,602,449,0,600,2012,3155,3122,1412,358.3408745,14.46065627,1,29,-1,150,-1,-1,49,28,29,1.0
51,5,170,373430,374947,374947,375952,375952,376572,376605,385105,385105,385722,385754,385788,388864,1517,1005,620,8500,617,271,0,600,2170,3110,3076,1570,373.7768023,15.43592774,1,4,1,200,1,1,51,5,4,2.0
51,5,171,388867,390391,390391,391398,391398,392003,392036,400036,400036,400660,400692,400725,403820,1524,1007,605,8000,624,518,0,600,1922,3128,3095,1322,388.732589,14.95578675,1,7,3,190,1,1,51,10,7,2.0
51,5,172,403823,405340,405340,406346,406346,406976,407008,416008,416008,416608,416640,416673,419775,1517,1006,630,9000,600,298,0,600,2149,3135,3102,1549,404.687208,15.95461901,1,14,-7,190,-1,-1,49,7,14,1.0
51,5,173,419778,421300,421300,422305,422305,422909,422941,430941,430941,431541,431573,431607,434711,1522,1005,604,8000,600,1046,0,600,1423,3138,3104,823,419.6237448,14.93653677,0,40,-12,200,-1,1,51,28,40,2.0
51,5,174,434714,436237,436237,437243,437243,437850,437882,444882,444882,445482,445515,445548,448645,1523,1006,607,7000,600,618,0,600,1846,3130,3097,1246,433.5573461,13.93360131,1,28,-14,200,-1,-1,49,14,28,1.0
51,5,175,448648,450165,450165,451169,451169,451793,451826,460826,460826,461459,461491,461525,464603,1517,1004,624,9000,633,177,0,600,2245,3112,3078,1645,449.5154858,15.95813969,1,14,-9,200,-1,-1,49,5,14,1.0
51,5,176,464606,466132,466132,467137,467137,467738,467770,473770,473770,474400,474433,474468,477549,1526,1005,601,6000,630,1348,0,600,1090,3116,3081,490,462.4618478,12.94636201,1,4,3,160,1,1,51,7,4,2.0
51,5,177,477552,479073,479073,480080,480080,480701,480734,487234,487234,487864,487896,487930,490991,1521,1007,621,6500,630,676,0,600,1745,3095,3061,1145,475.9034467,13.44159886,1,8,-1,160,-1,-1,49,7,8,1.0
51,5,178,490994,492516,492516,493517,493517,494136,494168,502668,502668,503284,503316,503349,506444,1522,1001,619,8500,616,323,0,600,2119,3128,3095,1519,491.3564095,15.45296279,1,5,5,210,1,1,51,10,5,2.0
51,5,179,506447,507970,507970,508976,508976,509584,509616,517116,517116,517716,517749,517782,520902,1523,1006,608,7500,600,315,0,600,2148,3153,3120,1548,505.8146757,14.45826626,1,28,-14,200,-1,-1,49,14,28,1.0
51,5,180,520905,522424,522424,523429,523429,524033,524065,531065,531065,531695,531727,531760,534851,1519,1005,604,7000,630,1318,0,600,1124,3124,3091,524,519.7633626,13.94868693,0,57,-37,170,-1,1,51,20,57,2.0
51,6,181,15231,16756,16756,17770,17770,18378,18411,26911,26911,27512,27545,27580,30685,1525,1014,608,8500,601,156,0,600,2296,3140,3105,1696,15.46645546,15.46645546,1,28,-8,150,-1,-1,49,20,28,1.0
51,6,182,30690,32212,32212,33213,33213,33841,33873,40373,40373,40987,41019,41053,44133,1522,1001,628,6500,614,182,0,600,2253,3114,3080,1653,28.91288949,13.44643403,1,14,-9,210,-1,-1,49,5,14,1.0
51,6,183,44136,45661,45661,46666,46666,47270,47303,54803,54803,55429,55462,55496,58576,1525,1005,604,7500,626,503,0,600,1937,3114,3080,1337,43.35570128,14.44281179,1,7,3,200,1,1,51,10,7,2.0
51,6,184,58579,60099,60099,61105,61105,61707,61740,68740,68740,69340,69372,69406,72516,1520,1006,602,7000,600,207,0,600,2265,3144,3110,1665,57.29574276,13.94004148,1,20,-6,180,-1,-1,49,14,20,1.0
51,6,185,72519,74044,74044,75049,75049,75655,75687,81687,81687,82287,82319,82353,85478,1525,1005,606,6000,600,677,0,600,1787,3159,3125,1187,70.25764361,12.96190085,1,10,4,150,1,1,51,14,10,2.0
51,6,186,85481,86999,86999,88005,88005,88634,88666,97666,97666,98298,98330,98364,101415,1518,1006,629,9000,632,2385,0,600,30,3085,3051,-570,86.19367381,15.9360302,0,5,2,200,1,-1,49,7,5,1.0
51,6,187,101416,102940,102940,103945,103945,104553,104586,112586,112586,113187,113219,113253,116378,1524,1005,608,8000,601,968,0,600,1494,3159,3125,894,101.157603,14.96392924,1,28,-14,210,-1,-1,49,14,28,1.0
51,6,188,116381,117909,117909,118914,118914,119519,119552,127052,127052,127652,127684,127718,130839,1528,1005,605,7500,600,1427,0,600,1035,3155,3121,435,115.6185013,14.46089825,1,40,-12,160,-1,-1,49,28,40,1.0
51,6,189,130842,132362,132362,133367,133367,133972,134004,140004,140004,140635,140667,140700,143780,1520,1005,605,6000,631,763,0,600,1676,3113,3080,1076,128.5596252,12.94112393,1,7,7,170,1,1,51,14,7,2.0
51,6,190,143783,145313,145313,146320,146320,146925,146957,155457,155457,156080,156112,156145,159213,1530,1007,605,8500,623,303,0,600,2132,3101,3068,1532,143.9925807,15.43295552,1,4,6,180,1,1,51,10,4,2.0
51,6,191,159216,160739,160739,161745,161745,162348,162380,168880,168880,169480,169513,169546,172669,1523,1006,603,6500,600,319,0,600,2149,3156,3123,1549,157.4478594,13.45527867,1,14,6,150,1,1,51,20,14,2.0
51,6,192,172672,174195,174195,175197,175197,175802,175834,183834,183834,184464,184496,184530,187628,1523,1002,605,8000,630,494,0,600,1946,3132,3098,1346,172.4074959,14.9596365,0,19,1,190,1,-1,49,20,19,1.0
51,6,193,187631,189152,189152,190159,190159,190764,190796,199796,199796,200427,200459,200492,203574,1521,1007,605,9000,631,214,0,600,2222,3115,3082,1622,188.3533248,15.94582892,1,14,14,190,1,1,51,28,14,2.0
51,6,194,203577,205099,205099,206106,206106,206726,206758,213758,213758,214380,214413,214446,217535,1522,1007,620,7000,622,541,0,600,1888,3122,3089,1288,202.3142508,13.96092598,1,3,2,200,1,1,51,5,3,2.0
51,6,195,217538,219062,219063,220069,220069,220676,220709,227209,227209,227826,227859,227893,230973,1524,1006,607,6500,617,151,0,600,2295,3114,3080,1695,215.7523145,13.43806371,1,79,-51,200,-1,-1,49,28,79,1.0
51,6,196,230976,232500,232500,233507,233507,234130,234163,243163,243163,243764,243796,243830,246924,1524,1007,623,9000,601,613,0,600,1832,3128,3094,1232,231.7032293,15.95091481,1,5,2,150,1,1,51,7,5,2.0
51,6,197,246927,248451,248451,249451,249451,250057,250090,258091,258091,258692,258724,258757,261887,1524,1000,606,8001,601,553,0,600,1915,3163,3130,1315,246.6671824,14.96395304,0,14,14,170,1,-1,49,28,14,1.0
51,6,198,261891,263413,263413,264422,264422,265026,265058,271058,271058,271658,271690,271723,274839,1522,1009,604,6000,600,574,0,600,1891,3149,3116,1291,259.6185646,12.9513822,1,40,-12,170,-1,-1,49,28,40,1.0
51,6,199,274842,276365,276365,277369,277369,277976,278008,286508,286508,287126,287159,287193,290296,1523,1004,607,8500,618,238,0,600,2210,3137,3103,1610,275.0749881,15.4564235,1,56,-28,190,-1,-1,49,28,56,1.0
51,6,200,290299,291823,291823,292831,292831,293439,293472,300472,300472,301104,301136,301170,304247,1524,1008,608,7000,632,1151,0,600,1277,3111,3077,677,289.0263019,13.9513138,1,7,3,150,1,1,51,10,7,2.0
51,6,201,304250,305772,305772,306774,306774,307378,307410,314910,314910,315539,315571,315604,318692,1522,1002,604,7500,629,57,0,600,2386,3121,3088,1786,303.4706771,14.4443752,1,7,13,200,1,1,51,20,7,2.0
51,6,202,318694,320215,320215,321217,321217,321822,321854,328354,328354,328954,328986,329019,332142,1521,1002,605,6500,600,353,0,600,2119,3156,3123,1519,316.9209723,13.45029523,1,10,4,180,1,1,51,14,10,2.0
51,6,203,332145,333668,333668,334674,334674,335281,335314,342314,342314,342914,342946,342980,346100,1523,1006,607,7000,600,418,0,600,2046,3154,3120,1446,330.8792771,13.95830483,1,20,-6,200,-1,-1,49,14,20,1.0
51,6,204,346103,347625,347625,348629,348629,349229,349262,355262,355262,355894,355926,355960,359038,1522,1004,600,6000,632,465,0,600,1977,3112,3078,1377,343.8170666,12.93778948,1,5,2,180,1,1,51,7,5,2.0
51,6,205,359041,360565,360565,361569,361569,362177,362209,369709,369709,370339,370372,370406,373478,1524,1004,608,7500,630,140,0,600,2294,3106,3072,1694,358.2574092,14.44034253,1,7,13,180,1,1,51,20,7,2.0
51,6,206,373481,374999,374999,376005,376005,376612,376644,384644,384644,385276,385308,385342,388432,1518,1006,607,8000,632,90,0,600,2347,3124,3090,1747,373.2105916,14.95318247,1,7,13,170,1,1,51,20,7,2.0
51,6,207,388434,389954,389954,390957,390957,391575,391608,400108,400108,400739,400772,400805,403891,1520,1003,618,8500,631,380,0,600,2048,3119,3086,1448,388.6699895,15.45939783,1,7,-2,170,-1,-1,49,5,7,1.0
51,6,208,403894,405420,405420,406426,406426,407030,407062,416062,416062,416693,416726,416759,419845,1526,1006,604,9000,631,898,0,600,1535,3119,3086,935,404.6238512,15.95386172,1,5,5,170,1,1,51,10,5,2.0
51,6,209,419848,421370,421370,422377,422377,422978,423010,429510,429510,430128,430160,430194,433297,1522,1007,601,6500,618,493,0,600,1959,3137,3103,1359,418.0756981,13.45184689,1,2,3,210,1,1,51,5,2,2.0
51,6,210,433300,434828,434828,435838,435838,436468,436500,445500,445500,446100,446133,446166,449253,1528,1010,630,9000,600,1742,0,600,690,3120,3087,90,434.0318193,15.95612124,1,6,1,180,1,1,51,7,6,2.0
51,6,211,449256,450779,450779,451787,451787,452416,452448,459448,459448,460079,460112,460145,463188,1523,1008,629,7000,631,182,0,600,2227,3076,3043,1627,447.9669174,13.93509812,1,5,2,150,1,1,51,7,5,2.0
51,6,212,463191,464710,464710,465714,465714,466314,466346,472346,472346,472978,473010,473044,476130,1519,1004,600,6000,632,867,0,600,1578,3120,3086,978,460.908714,12.94179654,1,9,1,180,1,1,51,10,9,2.0
51,6,213,476133,477656,477656,478666,478666,479266,479298,487298,487298,487922,487954,487988,491072,1523,1010,600,8000,624,245,0,600,2198,3118,3084,1598,475.8507272,14.94201321,1,14,-9,200,-1,-1,49,5,14,1.0
51,6,214,491075,492596,492596,493604,493604,494207,494240,501740,501740,502368,502400,502434,505527,1521,1008,603,7500,628,255,0,600,2185,3127,3093,1585,490.3058428,14.45511564,1,5,5,150,1,1,51,10,5,2.0
51,6,215,505530,507049,507049,508053,508053,508653,508685,517186,517186,517815,517847,517881,520988,1519,1004,600,8501,629,175,0,600,2272,3141,3107,1672,505.7669333,15.46109052,1,6,1,170,1,1,51,7,6,2.0
51,6,216,520991,522515,522515,523524,523524,524155,524187,530687,530687,531317,531349,531382,534438,1524,1009,631,6500,630,382,0,600,2024,3089,3056,1424,519.2168902,13.44995682,1,4,1,150,1,1,51,5,4,2.0
52,1,1,59543,61069,61069,62087,62087,62691,62724,70224,70224,70826,70858,70893,74004,1526,1018,604,7500,602,980,0,600,1470,3146,3111,870,14.47253913,14.47253913,1,10,-5,160,-1,-1,49,5,10,1.0
52,1,2,74008,75533,75533,76538,76538,77143,77175,85675,85675,86277,86311,86345,89470,1525,1005,605,8500,602,480,0,600,1983,3159,3125,1383,29.93677032,15.46423119,1,28,-8,180,-1,-1,49,20,28,1.0
52,1,3,89473,90996,90996,92001,92001,92606,92638,99138,99138,99768,99800,99834,102918,1523,1005,605,6500,630,1702,0,600,735,3118,3084,135,43.38518422,13.4484139,0,5,2,170,1,-1,49,7,5,1.0
52,1,4,102921,104446,104446,105452,105452,106057,106089,115089,115089,115690,115722,115756,118871,1525,1006,605,9000,601,382,0,600,2081,3149,3115,1481,59.3384131,15.95322888,1,57,-37,150,-1,-1,49,20,57,1.0
52,1,5,118874,120394,120394,121400,121400,122002,122034,129035,129035,129654,129686,129721,132814,1520,1006,602,7001,619,412,0,600,2040,3128,3093,1440,73.28040221,13.94198911,1,56,-28,200,-1,-1,49,28,56,1.0
52,1,6,132816,134339,134339,135346,135346,135970,136003,142003,142003,142636,142668,142701,145755,1523,1007,624,6000,633,675,0,600,1738,3087,3054,1138,86.22161503,12.94121283,1,20,-6,170,-1,-1,49,14,20,1.0
52,1,7,145757,147283,147283,148290,148290,148896,148929,156929,156929,157563,157596,157629,160718,1526,1007,606,8000,634,389,0,600,2038,3122,3089,1438,101.1850461,14.96343111,1,14,6,150,1,1,51,20,14,2.0
52,1,8,160720,162237,162237,163242,163242,163846,163879,169879,169879,170480,170513,170546,173678,1517,1005,604,6000,601,812,0,600,1661,3165,3132,1061,114.1450699,12.96002373,0,13,1,190,1,-1,49,14,13,1.0
52,1,9,173681,175202,175202,176209,176209,176815,176847,184347,184347,184947,184979,185013,188121,1521,1007,606,7500,600,407,0,600,2059,3142,3108,1459,128.5880402,14.4429703,1,28,-14,180,-1,-1,49,14,28,1.0
52,1,10,188124,189646,189646,190647,190647,191278,191310,199810,199810,200410,200443,200477,203586,1522,1001,631,8500,600,664,0,600,1782,3143,3109,1182,144.0527517,15.46471154,1,10,-5,180,-1,-1,49,5,10,1.0
52,1,11,203589,205111,205111,206115,206115,206718,206751,213251,213251,213853,213887,213920,217054,1522,1004,603,6500,602,1172,0,600,1297,3167,3134,697,157.5208161,13.46806437,1,20,8,160,1,1,51,28,20,2.0
52,1,12,217057,218578,218578,219581,219581,220183,220216,227216,227216,227816,227849,227883,231012,1521,1003,602,7000,600,489,0,600,1985,3163,3129,1385,171.4786445,13.9578284,1,20,-10,170,-1,-1,49,10,20,1.0
52,1,13,231015,232537,232537,233544,233544,234145,234178,242178,242178,242809,242842,242875,245965,1522,1007,601,8000,631,479,0,600,1960,3123,3090,1360,186.4320159,14.95337142,1,10,-5,190,-1,-1,49,5,10,1.0
52,1,14,245968,247493,247493,248498,248498,249106,249139,258139,258139,258764,258796,258829,261927,1525,1005,608,9000,625,459,0,600,1978,3131,3098,1378,202.3941636,15.96214765,1,79,-51,180,-1,-1,49,28,79,1.0
52,1,15,261930,263452,263452,264457,264457,265063,265096,272096,272096,272727,272761,272795,275875,1522,1005,606,7000,631,468,0,600,1968,3114,3080,1368,216.3418624,13.9476988,1,19,1,170,1,1,51,20,19,2.0
52,1,16,275878,277401,277401,278411,278411,279013,279046,287046,287046,287646,287678,287711,290825,1523,1010,602,8000,600,531,0,600,1934,3147,3114,1334,231.2917863,14.94992397,1,28,-18,180,-1,-1,49,10,28,1.0
52,1,17,290828,292356,292356,293362,293362,293967,293999,301499,301499,302100,302134,302167,305270,1528,1006,605,7500,601,369,0,600,2091,3136,3103,1491,245.7365831,14.44479679,1,20,-10,200,-1,-1,49,10,20,1.0
52,1,18,305272,306788,306788,307788,307788,308407,308439,314439,314439,315041,315074,315107,318206,1516,1000,619,6000,602,291,0,600,2172,3132,3099,1572,258.6725467,12.9359636,1,28,-18,170,-1,-1,49,10,28,1.0
52,1,19,318209,319731,319731,320741,320741,321344,321376,330376,330376,331007,331039,331072,334140,1522,1010,603,9000,631,330,0,600,2104,3101,3068,1504,274.6065503,15.93400362,1,5,2,160,1,1,51,7,5,2.0
52,1,20,334142,335664,335664,336671,336671,337274,337306,345806,345806,346437,346469,346503,349584,1522,1007,603,8500,631,696,0,600,1741,3115,3081,1141,290.0507402,15.44418987,1,14,-7,150,-1,-1,49,7,14,1.0
52,1,21,349586,351109,351109,352114,352114,352720,352753,359253,359253,359856,359890,359924,363037,1523,1005,606,6500,603,736,0,600,1727,3147,3113,1127,303.5036334,13.45289318,1,28,-14,190,-1,-1,49,14,28,1.0
52,1,22,363040,364566,364566,365569,365569,366172,366205,373205,373205,373836,373868,373901,376975,1526,1003,603,7000,631,270,0,600,2167,3107,3074,1567,317.4417082,13.93807486,1,5,2,210,1,1,51,7,5,2.0
52,1,23,376978,378497,378497,379505,379505,380109,380142,386142,386142,386744,386777,386811,389928,1519,1008,604,6000,602,570,0,600,1897,3151,3117,1297,330.393924,12.95221574,1,20,-10,160,-1,-1,49,10,20,1.0
52,1,24,389930,391457,391457,392463,392463,393067,393099,399599,399599,400232,400266,400299,403381,1527,1006,604,6500,633,477,0,600,1953,3115,3082,1353,343.8464332,13.45250926,0,27,1,200,1,-1,49,28,27,1.0
52,1,25,403382,404905,404905,405905,405905,406511,406543,414043,414043,414675,414709,414742,417817,1523,1000,606,7500,632,564,0,600,1875,3108,3075,1275,358.2834374,14.43700417,0,14,-4,160,-1,1,51,10,14,2.0
52,1,26,417820,419344,419344,420348,420348,420953,420985,429485,429485,430116,430149,430182,433270,1524,1004,605,8500,631,2357,0,600,79,3121,3088,-521,373.736581,15.4531436,1,5,2,160,1,1,51,7,5,2.0
52,1,27,433273,434794,434794,435800,435800,436430,436463,445463,445463,446065,446098,446131,449212,1521,1006,630,9000,602,410,0,600,2031,3114,3081,1431,389.6781163,15.94153527,1,14,-7,160,-1,-1,49,7,14,1.0
52,1,28,449214,450735,450735,451743,451743,452373,452406,460406,460406,461028,461060,461093,464171,1521,1008,630,8000,622,272,0,600,2147,3111,3078,1547,404.6366947,14.95857846,1,3,2,150,1,1,51,5,3,2.0
52,1,29,464173,465698,465698,466704,466704,467307,467339,475339,475339,475942,475976,476009,479118,1525,1006,603,8000,603,468,0,600,1995,3142,3109,1395,419.5844815,14.94778679,1,40,-26,200,-1,-1,49,14,40,1.0
52,1,30,479121,480640,480640,481645,481645,482249,482281,491281,491281,491889,491922,491956,495055,1519,1005,604,9000,608,590,0,600,1874,3133,3099,1274,435.5211177,15.93663622,1,40,-12,170,-1,-1,49,28,40,1.0
52,1,31,495057,496577,496577,497582,497582,498186,498218,505718,505718,506320,506352,506386,509516,1520,1005,604,7500,602,493,0,600,1976,3164,3130,1376,449.9825693,14.46145153,1,19,1,160,1,1,51,20,19,2.0
52,1,32,509519,511041,511041,512046,512046,512650,512682,518682,518682,519313,519346,519379,522461,1522,1005,604,6000,631,665,0,600,1773,3115,3082,1173,462.9273956,12.94482632,1,20,-6,190,-1,-1,49,14,20,1.0
52,1,33,522464,523982,523982,524987,524987,525592,525625,532125,532125,532757,532790,532823,535920,1518,1005,605,6500,632,294,0,600,2146,3130,3097,1546,476.3857586,13.45836299,0,19,1,180,1,-1,49,20,19,1.0
52,1,34,535922,537442,537442,538450,538450,539067,539099,546099,546099,546731,546763,546796,549867,1520,1008,617,7000,632,563,0,600,1860,3104,3071,1260,490.3329364,13.94717776,1,7,-2,210,-1,-1,49,5,7,1.0
52,1,35,549869,551393,551393,552397,552397,553028,553060,561560,561560,562176,562208,562241,565328,1524,1004,631,8500,616,285,0,600,2140,3120,3087,1540,505.7944063,15.46146992,1,2,3,150,1,1,51,5,2,2.0
52,1,36,565331,566853,566853,567859,567859,568465,568497,575997,575997,576598,576630,576664,579767,1522,1006,606,7500,601,654,0,600,1811,3137,3103,1211,520.2329937,14.43858746,1,14,14,160,1,1,51,28,14,2.0
52,2,37,14719,16247,16247,17261,17261,17866,17900,25900,25900,26532,26565,26602,29671,1528,1014,605,8000,632,741,0,600,1680,3106,3069,1080,14.96513133,14.96513133,0,13,1,200,1,-1,49,14,13,1.0
52,2,38,29677,31196,31196,32202,32202,32805,32838,41838,41838,42441,42473,42507,45637,1519,1006,603,9000,603,456,0,600,2013,3164,3130,1413,30.92877488,15.96364356,1,28,-18,210,-1,-1,49,10,28,1.0
52,2,39,45640,47163,47163,48167,48167,48773,48805,56305,56305,56905,56937,56970,60089,1523,1004,606,7500,600,279,0,600,2188,3152,3119,1588,45.38050515,14.45173026,1,7,7,160,1,1,51,14,7,2.0
52,2,40,60091,61611,61611,62619,62619,63222,63254,69754,69754,70371,70404,70437,73524,1520,1008,603,6500,617,423,0,600,2029,3120,3087,1429,58.81549569,13.43499054,1,2,5,200,1,1,51,7,2,2.0
52,2,41,73527,75049,75049,76054,76054,76678,76711,85211,85211,85827,85859,85892,88964,1522,1005,624,8500,616,233,0,600,2200,3105,3072,1600,74.25485822,15.43936254,1,2,3,190,1,1,51,5,2,2.0
52,2,42,88967,90491,90491,91495,91495,92101,92133,99133,99133,99734,99766,99799,102904,1524,1004,606,7000,601,851,0,600,1614,3138,3105,1014,88.19547347,13.94061525,1,27,1,180,1,1,51,28,27,2.0
52,2,43,102906,104429,104429,105434,105434,106040,106072,112072,112072,112704,112736,112769,115859,1523,1005,606,6000,632,316,0,600,2118,3123,3090,1518,101.1496616,12.95418808,1,19,1,170,1,1,51,20,19,2.0
52,2,44,115861,117383,117383,118390,118390,118992,119025,127025,127025,127651,127683,127716,130803,1522,1007,602,8000,626,216,0,600,2227,3120,3087,1627,116.093717,14.94405547,1,20,8,210,1,1,51,28,20,2.0
52,2,45,130805,132327,132327,133330,133330,133934,133967,139967,139967,140567,140601,140634,143749,1522,1003,604,6000,600,540,0,600,1931,3148,3115,1331,129.0396412,12.94592414,1,7,3,150,1,1,51,10,7,2.0
52,2,46,143751,145274,145274,146278,146278,146882,146914,155414,155414,156042,156074,156108,159203,1523,1004,604,8500,628,291,0,600,2150,3129,3095,1550,144.4945793,15.45493814,1,4,6,150,1,1,51,10,4,2.0
52,2,47,159206,160729,160729,161736,161736,162343,162376,171376,171376,172007,172039,172073,175146,1523,1007,607,9000,631,274,0,600,2158,3107,3073,1558,160.4371747,15.94259542,1,40,-26,180,-1,-1,49,14,40,1.0
52,2,48,175149,176671,176671,177675,177675,178279,178311,184811,184811,185411,185444,185479,188598,1522,1004,604,6500,600,224,0,600,2246,3154,3119,1646,173.8891337,13.45195899,1,20,-10,210,-1,-1,49,10,20,1.0
52,2,49,188601,190123,190123,191128,191128,191731,191763,199263,199263,199864,199897,199930,203044,1522,1005,603,7500,601,695,0,600,1774,3147,3114,1174,188.3356594,14.44652564,1,20,-10,210,-1,-1,49,10,20,1.0
52,2,50,203047,204573,204573,205581,205581,206186,206219,213219,213219,213820,213852,213885,216982,1526,1008,605,7000,601,392,0,600,2068,3130,3097,1468,202.2729338,13.93727448,1,40,-26,170,-1,-1,49,14,40,1.0
52,2,51,216984,218504,218504,219509,219509,220126,220158,226658,226658,227264,227297,227330,230438,1520,1005,617,6500,606,433,0,600,2019,3141,3108,1419,215.7295852,13.45665132,1,40,-26,180,-1,-1,49,14,40,1.0
52,2,52,230441,231961,231961,232965,232965,233594,233627,242627,242627,243227,243260,243294,246403,1520,1004,629,9000,600,334,0,600,2113,3143,3109,1513,231.694737,15.96515182,1,14,-9,180,-1,-1,49,5,14,1.0
52,2,53,246405,247929,247929,248934,248934,249553,249585,255585,255585,256218,256250,256284,259344,1524,1005,619,6000,633,449,0,600,1970,3094,3060,1370,244.6353094,12.94057246,1,5,2,190,1,1,51,7,5,2.0
52,2,54,259346,260869,260869,261870,261870,262470,262503,269503,269503,270119,270151,270184,273301,1523,1001,600,7000,616,346,0,600,2114,3150,3117,1514,258.5923863,13.95707683,1,7,13,160,1,1,51,20,7,2.0
52,2,55,273304,274826,274826,275835,275835,276439,276472,284472,284472,285073,285105,285138,288235,1522,1009,604,8000,601,362,0,600,2102,3130,3097,1502,273.5262127,14.93382642,1,20,8,200,1,1,51,28,20,2.0
52,2,56,288238,289758,289758,290767,290767,291372,291405,299905,299905,300507,300541,300575,303681,1520,1009,605,8500,602,694,0,600,1770,3140,3106,1170,288.9722293,15.44601666,1,28,-8,210,-1,-1,49,20,28,1.0
52,2,57,303684,305206,305206,306215,306215,306819,306852,314352,314352,314984,315016,315049,318119,1522,1009,604,7500,632,1110,0,600,1323,3103,3070,723,303.4106043,14.43837501,1,10,-3,190,-1,-1,49,7,10,1.0
52,2,58,318122,319646,319646,320657,320657,321261,321294,327294,327294,327912,327946,327979,331069,1524,1011,604,6000,618,352,0,600,2091,3123,3090,1491,316.3603822,12.94977781,1,57,-37,210,-1,-1,49,20,57,1.0
52,2,59,331071,332592,332592,333595,333595,334214,334246,341246,341246,341846,341878,341912,345015,1521,1003,619,7000,600,818,0,600,1639,3137,3103,1039,330.3064928,13.94611068,1,28,-14,200,-1,-1,49,14,28,1.0
52,2,60,345018,346541,346541,347545,347545,348150,348182,355682,355682,356313,356347,356380,359481,1523,1004,605,7500,631,361,0,600,2076,3134,3101,1476,344.77193,14.4654372,1,28,-8,170,-1,-1,49,20,28,1.0
52,2,61,359483,361006,361006,362012,362012,362632,362665,370665,370665,371292,371324,371358,374441,1523,1006,620,8000,627,378,0,600,2046,3117,3083,1446,359.7322976,14.96036758,1,4,1,160,1,1,51,5,4,2.0
52,2,62,374444,375971,375971,376976,376976,377582,377615,384115,384115,384715,384747,384781,387899,1527,1005,606,6500,600,348,0,600,2114,3152,3118,1514,373.1897409,13.45744327,1,20,-13,150,-1,-1,49,7,20,1.0
52,2,63,387902,389425,389425,390430,390430,391061,391093,399593,399593,400206,400238,400271,403344,1523,1005,631,8500,613,1694,0,600,734,3106,3073,134,388.6345696,15.44482873,1,4,1,190,1,1,51,5,4,2.0
52,2,64,403346,404868,404868,405875,405875,406480,406512,415512,415512,416142,416174,416208,419306,1522,1007,605,9000,630,555,0,600,1881,3132,3098,1281,404.5961983,15.96162873,1,5,2,180,1,1,51,7,5,2.0
52,2,65,419308,420833,420833,421843,421843,422451,422483,430983,430983,431583,431615,431648,434765,1525,1010,608,8500,600,574,0,600,1883,3150,3117,1283,420.0556233,15.45942495,1,28,-8,190,-1,-1,49,20,28,1.0
52,2,66,434768,436292,436292,437299,437299,437928,437961,444961,444961,445584,445616,445649,448719,1524,1007,629,7000,623,395,0,600,2022,3103,3070,1422,434.0099343,13.95431103,1,4,1,200,1,1,51,5,4,2.0
52,2,67,448722,450244,450244,451252,451252,451856,451888,457888,457888,458503,458536,458570,461667,1522,1008,604,6000,615,421,0,600,2030,3131,3097,1430,446.9585483,12.948614,1,79,-51,190,-1,-1,49,28,79,1.0
52,2,68,461670,463197,463197,464203,464203,464811,464844,473844,473844,474476,474509,474543,477626,1527,1006,608,9000,632,314,0,600,2113,3117,3083,1513,462.9168932,15.95834491,1,14,14,210,1,1,51,28,14,2.0
52,2,69,477629,479154,479154,480156,480156,480759,480792,488792,488792,489419,489451,489485,492578,1525,1002,603,8000,627,1036,0,600,1407,3127,3093,807,477.8691102,14.95221695,1,4,6,160,1,1,51,10,4,2.0
52,2,70,492581,494106,494106,495112,495112,495716,495748,502248,502248,502848,502881,502914,506032,1525,1006,604,6500,600,547,0,600,1918,3151,3118,1318,491.3229288,13.45381862,1,20,-13,150,-1,-1,49,7,20,1.0
52,2,71,506035,507556,507556,508560,508560,509165,509198,516698,516698,517299,517332,517366,520494,1521,1004,605,7500,601,616,0,600,1853,3162,3128,1253,505.7847013,14.46177247,1,20,8,180,1,1,51,28,20,2.0
52,2,72,520496,522022,522022,523025,523025,523655,523688,531688,531688,532314,532346,532380,535459,1526,1003,630,8000,626,372,0,600,2043,3113,3079,1443,520.749932,14.96523077,1,4,1,210,1,1,51,5,4,2.0
52,3,73,15147,16670,16670,17689,17689,18301,18333,26833,26833,27448,27480,27516,30608,1523,1019,612,8500,615,384,0,600,2047,3128,3092,1447,15.47363966,15.47363966,1,2,5,170,1,1,51,7,2,2.0
52,3,74,30613,32136,32136,33140,33140,33745,33778,40778,40778,41378,41410,41443,44570,1523,1004,605,7000,600,480,0,600,1988,3160,3127,1388,29.43355099,13.95991133,1,5,2,150,1,1,51,7,5,2.0
52,3,75,44573,46099,46099,47103,47103,47707,47739,55239,55239,55872,55904,55936,59021,1526,1004,604,7500,633,700,0,600,1733,3117,3085,1133,43.8839532,14.45040221,1,28,-18,190,-1,-1,49,10,28,1.0
52,3,76,59023,60545,60545,61555,61555,62157,62189,68689,68689,69321,69354,69387,72462,1522,1010,602,6500,632,269,0,600,2165,3108,3075,1565,57.32492073,13.44096753,1,7,7,210,1,1,51,14,7,2.0
52,3,77,72464,73985,73985,74985,74985,75587,75619,83619,83619,84236,84268,84301,87396,1521,1000,602,8000,617,323,0,600,2137,3128,3095,1537,72.2592929,14.93437217,1,4,6,170,1,1,51,10,4,2.0
52,3,78,87398,88921,88921,89925,89925,90530,90563,99563,99563,100166,100199,100232,103339,1523,1004,605,9000,603,307,0,600,2158,3140,3107,1558,88.20187597,15.94258307,1,14,6,200,1,1,51,20,14,2.0
52,3,79,103341,104861,104861,105868,105868,106484,106516,112516,112516,113116,113148,113182,116278,1520,1007,616,6000,600,1130,0,600,1327,3130,3096,727,101.1411213,12.93924531,1,9,1,160,1,1,51,10,9,2.0
52,3,80,116281,117808,117808,118811,118811,119416,119448,125948,125948,126580,126612,126645,129729,1527,1003,605,6500,632,769,0,600,1664,3117,3084,1064,114.5933235,13.45220218,1,13,1,170,1,1,51,14,13,2.0
52,3,81,129732,131258,131258,132261,132261,132865,132898,139898,139898,140499,140533,140567,143672,1526,1003,604,7000,601,331,0,600,2135,3139,3105,1535,128.5352553,13.94193185,1,40,-26,190,-1,-1,49,14,40,1.0
52,3,82,143674,145195,145195,146203,146203,146820,146853,152853,152853,153486,153518,153552,156606,1521,1008,617,6000,633,1091,0,600,1330,3088,3054,730,141.4695732,12.93431793,0,10,-5,180,-1,1,51,5,10,2.0
52,3,83,156609,158138,158138,159143,159143,159749,159782,168782,168782,169390,169424,169458,172570,1529,1005,606,9000,608,567,0,600,1885,3146,3112,1285,157.4340193,15.96444605,1,40,-26,160,-1,-1,49,14,40,1.0
52,3,84,172573,174091,174091,175096,175096,175699,175732,184232,184232,184867,184899,184932,188014,1518,1005,603,8500,635,370,0,600,2069,3115,3082,1469,172.8774241,15.44340485,1,57,-37,160,-1,-1,49,20,57,1.0
52,3,85,188017,189543,189543,190549,190549,191169,191202,198702,198702,199305,199338,199371,202458,1526,1006,620,7500,603,412,0,600,2033,3120,3087,1433,187.3215574,14.44413322,1,28,-14,180,-1,-1,49,14,28,1.0
52,3,86,202461,203982,203982,204990,204990,205618,205650,213650,213650,214271,214303,214336,217413,1521,1008,628,8000,621,988,0,600,1434,3110,3077,834,202.2765422,14.95498485,1,3,2,210,1,1,51,5,3,2.0
52,3,87,217416,218937,218937,219940,219940,220567,220599,229599,229599,230226,230259,230292,233369,1521,1003,627,9000,627,433,0,600,1989,3110,3077,1389,218.2322614,15.95571924,1,4,3,160,1,1,51,7,4,2.0
52,3,88,233372,234896,234896,235901,235901,236508,236540,242540,242540,243141,243175,243208,246333,1524,1005,607,6000,601,323,0,600,2140,3158,3125,1540,231.1961856,12.96392412,1,7,13,190,1,1,51,20,7,2.0
52,3,89,246335,247861,247861,248866,248866,249492,249524,256024,256024,256629,256661,256694,259765,1526,1005,626,6500,605,490,0,600,1948,3104,3071,1348,244.6282877,13.4321021,1,28,-18,190,-1,-1,49,10,28,1.0
52,3,90,259767,261293,261293,262298,262298,262926,262959,271459,271459,272073,272105,272139,275222,1526,1005,628,8500,614,281,0,600,2146,3117,3083,1546,260.0850442,15.45675649,1,2,3,160,1,1,51,5,2,2.0
52,3,91,275225,276750,276750,277761,277761,278391,278424,286424,286424,287026,287058,287092,290158,1525,1011,630,8000,602,1107,0,600,1325,3100,3066,725,275.0212775,14.93623331,1,10,-5,200,-1,-1,49,5,10,1.0
52,3,92,290161,291685,291685,292690,292690,293294,293327,300327,300327,300930,300963,300996,304100,1524,1005,604,7000,603,268,0,600,2196,3137,3104,1596,288.9627413,13.94146385,1,28,-8,150,-1,-1,49,20,28,1.0
52,3,93,304103,305627,305627,306633,306633,307238,307270,314770,314770,315400,315433,315466,318559,1524,1006,605,7500,630,841,0,600,1594,3126,3093,994,303.4220065,14.45926523,1,10,-3,200,-1,-1,49,7,10,1.0
52,3,94,318562,320086,320086,321090,321090,321694,321726,327726,327726,328359,328392,328426,331500,1524,1004,604,6000,633,655,0,600,1780,3108,3074,1180,316.3631257,12.94111911,1,19,1,190,1,1,51,20,19,2.0
52,3,95,331503,333029,333029,334036,334036,334639,334672,343672,343672,344273,344306,344339,347447,1526,1007,603,9000,601,336,0,600,2127,3141,3108,1527,332.3100819,15.94695627,1,6,1,210,1,1,51,7,6,2.0
52,3,96,347450,348973,348973,349979,349979,350610,350642,357142,357142,357774,357806,357839,360908,1523,1006,631,6500,632,624,0,600,1784,3102,3069,1184,345.7710817,13.46099981,1,10,-5,150,-1,-1,49,5,10,1.0
52,3,97,360911,362433,362433,363436,363436,364042,364074,371074,371074,371674,371706,371739,374851,1522,1003,606,7000,600,283,0,600,2186,3145,3112,1586,359.7141792,13.94309747,1,14,14,160,1,1,51,28,14,2.0
52,3,98,374854,376376,376376,377380,377380,377985,378019,385519,385519,386120,386152,386186,389310,1522,1004,605,7500,601,187,0,600,2281,3158,3124,1681,374.173423,14.45924384,1,10,18,150,1,1,51,28,10,2.0
52,3,99,389313,390836,390836,391839,391839,392444,392478,400978,400978,401586,401619,401652,404756,1523,1003,605,8500,608,362,0,600,2099,3137,3104,1499,389.6188466,15.4454236,1,56,-28,160,-1,-1,49,28,56,1.0
52,3,100,404759,406279,406279,407283,407283,407901,407934,415934,415934,416558,416590,416624,419690,1520,1004,618,8000,624,261,0,600,2173,3100,3066,1573,404.5528147,14.93396806,1,4,3,170,1,1,51,7,4,2.0
52,3,101,419692,421216,421216,422224,422224,422825,422857,429857,429857,430459,430491,430525,433643,1524,1008,601,7000,602,477,0,600,1988,3152,3118,1388,418.506134,13.95331929,1,40,-26,170,-1,-1,49,14,40,1.0
52,3,102,433646,435172,435172,436178,436178,436780,436813,445313,445313,445914,445946,445979,449105,1526,1006,602,8500,601,1716,0,600,749,3159,3126,149,433.9678706,15.46173661,1,7,3,210,1,1,51,10,7,2.0
52,3,103,449108,450634,450634,451641,451641,452248,452280,461280,461280,461881,461915,461949,465053,1526,1007,607,9000,601,559,0,600,1900,3138,3104,1300,449.9154205,15.94754993,0,20,8,170,1,-1,49,28,20,1.0
52,3,104,465055,466580,466580,467584,467584,468214,468246,476246,476246,476865,476898,476931,480008,1525,1004,630,8000,619,272,0,600,2150,3110,3077,1550,464.8700061,14.95458556,1,3,2,150,1,1,51,5,3,2.0
52,3,105,480011,481534,481534,482538,482538,483145,483178,489178,489178,489800,489833,489867,492963,1523,1004,607,6000,622,387,0,600,2057,3130,3096,1457,477.8253917,12.95538565,1,79,-51,190,-1,-1,49,28,79,1.0
52,3,106,492966,494497,494497,495503,495503,496109,496141,502641,502641,503249,503282,503315,506419,1531,1006,606,6500,608,531,0,600,1918,3137,3104,1318,491.2818357,13.45644399,1,40,-20,180,-1,-1,49,20,40,1.0
52,3,107,506422,507944,507944,508953,508953,509570,509603,517104,517104,517738,517770,517804,520860,1522,1009,617,7501,634,383,0,600,2034,3090,3056,1434,505.7226131,14.44077738,1,7,3,190,1,1,51,10,7,2.0
52,3,108,520861,522389,522389,523398,523398,524006,524038,532038,532038,532640,532673,532707,535813,1528,1009,608,8000,602,721,0,600,1732,3140,3106,1132,520.6757826,14.95316952,1,10,18,170,1,1,51,28,10,2.0
52,4,109,46924,48450,48450,49463,49463,50070,50102,56602,56602,57216,57249,57284,60367,1526,1013,607,6500,614,306,0,600,2134,3118,3083,1534,13.4555758,13.4555758,1,10,18,210,1,1,51,28,10,2.0
52,4,110,60372,61893,61893,62901,62901,63503,63535,72035,72035,72635,72668,72701,75811,1521,1008,602,8500,600,277,0,600,2192,3143,3110,1592,28.89812271,15.44254691,1,20,-13,180,-1,-1,49,7,20,1.0
52,4,111,75814,77335,77335,78341,78341,78946,78978,84978,84978,85581,85614,85649,88748,1521,1006,605,6000,603,1011,0,600,1454,3134,3099,854,41.83476917,12.93664646,1,14,-4,180,-1,-1,49,10,14,1.0
52,4,112,88751,90272,90272,91274,91274,91879,91911,99911,99911,100512,100546,100580,103698,1521,1002,605,8000,601,632,0,600,1839,3152,3118,1239,56.78488811,14.95011894,0,15,-1,150,-1,1,51,14,15,2.0
52,4,113,103701,105227,105227,106231,106231,106837,106869,114369,114369,114978,115010,115043,118141,1526,1004,606,7500,609,332,0,600,2123,3131,3098,1523,71.22830683,14.44341871,1,57,-37,190,-1,-1,49,20,57,1.0
52,4,114,118145,119672,119672,120679,120679,121288,121320,130320,130320,130953,130985,131019,134103,1527,1007,609,9000,633,440,0,600,1984,3118,3084,1384,87.18968242,15.96137559,1,40,-12,190,-1,-1,49,28,40,1.0
52,4,115,134106,135633,135633,136638,136638,137246,137279,144279,144279,144880,144912,144947,148061,1527,1005,608,7000,601,480,0,600,1979,3149,3114,1379,101.1473918,13.95770936,0,29,-1,170,-1,1,51,28,29,2.0
52,4,116,148063,149581,149581,150582,150582,151201,151234,158734,158734,159364,159396,159430,162499,1518,1001,619,7500,630,134,0,600,2298,3103,3069,1698,115.5854073,14.4380155,1,5,5,180,1,1,51,10,5,2.0
52,4,117,162502,164026,164026,165033,165033,165636,165668,174168,174168,174770,174802,174836,177958,1524,1007,603,8500,602,1936,0,600,528,3156,3122,-72,131.0445309,15.4591236,1,21,-1,190,-1,-1,49,20,21,1.0
52,4,118,177961,179482,179482,180491,180491,181097,181129,190129,190129,190729,190762,190796,193900,1521,1009,606,9000,600,305,0,600,2159,3138,3104,1559,146.9865462,15.94201532,1,5,9,210,1,1,51,14,5,2.0
52,4,119,193903,195422,195422,196424,196424,197029,197062,204062,204062,204679,204711,204744,207842,1519,1002,605,7000,617,521,0,600,1936,3131,3098,1336,160.9289503,13.94240407,1,79,-51,150,-1,-1,49,28,79,1.0
52,4,120,207845,209371,209371,210377,210377,210983,211015,217015,217015,217615,217647,217680,220803,1526,1006,606,6000,600,385,0,600,2077,3156,3123,1477,173.8888911,12.95994086,1,8,-1,210,-1,-1,49,7,8,1.0
52,4,121,220805,222326,222326,223332,223332,223953,223985,230485,230485,231085,231118,231152,234239,1521,1006,621,6500,600,254,0,600,2198,3121,3087,1598,187.325173,13.43628183,1,5,9,200,1,1,51,14,5,2.0
52,4,122,234242,235766,235766,236766,236766,237369,237402,245402,245402,246017,246049,246082,249198,1524,1000,603,8000,615,994,0,600,1464,3149,3116,864,202.2845024,14.95932942,1,2,5,180,1,1,51,7,2,2.0
52,4,123,249201,250730,250730,251736,251736,252338,252371,258372,258372,258990,259022,259055,262148,1529,1006,602,6001,618,515,0,600,1929,3126,3093,1329,215.2344411,12.94993874,0,6,-1,200,-1,1,51,5,6,2.0
52,4,124,262151,263673,263673,264678,264678,265283,265316,274316,274316,274920,274952,274986,278089,1522,1005,605,9000,604,298,0,600,2166,3137,3103,1566,231.1753604,15.94091931,1,57,-37,210,-1,-1,49,20,57,1.0
52,4,125,278092,279613,279613,280614,280614,281219,281251,287751,287751,288367,288400,288434,291545,1521,1001,605,6500,616,732,0,600,1725,3145,3111,1125,244.6316923,13.45633189,1,20,-13,170,-1,-1,49,7,20,1.0
52,4,126,291548,293068,293068,294072,294072,294674,294707,302207,302207,302831,302864,302898,306004,1520,1004,602,7500,624,175,0,600,2275,3140,3106,1675,259.0900951,14.45840277,1,4,6,150,1,1,51,10,4,2.0
52,4,127,306007,307526,307526,308531,308531,309136,309168,317168,317168,317768,317800,317834,320962,1519,1005,605,8000,600,513,0,600,1958,3162,3128,1358,274.0484478,14.95835275,1,7,3,190,1,1,51,10,7,2.0
52,4,128,320965,322486,322486,323488,323488,324093,324125,332625,332625,333226,333260,333294,336409,1521,1002,605,8500,601,346,0,600,2125,3149,3115,1525,289.49559,15.4471422,0,21,-1,190,-1,1,51,20,21,2.0
52,4,129,336412,337935,337935,338939,338939,339543,339576,346576,346576,347176,347210,347243,350364,1523,1004,604,7000,600,610,0,600,1859,3154,3121,1259,303.4502039,13.95461389,1,20,-6,200,-1,-1,49,14,20,1.0
52,4,130,350367,351894,351894,352900,352900,353501,353535,361535,361535,362166,362199,362233,365301,1527,1006,601,8000,631,229,0,600,2206,3102,3068,1606,318.3870472,14.93684324,1,28,-14,210,-1,-1,49,14,28,1.0
52,4,131,365304,366823,366823,367823,367823,368452,368485,375485,375485,376106,376138,376171,379259,1519,1000,629,7000,621,224,0,600,2207,3121,3088,1607,332.3450485,13.95800137,1,14,-9,190,-1,-1,49,5,14,1.0
52,4,132,379262,380783,380783,381785,381785,382416,382448,390948,390948,391580,391612,391645,394694,1521,1002,631,8500,632,407,0,600,2007,3082,3049,1407,347.7794093,15.43436072,1,7,-2,180,-1,-1,49,5,7,1.0
52,4,133,394695,396220,396220,397226,397226,397829,397862,404362,404362,404968,405001,405034,408135,1525,1006,603,6500,606,264,0,600,2196,3134,3101,1596,361.2215385,13.44212923,1,40,-12,160,-1,-1,49,28,40,1.0
52,4,134,408138,409660,409660,410666,410666,411272,411305,417305,417305,417906,417939,417973,421103,1522,1006,606,6000,601,175,0,600,2290,3164,3130,1690,374.1888887,12.96735017,1,28,-18,150,-1,-1,49,10,28,1.0
52,4,135,421106,422628,422628,423631,423631,424263,424295,433295,433295,433916,433948,433981,437035,1522,1003,632,9000,621,255,0,600,2167,3087,3054,1567,390.1207364,15.93184776,1,4,3,180,1,1,51,7,4,2.0
52,4,136,437038,438557,438557,439562,439562,440169,440201,447701,447701,448301,448334,448368,451473,1519,1005,607,7500,600,174,0,600,2295,3139,3105,1695,404.5593549,14.4386185,1,28,-18,200,-1,-1,49,10,28,1.0
52,4,137,451476,452995,452995,453998,453998,454628,454660,463160,463160,463777,463809,463842,466928,1519,1003,630,8500,617,810,0,600,1621,3119,3086,1021,420.013848,15.45449305,1,6,-1,190,-1,-1,49,5,6,1.0
52,4,138,466931,468457,468457,469460,469460,470062,470095,479095,479095,479699,479732,479765,482881,1526,1003,602,9000,604,156,0,600,2309,3149,3116,1709,435.9665875,15.95273949,1,40,-26,160,-1,-1,49,14,40,1.0
52,4,139,482884,484403,484403,485408,485408,486009,486041,493041,493041,493660,493692,493725,496814,1519,1005,601,7000,619,444,0,600,2012,3122,3089,1412,449.9003238,13.93373632,0,6,-1,160,-1,1,51,5,6,2.0
52,4,140,496817,498345,498345,499350,499350,499955,499989,505989,505989,506590,506623,506656,509771,1528,1005,605,6000,601,280,0,600,2181,3148,3115,1581,462.8570414,12.95671762,1,57,-37,200,-1,-1,49,20,57,1.0
52,4,141,509774,511296,511296,512301,512301,512903,512934,519434,519434,520034,520068,520102,523206,1522,1005,602,6500,600,596,0,600,1875,3138,3104,1275,476.2915829,13.43454153,0,7,-2,160,-1,1,51,5,7,2.0
52,4,142,523208,524729,524729,525738,525738,526344,526378,533878,533878,534480,534512,534546,537667,1521,1009,606,7500,602,448,0,600,2014,3155,3121,1414,490.7526635,14.46108057,1,10,18,190,1,1,51,28,10,2.0
52,4,143,537670,539196,539196,540203,540203,540811,540843,548843,548843,549446,549479,549512,552605,1526,1007,608,8000,603,225,0,600,2231,3126,3093,1631,505.6910496,14.93838616,1,57,-37,160,-1,-1,49,20,57,1.0
52,4,144,552608,554129,554129,555138,555138,555741,555773,564273,564273,564896,564928,564961,568053,1521,1009,603,8500,623,357,0,600,2087,3125,3092,1487,521.1384209,15.44737123,1,4,3,210,1,1,51,7,4,2.0
52,5,145,20148,21676,21676,22689,22689,23305,23337,31837,31837,32470,32503,32539,35600,1528,1013,616,8500,633,443,0,600,1967,3097,3061,1367,15.46457413,15.46457413,1,6,-1,170,-1,-1,49,5,6,1.0
52,5,146,35604,37131,37131,38135,38135,38739,38771,47771,47771,48389,48422,48455,51544,1527,1004,604,9000,618,281,0,600,2166,3122,3089,1566,31.4062649,15.94169077,1,11,-1,190,-1,-1,49,10,11,1.0
52,5,147,51547,53073,53073,54079,54079,54683,54715,60715,60715,61333,61366,61399,64485,1526,1006,604,6000,618,281,0,600,2165,3119,3086,1565,44.34734152,12.94107662,1,79,-51,210,-1,-1,49,28,79,1.0
52,5,148,64486,66011,66011,67016,67016,67643,67676,74176,74176,74778,74812,74846,77936,1525,1005,627,6500,602,774,0,600,1667,3124,3090,1067,57.79838319,13.45104168,1,14,-9,210,-1,-1,49,5,14,1.0
52,5,149,77939,79458,79458,80460,80460,81064,81096,88596,88596,89212,89246,89280,92393,1519,1002,604,7500,616,279,0,600,2180,3147,3113,1580,72.25559442,14.45721123,1,56,-28,160,-1,-1,49,28,56,1.0
52,5,150,92396,93920,93920,94929,94929,95536,95569,103569,103569,104202,104236,104269,107337,1524,1009,607,8000,633,688,0,600,1739,3101,3068,1139,87.19954472,14.9439503,1,20,-6,170,-1,-1,49,14,20,1.0
52,5,151,107340,108865,108865,109872,109872,110477,110510,117510,117510,118110,118142,118175,121303,1525,1007,605,7000,600,257,0,600,2206,3161,3128,1606,101.165132,13.96558727,1,20,-10,200,-1,-1,49,10,20,1.0
52,5,152,121306,122826,122826,123833,123833,124437,124469,132469,132469,133070,133103,133136,136260,1520,1007,604,8000,601,94,0,600,2374,3157,3124,1774,116.1224502,14.95731821,1,15,-1,200,-1,-1,49,14,15,1.0
52,5,153,136263,137783,137783,138793,138793,139395,139427,148427,148427,149028,149061,149094,152196,1520,1010,602,9000,601,301,0,600,2166,3135,3102,1566,132.0583719,15.93592171,1,5,2,150,1,1,51,7,5,2.0
52,5,154,152199,153719,153719,154726,154726,155346,155378,162378,162378,162983,163015,163048,166142,1520,1007,620,7000,605,288,0,600,2160,3127,3094,1560,146.0040833,13.94571139,1,40,-26,160,-1,-1,49,14,40,1.0
52,5,155,166145,167671,167671,168681,168681,169286,169319,177819,177819,178419,178453,178486,181577,1526,1010,605,8500,600,1169,0,600,1290,3124,3091,690,161.4395057,15.43542238,0,8,-1,210,-1,1,51,7,8,2.0
52,5,156,181580,183100,183100,184105,184105,184707,184741,192241,192241,192841,192875,192908,196039,1520,1005,602,7500,600,1105,0,600,1368,3164,3131,768,175.900881,14.46137529,1,14,-7,150,-1,-1,49,7,14,1.0
52,5,157,196042,197565,197565,198569,198569,199173,199205,205705,205705,206305,206337,206371,209504,1523,1004,604,6500,600,652,0,600,1817,3167,3133,1217,189.3660473,13.46516628,1,40,-20,200,-1,-1,49,20,40,1.0
52,5,158,209506,211031,211031,212036,212036,212643,212675,218676,218676,219308,219341,219375,222444,1525,1005,607,6001,632,173,0,600,2257,3103,3069,1657,202.3062768,12.94022952,1,14,6,160,1,1,51,20,14,2.0
52,5,159,222447,223966,223966,224969,224969,225573,225606,231606,231606,232210,232243,232276,235408,1519,1003,604,6000,604,300,0,600,2170,3165,3132,1570,215.2701521,12.9638753,1,40,-26,210,-1,-1,49,14,40,1.0
52,5,160,235411,236937,236937,237945,237945,238552,238584,245084,245084,245700,245732,245766,248848,1526,1008,607,6500,616,409,0,600,2034,3116,3082,1434,228.7100866,13.4399345,1,4,3,160,1,1,51,7,4,2.0
52,5,161,248851,250369,250369,251375,251375,251978,252011,260011,260011,260613,260644,260678,263795,1518,1006,603,8000,602,437,0,600,2034,3151,3117,1434,243.6573879,14.94730132,1,20,-10,170,-1,-1,49,10,20,1.0
52,5,162,263798,265323,265323,266325,266325,266930,266962,273962,273962,274563,274595,274628,277749,1525,1002,605,7000,601,253,0,600,2214,3154,3121,1614,257.6114268,13.95403891,1,40,-20,190,-1,-1,49,20,40,1.0
52,5,163,277752,279272,279272,280278,280278,280882,280914,289414,289414,290015,290047,290080,293199,1520,1006,604,8500,601,323,0,600,2146,3152,3119,1546,273.0612905,15.4498637,1,4,3,150,1,1,51,7,4,2.0
52,5,164,293202,294723,294723,295727,295727,296334,296366,303866,303866,304466,304500,304534,307641,1521,1004,607,7500,600,301,0,600,2167,3141,3107,1567,287.5029406,14.44165009,1,20,8,190,1,1,51,28,20,2.0
52,5,165,307644,309173,309173,310182,310182,310784,310816,319816,319816,320416,320449,320483,323586,1529,1009,602,9000,600,530,0,600,1930,3137,3103,1330,303.4480297,15.9450891,1,20,-13,210,-1,-1,49,7,20,1.0
52,5,166,323589,325113,325113,326119,326119,326724,326756,335256,335256,335857,335890,335924,339051,1524,1006,605,8500,601,939,0,600,1525,3161,3127,925,318.912552,15.4645223,1,28,-8,160,-1,-1,49,20,28,1.0
52,5,167,339054,340574,340574,341575,341575,342175,342208,349208,349208,349829,349861,349895,353016,1520,1001,600,7000,621,57,0,600,2401,3155,3121,1801,332.8780898,13.96553785,1,7,-2,160,-1,-1,49,5,7,1.0
52,5,168,353019,354546,354546,355554,355554,356164,356196,364196,364196,364798,364831,364865,367973,1527,1008,610,8000,602,217,0,600,2236,3142,3108,1636,347.8352664,14.95717657,1,40,-12,200,-1,-1,49,28,40,1.0
52,5,169,367976,369495,369495,370501,370501,371103,371135,378635,378635,379258,379290,379322,382434,1519,1006,602,7500,623,864,0,600,1586,3144,3112,986,362.2957753,14.46050891,1,14,-4,150,-1,-1,49,10,14,1.0
52,5,170,382436,383962,383962,384967,384967,385574,385606,392106,392106,392738,392771,392804,395882,1526,1005,607,6500,632,887,0,600,1543,3111,3078,943,375.7439093,13.44813395,1,15,-1,170,-1,-1,49,14,15,1.0
52,5,171,395885,397409,397409,398416,398416,399046,399079,405079,405079,405681,405713,405746,408837,1524,1007,630,6000,602,581,0,600,1856,3124,3091,1256,388.6989408,12.95503156,1,6,-1,150,-1,-1,49,5,6,1.0
52,5,172,408840,410359,410359,411363,411363,411968,412001,421001,421001,421602,421635,421669,424776,1519,1004,605,9000,601,237,0,600,2234,3141,3107,1634,404.6377739,15.93883306,1,28,-8,160,-1,-1,49,20,28,1.0
52,5,173,424779,426302,426302,427310,427310,427916,427949,434949,434949,435579,435612,435646,438731,1523,1008,606,7000,630,153,0,600,2280,3119,3085,1680,418.5930137,13.95523979,1,10,10,150,1,1,51,20,10,2.0
52,5,174,438734,440253,440253,441257,441257,441861,441893,449393,449393,449995,450028,450062,453186,1519,1004,604,7500,602,1293,0,600,1178,3158,3124,578,433.0476649,14.45465126,1,7,3,170,1,1,51,10,7,2.0
52,5,175,453189,454719,454719,455730,455730,456362,456394,464394,464394,465026,465059,465093,468122,1530,1011,632,8000,632,553,0,600,1842,3063,3029,1242,447.983561,14.9358961,1,6,-1,190,-1,-1,49,5,6,1.0
52,5,176,468125,469651,469651,470653,470653,471281,471313,477313,477313,477915,477947,477981,481082,1526,1002,628,6000,602,192,0,600,2250,3135,3101,1650,460.9433328,12.95977181,1,10,-5,210,-1,-1,49,5,10,1.0
52,5,177,481084,482611,482611,483615,483615,484216,484249,493249,493249,493855,493887,493921,497037,1527,1004,601,9000,606,305,0,600,2157,3150,3116,1557,476.8986085,15.95527565,0,20,8,210,1,-1,49,28,20,1.0
52,5,178,497040,498562,498562,499566,499566,500173,500205,506705,506705,507336,507370,507403,510475,1522,1004,607,6500,631,427,0,600,2009,3105,3072,1409,490.3369,13.43829154,1,10,18,190,1,1,51,28,10,2.0
52,5,179,510478,512003,512003,513008,513008,513614,513645,522145,522145,522760,522794,522827,525932,1525,1005,606,8500,615,264,0,600,2185,3138,3105,1585,505.7932593,15.45635931,1,5,9,180,1,1,51,14,5,2.0
52,5,180,525935,527465,527465,528470,528470,529075,529107,535607,535607,536209,536242,536275,539396,1530,1005,605,6500,602,478,0,600,1980,3154,3121,1380,519.257376,13.46411668,1,11,-1,190,-1,-1,49,10,11,1.0
52,6,181,14849,16376,16376,17394,17394,18005,18037,25037,25037,25669,25701,25736,28796,1527,1018,611,7000,632,218,0,600,2194,3095,3060,1594,13.95924896,13.95924896,1,40,-12,170,-1,-1,49,28,40,1.0
52,6,182,28801,30323,30323,31326,31326,31954,31987,38487,38487,39088,39121,39154,42235,1522,1003,628,6500,601,567,0,600,1879,3114,3081,1279,27.39556394,13.43631498,0,14,-7,150,-1,1,51,7,14,2.0
52,6,183,42237,43757,43757,44761,44761,45382,45414,53914,53914,54514,54547,54580,57696,1520,1004,621,8500,600,636,0,600,1819,3149,3116,1219,42.85686811,15.46130417,1,21,-1,150,-1,-1,49,20,21,1.0
52,6,184,57699,59221,59221,60228,60228,60835,60868,68368,68368,68988,69021,69054,72132,1522,1007,607,7500,620,342,0,600,2102,3111,3078,1502,57.29311528,14.43624717,1,56,-28,190,-1,-1,49,28,56,1.0
52,6,185,72134,73658,73658,74663,74663,75282,75314,81314,81314,81931,81963,81997,85073,1524,1005,619,6000,617,295,0,600,2140,3110,3076,1540,70.23443147,12.94131619,1,5,2,170,1,1,51,7,5,2.0
52,6,186,85076,86598,86598,87606,87606,88207,88239,97239,97239,97870,97902,97935,101010,1522,1008,601,9000,631,243,0,600,2195,3108,3075,1595,86.17107733,15.93664586,0,40,-12,210,-1,1,51,28,40,2.0
52,6,187,101013,102534,102534,103540,103540,104144,104176,112176,112176,112795,112828,112861,115948,1521,1006,604,8000,619,414,0,600,2036,3120,3087,1436,101.1087101,14.93763278,1,4,6,200,1,1,51,10,4,2.0
52,6,188,115951,117472,117472,118473,118473,119096,119129,126629,126629,127231,127264,127297,130386,1521,1001,623,7500,602,830,0,600,1623,3122,3089,1023,115.5467377,14.43802755,1,10,-3,150,-1,-1,49,7,10,1.0
52,6,189,130389,131914,131914,132917,132917,133522,133555,142055,142055,142675,142707,142741,145850,1525,1003,605,8500,620,242,0,600,2205,3143,3109,1605,131.0109987,15.46426103,1,4,6,180,1,1,51,10,4,2.0
52,6,190,145853,147375,147375,148378,148378,149004,149036,155536,155536,156154,156186,156220,159308,1522,1003,626,6500,618,283,0,600,2148,3122,3088,1548,144.4695901,13.45859142,1,5,2,170,1,1,51,7,5,2.0
52,6,191,159311,160836,160836,161841,161841,162465,162498,170498,170498,171130,171162,171195,174269,1525,1005,624,8000,632,626,0,600,1788,3107,3074,1188,159.4299164,14.96032629,1,10,-5,180,-1,-1,49,5,10,1.0
52,6,192,174272,175799,175799,176806,176806,177411,177443,186443,186443,187043,187075,187109,190225,1527,1007,605,9000,600,443,0,600,2018,3150,3116,1418,175.3863507,15.95643435,1,14,6,170,1,1,51,20,14,2.0
52,6,193,190228,191750,191750,192756,192756,193361,193393,199393,199393,200026,200059,200092,203180,1522,1006,605,6000,633,412,0,600,2022,3121,3088,1422,188.3407745,12.95442374,1,20,-10,180,-1,-1,49,10,20,1.0
52,6,194,203183,204707,204707,205716,205716,206322,206354,213354,213354,213987,214020,214053,217144,1524,1009,606,7000,633,446,0,600,1982,3124,3091,1382,202.3045621,13.9637876,1,10,4,160,1,1,51,14,10,2.0
52,6,195,217147,218664,218664,219670,219670,220296,220328,226828,226828,227459,227491,227525,230579,1517,1006,626,6500,631,1744,0,600,676,3088,3054,76,215.7397672,13.4352051,1,10,-5,160,-1,-1,49,5,10,1.0
52,6,196,230582,232105,232105,233110,233110,233736,233769,239769,239769,240384,240416,240449,243538,1523,1005,626,6000,615,1486,0,600,945,3122,3089,345,228.6987787,12.9590115,1,4,3,210,1,1,51,7,4,2.0
52,6,197,243541,245063,245063,246066,246066,246671,246703,254703,254703,255303,255336,255369,258498,1522,1003,605,8000,600,297,0,600,2173,3162,3129,1573,243.6587298,14.95995111,1,20,8,210,1,1,51,28,20,2.0
52,6,198,258500,260026,260026,261031,261031,261661,261692,270192,270192,270793,270826,270859,273958,1526,1005,630,8500,601,261,0,600,2177,3132,3099,1577,259.1190232,15.46029344,1,10,-3,150,-1,-1,49,7,10,1.0
52,6,199,273962,275491,275491,276495,276495,277121,277153,284153,284153,284773,284806,284840,287923,1529,1004,626,7000,620,801,0,600,1620,3117,3083,1020,273.0832285,13.96420528,1,3,2,200,1,1,51,5,3,2.0
52,6,200,287926,289449,289449,290453,290453,291059,291092,300092,300092,300706,300738,300772,303874,1523,1004,606,9000,614,267,0,600,2186,3136,3102,1586,289.034586,15.95135749,1,10,4,190,1,1,51,14,10,2.0
52,6,201,303877,305401,305401,306404,306404,307022,307054,314554,314554,315154,315187,315220,318337,1524,1003,618,7500,600,314,0,600,2141,3150,3117,1541,303.4974693,14.46288325,1,10,-5,160,-1,-1,49,5,10,1.0
52,6,202,318340,319863,319863,320869,320869,321487,321519,328519,328519,329150,329182,329216,332289,1523,1006,618,7000,631,788,0,600,1634,3107,3073,1034,317.449396,13.95192675,1,5,9,190,1,1,51,14,5,2.0
52,6,203,332292,333814,333814,334815,334815,335420,335452,341452,341452,342053,342086,342119,345222,1522,1001,605,6000,601,368,0,600,2103,3136,3103,1503,330.3825751,12.93317912,1,40,-26,210,-1,-1,49,14,40,1.0
52,6,204,345225,346749,346749,347754,347754,348359,348391,355891,355891,356493,356525,356559,359679,1524,1005,605,7500,602,419,0,600,2045,3154,3120,1445,344.8398753,14.45730013,1,56,-28,170,-1,-1,49,28,56,1.0
52,6,205,359682,361206,361206,362210,362210,362816,362848,369348,369348,369975,370007,370040,373116,1524,1004,606,6500,627,407,0,600,2032,3109,3076,1432,358.2759501,13.4360748,1,7,13,170,1,1,51,20,7,2.0
52,6,206,373117,374636,374636,375638,375638,376241,376274,384274,384274,384896,384928,384962,388054,1519,1002,603,8000,622,517,0,600,1937,3126,3092,1337,373.2142069,14.93825688,1,7,3,150,1,1,51,10,7,2.0
52,6,207,388056,389573,389573,390580,390580,391180,391212,400212,400212,400814,400847,400881,403990,1517,1007,600,9000,602,466,0,600,2008,3143,3109,1408,389.1509125,15.93670553,1,14,-4,200,-1,-1,49,10,14,1.0
52,6,208,403993,405512,405512,406518,406518,407141,407173,415673,415673,416293,416326,416360,419437,1519,1006,623,8500,620,340,0,600,2092,3111,3077,1492,404.5972006,15.44628817,1,2,3,190,1,1,51,5,2,2.0
52,6,209,419439,420963,420963,421968,421968,422569,422602,431102,431102,431719,431751,431784,434873,1524,1005,601,8500,617,611,0,600,1842,3122,3089,1242,420.0333704,15.43616973,1,14,6,170,1,1,51,20,14,2.0
52,6,210,434876,436401,436401,437408,437408,438012,438045,446045,446045,446671,446704,446737,449824,1525,1007,604,8000,626,506,0,600,1932,3120,3087,1332,434.9846582,14.95128788,1,7,13,200,1,1,51,20,7,2.0
52,6,211,449827,451348,451348,452351,452351,452959,452991,460491,460491,461109,461142,461175,464277,1521,1003,608,7500,618,522,0,600,1928,3135,3102,1328,449.4378166,14.45315837,1,57,-37,150,-1,-1,49,20,57,1.0
52,6,212,464280,465805,465805,466809,466809,467411,467443,474443,474443,475043,475075,475109,478236,1525,1004,602,7000,600,622,0,600,1847,3161,3127,1247,463.3965668,13.95875023,0,28,-18,200,-1,1,51,10,28,2.0
52,6,213,478239,479763,479763,480765,480765,481371,481403,487903,487903,488506,488538,488572,491693,1524,1002,606,6500,603,1027,0,600,1438,3155,3121,838,476.8539064,13.4573396,1,28,-14,160,-1,-1,49,14,28,1.0
52,6,214,491696,493215,493215,494224,494224,494845,494878,503878,503878,504511,504543,504576,507630,1519,1009,621,9000,633,252,0,600,2166,3087,3054,1566,492.7903368,15.93643039,1,10,-5,210,-1,-1,49,5,10,1.0
52,6,215,507633,509157,509157,510161,510161,510766,510798,516798,516798,517422,517453,517486,520565,1524,1004,605,6000,624,505,0,600,1938,3112,3079,1338,505.7255266,12.93518973,1,5,9,170,1,1,51,14,5,2.0
52,6,216,520568,522090,522090,523092,523092,523698,523732,531232,531232,531849,531882,531915,535010,1522,1002,606,7500,617,584,0,600,1869,3128,3095,1269,520.1699762,14.44444963,1,14,14,210,1,1,51,28,14,2.0
53,1,1,75970,77496,77496,78509,78509,79122,79155,85155,85155,85772,85804,85838,88919,1526,1013,613,6000,617,300,0,600,2131,3115,3081,1531,12.96089464,12.96089464,1,5,9,160,1,1,51,14,5,2.0
53,1,2,88924,90446,90446,91452,91452,92055,92088,99088,99088,99704,99737,99772,102885,1522,1006,603,7000,616,403,0,600,2050,3148,3113,1450,26.92559563,13.964701,0,2,5,150,1,-1,49,7,2,1.0
53,1,3,102889,104413,104413,105417,105417,106049,106082,114082,114082,114701,114733,114766,117827,1524,1004,632,8000,619,517,0,600,1904,3094,3061,1304,41.867755,14.94215937,1,2,3,160,1,1,51,5,2,2.0
53,1,4,117830,119351,119351,120353,120353,120982,121015,129515,129515,130133,130167,130201,133293,1521,1002,629,8500,618,514,0,600,1916,3126,3092,1316,57.33306744,15.46531244,1,2,3,160,1,1,51,5,2,2.0
53,1,5,133296,134824,134824,135834,135835,136436,136468,143968,143968,144601,144634,144667,147747,1528,1010,601,7500,633,473,0,600,1955,3113,3080,1355,71.7872956,14.45422816,1,28,-8,150,-1,-1,49,20,28,1.0
53,1,6,147750,149275,149275,150276,150276,150893,150925,157425,157425,158025,158059,158092,161207,1525,1001,617,6500,600,432,0,600,2025,3148,3115,1425,85.24674285,13.45944725,1,20,-13,180,-1,-1,49,7,20,1.0
53,1,7,161210,162736,162736,163744,163744,164349,164381,173381,173381,174000,174033,174067,177158,1526,1008,605,9000,619,218,0,600,2224,3125,3091,1624,101.1981037,15.95136081,1,57,-37,150,-1,-1,49,20,57,1.0
53,1,8,177161,178686,178686,179694,179694,180301,180333,186833,186833,187434,187467,187500,190614,1525,1008,607,6500,601,408,0,600,2051,3147,3114,1451,114.6540167,13.45591301,0,29,-1,150,-1,1,51,28,29,2.0
53,1,9,190617,192137,192137,193144,193145,193751,193783,199783,199783,200393,200426,200460,203574,1520,1007,606,6000,610,276,0,600,2181,3148,3114,1581,127.6137595,12.95974288,1,57,-37,180,-1,-1,49,20,57,1.0
53,1,10,203577,205099,205099,206107,206107,206739,206771,215271,215271,215903,215935,215968,219014,1522,1008,632,8500,632,566,0,600,1840,3079,3046,1240,143.0541123,15.44035277,0,6,-1,160,-1,1,51,5,6,2.0
53,1,11,219017,220539,220539,221543,221543,222149,222182,231182,231182,231803,231836,231871,234974,1522,1004,606,9000,621,164,0,600,2283,3138,3103,1683,159.0142572,15.96014488,1,79,-51,150,-1,-1,49,28,79,1.0
53,1,12,234978,236498,236498,237504,237504,238111,238143,245143,245143,245767,245799,245832,248916,1520,1006,607,7000,624,307,0,600,2136,3117,3084,1536,172.9557883,13.94153105,0,15,-1,200,-1,1,51,14,15,2.0
53,1,13,248919,250442,250442,251447,251447,252052,252084,259584,259584,260216,260248,260281,263375,1523,1005,605,7500,632,94,0,600,2341,3127,3094,1741,187.4149001,14.45911185,1,28,-18,150,-1,-1,49,10,28,1.0
53,1,14,263378,264901,264901,265905,265905,266508,266541,274541,274541,275146,275178,275212,278322,1523,1004,603,8000,605,501,0,600,1964,3144,3110,1364,202.361593,14.94669289,1,40,-20,210,-1,-1,49,20,40,1.0
53,1,15,278325,279849,279849,280858,280858,281464,281498,287498,287498,288114,288146,288180,291265,1524,1009,606,6000,616,126,0,600,2319,3119,3085,1719,215.3051148,12.94352178,1,79,-51,150,-1,-1,49,28,79,1.0
53,1,16,291267,292791,292791,293793,293793,294422,294454,302454,302454,303086,303119,303152,306207,1524,1002,629,8000,632,419,0,600,1994,3088,3055,1394,230.2471843,14.94206957,1,28,-18,190,-1,-1,49,10,28,1.0
53,1,17,306210,307731,307731,308739,308739,309342,309374,316874,316874,317506,317539,317572,320672,1521,1008,603,7500,632,329,0,600,2107,3133,3100,1507,244.7116168,14.46443249,1,10,4,160,1,1,51,14,10,2.0
53,1,18,320675,322199,322199,323203,323203,323805,323838,332838,332838,333470,333503,333536,336620,1524,1004,602,9000,632,255,0,600,2183,3117,3084,1583,260.6595208,15.94790402,1,10,10,150,1,1,51,20,10,2.0
53,1,19,336623,338147,338147,339155,339155,339759,339791,346291,346291,346894,346926,346960,350062,1524,1008,604,6500,603,394,0,600,2067,3136,3102,1467,274.1013002,13.44177937,0,20,-10,190,-1,1,51,10,20,2.0
53,1,20,350064,351588,351588,352594,352594,353217,353249,361749,361749,362375,362408,362442,365521,1524,1006,623,8500,626,405,0,600,2016,3113,3079,1416,289.5606742,15.45937402,1,10,-3,190,-1,-1,49,7,10,1.0
53,1,21,365524,367049,367049,368056,368056,368657,368689,375689,375689,376290,376324,376358,379477,1525,1007,601,7000,601,578,0,600,1888,3153,3119,1288,303.5165951,13.95592085,1,10,-3,160,-1,-1,49,7,10,1.0
53,1,22,379480,380999,380999,382001,382001,382603,382636,389636,389636,390268,390301,390334,393418,1519,1002,602,7000,632,513,0,600,1932,3117,3084,1332,317.4567321,13.94013701,1,11,-1,210,-1,-1,49,10,11,1.0
53,1,23,393419,394945,394945,395952,395952,396586,396618,404118,404118,404749,404783,404816,407861,1526,1007,634,7500,631,695,0,600,1707,3078,3045,1107,331.9004826,14.4437505,1,10,-5,210,-1,-1,49,5,10,1.0
53,1,24,407864,409389,409389,410394,410394,411003,411035,419035,419035,419637,419669,419702,422818,1525,1005,609,8000,602,534,0,600,1925,3149,3116,1325,346.8571423,14.95665976,1,14,14,190,1,1,51,28,14,2.0
53,1,25,422821,424343,424343,425344,425344,425947,425980,431980,431980,432604,432636,432670,435779,1522,1001,603,6000,624,216,0,600,2234,3143,3109,1634,359.8183383,12.96119599,1,4,6,170,1,1,51,10,4,2.0
53,1,26,435782,437299,437299,438307,438307,438914,438946,447946,447946,448554,448587,448621,451744,1517,1008,607,9000,608,160,0,600,2300,3157,3123,1700,375.7834238,15.96508552,1,40,-20,150,-1,-1,49,20,40,1.0
53,1,27,451747,453269,453269,454274,454274,454880,454913,463413,463413,464014,464048,464082,467181,1522,1005,606,8500,601,326,0,600,2140,3133,3099,1540,391.2202683,15.43684445,1,14,14,200,1,1,51,28,14,2.0
53,1,28,467184,468708,468708,469711,469711,470315,470347,476847,476847,477479,477512,477545,480638,1524,1003,604,6500,632,260,0,600,2177,3126,3093,1577,404.6775314,13.45726306,0,20,8,200,1,-1,49,28,20,1.0
53,1,29,480641,482164,482164,483168,483168,483787,483820,490820,490820,491422,491454,491487,494577,1523,1004,619,7000,602,281,0,600,2171,3123,3090,1571,418.6163084,13.93877701,1,14,-9,210,-1,-1,49,5,14,1.0
53,1,30,494580,496102,496102,497109,497109,497713,497745,505245,505245,505872,505904,505937,509041,1522,1007,604,7500,627,950,0,600,1490,3137,3104,890,433.0804302,14.4641218,1,10,4,210,1,1,51,14,10,2.0
53,1,31,509044,510571,510571,511577,511577,512183,512215,518215,518215,518815,518847,518881,522005,1527,1006,606,6000,600,485,0,600,1976,3158,3124,1376,446.0441162,12.96368605,1,7,7,180,1,1,51,14,7,2.0
53,1,32,522006,523532,523532,524538,524538,525154,525186,533686,533686,534303,534337,534370,537440,1526,1006,616,8500,617,264,0,600,2171,3103,3070,1571,461.479199,15.43508275,1,3,2,200,1,1,51,5,3,2.0
53,1,33,537443,538967,538967,539977,539977,540579,540612,548612,548612,549231,549263,549296,552392,1524,1010,602,8000,619,292,0,600,2153,3129,3096,1553,476.4309732,14.95177426,1,4,6,160,1,1,51,10,4,2.0
53,1,34,552394,553917,553917,554924,554924,555525,555558,562058,562058,562659,562692,562725,565851,1523,1007,601,6500,601,261,0,600,2207,3159,3126,1607,489.8900754,13.4591022,1,28,-14,200,-1,-1,49,14,28,1.0
53,1,35,565854,567372,567372,568379,568379,568982,569014,578014,578014,578615,578648,578682,581816,1518,1007,603,9000,601,329,0,600,2142,3168,3134,1542,505.8545625,15.96448704,1,14,-7,150,-1,-1,49,7,14,1.0
53,1,36,581818,583342,583342,584347,584347,584949,584981,591981,591981,592612,592645,592680,595769,1524,1005,602,7000,631,608,0,600,1830,3124,3089,1230,519.8080391,13.95347659,1,14,-7,180,-1,-1,49,7,14,1.0
53,2,37,18503,20028,20028,21045,21045,21665,21697,29697,29697,30327,30359,30394,33443,1525,1017,620,8000,630,368,0,600,2040,3084,3049,1440,14.95025606,14.95025606,0,15,-1,190,-1,1,51,14,15,2.0
53,2,38,33445,34963,34963,35968,35968,36575,36608,42608,42608,43210,43244,43277,46410,1518,1005,607,6000,602,273,0,600,2195,3166,3133,1595,27.91709604,12.96683998,1,40,-20,160,-1,-1,49,20,40,1.0
53,2,39,46413,47930,47930,48936,48936,49538,49570,56070,56070,56671,56704,56737,59868,1517,1006,602,6500,601,200,0,600,2274,3164,3131,1674,41.37486808,13.45777204,1,14,14,190,1,1,51,28,14,2.0
53,2,40,59871,61396,61396,62396,62396,63003,63035,70035,70035,70640,70673,70706,73806,1525,1000,607,7000,605,1043,0,600,1420,3133,3100,820,55.31295259,13.93808451,1,40,-26,210,-1,-1,49,14,40,1.0
53,2,41,73809,75331,75331,76336,76336,76941,76974,85974,85974,86593,86625,86658,89766,1522,1005,605,9000,619,462,0,600,1987,3141,3108,1387,71.27272862,15.95977602,1,56,-28,160,-1,-1,49,28,56,1.0
53,2,42,89769,91288,91288,92293,92293,92911,92944,100444,100444,101075,101108,101142,104217,1519,1005,618,7500,631,790,0,600,1637,3109,3075,1037,85.72373202,14.45100341,1,7,-2,170,-1,-1,49,5,7,1.0
53,2,43,104219,105743,105743,106745,106745,107348,107380,115880,115880,116483,116516,116549,119652,1524,1002,603,8500,603,333,0,600,2135,3136,3103,1535,101.159039,15.43530696,0,21,-1,170,-1,1,51,20,21,2.0
53,2,44,119654,121179,121179,122180,122180,122797,122830,130830,130830,131449,131481,131514,134598,1525,1001,617,8000,619,311,0,600,2127,3117,3084,1527,116.1047811,14.94574213,1,5,5,190,1,1,51,10,5,2.0
53,2,45,134601,136126,136126,137129,137130,137750,137783,144783,144783,145413,145446,145479,148540,1525,1003,620,7000,630,97,0,600,2325,3094,3061,1725,130.0468886,13.94210754,1,7,-2,180,-1,-1,49,5,7,1.0
53,2,46,148543,150065,150065,151071,151071,151697,151729,160729,160729,161345,161378,161412,164497,1522,1006,626,9000,616,251,0,600,2179,3119,3085,1579,146.0034438,15.95655519,1,2,3,180,1,1,51,5,2,2.0
53,2,47,164500,166018,166018,167024,167024,167629,167661,173661,173661,174286,174318,174351,177436,1518,1006,605,6000,625,377,0,600,2069,3118,3085,1469,158.9426708,12.93922693,1,5,9,170,1,1,51,14,5,2.0
53,2,48,177439,178959,178959,179968,179968,180575,180607,187107,187107,187709,187742,187775,190892,1520,1009,607,6500,602,187,0,600,2275,3150,3117,1675,172.3988155,13.45614475,1,40,-12,190,-1,-1,49,28,40,1.0
53,2,49,190895,192418,192418,193419,193419,194047,194079,202579,202579,203209,203241,203274,206353,1523,1001,628,8500,630,178,0,600,2240,3112,3079,1640,187.8597288,15.46091332,1,5,2,210,1,1,51,7,5,2.0
53,2,50,206356,207880,207880,208888,208888,209497,209529,217029,217029,217659,217691,217724,220810,1524,1008,609,7500,630,120,0,600,2309,3119,3086,1709,202.3168029,14.45707411,1,20,-6,200,-1,-1,49,14,20,1.0
53,2,51,220813,222331,222331,223337,223337,223954,223986,230986,230986,231618,231651,231684,234771,1518,1006,617,7000,632,154,0,600,2273,3120,3087,1673,216.2776527,13.96084974,1,14,-9,190,-1,-1,49,5,14,1.0
53,2,52,234774,236295,236295,237299,237299,237904,237936,244436,244436,245058,245091,245124,248224,1521,1004,605,6500,622,365,0,600,2083,3133,3100,1483,229.730764,13.45311135,1,5,9,180,1,1,51,14,5,2.0
53,2,53,248227,249749,249749,250757,250757,251379,251412,259913,259913,260546,260577,260611,263683,1522,1008,622,8501,633,209,0,600,2205,3106,3072,1605,245.1894811,15.45871708,1,10,-5,210,-1,-1,49,5,10,1.0
53,2,54,263686,265203,265203,266209,266209,266814,266847,272847,272847,273477,273509,273542,276646,1517,1006,605,6000,630,234,0,600,2208,3137,3104,1608,258.1522456,12.96276452,1,14,6,150,1,1,51,20,14,2.0
53,2,55,276649,278166,278166,279174,279174,279794,279826,287326,287326,287943,287975,288008,291084,1517,1008,620,7500,617,177,0,600,2261,3109,3076,1661,272.5904447,14.43819902,1,3,2,190,1,1,51,5,3,2.0
53,2,56,291087,292606,292606,293608,293608,294216,294248,302248,302248,302850,302883,302917,306026,1519,1002,608,8000,602,920,0,600,1549,3143,3109,949,287.5325748,14.94213014,0,14,6,200,1,-1,49,20,14,1.0
53,2,57,306029,307547,307547,308552,308552,309159,309191,318191,318191,318822,318854,318888,321961,1518,1005,607,9000,631,203,0,600,2236,3107,3073,1636,303.4669837,15.93440893,1,7,13,180,1,1,51,20,7,2.0
53,2,58,321964,323488,323488,324497,324497,325105,325137,332637,332637,333253,333286,333319,336414,1524,1009,608,7500,616,263,0,600,2180,3128,3095,1580,317.9201255,14.45314179,1,14,14,180,1,1,51,28,14,2.0
53,2,59,336417,337935,337935,338938,338938,339539,339572,347572,347572,348191,348224,348258,351378,1518,1003,601,8000,619,52,0,600,2407,3154,3120,1807,332.8840584,14.96393285,1,4,6,170,1,1,51,10,4,2.0
53,2,60,351381,352906,352906,353909,353909,354513,354546,361546,361546,362165,362198,362231,365340,1525,1003,604,7000,619,501,0,600,1948,3142,3109,1348,346.8465628,13.96250445,1,14,-7,180,-1,-1,49,7,14,1.0
53,2,61,365343,366868,366868,367874,367874,368478,368510,377010,377010,377613,377645,377679,380803,1525,1006,604,8500,603,361,0,600,2101,3158,3124,1501,362.3090869,15.46252404,1,40,-26,170,-1,-1,49,14,40,1.0
53,2,62,380805,382323,382323,383327,383327,383944,383977,389977,389977,390578,390611,390645,393755,1518,1004,617,6000,601,497,0,600,1963,3144,3110,1363,375.2613436,12.95225672,1,20,-13,180,-1,-1,49,7,20,1.0
53,2,63,393758,395280,395280,396289,396289,396893,396926,405926,405926,406554,406588,406622,409719,1522,1009,604,9000,628,329,0,600,2108,3131,3097,1508,391.2254901,15.96414651,1,7,3,150,1,1,51,10,7,2.0
53,2,64,409722,411245,411245,412247,412247,412854,412887,419387,419387,420000,420033,420067,423158,1523,1002,607,6500,613,124,0,600,2331,3125,3091,1731,404.663841,13.4383509,1,79,-51,180,-1,-1,49,28,79,1.0
53,2,65,423161,424679,424679,425681,425681,426309,426341,434341,434341,434941,434975,435008,438114,1518,1002,628,8000,600,693,0,600,1759,3139,3106,1159,419.6201446,14.95630356,1,28,-18,170,-1,-1,49,10,28,1.0
53,2,66,438117,439638,439638,440643,440643,441261,441293,448793,448793,449425,449458,449491,452562,1521,1005,618,7500,632,208,0,600,2216,3104,3071,1616,434.0686359,14.44849135,1,5,2,200,1,1,51,7,5,2.0
53,2,67,452565,454088,454088,455090,455090,455693,455725,462225,462225,462840,462873,462906,466013,1523,1002,603,6500,615,459,0,600,1998,3140,3107,1398,447.5190095,13.45037358,1,7,3,150,1,1,51,10,7,2.0
53,2,68,466016,467538,467538,468543,468543,469148,469180,477680,477680,478313,478345,478378,481452,1522,1005,605,8500,633,734,0,600,1701,3107,3074,1101,462.9585685,15.43955902,0,10,18,150,1,-1,49,28,10,1.0
53,2,69,481455,482975,482975,483981,483981,484584,484616,490616,490616,491218,491250,491285,494399,1520,1006,603,6000,602,761,0,600,1708,3149,3114,1108,475.9052038,12.94663533,1,7,3,150,1,1,51,10,7,2.0
53,2,70,494402,495928,495928,496935,496935,497536,497569,504569,504569,505187,505219,505252,508350,1526,1007,601,7000,618,1851,0,600,597,3131,3098,-3,489.8562151,13.95101124,1,2,5,160,1,1,51,7,2,2.0
53,2,71,508353,509878,509878,510885,510885,511486,511518,520518,520518,521119,521150,521186,524287,1525,1007,601,9000,601,433,0,600,2033,3137,3101,1433,505.7929351,15.93671999,1,14,-7,210,-1,-1,49,7,14,1.0
53,2,72,524290,525812,525812,526815,526815,527418,527450,534450,534450,535082,535116,535150,538225,1522,1003,603,7000,632,336,0,600,2104,3109,3075,1504,519.7310096,13.93807456,1,28,-8,190,-1,-1,49,20,28,1.0
53,3,73,28806,30325,30325,31337,31337,31968,32000,39000,39000,39628,39660,39695,42760,1519,1012,631,7000,628,34,0,600,2376,3100,3065,1776,13.96569545,13.96569545,1,14,-7,160,-1,-1,49,7,14,1.0
53,3,74,42765,44290,44290,45297,45297,45907,45941,53441,53441,54043,54076,54110,57213,1525,1007,610,7500,602,366,0,600,2090,3137,3103,1490,28.41677691,14.45108146,1,27,1,180,1,1,51,28,27,2.0
53,3,75,57215,58740,58740,59747,59747,60364,60397,68397,68397,69011,69044,69078,72171,1525,1007,617,8000,614,324,0,600,2113,3127,3093,1513,43.37479184,14.95801493,1,2,3,160,1,1,51,5,2,2.0
53,3,76,72174,73692,73692,74696,74696,75297,75329,81829,81829,82459,82491,82524,85627,1518,1004,601,6500,630,407,0,600,2040,3136,3103,1440,56.83108666,13.45629482,1,5,5,210,1,1,51,10,5,2.0
53,3,77,85630,87153,87153,88153,88153,88759,88792,97792,97792,98395,98427,98461,101575,1523,1000,606,9000,603,637,0,600,1831,3148,3114,1231,72.77904553,15.94795886,0,14,6,170,1,-1,49,20,14,1.0
53,3,78,101578,103099,103099,104107,104107,104734,104766,110766,110766,111367,111399,111434,114514,1521,1008,627,6000,601,244,0,600,2199,3115,3080,1599,85.71806844,12.93902291,1,10,-5,200,-1,-1,49,5,10,1.0
53,3,79,114517,116038,116038,117044,117044,117651,117683,126183,126183,126783,126817,126850,129955,1521,1006,607,8500,600,473,0,600,1993,3138,3105,1393,101.1600096,15.44194119,1,10,10,160,1,1,51,20,10,2.0
53,3,80,129959,131481,131481,132487,132487,133092,133124,139124,139124,139725,139758,139792,142911,1522,1006,605,6000,601,346,0,600,2120,3153,3119,1520,114.1145292,12.95451957,1,7,13,150,1,1,51,20,7,2.0
53,3,81,142914,144440,144440,145445,145445,146050,146082,153082,153082,153713,153747,153780,156863,1526,1005,605,7000,631,317,0,600,2116,3116,3083,1516,128.0666361,13.95210695,1,28,-18,190,-1,-1,49,10,28,1.0
53,3,82,156866,158393,158393,159398,159398,160000,160034,168034,168034,168664,168697,168731,171812,1527,1005,602,8000,630,349,0,600,2087,3115,3081,1487,143.015333,14.94869687,1,6,1,170,1,1,51,7,6,2.0
53,3,83,171815,173334,173334,174335,174335,174939,174971,182471,182471,183103,183135,183169,186270,1519,1001,604,7500,632,655,0,600,1789,3135,3101,1189,157.4735387,14.45820569,1,7,7,160,1,1,51,14,7,2.0
53,3,84,186273,187793,187793,188801,188801,189411,189444,197944,197944,198545,198577,198610,201714,1520,1008,610,8500,601,1209,0,600,1252,3137,3104,652,172.9177828,15.44424411,1,13,1,210,1,1,51,14,13,2.0
53,3,85,201717,203237,203237,204241,204241,204844,204877,211377,211377,212008,212041,212074,215164,1520,1004,603,6500,631,320,0,600,2122,3123,3090,1522,186.3674832,13.44970037,1,28,-18,190,-1,-1,49,10,28,1.0
53,3,86,215167,216683,216683,217687,217687,218295,218327,227327,227327,227927,227959,227992,231129,1516,1004,608,9000,600,306,0,600,2166,3170,3137,1566,202.3325139,15.96503067,1,7,13,200,1,1,51,20,7,2.0
53,3,87,231132,232653,232653,233657,233657,234263,234295,242795,242795,243427,243460,243493,246573,1521,1004,606,8500,632,411,0,600,2026,3113,3080,1426,217.7766549,15.44414105,1,40,-26,210,-1,-1,49,14,40,1.0
53,3,88,246576,248100,248100,249101,249101,249707,249739,257740,257740,258361,258394,258428,261511,1524,1001,606,8001,621,438,0,600,2009,3117,3083,1409,232.7146728,14.93801791,1,79,-51,160,-1,-1,49,28,79,1.0
53,3,89,261514,263039,263039,264043,264043,264648,264681,271681,271681,272294,272327,272361,275474,1525,1004,605,7000,613,511,0,600,1942,3147,3113,1342,246.6776429,13.96297004,1,5,9,200,1,1,51,14,5,2.0
53,3,90,275477,276999,276999,278003,278003,278608,278640,287640,287640,288259,288291,288325,291409,1522,1004,605,9000,619,414,0,600,2036,3118,3084,1436,262.6124538,15.93481094,1,79,-51,170,-1,-1,49,28,79,1.0
53,3,91,291412,292933,292933,293937,293937,294540,294573,301073,301073,301705,301737,301771,304852,1521,1004,603,6500,632,602,0,600,1838,3115,3081,1238,276.0555193,13.44306553,0,10,-3,190,-1,1,51,7,10,2.0
53,3,92,304855,306382,306382,307387,307387,307991,308023,314023,314023,314655,314687,314721,317786,1527,1005,604,6000,632,41,0,600,2391,3099,3065,1791,288.9897318,12.93421245,1,40,-12,150,-1,-1,49,28,40,1.0
53,3,93,317789,319306,319306,320310,320310,320914,320946,328446,328446,329049,329083,329116,332239,1517,1004,604,7500,603,382,0,600,2090,3156,3123,1490,303.4421075,14.45237576,1,10,18,150,1,1,51,28,10,2.0
53,3,94,332242,333770,333770,334774,334774,335381,335413,343413,343413,344013,344047,344081,347202,1528,1004,607,8000,600,518,0,600,1943,3155,3121,1343,318.4057098,14.96360227,0,19,1,180,1,-1,49,20,19,1.0
53,3,95,347205,348729,348729,349733,349733,350333,350365,357865,357865,358467,358500,358533,361664,1524,1004,600,7500,602,685,0,600,1785,3164,3131,1185,332.8668663,14.46115651,1,10,-5,180,-1,-1,49,5,10,1.0
53,3,96,361667,363186,363186,364192,364192,364795,364828,371828,371828,372460,372492,372525,375613,1519,1006,603,7000,632,481,0,600,1959,3121,3088,1359,346.8163223,13.94945597,1,5,2,160,1,1,51,7,5,2.0
53,3,97,375616,377141,377141,378149,378149,378771,378803,385303,385303,385918,385950,385983,389077,1525,1008,622,6500,615,324,0,600,2106,3127,3094,1506,360.2801747,13.46385239,1,2,5,160,1,1,51,7,2,2.0
53,3,98,389080,390600,390600,391604,391604,392207,392240,400740,400740,401341,401374,401407,404515,1520,1004,603,8500,601,406,0,600,2066,3141,3108,1466,375.7183933,15.43821861,1,19,1,190,1,1,51,20,19,2.0
53,3,99,404518,406042,406042,407047,407047,407649,407681,416681,416681,417311,417343,417376,420459,1524,1005,602,9000,630,351,0,600,2088,3116,3083,1488,391.6621833,15.94378998,1,4,3,150,1,1,51,7,4,2.0
53,3,100,420462,421985,421985,422988,422988,423593,423625,429625,429625,430258,430290,430323,433414,1523,1003,605,6000,633,478,0,600,1958,3124,3091,1358,404.6175539,12.95537058,1,28,-14,210,-1,-1,49,14,28,1.0
53,3,101,433417,434940,434940,435944,435944,436551,436583,442583,442583,443183,443215,443249,446373,1523,1004,607,6000,600,353,0,600,2113,3158,3124,1513,417.5760805,12.95852662,1,20,-10,170,-1,-1,49,10,20,1.0
53,3,102,446376,447903,447903,448909,448909,449515,449549,457049,457049,457680,457714,457748,460815,1527,1006,606,7500,631,525,0,600,1905,3101,3067,1305,432.0182863,14.44220578,1,10,18,160,1,1,51,28,10,2.0
53,3,103,460818,462339,462339,463341,463341,463969,464001,472001,472001,472601,472634,472667,475748,1521,1002,628,8000,600,403,0,600,2046,3114,3081,1446,446.9509229,14.93263669,1,7,-2,190,-1,-1,49,5,7,1.0
53,3,104,475751,477273,477273,478281,478281,478888,478921,485421,485421,486021,486053,486086,489204,1522,1008,607,6500,600,641,0,600,1822,3151,3118,1222,460.4072078,13.45628488,1,14,-4,200,-1,-1,49,10,14,1.0
53,3,105,489207,490729,490729,491732,491732,492337,492369,500869,500869,501473,501506,501539,504639,1522,1003,605,8500,604,173,0,600,2293,3133,3100,1693,475.8419341,15.43472626,1,40,-26,150,-1,-1,49,14,40,1.0
53,3,106,504642,506161,506161,507163,507163,507789,507822,514822,514822,515453,515486,515520,518582,1519,1002,626,7000,631,390,0,600,2032,3096,3062,1432,489.7853811,13.94344704,1,4,1,150,1,1,51,5,4,2.0
53,3,107,518585,520111,520111,521118,521118,521720,521753,530753,530753,531385,531417,531452,534522,1526,1007,602,9000,632,2178,0,600,255,3105,3070,-345,505.7251294,15.93974826,0,20,-10,190,-1,1,51,10,20,2.0
53,3,108,534525,536044,536044,537048,537048,537674,537707,546707,546707,547324,547357,547390,550471,1519,1004,626,9000,617,416,0,600,2018,3114,3081,1418,521.6742961,15.94916668,1,2,3,170,1,1,51,5,2,2.0
53,4,109,50292,51814,51814,52829,52829,53456,53489,60989,60989,61591,61624,61659,64763,1522,1015,627,7500,602,911,0,600,1523,3139,3104,923,14.48380783,14.48380783,0,14,-4,190,-1,1,51,10,14,2.0
53,4,110,64769,66297,66297,67301,67301,67929,67961,76961,76961,77580,77612,77645,80725,1528,1004,628,9000,619,410,0,600,2011,3113,3080,1411,30.44238538,15.95857755,1,3,2,180,1,1,51,5,3,2.0
53,4,111,80728,82252,82252,83257,83257,83861,83894,90394,90394,90998,91030,91063,94188,1524,1005,604,6500,604,452,0,600,2011,3158,3125,1411,43.90595662,13.46357123,1,10,4,210,1,1,51,14,10,2.0
53,4,112,94191,95710,95710,96713,96713,97316,97348,103348,103348,103978,104011,104045,107148,1519,1003,603,6000,630,328,0,600,2117,3137,3103,1517,56.86555515,12.95959853,1,7,3,200,1,1,51,10,7,2.0
53,4,113,107151,108672,108672,109679,109679,110283,110315,118815,118815,119446,119478,119511,122593,1521,1007,604,8500,631,344,0,600,2093,3115,3082,1493,72.31050141,15.44494626,0,15,-1,210,-1,1,51,14,15,2.0
53,4,114,122596,124112,124112,125117,125117,125722,125754,133754,133754,134358,134391,134425,137555,1516,1005,605,8000,604,129,0,600,2341,3164,3130,1741,87.27249205,14.96199065,1,40,-20,170,-1,-1,49,20,40,1.0
53,4,115,137558,139082,139082,140086,140086,140690,140723,147723,147723,148353,148385,148418,151495,1524,1004,604,7000,630,662,0,600,1776,3110,3077,1176,101.2124916,13.93999959,1,5,2,150,1,1,51,7,5,2.0
53,4,116,151498,153017,153017,154025,154025,154630,154663,162163,162163,162780,162812,162845,165932,1519,1008,605,7500,617,546,0,600,1905,3120,3087,1305,115.6493548,14.43686313,1,57,-37,170,-1,-1,49,20,57,1.0
53,4,117,165935,167452,167452,168454,168454,169056,169088,177588,177588,178188,178220,178254,181391,1517,1002,602,8500,600,530,0,600,1949,3171,3137,1349,131.1085049,15.45915012,0,11,-1,150,-1,1,51,10,11,2.0
53,4,118,181394,182914,182914,183924,183924,184546,184578,191078,191078,191710,191743,191777,194840,1520,1010,622,6500,632,264,0,600,2152,3097,3063,1552,144.5576523,13.44914739,1,10,4,170,1,1,51,14,10,2.0
53,4,119,194843,196364,196364,197366,197366,197972,198004,206004,206004,206607,206640,206674,209783,1521,1002,606,8000,603,629,0,600,1839,3143,3109,1239,159.4999858,14.94233355,0,28,-14,210,-1,1,51,14,28,2.0
53,4,120,209786,211311,211311,212317,212317,212946,212978,218978,218978,219594,219626,219660,222747,1525,1006,629,6000,616,285,0,600,2139,3121,3087,1539,172.4645678,12.96458196,1,3,2,150,1,1,51,5,3,2.0
53,4,121,222750,224275,224275,225281,225281,225884,225916,234916,234916,235517,235549,235583,238682,1525,1006,603,9000,601,392,0,600,2073,3133,3099,1473,188.399065,15.93449723,1,28,-18,150,-1,-1,49,10,28,1.0
53,4,122,238685,240206,240206,241206,241206,241810,241842,248842,248842,249473,249505,249538,252620,1521,1000,604,7000,631,308,0,600,2136,3115,3082,1536,202.3371896,13.93812459,1,10,18,210,1,1,51,28,10,2.0
53,4,123,252623,254146,254146,255149,255149,255756,255789,264289,264289,264892,264924,264958,268068,1523,1003,607,8500,603,377,0,600,2087,3144,3110,1487,217.7854592,15.44826955,1,40,-20,200,-1,-1,49,20,40,1.0
53,4,124,268071,269590,269590,270592,270592,271197,271230,278730,278730,279332,279366,279399,282534,1519,1002,605,7500,602,328,0,600,2144,3168,3135,1544,232.2510826,14.46562343,1,14,6,170,1,1,51,20,14,2.0
53,4,125,282537,284060,284060,285067,285067,285672,285705,292705,292705,293338,293372,293405,296480,1523,1007,605,7000,633,399,0,600,2033,3108,3075,1433,246.1970613,13.94597869,1,20,8,190,1,1,51,28,20,2.0
53,4,126,296483,298005,298005,299013,299013,299618,299651,308651,308651,309265,309299,309333,312432,1522,1008,605,9000,614,399,0,600,2052,3133,3099,1452,262.1489929,15.95193157,1,56,-28,210,-1,-1,49,28,56,1.0
53,4,127,312435,313957,313957,314964,314964,315564,315597,323597,323597,324197,324229,324263,327388,1522,1007,600,8000,600,967,0,600,1504,3159,3125,904,277.1049791,14.95598624,0,10,-3,150,-1,1,51,7,10,2.0
53,4,128,327391,328915,328915,329923,329923,330544,330576,336576,336576,337208,337241,337275,340355,1524,1008,621,6000,632,404,0,600,2011,3114,3080,1411,290.0721931,12.96721396,1,6,-1,210,-1,-1,49,5,6,1.0
53,4,129,340358,341885,341885,342891,342891,343516,343548,350048,350048,350680,350713,350747,353792,1527,1006,625,6500,632,204,0,600,2206,3079,3045,1606,303.50897,13.43677695,1,14,-9,200,-1,-1,49,5,14,1.0
53,4,130,353795,355317,355317,356319,356319,356923,356956,362956,362956,363570,363603,363637,366748,1522,1002,604,6000,614,44,0,600,2414,3145,3111,1814,316.4651847,12.95621466,1,57,-37,210,-1,-1,49,20,57,1.0
53,4,131,366751,368270,368270,369275,369275,369901,369933,376933,376933,377547,377580,377614,380688,1519,1005,626,7000,614,369,0,600,2067,3108,3074,1467,330.4046677,13.93948308,1,2,5,170,1,1,51,7,2,2.0
53,4,132,380691,382217,382217,383225,383225,383825,383857,392857,392857,393475,393508,393542,396648,1526,1008,600,9000,618,303,0,600,2145,3140,3106,1545,346.3642614,15.95959371,1,3,2,170,1,1,51,5,3,2.0
53,4,133,396650,398174,398174,399181,399181,399810,399842,407342,407342,407973,408005,408038,411083,1524,1007,629,7500,631,339,0,600,2070,3078,3045,1470,360.8002124,14.43595094,0,21,-1,180,-1,1,51,20,21,2.0
53,4,134,411086,412610,412610,413612,413612,414218,414250,422750,422750,423360,423392,423426,426518,1524,1002,606,8500,610,318,0,600,2140,3126,3092,1540,376.2346475,15.43443515,1,4,3,200,1,1,51,7,4,2.0
53,4,135,426521,428044,428044,429050,429050,429653,429685,437685,437685,438317,438349,438383,441454,1523,1006,603,8000,632,588,0,600,1848,3105,3071,1248,391.1709363,14.93628876,1,15,-1,170,-1,-1,49,14,15,1.0
53,4,136,441457,442983,442983,443990,443990,444622,444654,451154,451154,451770,451802,451836,454915,1526,1007,632,6500,616,407,0,600,2012,3113,3079,1412,404.6311228,13.46018646,1,3,2,160,1,1,51,5,3,2.0
53,4,137,454917,456437,456437,457443,457443,458058,458090,466090,466090,466722,466754,466787,469864,1520,1006,615,8000,632,340,0,600,2087,3110,3077,1487,419.5803292,14.94920645,1,20,-13,180,-1,-1,49,7,20,1.0
53,4,138,469866,471387,471387,472388,472388,472994,473027,482027,482027,482627,482660,482693,485802,1521,1001,606,9000,600,301,0,600,2171,3142,3109,1571,435.5188823,15.93855311,1,40,-12,160,-1,-1,49,28,40,1.0
53,4,139,485805,487331,487331,488340,488340,488944,488976,495476,495476,496105,496137,496171,499256,1526,1009,604,6500,629,348,0,600,2084,3119,3085,1484,448.972386,13.45350371,1,5,5,210,1,1,51,10,5,2.0
53,4,140,499259,500785,500785,501790,501790,502393,502425,509925,509925,510525,510558,510592,513712,1526,1005,603,7500,600,420,0,600,2046,3154,3120,1446,463.4296877,14.45730163,1,20,8,200,1,1,51,28,20,2.0
53,4,141,513716,515239,515239,516244,516244,516847,516881,523881,523881,524484,524517,524551,527665,1523,1005,603,7000,603,442,0,600,2024,3148,3114,1424,477.3811431,13.95145543,1,20,8,180,1,1,51,28,20,2.0
53,4,142,527667,529192,529192,530198,530198,530802,530835,539335,539335,539962,539994,540028,543105,1525,1006,604,8500,627,213,0,600,2225,3111,3077,1625,492.8219075,15.44076442,1,4,6,190,1,1,51,10,4,2.0
53,4,143,543108,544623,544623,545627,545627,546233,546265,552265,552265,552865,552898,552932,556044,1515,1004,606,6000,600,374,0,600,2101,3146,3112,1501,505.7605932,12.9386857,1,5,2,150,1,1,51,7,5,2.0
53,4,144,556047,557570,557570,558576,558576,559183,559215,565215,565215,565815,565848,565881,568992,1523,1006,607,6000,600,279,0,600,2185,3144,3111,1585,518.7088366,12.94824334,0,10,4,160,1,-1,49,14,10,1.0
53,5,145,18303,19827,19827,20844,20844,21458,21491,29491,29491,30092,30125,30160,33252,1524,1017,614,8000,601,344,0,600,2100,3127,3092,1500,14.96171913,14.96171913,0,20,-6,170,-1,1,51,14,20,2.0
53,5,146,33257,34780,34780,35787,35787,36393,36425,43925,43925,44546,44579,44612,47690,1523,1007,606,7500,621,211,0,600,2232,3111,3078,1632,29.39765079,14.43593166,1,7,7,190,1,1,51,14,7,2.0
53,5,147,47692,49216,49216,50220,50220,50840,50872,59872,59872,60486,60519,60552,63637,1524,1004,620,9000,614,252,0,600,2186,3118,3085,1586,45.34455402,15.94690323,1,4,6,210,1,1,51,10,4,2.0
53,5,148,63640,65165,65165,66172,66172,66779,66811,73811,73811,74426,74458,74491,77588,1525,1007,607,7000,615,329,0,600,2117,3130,3097,1517,59.29592869,13.95137467,1,5,9,170,1,1,51,14,5,2.0
53,5,149,77591,79107,79107,80111,80111,80719,80751,86751,86751,87354,87388,87422,90553,1516,1004,608,6000,603,328,0,600,2141,3165,3131,1541,72.2608328,12.96490411,1,40,-20,200,-1,-1,49,20,40,1.0
53,5,150,90556,92077,92077,93084,93084,93714,93747,102247,102247,102865,102898,102931,105991,1521,1007,630,8500,618,322,0,600,2102,3093,3060,1502,87.69880852,15.43797572,1,3,2,170,1,1,51,5,3,2.0
53,5,151,105994,107512,107512,108517,108517,109125,109157,115657,115657,116258,116291,116324,119449,1518,1005,608,6500,601,611,0,600,1857,3158,3125,1257,101.1570624,13.4582539,0,20,8,200,1,-1,49,28,20,1.0
53,5,152,119452,120974,120974,121978,121978,122582,122614,129614,129614,130234,130265,130300,133414,1522,1004,604,7000,620,375,0,600,2075,3149,3114,1475,115.1211532,13.96409076,1,4,3,190,1,1,51,7,4,2.0
53,5,153,133417,134935,134935,135938,135938,136541,136573,144573,144573,145201,145233,145267,148369,1518,1003,603,8000,628,367,0,600,2081,3136,3102,1481,130.0763894,14.95523618,1,5,5,200,1,1,51,10,5,2.0
53,5,154,148371,149894,149894,150896,150896,151503,151535,160535,160535,161169,161201,161234,164332,1523,1002,607,9000,634,166,0,600,2268,3131,3098,1668,146.0395131,15.96312373,1,29,-1,160,-1,-1,49,28,29,1.0
53,5,155,164335,165857,165857,166862,166862,167469,167501,173501,173501,174132,174164,174197,177291,1522,1005,607,6000,631,261,0,600,2174,3127,3094,1574,158.9984345,12.95892139,1,10,10,200,1,1,51,20,10,2.0
53,5,156,177294,178815,178815,179825,179826,180431,180463,186963,186963,187580,187612,187645,190743,1521,1010,605,6500,617,133,0,600,2314,3131,3098,1714,172.4505969,13.4521624,1,79,-51,180,-1,-1,49,28,79,1.0
53,5,157,190746,192269,192269,193274,193274,193878,193910,201410,201410,202027,202060,202093,205191,1523,1005,604,7500,617,590,0,600,1861,3131,3098,1261,186.8983475,14.44775063,1,56,-28,170,-1,-1,49,28,56,1.0
53,5,158,205194,206718,206718,207722,207722,208326,208358,216858,216858,217490,217522,217555,220624,1524,1004,604,8500,632,170,0,600,2266,3102,3069,1666,202.3318922,15.43354466,1,7,13,210,1,1,51,20,7,2.0
53,5,159,220627,222152,222152,223158,223158,223791,223823,232323,232323,232924,232957,232990,236088,1525,1006,633,8500,601,108,0,600,2327,3131,3098,1727,217.7953142,15.46342207,1,10,-5,180,-1,-1,49,5,10,1.0
53,5,160,236091,237609,237609,238612,238612,239239,239271,245271,245271,245886,245919,245953,249030,1518,1003,627,6000,615,280,0,600,2157,3111,3077,1557,230.7373003,12.94198609,1,3,2,160,1,1,51,5,3,2.0
53,5,161,249033,250555,250555,251561,251561,252167,252199,261199,261199,261831,261863,261896,264986,1522,1006,606,9000,632,188,0,600,2246,3123,3090,1646,246.6938182,15.95651782,1,14,14,150,1,1,51,28,14,2.0
53,5,162,264989,266512,266512,267514,267514,268139,268171,274671,274671,275273,275307,275341,278452,1523,1002,625,6500,602,205,0,600,2243,3145,3111,1643,260.158945,13.46512681,1,20,-13,160,-1,-1,49,7,20,1.0
53,5,163,278455,279976,279976,280981,280981,281587,281619,288619,288619,289251,289284,289318,292389,1521,1005,606,7000,632,240,0,600,2196,3105,3071,1596,274.0965678,13.93762284,1,10,10,190,1,1,51,20,10,2.0
53,5,164,292392,293915,293915,294919,294919,295521,295553,303053,303053,303685,303718,303752,306829,1523,1004,602,7500,632,246,0,600,2193,3111,3077,1593,288.5367648,14.44019697,1,5,2,210,1,1,51,7,5,2.0
53,5,165,306833,308354,308354,309358,309358,309960,309992,317992,317992,318593,318626,318661,321794,1521,1004,602,8000,601,34,0,600,2438,3168,3133,1838,303.5012051,14.96444033,1,20,-13,200,-1,-1,49,7,20,1.0
53,5,166,321797,323319,323319,324325,324325,324932,324964,333464,333464,334095,334129,334162,337243,1522,1006,607,8500,631,380,0,600,2054,3114,3081,1454,318.9501669,15.44896176,0,15,-1,160,-1,1,51,14,15,2.0
53,5,167,337245,338765,338765,339769,339769,340387,340419,348419,348419,349020,349052,349085,352178,1520,1004,618,8000,601,160,0,600,2297,3126,3093,1697,333.8857462,14.93557938,1,28,-18,160,-1,-1,49,10,28,1.0
53,5,168,352181,353705,353705,354707,354707,355308,355341,361841,361841,362462,362494,362528,365626,1524,1002,601,6500,621,128,0,600,2324,3132,3098,1724,347.3322399,13.4464937,1,7,3,170,1,1,51,10,7,2.0
53,5,169,365629,367150,367150,368153,368153,368781,368814,375814,375814,376432,376465,376499,379568,1521,1003,628,7000,618,1368,0,600,1062,3103,3069,462,361.2753504,13.94311043,1,3,2,180,1,1,51,5,3,2.0
53,5,170,379571,381087,381087,382091,382091,382694,382726,388726,388726,389326,389358,389392,392505,1516,1004,603,6000,600,218,0,600,2259,3147,3113,1659,374.2119507,12.93660036,1,40,-26,210,-1,-1,49,14,40,1.0
53,5,171,392508,394029,394029,395061,395061,395665,395698,404698,404698,405300,405333,405368,408472,1521,1032,604,9000,602,234,0,600,2207,3139,3104,1607,390.1794582,15.96750748,1,14,14,170,1,1,51,28,14,2.0
53,5,172,408475,409997,409997,411001,411001,411634,411667,419167,419167,419767,419799,419834,422926,1522,1004,633,7500,600,65,0,600,2376,3127,3092,1776,404.6327781,14.45331989,1,10,-5,210,-1,-1,49,5,10,1.0
53,5,173,422929,424448,424448,425452,425452,426057,426090,432090,432090,432692,432724,432757,435875,1519,1004,605,6000,602,218,0,600,2252,3151,3118,1652,417.5821895,12.94941137,1,10,10,180,1,1,51,20,10,2.0
53,5,174,435878,437401,437401,438405,438405,439033,439065,447065,447065,447666,447698,447731,450819,1523,1004,628,8000,601,94,0,600,2350,3121,3088,1750,432.5265152,14.94432578,1,7,-2,150,-1,-1,49,5,7,1.0
53,5,175,450822,452347,452347,453353,453353,453955,453987,460987,460987,461587,461619,461653,464774,1525,1006,602,7000,600,189,0,600,2278,3155,3121,1678,446.4812084,13.95469314,1,11,-1,200,-1,-1,49,10,11,1.0
53,5,176,464777,466299,466299,467308,467308,467915,467947,476947,476947,477547,477581,477614,480733,1522,1009,607,9000,600,254,0,600,2208,3152,3119,1608,462.4401409,15.95893254,1,14,-4,190,-1,-1,49,10,14,1.0
53,5,177,480736,482260,482260,483263,483263,483867,483899,491399,491399,492028,492061,492094,495174,1524,1003,604,7500,629,440,0,600,2000,3113,3080,1400,476.8812552,14.44111429,1,4,3,180,1,1,51,7,4,2.0
53,5,178,495177,496698,496698,497703,497703,498307,498339,504839,504839,505472,505505,505539,508630,1521,1005,604,6500,633,189,0,600,2248,3125,3091,1648,490.3369919,13.45573672,1,28,-14,180,-1,-1,49,14,28,1.0
53,5,179,508633,510156,510156,511163,511163,511764,511797,520297,520297,520898,520931,520964,524091,1523,1007,601,8500,601,911,0,600,1557,3160,3127,957,505.7982009,15.46120895,1,8,-1,150,-1,-1,49,7,8,1.0
53,5,180,524094,525612,525612,526621,526621,527228,527261,534261,534261,534876,534908,534941,538048,1518,1009,607,7000,615,243,0,600,2208,3140,3107,1608,519.7552539,13.95705302,1,7,13,150,1,1,51,20,7,2.0
53,6,181,18160,19684,19684,20703,20703,21304,21337,30337,30337,30970,31003,31039,34121,1524,1019,601,9000,633,269,0,600,2154,3118,3082,1554,15.97363303,15.97363303,1,40,-26,210,-1,-1,49,14,40,1.0
53,6,182,34126,35646,35646,36647,36647,37249,37281,45281,45281,45882,45914,45947,49086,1520,1001,602,8000,601,494,0,600,1982,3172,3139,1382,30.93662326,14.96299023,1,14,-4,160,-1,-1,49,10,14,1.0
53,6,183,49089,50608,50608,51615,51615,52220,52253,58253,58253,58879,58911,58944,62032,1519,1007,605,6000,626,386,0,600,2057,3121,3088,1457,43.88255252,12.94592927,1,4,6,180,1,1,51,10,4,2.0
53,6,184,62034,63558,63558,64563,64563,65183,65215,71715,71715,72331,72364,72397,75495,1524,1005,620,6500,616,358,0,600,2077,3131,3098,1477,57.34529625,13.46274372,1,2,3,210,1,1,51,5,2,2.0
53,6,185,75498,77019,77019,78024,78024,78631,78663,85663,85663,86295,86328,86361,89432,1521,1005,607,7000,632,265,0,600,2170,3104,3071,1570,71.28314721,13.93785096,1,40,-20,190,-1,-1,49,20,40,1.0
53,6,186,89435,90961,90961,91965,91965,92584,92616,101116,101116,101735,101768,101801,104870,1526,1004,619,8500,619,560,0,600,1872,3102,3069,1272,86.72075166,15.43760446,1,4,1,150,1,1,51,5,4,2.0
53,6,187,104872,106393,106393,107397,107397,108000,108033,115533,115533,116134,116166,116200,119309,1521,1004,603,7500,601,397,0,600,2074,3143,3109,1474,101.1594657,14.43871403,1,7,7,210,1,1,51,14,7,2.0
53,6,188,119311,120833,120833,121839,121839,122459,122491,128991,128991,129610,129644,129676,132748,1522,1006,620,6500,619,591,0,600,1842,3104,3072,1242,114.5986824,13.43921668,1,4,1,210,1,1,51,5,4,2.0
53,6,189,132751,134268,134268,135272,135272,135880,135912,143412,143412,144043,144076,144110,147188,1517,1004,608,7500,631,304,0,600,2136,3112,3078,1536,129.0383318,14.43964942,1,10,18,170,1,1,51,28,10,2.0
53,6,190,147191,148709,148709,149713,149713,150343,150375,156375,156375,157008,157040,157074,160125,1518,1004,630,6000,633,313,0,600,2102,3085,3051,1502,141.9757428,12.93741099,1,14,-7,190,-1,-1,49,7,14,1.0
53,6,191,160128,161650,161650,162653,162653,163259,163291,172291,172291,172910,172942,172976,176073,1522,1003,606,9000,619,132,0,600,2318,3131,3097,1718,157.9235624,15.94781964,1,79,-51,160,-1,-1,49,28,79,1.0
53,6,192,176076,177595,177595,178600,178600,179226,179259,186259,186259,186891,186923,186957,190021,1519,1005,626,7000,632,293,0,600,2125,3098,3064,1525,171.871584,13.94802154,0,10,-3,150,-1,1,51,7,10,2.0
53,6,193,190024,191549,191549,192556,192556,193175,193208,201208,201208,201839,201872,201905,204957,1525,1007,619,8000,631,541,0,600,1877,3085,3052,1277,186.8079731,14.93638911,1,7,-2,210,-1,-1,49,5,7,1.0
53,6,194,204960,206484,206484,207491,207491,208097,208130,216630,216630,217231,217263,217296,220404,1524,1007,606,8500,601,398,0,600,2064,3141,3108,1464,202.2544532,15.44648013,1,10,10,200,1,1,51,20,10,2.0
53,6,195,220407,221928,221928,222933,222933,223538,223570,230570,230570,231202,231235,231268,234369,1521,1005,605,7000,632,268,0,600,2169,3134,3101,1569,216.2195725,13.96511927,1,40,-26,150,-1,-1,49,14,40,1.0
53,6,196,234372,235896,235896,236900,236900,237504,237536,243536,243536,244136,244169,244202,247325,1524,1004,604,6000,600,450,0,600,2018,3156,3123,1418,229.1747842,12.95521177,1,7,13,190,1,1,51,20,7,2.0
53,6,197,247327,248846,248846,249853,249853,250459,250492,258992,258992,259615,259647,259680,262781,1519,1007,606,8500,623,291,0,600,2154,3134,3101,1554,244.6313003,15.45651601,1,11,-1,150,-1,-1,49,10,11,1.0
53,6,198,262784,264309,264309,265316,265316,265922,265955,274955,274955,275587,275620,275654,278735,1525,1007,606,9000,632,250,0,600,2180,3115,3081,1580,260.5849203,15.95362003,1,21,-1,180,-1,-1,49,20,21,1.0
53,6,199,278737,280260,280260,281266,281266,281883,281915,289915,289915,290544,290576,290610,293687,1523,1006,617,8000,629,534,0,600,1891,3111,3077,1291,275.5365599,14.95163956,0,6,-1,190,-1,1,51,5,6,2.0
53,6,200,293690,295207,295207,296210,296210,296815,296847,304347,304347,304959,304992,305025,308148,1517,1003,605,7500,612,226,0,600,2237,3156,3123,1637,289.9981298,14.46156996,1,7,7,150,1,1,51,14,7,2.0
53,6,201,308150,309675,309675,310683,310683,311288,311320,317820,317820,318443,318475,318508,321605,1525,1008,605,6500,623,400,0,600,2039,3130,3097,1439,303.4556144,13.45748455,1,5,2,150,1,1,51,7,5,2.0
53,6,202,321608,323132,323132,324140,324140,324744,324776,333776,333776,334379,334412,334445,337551,1524,1008,604,9000,603,335,0,600,2126,3139,3106,1526,319.401163,15.94554866,1,40,-12,210,-1,-1,49,28,40,1.0
53,6,203,337554,339075,339075,340078,340078,340688,340721,347221,347221,347853,347885,347919,350993,1521,1003,610,6500,632,242,0,600,2192,3108,3074,1592,332.8432706,13.44210754,1,10,18,190,1,1,51,28,10,2.0
53,6,204,350996,352523,352523,353530,353530,354137,354170,361670,361670,362302,362335,362368,365457,1527,1007,607,7500,632,545,0,600,1882,3122,3089,1282,347.3067963,14.46352573,0,10,4,170,1,-1,49,14,10,1.0
53,6,205,365460,366980,366980,367982,367982,368585,368618,376618,376618,377250,377282,377315,380391,1520,1002,603,8000,632,595,0,600,1848,3109,3076,1248,362.2408557,14.93405937,1,29,-1,160,-1,-1,49,28,29,1.0
53,6,206,380394,381920,381920,382928,382928,383533,383565,390565,390565,391196,391228,391261,394353,1526,1008,605,7000,631,261,0,600,2169,3125,3092,1569,376.203085,13.96222932,1,28,-18,160,-1,-1,49,10,28,1.0
53,6,207,394356,395876,395876,396880,396880,397483,397516,403516,403516,404135,404168,404201,407293,1520,1004,603,6000,619,316,0,600,2138,3125,3092,1538,389.1430553,12.93997036,1,4,6,170,1,1,51,10,4,2.0
53,6,208,407296,408823,408823,409829,409829,410433,410465,418965,418965,419565,419598,419631,422731,1527,1006,604,8500,600,263,0,600,2200,3133,3100,1600,404.5812417,15.43818636,1,20,-6,160,-1,-1,49,14,20,1.0
53,6,209,422734,424260,424260,425267,425267,425896,425928,434928,434928,435529,435561,435594,438675,1526,1007,629,9000,601,634,0,600,1803,3114,3081,1203,420.5247701,15.94352841,1,10,-3,200,-1,-1,49,7,10,1.0
53,6,210,438677,440199,440199,441202,441202,441828,441860,448360,448360,448985,449017,449051,452126,1522,1003,626,6500,625,106,0,600,2318,3109,3075,1718,433.9759372,13.45116704,1,5,2,150,1,1,51,7,5,2.0
53,6,211,452129,453652,453652,454658,454658,455262,455294,463794,463794,464415,464447,464481,467576,1523,1006,604,8500,621,358,0,600,2088,3129,3095,1488,449.4260902,15.450153,1,4,6,170,1,1,51,10,4,2.0
53,6,212,467579,469099,469099,470105,470105,470710,470742,478742,478742,479351,479384,479418,482521,1520,1006,605,8000,609,263,0,600,2197,3137,3103,1597,464.3710138,14.94492366,1,57,-37,150,-1,-1,49,20,57,1.0
53,6,213,482524,484044,484044,485053,485053,485654,485686,493186,493186,493803,493836,493870,496957,1520,1009,601,7500,617,475,0,600,1978,3121,3087,1378,478.8068701,14.43585632,1,2,5,210,1,1,51,7,2,2.0
53,6,214,496960,498486,498486,499492,499492,500099,500131,507131,507131,507762,507794,507827,510892,1526,1006,607,7000,631,686,0,600,1744,3098,3065,1144,492.7419664,13.93509631,1,28,-8,190,-1,-1,49,20,28,1.0
53,6,215,510895,512416,512416,513422,513422,514042,514075,520075,520075,520690,520722,520755,523828,1521,1006,620,6000,615,462,0,600,1976,3106,3073,1376,505.6778312,12.93586476,1,2,3,170,1,1,51,5,2,2.0
53,6,216,523831,525353,525353,526360,526360,526968,527001,534501,534501,535116,535149,535182,538264,1522,1007,608,7500,615,636,0,600,1812,3115,3082,1212,520.1141269,14.43629569,1,56,-28,180,-1,-1,49,28,56,1.0
54,1,1,78147,79669,79669,80681,80681,81301,81333,87333,87333,87934,87966,88001,91114,1522,1012,620,6000,601,787,0,600,1658,3148,3113,1058,12.97890305,12.97890305,1,14,-7,170,-1,-1,49,7,14,1.0
54,1,2,91119,92644,92644,93647,93647,94253,94285,101785,101785,102386,102418,102452,105570,1525,1003,606,7500,601,349,0,600,2116,3152,3118,1516,27.43353381,14.45463076,1,14,6,180,1,1,51,20,14,2.0
54,1,3,105573,107094,107094,108100,108100,108703,108736,115236,115236,115836,115869,115902,119018,1521,1006,603,6500,600,375,0,600,2095,3149,3116,1495,40.88153396,13.44800015,1,14,-4,170,-1,-1,49,10,14,1.0
54,1,4,119021,120541,120541,121547,121547,122152,122184,130684,130684,131284,131316,131349,134474,1520,1006,605,8500,600,290,0,600,2179,3158,3125,1579,56.3373418,15.45580784,1,20,-13,200,-1,-1,49,7,20,1.0
54,1,5,134477,136001,136001,137008,137008,137613,137646,145646,145646,146246,146279,146313,149441,1524,1007,605,8000,600,391,0,600,2073,3162,3128,1473,71.30460578,14.96726398,1,40,-26,200,-1,-1,49,14,40,1.0
54,1,6,149444,150967,150967,151969,151969,152573,152605,159605,159605,160206,160238,160271,163397,1523,1002,604,7000,601,294,0,600,2176,3159,3126,1576,85.25962017,13.95501438,1,14,14,200,1,1,51,28,14,2.0
54,1,7,163400,164924,164924,165929,165929,166533,166565,175565,175565,176166,176199,176233,179339,1524,1005,604,9000,601,695,0,600,1771,3140,3106,1171,101.2021921,15.94257192,1,21,-1,160,-1,-1,49,20,21,1.0
54,1,8,179342,180864,180864,181869,181869,182474,182506,190006,190006,190607,190639,190672,193803,1522,1005,605,7500,601,460,0,600,2007,3164,3131,1407,115.6658754,14.46368334,1,7,3,190,1,1,51,10,7,2.0
54,1,9,193806,195330,195330,196335,196335,196940,196973,204973,204973,205577,205609,205643,208752,1524,1005,605,8000,604,596,0,600,1866,3143,3109,1266,130.6146142,14.94873876,1,40,-12,150,-1,-1,49,28,40,1.0
54,1,10,208755,210275,210275,211276,211276,211905,211937,218937,218937,219537,219569,219603,222691,1520,1001,629,7000,600,1058,0,600,1392,3122,3088,792,144.5544269,13.93981275,1,6,-1,170,-1,-1,49,5,6,1.0
54,1,11,222694,224216,224216,225222,225222,225853,225885,234385,234385,234988,235021,235054,238145,1522,1006,631,8500,603,449,0,600,1989,3124,3091,1389,160.0083067,15.4538798,1,7,-2,210,-1,-1,49,5,7,1.0
54,1,12,238148,239670,239670,240675,240675,241280,241313,250313,250313,250945,250977,251010,254080,1522,1005,605,9000,632,367,0,600,2069,3103,3070,1469,175.9424954,15.93418865,1,28,-14,170,-1,-1,49,14,28,1.0
54,1,13,254083,255605,255605,256613,256613,257214,257247,263747,263747,264374,264407,264440,267535,1522,1008,601,6500,627,487,0,600,1955,3128,3095,1355,189.3972717,13.45477632,1,4,6,190,1,1,51,10,4,2.0
54,1,14,267538,269059,269059,270063,270063,270671,270704,276704,276704,277305,277338,277372,280476,1521,1004,608,6000,601,365,0,600,2101,3138,3104,1501,202.3389896,12.94171789,1,40,-26,180,-1,-1,49,14,40,1.0
54,1,15,280479,282004,282004,283006,283006,283612,283644,290644,290644,291277,291310,291343,294423,1525,1002,606,7000,633,379,0,600,2055,3113,3080,1455,216.2859308,13.9469412,1,7,13,160,1,1,51,20,7,2.0
54,1,16,294426,295943,295943,296948,296948,297555,297587,306087,306087,306704,306736,306770,309884,1517,1005,607,8500,617,378,0,600,2076,3148,3114,1476,231.7467166,15.46078585,1,56,-28,180,-1,-1,49,28,56,1.0
54,1,17,309887,311411,311411,312416,312416,313022,313054,320554,320554,321155,321188,321223,324326,1524,1005,606,7500,601,268,0,600,2196,3138,3103,1596,246.1888844,14.44216781,1,10,10,200,1,1,51,20,10,2.0
54,1,18,324329,325849,325849,326852,326852,327455,327487,333987,333987,334605,334638,334672,337764,1520,1003,603,6500,618,387,0,600,2069,3126,3092,1469,259.6268156,13.43793112,1,2,5,150,1,1,51,7,2,2.0
54,1,19,337767,339292,339292,340296,340296,340903,340935,349935,349935,350536,350568,350602,353710,1525,1004,607,9000,601,366,0,600,2097,3142,3108,1497,275.5722024,15.94538683,1,7,13,180,1,1,51,20,7,2.0
54,1,20,353713,355238,355238,356242,356242,356873,356905,362905,362905,363534,363566,363599,366646,1525,1004,631,6000,629,498,0,600,1913,3080,3047,1313,288.5089941,12.93679171,1,4,1,200,1,1,51,5,4,2.0
54,1,21,366649,368174,368174,369178,369178,369806,369838,377838,377838,378468,378500,378533,381603,1525,1004,628,8000,630,326,0,600,2087,3103,3070,1487,303.4656973,14.95670315,1,14,-9,150,-1,-1,49,5,14,1.0
54,1,22,381606,383126,383126,384131,384131,384735,384767,390767,390767,391399,391431,391465,394562,1520,1005,604,6000,632,263,0,600,2176,3131,3097,1576,316.4241266,12.95842929,1,5,9,190,1,1,51,14,5,2.0
54,1,23,394565,396086,396086,397090,397090,397696,397729,406729,406729,407362,407394,407428,410515,1521,1004,606,9000,633,737,0,600,1699,3121,3087,1099,332.3770833,15.95295676,0,20,-6,180,-1,1,51,14,20,2.0
54,1,24,410518,412041,412041,413043,413043,413651,413683,421683,421683,422315,422348,422382,425473,1523,1002,608,8000,632,293,0,600,2142,3125,3091,1542,347.3345308,14.95744749,1,14,14,210,1,1,51,28,14,2.0
54,1,25,425474,426996,426996,428004,428004,428635,428668,437168,437168,437784,437816,437849,440913,1522,1008,631,8500,616,358,0,600,2065,3097,3064,1465,362.7755679,15.44103714,1,2,3,190,1,1,51,5,2,2.0
54,1,26,440916,442435,442435,443439,443439,444044,444076,451576,451576,452194,452226,452260,455359,1519,1004,605,7500,618,266,0,600,2188,3133,3099,1588,377.2218585,14.44629059,1,10,18,190,1,1,51,28,10,2.0
54,1,27,455362,456884,456884,457889,457889,458517,458549,465549,465549,466150,466182,466215,469302,1522,1005,628,7000,601,313,0,600,2131,3120,3087,1531,391.1643346,13.94247609,1,14,-9,150,-1,-1,49,5,14,1.0
54,1,28,469305,470825,470825,471833,471833,472463,472496,478996,478996,479613,479645,479678,482737,1520,1008,630,6500,617,289,0,600,2136,3092,3059,1536,404.5992197,13.43488507,1,2,5,150,1,1,51,7,2,2.0
54,1,29,482739,484261,484261,485265,485265,485869,485902,493902,493902,494534,494567,494600,497675,1522,1004,604,8000,632,1018,0,600,1420,3108,3075,820,419.537306,14.93808632,1,8,-1,190,-1,-1,49,7,8,1.0
54,1,30,497678,499204,499204,500212,500212,500818,500850,506850,506850,507451,507483,507516,510637,1526,1008,606,6000,601,352,0,600,2107,3154,3121,1507,432.4997848,12.96247884,1,40,-12,150,-1,-1,49,28,40,1.0
54,1,31,510640,512168,512168,513171,513171,513777,513808,522308,522308,522938,522971,523004,526097,1528,1003,606,8500,630,255,0,600,2178,3126,3093,1578,447.958878,15.45909316,1,7,3,170,1,1,51,10,7,2.0
54,1,32,526100,527616,527616,528618,528618,529238,529271,536271,536271,536903,536936,536970,540052,1516,1002,620,7000,632,281,0,600,2149,3116,3082,1549,461.9134672,13.95458918,1,20,-10,180,-1,-1,49,10,20,1.0
54,1,33,540054,541571,541571,542598,542598,543218,543251,552251,552251,552868,552901,552934,555997,1517,1027,620,9000,617,295,0,600,2124,3096,3063,1524,477.8587778,15.94531059,1,2,5,180,1,1,51,7,2,2.0
54,1,34,556000,557524,557524,558528,558528,559135,559167,566667,566667,567267,567299,567333,570443,1524,1004,607,7500,600,310,0,600,2155,3144,3110,1555,492.3050286,14.44625081,1,40,-26,200,-1,-1,49,14,40,1.0
54,1,35,570446,571969,571969,572973,572973,573579,573611,580111,580111,580743,580775,580808,583897,1523,1004,606,6500,632,282,0,600,2153,3122,3089,1553,505.7589596,13.45393103,1,5,5,200,1,1,51,10,5,2.0
54,1,36,583900,585425,585425,586431,586431,587035,587068,595568,595568,596172,596205,596238,599354,1525,1006,604,8500,604,217,0,600,2244,3149,3116,1644,521.2162549,15.45729531,1,40,-20,180,-1,-1,49,20,40,1.0
54,2,37,53776,55299,55299,56317,56317,56943,56976,63976,63976,64605,64638,64673,67742,1523,1018,626,7000,629,872,0,600,1532,3104,3069,932,13.9789148,13.9789148,1,7,-2,200,-1,-1,49,5,7,1.0
54,2,38,67747,69270,69270,70277,70277,70881,70914,78414,78414,79014,79047,79081,82196,1523,1007,604,7500,600,436,0,600,2030,3149,3115,1430,28.43101874,14.45210394,0,21,-1,190,-1,1,51,20,21,2.0
54,2,39,82199,83723,83723,84731,84731,85360,85393,91393,91393,92025,92058,92091,95160,1524,1008,629,6000,632,753,0,600,1654,3102,3069,1054,41.39477711,12.96375837,1,7,-2,170,-1,-1,49,5,7,1.0
54,2,40,95163,96687,96687,97693,97693,98296,98329,107329,107329,107932,107964,107997,111119,1524,1006,603,9000,603,282,0,600,2182,3155,3122,1582,57.35324919,15.95847208,1,8,-1,190,-1,-1,49,7,8,1.0
54,2,41,111122,112648,112648,113657,113657,114263,114296,122796,122796,123429,123461,123494,126578,1526,1009,606,8500,633,244,0,600,2182,3117,3084,1582,72.81323044,15.45998124,1,5,2,200,1,1,51,7,5,2.0
54,2,42,126581,128108,128108,129114,129115,129721,129752,137752,137752,138384,138417,138450,141540,1527,1006,606,8000,632,249,0,600,2180,3123,3090,1580,87.77514906,14.96191863,1,7,7,200,1,1,51,14,7,2.0
54,2,43,141543,143067,143067,144073,144073,144679,144711,151211,151211,151844,151876,151909,154977,1524,1006,606,6500,633,494,0,600,1937,3101,3068,1337,101.2118645,13.43671547,1,14,6,180,1,1,51,20,14,2.0
54,2,44,154980,156503,156503,157510,157510,158113,158145,164145,164145,164745,164777,164811,167922,1523,1007,603,6000,600,276,0,600,2191,3145,3111,1591,114.1565809,12.94471633,1,7,3,160,1,1,51,10,7,2.0
54,2,45,167925,169448,169448,170456,170456,171064,171096,179096,179096,179696,179729,179763,182863,1523,1008,608,8000,600,394,0,600,2067,3134,3100,1467,129.0973498,14.94076894,1,29,-1,160,-1,-1,49,28,29,1.0
54,2,46,182865,184387,184387,185388,185388,186007,186039,194539,194539,195139,195172,195205,198304,1522,1001,619,8500,600,457,0,600,2001,3132,3099,1401,144.5387142,15.44136441,1,10,-3,150,-1,-1,49,7,10,1.0
54,2,47,198307,199828,199828,200833,200833,201437,201469,207969,207969,208597,208629,208663,211761,1521,1005,604,6500,628,256,0,600,2186,3132,3098,1586,157.9956515,13.4569373,1,5,5,190,1,1,51,10,5,2.0
54,2,48,211764,213288,213288,214297,214297,214906,214938,221938,221938,222538,222570,222604,225712,1524,1009,609,7000,600,462,0,600,1996,3142,3108,1396,171.9464322,13.95078071,1,15,-1,190,-1,-1,49,14,15,1.0
54,2,49,225715,227238,227238,228244,228244,228863,228895,236395,236395,236997,237029,237062,240145,1523,1006,619,7500,602,631,0,600,1819,3116,3083,1219,186.3794109,14.43297872,1,8,-1,150,-1,-1,49,7,8,1.0
54,2,50,240148,241673,241673,242681,242681,243285,243317,252317,252317,252917,252950,252984,256103,1525,1008,604,9000,600,121,0,600,2342,3153,3119,1742,202.3375648,15.95815385,1,20,-10,150,-1,-1,49,10,20,1.0
54,2,51,256106,257632,257632,258640,258640,259248,259281,267281,267281,267883,267916,267950,271045,1526,1008,608,8000,602,845,0,600,1611,3129,3095,1011,217.2789795,14.94141473,1,21,-1,190,-1,-1,49,20,21,1.0
54,2,52,271048,272576,272576,273580,273580,274209,274241,281241,281241,281870,281903,281937,285008,1528,1004,629,7000,629,264,0,600,2146,3105,3071,1546,231.242351,13.96337144,1,4,1,200,1,1,51,5,4,2.0
54,2,53,285011,286536,286536,287547,287547,288155,288188,294188,294188,294788,294820,294855,297959,1525,1011,608,6000,600,267,0,600,2189,3139,3104,1589,244.1929126,12.95056163,1,14,-4,150,-1,-1,49,10,14,1.0
54,2,54,297962,299488,299488,300491,300491,301097,301129,310129,310129,310749,310782,310815,313917,1526,1003,606,9000,620,265,0,600,2180,3135,3102,1580,260.1512587,15.95834612,1,79,-51,170,-1,-1,49,28,79,1.0
54,2,55,313920,315444,315444,316450,316450,317055,317089,325589,325589,326209,326242,326275,329369,1524,1006,605,8500,620,255,0,600,2190,3127,3094,1590,275.6030972,15.45183845,1,2,5,150,1,1,51,7,2,2.0
54,2,56,329372,330899,330899,331906,331906,332507,332540,339040,339040,339668,339700,339734,342828,1527,1007,601,6500,628,292,0,600,2145,3128,3094,1545,289.0624197,13.45932249,1,4,1,150,1,1,51,5,4,2.0
54,2,57,342831,344358,344358,345363,345363,345967,345999,353499,353499,354131,354164,354197,357265,1527,1005,604,7500,632,680,0,600,1752,3101,3068,1152,303.4991577,14.43673807,1,21,-1,180,-1,-1,49,20,21,1.0
54,2,58,357268,358798,358798,359806,359806,360414,360447,368447,368447,369066,369098,369131,372227,1530,1008,608,8000,619,259,0,600,2176,3129,3096,1576,318.4611592,14.9620015,1,2,5,190,1,1,51,7,2,2.0
54,2,59,372230,373751,373751,374755,374755,375361,375393,381393,381393,381993,382025,382057,385182,1521,1004,606,6000,600,286,0,600,2183,3157,3125,1583,331.4163261,12.95516687,1,14,6,190,1,1,51,20,14,2.0
54,2,60,385186,386711,386711,387718,387718,388324,388357,396857,396857,397458,397491,397525,400620,1525,1007,606,8500,601,260,0,600,2201,3129,3095,1601,346.8543118,15.43798566,1,10,18,200,1,1,51,28,10,2.0
54,2,61,400623,402149,402149,403155,403155,403759,403792,410292,410292,410925,410957,410990,414060,1526,1006,604,6500,633,293,0,600,2138,3103,3070,1538,360.2937068,13.43939508,1,10,4,200,1,1,51,14,10,2.0
54,2,62,414064,415586,415586,416590,416590,417194,417227,424227,424227,424827,424861,424895,428009,1522,1004,604,7000,600,631,0,600,1839,3148,3114,1239,374.2430724,13.94936557,1,6,-1,180,-1,-1,49,5,6,1.0
54,2,63,428012,429540,429540,430550,430550,431153,431186,440186,440186,440791,440825,440858,443950,1528,1010,603,9000,605,257,0,600,2197,3125,3092,1597,390.1842786,15.9412062,1,40,-26,180,-1,-1,49,14,40,1.0
54,2,64,443953,445478,445478,446483,446483,447089,447122,454622,454622,455254,455286,455319,458396,1525,1005,606,7500,632,274,0,600,2158,3110,3077,1558,404.6297055,14.44542691,1,7,7,210,1,1,51,14,7,2.0
54,2,65,458399,459928,459928,460932,460932,461538,461570,468070,468070,468702,468735,468768,471842,1529,1004,606,6500,632,109,0,600,2320,3107,3074,1720,418.075215,13.44550948,1,56,-28,190,-1,-1,49,28,56,1.0
54,2,66,471844,473368,473368,474376,474376,474979,475011,484011,484011,484628,484660,484694,487800,1524,1008,603,9000,617,301,0,600,2147,3140,3106,1547,434.0335988,15.95838378,1,2,3,190,1,1,51,5,2,2.0
54,2,67,487802,489328,489328,490334,490334,490950,490982,499482,499482,500113,500146,500180,503240,1526,1006,616,8500,631,575,0,600,1846,3094,3060,1246,449.4730267,15.43942793,1,7,3,170,1,1,51,10,7,2.0
54,2,68,503242,504765,504765,505774,505774,506380,506414,514414,514414,515014,515046,515078,518172,1523,1009,606,8000,600,386,0,600,2076,3126,3094,1476,464.4057565,14.93272981,1,14,14,160,1,1,51,28,14,2.0
54,2,69,518174,519701,519701,520707,520707,521316,521347,528847,528847,529450,529484,529517,532605,1527,1006,609,7500,603,669,0,600,1786,3121,3088,1186,478.8384236,14.43266713,1,28,-8,150,-1,-1,49,20,28,1.0
54,2,70,532608,534133,534133,535140,535140,535748,535781,541781,541781,542382,542414,542447,545568,1525,1007,608,6000,601,607,0,600,1852,3154,3121,1252,491.8016911,12.96326747,1,20,-6,180,-1,-1,49,14,20,1.0
54,2,71,545571,547097,547097,548104,548104,548712,548746,555746,555746,556346,556379,556412,559505,1526,1007,608,7000,600,158,0,600,2301,3126,3093,1701,505.7383258,13.93663471,1,40,-12,160,-1,-1,49,28,40,1.0
54,2,72,559508,561031,561031,562036,562036,562640,562672,571172,571172,571774,571807,571840,574946,1523,1005,604,8500,602,266,0,600,2200,3139,3106,1600,521.1798138,15.44148796,1,14,-4,200,-1,-1,49,10,14,1.0
54,3,73,18267,19794,19794,20811,20811,21439,21471,28971,28971,29605,29637,29673,32711,1527,1017,628,7500,634,227,0,600,2167,3074,3038,1567,14.4562686,14.4562686,1,20,-13,210,-1,-1,49,7,20,1.0
54,3,74,32716,34241,34241,35246,35246,35851,35884,43884,43884,44502,44534,44567,47656,1525,1005,605,8000,618,151,0,600,2296,3122,3089,1696,29.39877875,14.94251014,1,79,-51,200,-1,-1,49,28,79,1.0
54,3,75,47658,49179,49179,50184,50184,50790,50823,57323,57323,57950,57983,58017,61120,1521,1005,606,6500,627,264,0,600,2177,3137,3103,1577,42.86350325,13.4647245,1,7,13,160,1,1,51,20,7,2.0
54,3,76,61123,62649,62649,63657,63657,64257,64289,71289,71289,71920,71953,71987,75067,1526,1008,600,7000,631,276,0,600,2159,3114,3080,1559,56.8102335,13.94673026,1,5,5,160,1,1,51,10,5,2.0
54,3,77,75070,76594,76594,77599,77599,78205,78237,84237,84237,84839,84871,84904,88015,1524,1005,606,6000,602,602,0,600,1861,3144,3111,1261,69.75790458,12.94767107,0,27,1,210,1,-1,49,28,27,1.0
54,3,78,88018,89544,89544,90550,90550,91155,91187,100187,100187,100787,100820,100854,103968,1526,1006,605,9000,600,726,0,600,1737,3148,3114,1137,85.71115214,15.95324756,1,28,-8,180,-1,-1,49,20,28,1.0
54,3,79,103971,105498,105498,106505,106505,107112,107144,115644,115644,116245,116278,116312,119402,1527,1007,607,8500,601,321,0,600,2137,3124,3090,1537,101.1454234,15.43427122,1,10,10,160,1,1,51,20,10,2.0
54,3,80,119405,120933,120933,121938,121938,122564,122597,130597,130597,131198,131230,131263,134355,1528,1005,626,8000,601,259,0,600,2181,3125,3092,1581,116.0978922,14.95246888,1,20,-13,200,-1,-1,49,7,20,1.0
54,3,81,134358,135880,135880,136883,136883,137487,137519,146519,146519,147120,147154,147187,150301,1522,1003,604,9000,601,274,0,600,2196,3147,3114,1596,132.0443739,15.94648164,1,10,18,200,1,1,51,28,10,2.0
54,3,82,150304,151835,151835,152843,152843,153447,153480,159480,159480,160100,160132,160165,163254,1531,1008,604,6000,620,249,0,600,2188,3122,3089,1588,144.997393,12.95301914,1,5,2,180,1,1,51,7,5,2.0
54,3,83,163257,164782,164782,165789,165789,166395,166427,173927,173927,174544,174577,174610,177701,1525,1007,606,7500,617,254,0,600,2191,3124,3091,1591,159.4443077,14.44691468,1,7,7,200,1,1,51,14,7,2.0
54,3,84,177704,179225,179225,180231,180231,180847,180879,187879,187879,188501,188533,188567,191639,1521,1006,616,7000,622,235,0,600,2200,3106,3072,1600,173.3821843,13.93787658,1,4,1,160,1,1,51,5,4,2.0
54,3,85,191642,193165,193165,194170,194170,194775,194808,201308,201308,201935,201968,202001,205095,1523,1005,605,6500,627,129,0,600,2311,3127,3094,1711,186.8387368,13.45655248,1,4,6,200,1,1,51,10,4,2.0
54,3,86,205098,206621,206621,207624,207624,208227,208259,216759,216759,217359,217391,217425,220537,1523,1003,603,8500,600,827,0,600,1644,3146,3112,1044,202.2800056,15.44126888,1,9,1,150,1,1,51,10,9,2.0
54,3,87,220540,222059,222059,223066,223066,223669,223701,231701,231701,232324,232357,232390,235486,1519,1007,603,8000,623,235,0,600,2213,3129,3096,1613,217.2290991,14.94909345,1,4,1,210,1,1,51,5,4,2.0
54,3,88,235489,237008,237008,238011,238011,238614,238646,245146,245146,245746,245779,245812,248932,1519,1003,603,6500,600,342,0,600,2133,3153,3120,1533,230.6755376,13.44643855,1,7,3,190,1,1,51,10,7,2.0
54,3,89,248935,250461,250461,251467,251467,252074,252107,259107,259107,259737,259769,259803,262886,1526,1006,607,7000,630,478,0,600,1953,3117,3083,1353,244.6290986,13.95356097,1,10,10,200,1,1,51,20,10,2.0
54,3,90,262889,264412,264412,265419,265419,266024,266056,273556,273556,274157,274190,274223,277341,1523,1007,605,7500,601,770,0,600,1694,3151,3118,1094,259.0843715,14.45527294,1,20,-6,160,-1,-1,49,14,20,1.0
54,3,91,277344,278868,278868,279872,279872,280479,280511,289011,289011,289644,289678,289711,292805,1524,1004,607,8500,633,674,0,600,1758,3127,3094,1158,274.5477927,15.46342116,0,14,6,200,1,-1,49,20,14,1.0
54,3,92,292808,294335,294335,295339,295339,295947,295979,301979,301979,302611,302643,302677,305762,1527,1004,608,6000,632,544,0,600,1885,3119,3085,1285,287.5053372,12.95754452,1,14,-4,170,-1,-1,49,10,14,1.0
54,3,93,305765,307290,307290,308297,308297,308900,308933,317933,317933,318534,318567,318600,321717,1525,1007,603,9000,601,1187,0,600,1277,3150,3117,677,303.4595786,15.95424142,1,13,1,190,1,1,51,14,13,2.0
54,3,94,321720,323239,323239,324240,324240,324846,324878,333378,333378,333979,334012,334046,337165,1519,1001,606,8500,601,379,0,600,2094,3153,3119,1494,318.9077469,15.4481683,1,20,8,170,1,1,51,28,20,2.0
54,3,95,337168,338694,338694,339702,339702,340308,340341,347341,347341,347974,348006,348039,351122,1526,1008,606,7000,633,217,0,600,2210,3116,3083,1610,332.8650874,13.95734051,1,40,-12,170,-1,-1,49,28,40,1.0
54,3,96,351125,352646,352646,353653,353653,354279,354311,360811,360811,361435,361467,361500,364557,1521,1007,626,6500,624,317,0,600,2105,3090,3057,1505,346.2991547,13.4340672,1,4,3,160,1,1,51,7,4,2.0
54,3,97,364559,366086,366086,367094,367094,367723,367755,375755,375755,376368,376400,376433,379511,1527,1008,629,8000,613,311,0,600,2112,3111,3078,1512,361.2534259,14.95427125,1,2,3,170,1,1,51,5,2,2.0
54,3,98,379514,381036,381036,382043,382043,382647,382679,390179,390179,390812,390845,390879,393950,1522,1007,604,7500,633,333,0,600,2101,3105,3071,1501,375.6928213,14.43939538,1,5,9,160,1,1,51,14,5,2.0
54,3,99,393953,395475,395475,396477,396478,397084,397117,403117,403117,403717,403749,403782,406891,1522,1002,606,6000,600,371,0,600,2099,3142,3109,1499,388.6339778,12.94115648,1,28,-14,190,-1,-1,49,14,28,1.0
54,3,100,406894,408419,408419,409424,409424,410028,410061,419061,419061,419661,419693,419726,422838,1525,1005,604,9000,600,538,0,600,1928,3145,3112,1328,404.5807451,15.94676732,1,14,6,150,1,1,51,20,14,2.0
54,3,101,422841,424360,424360,425363,425363,425967,425999,432499,432499,433131,433164,433198,436297,1519,1003,604,6500,632,355,0,600,2087,3133,3099,1487,418.0395803,13.45883521,1,7,7,210,1,1,51,14,7,2.0
54,3,102,436300,437825,437825,438830,438830,439436,439468,447968,447968,448568,448601,448634,451736,1525,1005,606,8500,600,564,0,600,1900,3135,3102,1300,433.4785975,15.43901719,1,9,1,170,1,1,51,10,9,2.0
54,3,103,451739,453256,453256,454264,454264,454885,454917,463917,463917,464532,464565,464598,467686,1517,1008,621,9000,615,488,0,600,1951,3121,3088,1351,449.428579,15.94998153,1,4,1,210,1,1,51,5,4,2.0
54,3,104,467689,469212,469212,470218,470218,470822,470854,478854,478854,479454,479487,479520,482625,1523,1006,604,8000,600,563,0,600,1904,3138,3105,1304,464.3669706,14.93839158,0,27,1,180,1,-1,49,28,27,1.0
54,3,105,482626,484148,484148,485149,485149,485754,485787,491787,491787,492391,492424,492457,495558,1522,1001,605,6000,604,398,0,600,2070,3134,3101,1470,477.3010266,12.93405605,1,10,-3,180,-1,-1,49,7,10,1.0
54,3,106,495561,497081,497081,498086,498086,498686,498718,505718,505718,506344,506376,506409,509521,1520,1005,600,7000,626,437,0,600,2012,3145,3112,1412,491.2629426,13.96191591,1,4,3,150,1,1,51,7,4,2.0
54,3,107,509524,511047,511047,512053,512053,512676,512707,520207,520207,520809,520842,520876,523981,1523,1006,623,7500,602,331,0,600,2115,3139,3105,1515,505.7236323,14.46068972,1,14,-9,150,-1,-1,49,5,14,1.0
54,3,108,523984,525504,525504,526505,526505,527127,527160,533160,533160,533791,533823,533857,536928,1520,1001,622,6000,631,464,0,600,1962,3105,3071,1362,518.6708519,12.94721965,1,4,1,170,1,1,51,5,4,2.0
54,4,109,23889,25419,25419,26432,26432,27057,27089,35589,35589,36205,36237,36273,39359,1530,1013,625,8500,616,342,0,600,2074,3122,3086,1474,15.48281488,15.48281488,1,2,3,150,1,1,51,5,2,2.0
54,4,110,39364,40883,40883,41889,41889,42495,42527,49527,49527,50130,50163,50197,53312,1519,1006,606,7000,603,303,0,600,2163,3149,3115,1563,29.43356877,13.95075389,1,14,14,210,1,1,51,28,14,2.0
54,4,111,53314,54838,54838,55843,55843,56448,56480,63980,63980,64580,64611,64646,67762,1524,1005,605,7500,600,316,0,600,2150,3151,3116,1550,43.88399871,14.45042994,1,10,18,160,1,1,51,28,10,2.0
54,4,112,67765,69289,69289,70295,70295,70916,70948,79948,79948,80549,80581,80614,83710,1524,1006,621,9000,601,264,0,600,2184,3129,3096,1584,59.83210643,15.94810773,1,40,-26,210,-1,-1,49,14,40,1.0
54,4,113,83713,85230,85230,86234,86234,86835,86867,93367,93367,93995,94029,94062,97172,1517,1004,601,6500,628,339,0,600,2111,3143,3110,1511,73.29362969,13.46152325,1,4,3,150,1,1,51,7,4,2.0
54,4,114,97175,98701,98701,99705,99705,100310,100342,106342,106342,106960,106992,107026,110125,1526,1004,605,6000,618,267,0,600,2180,3133,3099,1580,86.24681337,12.95318368,1,79,-51,190,-1,-1,49,28,79,1.0
54,4,115,110127,111652,111652,112660,112660,113281,113313,121313,121313,121936,121969,122002,125073,1525,1008,621,8000,623,660,0,600,1763,3104,3071,1163,101.1948672,14.94805379,1,14,-7,170,-1,-1,49,7,14,1.0
54,4,116,125076,126595,126595,127598,127598,128199,128232,136732,136732,137344,137377,137411,140540,1519,1003,601,8500,612,548,0,600,1917,3163,3129,1317,116.6617165,15.46684933,1,5,5,190,1,1,51,10,5,2.0
54,4,117,140543,142067,142067,143075,143075,143680,143713,149713,149713,150332,150364,150398,153475,1524,1008,605,6000,619,338,0,600,2106,3111,3077,1506,129.5971389,12.93542238,1,57,-37,200,-1,-1,49,20,57,1.0
54,4,118,153478,154996,154996,156003,156003,156607,156640,165640,165640,166240,166272,166305,169417,1518,1007,604,9000,600,888,0,600,1583,3145,3112,983,145.5384996,15.94136079,1,20,-6,150,-1,-1,49,14,20,1.0
54,4,119,169420,170942,170942,171946,171946,172570,172602,180102,180102,180720,180752,180786,183862,1522,1004,624,7500,618,439,0,600,1993,3110,3076,1393,159.9835324,14.44503275,1,6,1,170,1,1,51,7,6,2.0
54,4,120,183865,185384,185384,186387,186387,186988,187021,195021,195021,195624,195656,195689,198815,1519,1003,601,8000,603,262,0,600,2212,3159,3126,1612,174.9371536,14.95362124,1,28,-18,180,-1,-1,49,10,28,1.0
54,4,121,198818,200344,200344,201345,201345,201946,201979,208979,208979,209580,209612,209646,212757,1526,1001,601,7000,601,628,0,600,1843,3145,3111,1243,188.8785907,13.94143703,1,7,-2,200,-1,-1,49,5,7,1.0
54,4,122,212760,214281,214281,215285,215285,215891,215924,222424,222424,223041,223073,223106,226210,1521,1004,606,6500,617,200,0,600,2252,3137,3104,1652,202.3316821,13.45309147,1,79,-51,210,-1,-1,49,28,79,1.0
54,4,123,226212,227734,227734,228739,228739,229343,229375,237375,237375,238007,238040,238074,241169,1522,1005,604,8000,632,545,0,600,1892,3129,3095,1292,217.2900596,14.95837746,1,19,1,180,1,1,51,20,19,2.0
54,4,124,241172,242693,242693,243700,243700,244306,244339,252839,252839,253439,253471,253505,256619,1521,1007,606,8500,600,664,0,600,1802,3148,3114,1202,232.740429,15.45036937,1,27,1,210,1,1,51,28,27,2.0
54,4,125,256622,258149,258149,259154,259154,259759,259791,267291,267291,267907,267940,267973,271053,1527,1005,605,7500,616,284,0,600,2163,3113,3080,1563,247.1749265,14.43449753,1,5,5,170,1,1,51,10,5,2.0
54,4,126,271056,272576,272576,273579,273579,274184,274217,280717,280717,281347,281380,281413,284501,1520,1003,605,6500,630,384,0,600,2058,3121,3088,1458,260.6222817,13.44735526,1,4,6,200,1,1,51,10,4,2.0
54,4,127,284504,286029,286029,287035,287035,287643,287675,294675,294675,295307,295339,295372,298460,1525,1006,608,7000,632,347,0,600,2082,3121,3088,1482,274.5814466,13.95916489,1,10,4,170,1,1,51,14,10,2.0
54,4,128,298463,299988,299988,300994,300994,301599,301631,307631,307631,308264,308297,308331,311412,1525,1006,605,6000,633,376,0,600,2055,3115,3081,1455,287.5334002,12.95195357,1,14,6,200,1,1,51,20,14,2.0
54,4,129,311415,312939,312939,313942,313942,314546,314579,323579,323579,324201,324233,324267,327360,1524,1003,604,9000,622,291,0,600,2156,3127,3093,1556,303.4813651,15.94796489,1,5,9,180,1,1,51,14,5,2.0
54,4,130,327363,328883,328883,329889,329889,330494,330527,337527,337527,338130,338162,338196,341305,1520,1006,605,7000,603,247,0,600,2219,3143,3109,1619,317.4266892,13.94532415,1,40,-20,170,-1,-1,49,20,40,1.0
54,4,131,341308,342834,342834,343837,343837,344439,344472,350972,350972,351576,351608,351641,354767,1526,1003,602,6500,604,351,0,600,2114,3159,3126,1514,330.8882035,13.46151421,1,20,-6,210,-1,-1,49,14,20,1.0
54,4,132,354770,356297,356297,357301,357301,357930,357963,366963,366963,367583,367615,367647,370719,1527,1004,629,9000,620,371,0,600,2049,3104,3072,1449,346.8405195,15.95231609,1,14,-9,170,-1,-1,49,5,14,1.0
54,4,133,370722,372242,372242,373245,373245,373877,373909,379909,379909,380533,380565,380598,383678,1520,1003,632,6000,624,311,0,600,2110,3113,3080,1510,359.7987201,12.95820056,1,4,1,160,1,1,51,5,4,2.0
54,4,134,383680,385203,385203,386203,386203,386821,386854,394854,394854,395487,395520,395554,398642,1523,1000,618,8000,633,346,0,600,2080,3122,3088,1480,374.7631716,14.96445148,1,7,13,160,1,1,51,20,7,2.0
54,4,135,398645,400173,400173,401182,401182,401800,401833,409333,409333,409956,409988,410021,413077,1528,1009,618,7500,623,323,0,600,2099,3089,3056,1499,389.1985382,14.43536663,1,3,2,150,1,1,51,5,3,2.0
54,4,136,413080,414603,414603,415607,415607,416209,416241,424741,424741,425343,425376,425410,428513,1523,1004,602,8500,602,328,0,600,2141,3137,3103,1541,404.6335248,15.43498662,1,14,-4,210,-1,-1,49,10,14,1.0
54,4,137,428515,430043,430043,431047,431047,431649,431681,440181,440181,440811,440844,440878,443961,1528,1004,602,8500,630,339,0,600,2097,3117,3083,1497,420.0820415,15.44851666,1,4,3,200,1,1,51,7,4,2.0
54,4,138,443963,445488,445488,446490,446490,447113,447145,453645,453645,454247,454280,454313,457419,1525,1002,623,6500,602,370,0,600,2078,3139,3106,1478,433.5400781,13.45803663,1,28,-14,150,-1,-1,49,14,28,1.0
54,4,139,457422,458936,458936,459944,459944,460559,460591,467591,467591,468207,468239,468273,471373,1514,1008,615,7000,616,325,0,600,2122,3134,3100,1522,447.4942551,13.95417693,1,2,5,150,1,1,51,7,2,2.0
54,4,140,471376,472898,472898,473907,473907,474513,474546,482046,482046,482647,482679,482712,485839,1522,1009,606,7500,601,230,0,600,2232,3160,3127,1632,461.9599861,14.46573101,1,40,-20,180,-1,-1,49,20,40,1.0
54,4,141,485842,487361,487361,488365,488365,488970,489002,495002,495002,495602,495635,495669,498790,1519,1004,605,6000,600,568,0,600,1904,3155,3121,1304,474.9110253,12.95103927,1,10,-3,170,-1,-1,49,7,10,1.0
54,4,142,498793,500315,500315,501326,501326,501959,501992,509992,509992,510613,510645,510678,513746,1522,1011,633,8000,621,333,0,600,2080,3101,3068,1480,489.8684339,14.95740861,1,3,2,180,1,1,51,5,3,2.0
54,4,143,513750,515274,515274,516279,516279,516881,516914,525914,525914,526545,526578,526612,529708,1524,1005,602,9000,631,322,0,600,2116,3130,3096,1516,505.8287937,15.96035974,1,4,6,190,1,1,51,10,4,2.0
54,4,144,529711,531230,531230,532237,532238,532843,532876,540876,540876,541477,541509,541543,544659,1519,1007,605,8000,601,277,0,600,2191,3150,3116,1591,520.780253,14.95145935,1,40,-12,210,-1,-1,49,28,40,1.0
54,5,145,28075,29597,29597,30612,30612,31225,31259,38759,38759,39365,39397,39433,42545,1522,1015,613,7500,606,279,0,600,2165,3148,3112,1565,14.4823059,14.4823059,1,40,-12,210,-1,-1,49,28,40,1.0
54,5,146,42550,44072,44072,45080,45080,45683,45715,54715,54715,55333,55367,55400,58495,1522,1008,603,9000,618,233,0,600,2216,3128,3095,1616,30.42916965,15.94686375,1,56,-28,180,-1,-1,49,28,56,1.0
54,5,147,58496,60019,60019,61023,61023,61629,61662,70162,70162,70791,70823,70856,73956,1523,1004,606,8500,629,364,0,600,2074,3133,3100,1474,45.89069743,15.46152778,1,7,13,190,1,1,51,20,7,2.0
54,5,148,73958,75483,75483,76487,76487,77090,77122,83122,83122,83724,83757,83791,86915,1525,1004,603,6000,602,279,0,600,2187,3158,3124,1587,58.85007446,12.95937704,1,10,-5,160,-1,-1,49,5,10,1.0
54,5,149,86918,88445,88445,89452,89452,90057,90090,97090,97090,97690,97722,97755,100875,1527,1007,605,7000,600,314,0,600,2147,3153,3120,1547,72.80986495,13.95979049,1,14,-4,150,-1,-1,49,10,14,1.0
54,5,150,100877,102405,102405,103414,103414,104017,104050,110550,110550,111180,111212,111246,114309,1528,1009,603,6500,630,489,0,600,1941,3097,3063,1341,86.2439653,13.43410035,1,5,2,210,1,1,51,7,5,2.0
54,5,151,114312,115833,115833,116835,116835,117439,117471,125471,125471,126072,126105,126139,129263,1521,1002,604,8000,601,385,0,600,2087,3158,3124,1487,101.1973437,14.95337835,1,7,13,200,1,1,51,20,7,2.0
54,5,152,129265,130791,130791,131797,131797,132403,132435,139435,139435,140035,140069,140102,143223,1526,1006,606,7000,600,577,0,600,1885,3154,3121,1285,115.1582311,13.96088741,1,28,-18,150,-1,-1,49,10,28,1.0
54,5,153,143225,144752,144752,145755,145755,146373,146405,152405,152405,153005,153039,153073,156179,1527,1003,618,6000,600,432,0,600,2020,3140,3106,1420,128.1137906,12.95555953,1,20,-13,190,-1,-1,49,7,20,1.0
54,5,154,156182,157708,157708,158713,158713,159345,159377,167377,167377,167997,168029,168063,171142,1526,1005,632,8000,620,568,0,600,1849,3113,3079,1249,143.0767359,14.96294533,1,4,1,190,1,1,51,5,4,2.0
54,5,155,171145,172660,172660,173668,173668,174278,174310,182810,182810,183442,183475,183509,186579,1515,1008,610,8500,632,297,0,600,2138,3104,3070,1538,158.513706,15.43697011,1,20,-6,160,-1,-1,49,14,20,1.0
54,5,156,186582,188101,188101,189109,189109,189710,189742,197242,197242,197844,197877,197911,201041,1519,1008,601,7500,602,492,0,600,1978,3164,3130,1378,172.9757512,14.46204519,1,14,-4,210,-1,-1,49,10,14,1.0
54,5,157,201044,202572,202572,203582,203582,204187,204219,210719,210719,211320,211352,211386,214504,1528,1010,605,6500,601,481,0,600,1975,3152,3118,1375,186.4386052,13.46285402,1,10,4,190,1,1,51,14,10,2.0
54,5,158,214507,216030,216030,217032,217032,217637,217669,226669,226669,227278,227311,227344,230467,1523,1002,605,9000,609,279,0,600,2182,3156,3123,1582,202.4020656,15.96346034,1,40,-26,160,-1,-1,49,14,40,1.0
54,5,159,230470,231995,231995,233005,233005,233611,233643,239643,239643,240246,240278,240311,243413,1525,1010,606,6000,603,457,0,600,1999,3135,3102,1399,215.3479629,12.94589732,1,56,-28,170,-1,-1,49,28,56,1.0
54,5,160,243416,244942,244942,245951,245951,246557,246590,254090,254090,254724,254756,254789,257858,1526,1009,606,7500,634,493,0,600,1932,3102,3069,1332,229.7935242,14.44556132,1,10,18,210,1,1,51,28,10,2.0
54,5,161,257863,259380,259380,260387,260387,260988,261022,267522,267522,268122,268155,268188,271311,1517,1007,601,6500,600,448,0,600,2027,3156,3123,1427,243.245297,13.45177276,1,6,1,190,1,1,51,7,6,2.0
54,5,162,271313,272839,272839,273847,273847,274473,274505,283005,283005,283625,283658,283691,286757,1526,1008,626,8500,620,323,0,600,2097,3099,3066,1497,258.6917409,15.44644397,1,3,2,200,1,1,51,5,3,2.0
54,5,163,286760,288280,288280,289285,289285,289892,289925,298925,298925,299527,299559,299593,302714,1520,1005,607,9000,602,546,0,600,1920,3155,3121,1320,274.6483781,15.95663716,1,14,-4,210,-1,-1,49,10,14,1.0
54,5,164,302717,304235,304235,305242,305242,305846,305878,312878,312878,313500,313532,313566,316652,1518,1007,604,7000,622,446,0,600,2003,3120,3086,1403,288.5868842,13.9385061,1,4,6,190,1,1,51,10,4,2.0
54,5,165,316655,318175,318175,319178,319178,319780,319813,327813,327813,328432,328464,328498,331602,1520,1003,602,8000,619,365,0,600,2091,3138,3104,1491,303.5368323,14.94994808,1,4,6,210,1,1,51,10,4,2.0
54,5,166,331605,333127,333127,334131,334131,334736,334769,343769,343769,344369,344402,344436,347550,1522,1004,605,9000,600,439,0,600,2030,3148,3114,1430,319.4844392,15.94760688,1,7,7,200,1,1,51,14,7,2.0
54,5,167,347553,349069,349069,350074,350074,350675,350708,356708,356708,357341,357373,357406,360507,1516,1005,601,6000,633,397,0,600,2048,3134,3101,1448,332.4416504,12.95721123,1,6,1,150,1,1,51,7,6,2.0
54,5,168,360510,362032,362032,363037,363037,363644,363677,371177,371177,371779,371811,371844,374951,1522,1005,607,7500,602,1083,0,600,1381,3140,3107,781,346.8855449,14.44389455,1,14,6,150,1,1,51,20,14,2.0
54,5,169,374954,376477,376477,377481,377481,378087,378119,385119,385119,385719,385752,385786,388889,1523,1004,606,7000,600,1142,0,600,1325,3137,3103,725,360.8236294,13.93808451,0,28,-8,180,-1,1,51,20,28,2.0
54,5,170,388892,390418,390418,391420,391420,392028,392060,400560,400560,401160,401193,401226,404344,1526,1002,608,8500,600,383,0,600,2081,3151,3118,1481,376.2782629,15.45463348,1,40,-26,150,-1,-1,49,14,40,1.0
54,5,171,404346,405869,405869,406871,406871,407476,407509,414009,414009,414609,414643,414677,417800,1523,1002,605,6500,600,1189,0,600,1281,3157,3123,681,389.7341687,13.45590578,1,20,-6,180,-1,-1,49,14,20,1.0
54,5,172,417803,419325,419325,420333,420333,420939,420971,428971,428971,429576,429608,429641,432733,1522,1008,606,8000,605,481,0,600,1978,3125,3092,1378,404.6672659,14.93309715,1,56,-28,180,-1,-1,49,28,56,1.0
54,5,173,432736,434266,434266,435269,435269,435899,435931,442931,442931,443531,443563,443596,446677,1530,1003,630,7000,600,511,0,600,1926,3114,3081,1326,418.6116127,13.94434687,1,7,-2,180,-1,-1,49,5,7,1.0
54,5,174,446680,448200,448200,449205,449205,449809,449841,457841,457841,458472,458505,458538,461626,1520,1005,604,8000,631,901,0,600,1539,3121,3088,939,433.5599022,14.94828944,1,6,1,200,1,1,51,7,6,2.0
54,5,175,461629,463149,463149,464158,464158,464763,464796,473296,473296,473899,473933,473968,477076,1520,1009,605,8500,603,564,0,600,1899,3143,3108,1299,449.0106624,15.45076022,0,19,1,160,1,-1,49,20,19,1.0
54,5,176,477079,478603,478603,479608,479608,480240,480272,489272,489272,489892,489925,489958,493026,1524,1005,632,9000,620,620,0,600,1799,3101,3068,1199,464.9598176,15.94915522,1,2,3,200,1,1,51,5,2,2.0
54,5,177,493029,494552,494552,495560,495560,496181,496213,502713,502713,503313,503345,503379,506486,1523,1008,621,6500,600,662,0,600,1786,3141,3107,1186,478.4200243,13.46020665,1,7,-2,150,-1,-1,49,5,7,1.0
54,5,178,506488,508008,508008,509013,509013,509616,509648,515648,515648,516249,516280,516313,519442,1520,1005,603,6000,601,519,0,600,1952,3162,3129,1352,491.3761057,12.95608147,1,28,-8,200,-1,-1,49,20,28,1.0
54,5,179,519445,520965,520965,521969,521969,522573,522607,530107,530107,530723,530757,530790,533910,1520,1004,604,7500,616,444,0,600,2012,3153,3120,1412,505.8440679,14.46796221,1,56,-28,190,-1,-1,49,28,56,1.0
54,5,180,533913,535439,535439,536443,536443,537049,537082,543082,543082,543699,543732,543766,546852,1526,1004,606,6000,617,570,0,600,1877,3120,3086,1277,518.7861143,12.94204636,1,4,3,190,1,1,51,7,4,2.0
54,6,181,18092,19621,19621,20637,20637,21248,21281,29781,29781,30414,30447,30483,33553,1529,1016,611,8500,633,421,0,600,1990,3106,3070,1390,15.47247072,15.47247072,1,14,14,180,1,1,51,28,14,2.0
54,6,182,33556,35080,35080,36086,36086,36687,36720,45720,45720,46353,46387,46420,49494,1524,1006,601,9000,633,500,0,600,1936,3107,3074,1336,31.41305704,15.94058632,1,20,8,160,1,1,51,28,20,2.0
54,6,183,49497,51019,51019,52022,52022,52626,52658,59658,59658,60260,60292,60326,63457,1522,1003,604,7000,602,418,0,600,2051,3165,3131,1451,45.3760316,13.96297456,1,10,-5,210,-1,-1,49,5,10,1.0
54,6,184,63461,64983,64983,65989,65989,66592,66625,72625,72625,73227,73260,73293,76419,1522,1006,603,6000,602,582,0,600,1885,3159,3126,1285,58.33788453,12.96185293,1,40,-20,200,-1,-1,49,20,40,1.0
54,6,185,76422,77942,77942,78945,78945,79577,79609,87109,87109,87710,87743,87776,90852,1520,1003,632,7500,601,432,0,600,2012,3109,3076,1412,72.77015448,14.43226995,1,14,-9,160,-1,-1,49,5,14,1.0
54,6,186,90855,92382,92382,93387,93387,93991,94023,102023,102023,102654,102687,102721,105799,1527,1005,604,8000,631,602,0,600,1831,3112,3078,1231,87.71745459,14.94730011,1,10,4,210,1,1,51,14,10,2.0
54,6,187,105802,107325,107325,108329,108329,108949,108981,115481,115481,116084,116117,116150,119262,1523,1004,620,6500,603,504,0,600,1946,3145,3112,1346,101.1796936,13.46223896,1,20,-13,210,-1,-1,49,7,20,1.0
54,6,188,119264,120785,120785,121788,121788,122405,122437,131437,131437,132051,132083,132116,135205,1521,1003,617,9000,614,485,0,600,1960,3122,3089,1360,117.1237828,15.94408922,1,3,2,180,1,1,51,5,3,2.0
54,6,189,135208,136735,136735,137740,137740,138345,138377,144877,144877,145508,145541,145574,148652,1527,1005,605,6500,631,439,0,600,1993,3111,3078,1393,130.5707451,13.4469623,1,10,18,190,1,1,51,28,10,2.0
54,6,190,148655,150180,150180,151182,151182,151788,151821,159321,159321,159922,159956,159989,163117,1525,1002,606,7500,601,581,0,600,1885,3161,3128,1285,145.0351797,14.4644346,1,19,1,170,1,1,51,20,19,2.0
54,6,191,163120,164640,164640,165643,165643,166261,166294,172294,172294,172925,172959,172992,176053,1520,1003,618,6000,631,586,0,600,1842,3094,3061,1242,157.9715106,12.93633095,1,13,1,170,1,1,51,14,13,2.0
54,6,192,176056,177580,177580,178585,178585,179191,179223,187723,187723,188328,188361,188395,191497,1524,1005,606,8500,605,560,0,600,1900,3136,3102,1300,173.4152334,15.44372278,1,40,-20,190,-1,-1,49,20,40,1.0
54,6,193,191500,193017,193017,194021,194021,194623,194655,201655,201655,202258,202291,202325,205460,1517,1004,602,7000,603,876,0,600,1598,3169,3135,998,187.3782348,13.96300138,0,9,1,170,1,-1,49,10,9,1.0
54,6,194,205463,206991,206991,207997,207997,208607,208639,216639,216639,217264,217297,217330,220419,1528,1006,610,8000,625,577,0,600,1854,3122,3089,1254,202.3372008,14.95896599,1,10,4,190,1,1,51,14,10,2.0
54,6,195,220422,221946,221946,222950,222950,223553,223585,230085,230085,230717,230749,230782,233855,1524,1004,603,6500,632,526,0,600,1911,3106,3073,1311,215.7733744,13.43617364,1,6,1,160,1,1,51,7,6,2.0
54,6,196,233858,235382,235382,236387,236387,237012,237044,246044,246044,246663,246695,246730,249820,1524,1005,625,9000,619,449,0,600,1978,3125,3090,1378,231.7382514,15.96487699,1,3,2,210,1,1,51,5,3,2.0
54,6,197,249823,251345,251345,252350,252350,252952,252985,261485,261485,262118,262151,262185,265262,1522,1005,602,8500,633,696,0,600,1742,3111,3077,1142,247.1798328,15.44158138,0,27,1,180,1,-1,49,28,27,1.0
54,6,198,265264,266784,266784,267790,267790,268422,268455,276455,276455,277082,277114,277148,280209,1520,1006,632,8000,627,518,0,600,1897,3095,3061,1297,262.1267357,14.94690293,1,4,1,200,1,1,51,5,4,2.0
54,6,199,280211,281740,281740,282746,282746,283348,283380,290380,290380,290980,291012,291045,294161,1529,1006,602,7000,600,511,0,600,1952,3149,3116,1352,276.0790801,13.95234442,1,7,7,160,1,1,51,14,7,2.0
54,6,200,294164,295683,295683,296689,296689,297293,297326,304826,304826,305428,305461,305495,308616,1519,1006,604,7500,602,671,0,600,1798,3155,3121,1198,290.5336413,14.45456115,1,14,-4,180,-1,-1,49,10,14,1.0
54,6,201,308619,310139,310139,311143,311143,311745,311777,317777,317777,318409,318443,318478,321564,1520,1004,602,6000,632,606,0,600,1836,3121,3086,1236,303.482044,12.94840275,1,10,-3,160,-1,-1,49,7,10,1.0
54,6,202,321567,323086,323086,324092,324092,324697,324731,332231,332231,332831,332865,332899,336029,1519,1006,605,7500,600,464,0,600,2006,3164,3130,1406,317.9474297,14.46538567,0,27,1,200,1,-1,49,28,27,1.0
54,6,203,336032,337556,337556,338558,338558,339164,339196,346196,346196,346828,346860,346895,349965,1524,1002,606,7000,632,461,0,600,1975,3105,3070,1375,331.8831471,13.9357174,1,5,2,200,1,1,51,7,5,2.0
54,6,204,349968,351493,351493,352498,352498,353102,353134,361134,361134,361754,361786,361820,364929,1525,1005,604,8000,620,567,0,600,1879,3143,3109,1279,346.8473527,14.96420558,1,40,-26,200,-1,-1,49,14,40,1.0
54,6,205,364932,366453,366453,367457,367457,368065,368098,374098,374098,374730,374763,374796,377885,1521,1004,608,6000,632,478,0,600,1957,3122,3089,1357,359.8026157,12.955263,1,10,18,170,1,1,51,28,10,2.0
54,6,206,377888,379407,379407,380407,380407,381011,381044,390044,390044,390675,390708,390741,393837,1519,1000,604,9000,631,746,0,600,1700,3129,3096,1100,375.7545472,15.95193157,1,9,1,180,1,1,51,10,9,2.0
54,6,207,393839,395365,395365,396373,396373,396996,397028,405528,405528,406128,406160,406194,409287,1526,1008,623,8500,600,454,0,600,1989,3127,3093,1389,391.2047725,15.45022532,1,5,5,160,1,1,51,10,5,2.0
54,6,208,409290,410814,410814,411820,411820,412421,412454,418954,418954,419555,419588,419621,422747,1524,1006,601,6500,601,454,0,600,2014,3159,3126,1414,404.664667,13.45989445,1,7,3,150,1,1,51,10,7,2.0
54,6,209,422750,424277,424277,425285,425285,425891,425923,431923,431923,432524,432557,432590,435682,1527,1008,606,6000,601,454,0,600,2004,3125,3092,1404,417.5998703,12.93520329,1,28,-14,170,-1,-1,49,14,28,1.0
54,6,210,435685,437209,437209,438214,438214,438818,438851,446351,446351,446951,446983,447017,450136,1524,1005,604,7500,600,511,0,600,1956,3153,3119,1356,432.0542648,14.45439451,1,20,-10,190,-1,-1,49,10,20,1.0
54,6,211,450139,451664,451664,452667,452667,453271,453303,461803,461803,462436,462469,462503,465586,1525,1003,604,8500,633,995,0,600,1440,3117,3083,840,447.5034887,15.44922393,1,19,1,200,1,1,51,20,19,2.0
54,6,212,465589,467113,467113,468122,468122,468729,468762,475262,475262,475865,475898,475931,479049,1524,1009,607,6500,603,513,0,600,1944,3151,3118,1344,460.9662352,13.46274644,1,14,-7,170,-1,-1,49,7,14,1.0
54,6,213,479052,480573,480573,481575,481575,482194,482227,491227,491227,491845,491877,491911,494998,1521,1002,619,9000,618,377,0,600,2063,3121,3087,1463,476.9153973,15.94916215,1,2,5,160,1,1,51,7,2,2.0
54,6,214,495001,496523,496523,497530,497530,498136,498168,506168,506168,506799,506831,506864,509937,1522,1007,606,8000,631,564,0,600,1870,3106,3073,1270,491.8545667,14.93916937,1,7,13,180,1,1,51,20,7,2.0
54,6,215,509940,511462,511462,512467,512467,513097,513130,520130,520130,520756,520789,520822,523900,1522,1005,630,7000,626,532,0,600,1885,3111,3078,1285,505.8173219,13.96275518,1,4,1,210,1,1,51,5,4,2.0
54,6,216,523903,525427,525427,526430,526430,527033,527065,533565,533565,534196,534229,534262,537360,1524,1003,603,6500,631,551,0,600,1888,3131,3098,1288,519.2776491,13.46032719,1,7,13,210,1,1,51,20,7,2.0
55,1,1,57020,58546,58546,59546,59546,60162,60195,66695,66695,67299,67332,67369,70472,1526,1000,616,6500,604,570,0,600,1884,3140,3103,1284,13.49029182,13.49029182,1,4,3,180,1,1,51,7,4,2.0
55,1,2,70520,72047,72047,73066,73066,73675,73708,82208,82208,82809,82842,82876,85968,1527,1019,609,8500,601,575,0,600,1869,3126,3092,1269,28.93870908,15.44841726,1,20,-10,190,-1,-1,49,10,20,1.0
55,1,3,85971,87494,87494,88499,88499,89106,89138,98138,98138,98749,98782,98816,101919,1523,1005,607,9000,611,369,0,600,2085,3137,3103,1485,44.88930043,15.95059136,1,40,-26,160,-1,-1,49,14,40,1.0
55,1,4,101922,103441,103441,104447,104447,105052,105085,111085,111085,111685,111718,111752,114871,1519,1006,605,6000,600,572,0,600,1898,3153,3119,1298,57.842258,12.95295757,1,14,14,170,1,1,51,28,14,2.0
55,1,5,114874,116400,116400,117406,117406,118013,118046,125546,125546,126161,126194,126228,129330,1526,1006,607,7500,615,589,0,600,1857,3136,3102,1257,72.30062768,14.45836968,1,5,2,200,1,1,51,7,5,2.0
55,1,6,129333,130858,130858,131867,131867,132472,132504,140504,140504,141106,141139,141174,144269,1525,1009,605,8000,602,361,0,600,2098,3130,3095,1498,87.24002897,14.93940128,1,20,-13,150,-1,-1,49,7,20,1.0
55,1,7,144272,145793,145793,146794,146794,147418,147450,154450,154450,155064,155097,155131,158213,1521,1001,624,7000,614,795,0,600,1645,3116,3082,1045,101.182881,13.94285205,1,2,3,210,1,1,51,5,2,2.0
55,1,8,158216,159740,159740,160747,160747,161352,161385,169885,169885,170486,170518,170552,173674,1524,1007,605,8500,601,900,0,600,1563,3156,3122,963,116.6441289,15.46124789,0,14,6,210,1,-1,49,20,14,1.0
55,1,9,173677,175197,175197,176203,176203,176811,176844,182844,182844,183446,183478,183511,186633,1520,1006,608,6000,602,931,0,600,1533,3155,3122,933,129.6041068,12.95997784,0,11,-1,170,-1,1,51,10,11,2.0
55,1,10,186636,188159,188159,189165,189165,189768,189802,196802,196802,197425,197458,197491,200580,1523,1006,603,7000,623,613,0,600,1832,3122,3089,1232,143.5507314,13.94662467,1,4,1,190,1,1,51,5,4,2.0
55,1,11,200583,202110,202110,203117,203117,203721,203754,212754,212754,213384,213417,213450,216543,1527,1007,604,9000,630,487,0,600,1945,3126,3093,1345,159.5127844,15.96205295,1,28,-14,200,-1,-1,49,14,28,1.0
55,1,12,216546,218065,218065,219069,219069,219674,219707,226207,226207,226838,226871,226905,229990,1519,1004,605,6500,631,764,0,600,1677,3119,3085,1077,172.9606065,13.44782209,1,5,9,150,1,1,51,14,5,2.0
55,1,13,229993,231522,231522,232526,232526,233126,233158,240658,240658,241261,241293,241327,244431,1529,1004,600,7500,603,367,0,600,2097,3138,3104,1497,187.4008206,14.44021418,1,14,-9,190,-1,-1,49,5,14,1.0
55,1,14,244433,245953,245953,246960,246960,247567,247600,255600,255600,256233,256266,256300,259370,1520,1007,607,8000,633,947,0,600,1486,3104,3070,886,202.341025,14.94020438,1,11,-1,160,-1,-1,49,10,11,1.0
55,1,15,259373,260902,260902,261904,261904,262521,262553,270553,270553,271171,271203,271236,274314,1529,1002,617,8000,618,757,0,600,1677,3111,3078,1077,217.2844831,14.94345807,1,2,5,170,1,1,51,7,2,2.0
55,1,16,274317,275845,275845,276850,276850,277456,277489,284489,284489,285105,285138,285171,288271,1528,1005,606,7000,616,493,0,600,1952,3133,3100,1352,231.2416165,13.95713339,1,2,5,210,1,1,51,7,2,2.0
55,1,17,288274,289797,289797,290803,290803,291411,291444,297444,297444,298056,298088,298122,301220,1523,1006,608,6000,612,1038,0,600,1413,3132,3098,813,244.1899106,12.94829416,1,40,-26,160,-1,-1,49,14,40,1.0
55,1,18,301223,302745,302745,303751,303751,304358,304392,310892,310892,311525,311558,311593,314661,1522,1006,607,6500,633,295,0,600,2137,3103,3068,1537,257.6313314,13.44142079,1,28,-8,190,-1,-1,49,20,28,1.0
55,1,19,314664,316189,316189,317194,317194,317795,317828,326328,326328,326946,326978,327012,330121,1525,1005,601,8500,618,665,0,600,1786,3143,3109,1186,273.0916741,15.46034263,1,2,3,210,1,1,51,5,2,2.0
55,1,20,330124,331652,331652,332657,332657,333264,333297,342297,342297,342897,342930,342965,346080,1528,1005,607,9000,600,1220,0,600,1240,3150,3115,640,289.0500228,15.95834874,0,10,4,180,1,-1,49,14,10,1.0
55,1,21,346083,347609,347609,348612,348612,349217,349250,356750,356750,357350,357383,357417,360525,1526,1003,605,7500,600,725,0,600,1741,3142,3108,1141,303.4954006,14.44537783,1,7,-2,150,-1,-1,49,5,7,1.0
55,1,22,360528,362053,362053,363059,363059,363665,363697,372197,372197,372801,372833,372867,375982,1525,1006,606,8500,604,476,0,600,1983,3149,3115,1383,318.9522425,15.45684183,1,21,-1,190,-1,-1,49,20,21,1.0
55,1,23,375985,377502,377502,378509,378509,379115,379149,385649,385649,386281,386313,386348,389423,1517,1007,606,6500,632,433,0,600,2005,3110,3075,1405,332.3931006,13.44085816,1,28,-18,170,-1,-1,49,10,28,1.0
55,1,24,389426,390950,390950,391953,391953,392559,392591,399591,399591,400192,400225,400260,403377,1524,1003,606,7000,601,374,0,600,2092,3152,3117,1492,346.3474745,13.95437392,1,20,8,210,1,1,51,28,20,2.0
55,1,25,403380,404900,404900,405904,405904,406525,406557,412557,412557,413172,413205,413238,416313,1520,1004,621,6000,615,853,0,600,1587,3108,3075,987,359.2835567,12.9360822,1,4,1,170,1,1,51,5,4,2.0
55,1,26,416316,417845,417845,418850,418850,419454,419487,427487,427487,428120,428153,428187,431278,1529,1005,604,8000,633,319,0,600,2110,3125,3091,1510,374.2477553,14.96419857,1,21,-1,160,-1,-1,49,20,21,1.0
55,1,27,431281,432803,432803,433804,433804,434407,434439,443439,443439,444071,444104,444139,447243,1522,1001,603,9000,632,723,0,600,1719,3139,3104,1119,390.2135541,15.96579874,1,7,3,210,1,1,51,10,7,2.0
55,1,28,447246,448767,448767,449771,449771,450375,450408,457908,457908,458509,458542,458577,461698,1521,1004,604,7500,601,711,0,600,1759,3156,3121,1159,404.6673266,14.45377257,0,15,-1,180,-1,1,51,14,15,2.0
55,1,29,461701,463223,463223,464226,464226,464831,464863,473363,473363,473994,474027,474060,477132,1522,1003,605,8500,631,494,0,600,1945,3105,3072,1345,420.1017012,15.43437459,0,11,-1,210,-1,1,51,10,11,2.0
55,1,30,477135,478659,478659,479663,479663,480267,480300,486300,486300,486912,486945,486980,490087,1524,1004,604,6000,612,147,0,600,2309,3142,3107,1709,433.0567975,12.95509626,1,40,-20,180,-1,-1,49,20,40,1.0
55,1,31,490090,491610,491610,492619,492619,493224,493257,499757,499757,500389,500422,500455,503551,1520,1009,605,6500,632,357,0,600,2077,3129,3096,1477,446.5209546,13.46415713,1,10,10,150,1,1,51,20,10,2.0
55,1,32,503554,505078,505078,506084,506084,506690,506722,514722,514722,515323,515357,515392,518506,1524,1006,606,8000,601,342,0,600,2121,3149,3114,1521,461.4767175,14.95576285,1,14,14,210,1,1,51,28,14,2.0
55,1,33,518510,520030,520030,521030,521030,521636,521669,529169,529169,529785,529817,529850,532973,1520,1000,606,7500,616,647,0,600,1811,3156,3123,1211,475.9429084,14.46619095,1,2,5,180,1,1,51,7,2,2.0
55,1,34,532976,534498,534498,535502,535502,536109,536142,543142,543142,543775,543808,543841,546910,1522,1004,607,7000,633,293,0,600,2141,3102,3069,1541,489.8800652,13.93715682,1,10,18,190,1,1,51,28,10,2.0
55,1,35,546913,548435,548435,549436,549436,550044,550077,559077,559077,559708,559741,559776,562852,1522,1001,608,9000,631,374,0,600,2064,3111,3076,1464,505.8221708,15.94210561,1,14,14,160,1,1,51,28,14,2.0
55,1,36,562854,564377,564377,565383,565383,565988,566020,573520,573520,574121,574154,574189,577318,1523,1006,605,7500,601,846,0,600,1619,3164,3129,1019,520.2873224,14.46515159,1,20,8,190,1,1,51,28,20,2.0
55,2,37,17516,19043,19043,20058,20058,20662,20694,27194,27194,27823,27857,27894,30986,1527,1015,604,6500,629,446,0,600,1979,3129,3092,1379,13.48272368,13.48272368,1,6,1,170,1,1,51,7,6,2.0
55,2,38,30991,32512,32512,33519,33519,34127,34159,41159,41159,41760,41792,41825,44923,1521,1007,608,7000,601,424,0,600,2039,3131,3098,1439,27.41762338,13.9348997,1,5,2,150,1,1,51,7,5,2.0
55,2,39,44926,46450,46450,47458,47458,48060,48093,56093,56093,56695,56728,56762,59866,1524,1008,602,8000,602,691,0,600,1773,3138,3104,1173,42.35980101,14.94217763,1,7,-2,180,-1,-1,49,5,7,1.0
55,2,40,59868,61392,61392,62395,62395,63002,63034,72034,72034,72635,72668,72701,75808,1524,1003,607,9000,601,628,0,600,1837,3140,3107,1237,58.30222906,15.94242805,0,19,1,160,1,-1,49,20,19,1.0
55,2,41,75811,77332,77332,78338,78338,78970,79003,86503,86503,87105,87138,87171,90256,1521,1006,632,7500,602,451,0,600,1988,3118,3085,1388,72.75011956,14.4478905,1,14,-9,170,-1,-1,49,5,14,1.0
55,2,42,90259,91781,91781,92788,92788,93391,93423,101923,101923,102555,102587,102622,105693,1522,1007,603,8500,632,367,0,600,2069,3106,3071,1469,88.18758843,15.43746887,1,10,4,180,1,1,51,14,10,2.0
55,2,43,105696,107221,107221,108229,108229,108835,108867,114867,114867,115468,115501,115536,118650,1525,1008,606,6000,601,314,0,600,2146,3149,3114,1546,101.1443319,12.95674344,1,14,14,170,1,1,51,28,14,2.0
55,2,44,118653,120173,120173,121178,121178,121785,121817,128317,128317,128945,128977,129011,132103,1520,1005,607,6500,628,422,0,600,2018,3126,3092,1418,114.5964347,13.45210278,1,4,3,170,1,1,51,7,4,2.0
55,2,45,132106,133630,133630,134632,134632,135237,135270,141270,141270,141873,141905,141940,145048,1524,1002,605,6000,603,825,0,600,1641,3143,3108,1041,127.5423876,12.94595296,0,27,1,210,1,-1,49,28,27,1.0
55,2,46,145051,146574,146574,147576,147576,148183,148215,157215,157215,157847,157880,157914,161010,1523,1002,607,9000,632,388,0,600,2048,3130,3096,1448,143.5038852,15.96149756,1,10,10,170,1,1,51,20,10,2.0
55,2,47,161013,162536,162536,163545,163545,164152,164184,171684,171684,172308,172341,172374,175453,1523,1009,607,7500,624,464,0,600,1973,3112,3079,1373,157.9466358,14.44275065,1,4,6,160,1,1,51,10,4,2.0
55,2,48,175456,176978,176978,177980,177980,178585,178618,185618,185618,186240,186272,186305,189411,1522,1002,605,7000,622,565,0,600,1884,3139,3106,1284,171.9041745,13.95753871,1,20,-10,150,-1,-1,49,10,20,1.0
55,2,49,189414,190935,190935,191941,191941,192545,192577,200577,200577,201196,201228,201262,204360,1521,1006,604,8000,619,429,0,600,2021,3132,3098,1421,186.8532778,14.94910328,1,9,1,150,1,1,51,10,9,2.0
55,2,50,204363,205881,205881,206885,206885,207504,207537,216037,216037,216663,216695,216729,219807,1518,1004,619,8500,626,402,0,600,2031,3112,3078,1431,202.3011249,15.4478471,1,4,6,180,1,1,51,10,4,2.0
55,2,51,219810,221336,221336,222342,222342,222948,222981,230481,230481,231081,231113,231147,234243,1526,1006,606,7500,600,300,0,600,2162,3130,3096,1562,216.7365717,14.4354468,1,40,-26,200,-1,-1,49,14,40,1.0
55,2,52,234246,235766,235766,236773,236773,237379,237412,243912,243912,244544,244576,244610,247702,1520,1007,606,6500,632,289,0,600,2146,3126,3092,1546,230.1954694,13.45889765,1,40,-26,190,-1,-1,49,14,40,1.0
55,2,53,247705,249228,249228,250235,250235,250853,250885,258885,258885,259516,259548,259582,262659,1523,1007,618,8000,631,699,0,600,1722,3111,3077,1122,245.1525401,14.95707071,1,5,2,200,1,1,51,7,5,2.0
55,2,54,262662,264184,264184,265187,265187,265792,265825,274325,274325,274925,274957,274990,278117,1522,1003,605,8500,600,223,0,600,2247,3160,3127,1647,260.6112141,15.45867405,1,40,-20,160,-1,-1,49,20,40,1.0
55,2,55,278121,279647,279647,280651,280651,281256,281288,290288,290288,290910,290943,290976,294067,1526,1004,605,9000,622,449,0,600,1994,3124,3091,1394,276.5600667,15.94885256,1,10,10,180,1,1,51,20,10,2.0
55,2,56,294070,295597,295597,296603,296603,297209,297241,304241,304241,304842,304874,304908,308016,1527,1006,606,7000,601,439,0,600,2021,3142,3108,1421,290.5091745,13.9491078,1,28,-14,180,-1,-1,49,14,28,1.0
55,2,57,308019,309540,309540,310545,310545,311148,311180,317180,317180,317812,317845,317878,320960,1521,1005,603,6000,632,568,0,600,1871,3115,3082,1271,303.4537105,12.944536,1,9,1,200,1,1,51,10,9,2.0
55,2,58,320963,322486,322486,323493,323493,324098,324130,331630,331630,332233,332265,332299,335408,1523,1007,605,7500,603,470,0,600,1992,3143,3109,1392,317.9018734,14.44816292,1,10,4,160,1,1,51,14,10,2.0
55,2,59,335411,336933,336933,337940,337940,338547,338580,347080,347080,347699,347731,347764,350852,1522,1007,607,8500,619,261,0,600,2184,3121,3088,1584,333.3455724,15.443699,1,56,-28,170,-1,-1,49,28,56,1.0
55,2,60,350855,352380,352380,353383,353383,353989,354021,363021,363021,363638,363670,363705,366790,1525,1003,606,9000,617,342,0,600,2107,3120,3085,1507,349.2832711,15.93769865,1,56,-28,180,-1,-1,49,28,56,1.0
55,2,61,366792,368320,368320,369328,369328,369946,369979,376979,376979,377601,377633,377666,380737,1528,1008,618,7000,622,725,0,600,1699,3104,3071,1099,363.2310544,13.94778337,1,10,-5,210,-1,-1,49,5,10,1.0
55,2,62,380740,382263,382263,383264,383264,383867,383900,389900,389900,390505,390538,390572,393672,1523,1001,603,6000,605,358,0,600,2110,3134,3100,1510,376.1649835,12.93392904,1,57,-37,190,-1,-1,49,20,57,1.0
55,2,63,393675,395195,395195,396201,396201,396807,396841,403341,403341,403943,403975,404008,407111,1520,1006,606,6500,602,560,0,600,1906,3136,3103,1306,389.6040197,13.43903619,1,40,-20,180,-1,-1,49,20,40,1.0
55,2,64,407114,408634,408634,409638,409638,410271,410303,418303,418303,418906,418939,418973,422060,1520,1004,633,8000,603,1186,0,600,1254,3121,3087,654,404.5532447,14.94922503,1,7,-2,190,-1,-1,49,5,7,1.0
55,2,65,422063,423588,423588,424592,424592,425194,425226,432726,432726,433352,433384,433418,436522,1525,1004,602,7500,626,462,0,600,1981,3138,3104,1381,419.0157326,14.46248795,1,3,2,160,1,1,51,5,3,2.0
55,2,66,436525,438051,438051,439058,439058,439685,439718,448218,448218,448819,448851,448886,451968,1526,1007,627,8500,601,411,0,600,2028,3117,3082,1428,434.4618256,15.44609294,1,14,-9,180,-1,-1,49,5,14,1.0
55,2,67,451971,453496,453496,454503,454503,455107,455139,461639,461639,462272,462304,462339,465407,1525,1007,604,6500,633,684,0,600,1747,3103,3068,1147,447.9005342,13.43870863,1,27,1,160,1,1,51,28,27,2.0
55,2,68,465410,466934,466934,467943,467943,468573,468605,474605,474605,475207,475240,475273,478346,1524,1009,630,6000,602,722,0,600,1713,3106,3073,1113,460.8384537,12.93791954,1,14,-7,200,-1,-1,49,7,14,1.0
55,2,69,478349,479869,479869,480873,480873,481477,481509,489509,489509,490113,490145,490179,493299,1520,1004,604,8000,604,509,0,600,1959,3154,3120,1359,475.7918802,14.95342647,1,40,-26,200,-1,-1,49,14,40,1.0
55,2,70,493301,494822,494822,495825,495825,496430,496463,505463,505463,506068,506102,506136,509252,1521,1003,605,9000,605,612,0,600,1854,3150,3116,1254,491.7447383,15.95285812,1,10,18,210,1,1,51,28,10,2.0
55,2,71,509255,510775,510775,511783,511783,512390,512424,519424,519424,520025,520058,520091,523201,1520,1008,607,7000,601,468,0,600,1996,3143,3110,1396,505.6935978,13.94885949,1,7,3,150,1,1,51,10,7,2.0
55,2,72,523203,524725,524725,525732,525732,526339,526372,534872,534872,535475,535508,535542,538667,1522,1007,607,8500,603,318,0,600,2143,3159,3125,1543,521.1603053,15.46670747,1,20,-13,180,-1,-1,49,7,20,1.0
55,3,73,17803,19330,19330,20349,20349,20961,20994,28494,28494,29100,29133,29170,32262,1527,1019,612,7500,606,542,0,600,1894,3129,3092,1294,14.47141307,14.47141307,1,14,14,210,1,1,51,28,14,2.0
55,3,74,32267,33791,33791,34794,34794,35398,35431,41431,41431,42057,42090,42123,45228,1524,1003,604,6000,626,403,0,600,2040,3138,3105,1440,27.43549562,12.96408255,1,4,6,160,1,1,51,10,4,2.0
55,3,75,45231,46756,46756,47761,47761,48365,48397,55397,55397,55998,56030,56063,59189,1525,1005,604,7000,601,516,0,600,1949,3159,3126,1349,41.39626331,13.96076769,1,20,-10,190,-1,-1,49,10,20,1.0
55,3,76,59192,60722,60722,61727,61727,62346,62378,70878,70878,71511,71543,71577,74644,1530,1005,619,8500,633,98,0,600,2315,3101,3067,1715,56.85076545,15.45450214,1,28,-18,160,-1,-1,49,10,28,1.0
55,3,77,74647,76168,76168,77176,77176,77781,77813,84313,84313,84915,84947,84981,88091,1521,1008,605,6500,602,405,0,600,2059,3144,3110,1459,70.29744994,13.44668449,1,10,10,190,1,1,51,20,10,2.0
55,3,78,88093,89614,89614,90621,90621,91226,91258,99258,99258,99859,99892,99926,103054,1521,1007,605,8000,601,590,0,600,1876,3162,3128,1276,85.26145986,14.96400992,1,14,-4,160,-1,-1,49,10,14,1.0
55,3,79,103057,104581,104581,105587,105587,106193,106225,115225,115225,115846,115878,115911,119009,1524,1006,606,9000,621,684,0,600,1759,3131,3098,1159,101.215244,15.95378417,1,4,6,150,1,1,51,10,4,2.0
55,3,80,119012,120533,120533,121538,121538,122143,122175,128175,128175,128797,128830,128863,131974,1521,1005,605,6000,622,1282,0,600,1165,3144,3111,565,114.180972,12.96572793,1,20,-6,210,-1,-1,49,14,20,1.0
55,3,81,131976,133496,133496,134503,134503,135129,135161,143661,143661,144294,144326,144359,147408,1520,1007,626,8500,633,541,0,600,1873,3082,3049,1273,129.6145808,15.43360886,1,14,-9,150,-1,-1,49,5,14,1.0
55,3,82,147411,148932,148932,149938,149938,150539,150572,158572,158572,159172,159204,159237,162373,1521,1006,601,8000,600,620,0,600,1852,3169,3136,1252,144.5794294,14.96484858,1,27,1,210,1,1,51,28,27,2.0
55,3,83,162376,163900,163900,164907,164907,165515,165548,172548,172548,173178,173210,173243,176326,1524,1007,608,7000,630,1122,0,600,1309,3116,3083,709,158.5331271,13.95369769,1,10,10,210,1,1,51,20,10,2.0
55,3,84,176328,177853,177853,178856,178856,179458,179491,186991,186991,187592,187624,187657,190784,1525,1003,602,7500,601,450,0,600,2019,3160,3127,1419,172.9908733,14.45774619,1,10,10,150,1,1,51,20,10,2.0
55,3,85,190787,192313,192313,193316,193316,193941,193973,200473,200473,201073,201105,201138,204244,1526,1003,625,6500,600,852,0,600,1594,3139,3106,994,186.4512515,13.46037819,1,10,-5,180,-1,-1,49,5,10,1.0
55,3,86,204247,205772,205772,206777,206777,207385,207417,216417,216417,217019,217052,217085,220201,1525,1005,608,9000,602,474,0,600,1986,3149,3116,1386,202.4075438,15.95629232,1,28,-8,200,-1,-1,49,20,28,1.0
55,3,87,220204,221729,221729,222736,222736,223340,223372,231872,231872,232505,232537,232570,235663,1525,1007,604,8500,633,587,0,600,1844,3126,3093,1244,217.8690945,15.46155075,1,28,-14,170,-1,-1,49,14,28,1.0
55,3,88,235666,237189,237189,238193,238193,238800,238832,247832,247832,248433,248466,248500,251609,1523,1004,607,9000,601,988,0,600,1477,3143,3109,877,233.8161902,15.94709568,1,20,8,210,1,1,51,28,20,2.0
55,3,89,251612,253134,253134,254141,254141,254760,254792,262792,262792,263421,263454,263487,266547,1522,1007,619,8000,629,745,0,600,1678,3093,3060,1078,248.7535803,14.93739006,1,4,1,160,1,1,51,5,4,2.0
55,3,90,266550,268074,268074,269077,269077,269683,269716,276216,276216,276817,276850,276884,279988,1524,1003,606,6500,601,528,0,600,1938,3138,3104,1338,262.1943462,13.44076595,1,14,14,180,1,1,51,28,14,2.0
55,3,91,279991,281513,281513,282516,282516,283123,283155,289155,289155,289772,289805,289839,292934,1522,1003,607,6000,617,879,0,600,1572,3129,3095,972,275.1407699,12.94642367,1,2,5,190,1,1,51,7,2,2.0
55,3,92,292937,294456,294456,295460,295460,296067,296100,303100,303100,303701,303734,303768,306892,1519,1004,607,7000,601,542,0,600,1927,3158,3124,1327,289.0987073,13.9579374,0,27,1,210,1,-1,49,28,27,1.0
55,3,93,306895,308420,308420,309427,309427,310031,310063,317563,317563,318191,318224,318258,321331,1525,1007,604,7500,628,627,0,600,1809,3107,3073,1209,303.5367325,14.43802516,1,7,7,170,1,1,51,14,7,2.0
55,3,94,321334,322860,322860,323866,323866,324483,324516,330516,330516,331148,331181,331215,334279,1526,1006,617,6000,632,490,0,600,1929,3098,3064,1329,316.4860554,12.94932297,1,5,5,160,1,1,51,10,5,2.0
55,3,95,334282,335807,335807,336815,336815,337418,337451,345951,345951,346551,346583,346616,349716,1525,1008,603,8500,600,1040,0,600,1424,3133,3100,824,331.9229894,15.43693397,1,10,10,170,1,1,51,20,10,2.0
55,3,96,349719,351240,351240,352248,352248,352851,352884,359884,359884,360513,360545,360579,363653,1521,1008,603,7000,629,1502,0,600,937,3108,3074,337,345.8593271,13.93633774,1,6,1,200,1,1,51,7,6,2.0
55,3,97,363656,365177,365177,366185,366185,366789,366821,373321,373321,373949,373982,374015,377113,1521,1008,604,6500,628,720,0,600,1719,3131,3098,1119,359.3197638,13.46043665,1,5,9,200,1,1,51,14,5,2.0
55,3,98,377115,378643,378643,379674,379674,380280,380312,387812,387812,388438,388471,388504,391549,1528,1031,606,7500,626,861,0,600,1548,3078,3045,948,373.7554041,14.43564027,1,5,2,210,1,1,51,7,5,2.0
55,3,99,391552,393077,393077,394082,394082,394686,394718,402718,402718,403342,403375,403408,406490,1525,1005,604,8000,624,411,0,600,2031,3115,3082,1431,388.6963874,14.94098338,1,4,3,200,1,1,51,7,4,2.0
55,3,100,406493,408017,408017,409020,409020,409627,409660,418660,418660,419292,419324,419357,422445,1524,1003,607,9000,632,677,0,600,1757,3121,3088,1157,404.6515289,15.95514146,0,20,8,190,1,-1,49,28,20,1.0
55,3,101,422448,423970,423970,424973,424973,425579,425612,431612,431612,432226,432258,432292,435410,1522,1003,606,6000,614,736,0,600,1719,3152,3118,1119,417.616281,12.96475215,1,57,-37,180,-1,-1,49,20,57,1.0
55,3,102,435413,436936,436936,437944,437944,438550,438582,445582,445582,446182,446214,446248,449357,1523,1008,606,7000,600,565,0,600,1898,3143,3109,1298,431.563704,13.94742295,1,13,1,210,1,1,51,14,13,2.0
55,3,103,449360,450886,450886,451890,451890,452515,452549,460549,460549,461178,461211,461244,464321,1526,1004,625,8000,629,662,0,600,1754,3110,3077,1154,446.5271787,14.96347472,1,7,-2,180,-1,-1,49,5,7,1.0
55,3,104,464324,465844,465844,466846,466846,467450,467483,476483,476483,477083,477116,477149,480280,1520,1002,604,9000,600,424,0,600,2050,3164,3131,1450,462.4863969,15.95921814,1,28,-14,180,-1,-1,49,14,28,1.0
55,3,105,480283,481806,481806,482814,482814,483442,483474,489974,489974,490603,490635,490669,493742,1523,1008,628,6500,629,568,0,600,1844,3107,3073,1244,475.9486045,13.46220769,1,7,-2,200,-1,-1,49,5,7,1.0
55,3,106,493745,495274,495274,496281,496281,496882,496914,504414,504414,505014,505047,505081,508207,1529,1007,601,7500,600,639,0,600,1824,3160,3126,1224,490.4130811,14.46447657,1,20,-13,200,-1,-1,49,7,20,1.0
55,3,107,508210,509735,509735,510741,510741,511364,511397,519897,519897,520520,520554,520587,523667,1525,1006,623,8500,623,729,0,600,1694,3113,3080,1094,505.8723401,15.45925897,1,4,1,150,1,1,51,5,4,2.0
55,3,108,523668,525188,525188,526193,526193,526796,526828,534328,534328,534928,534962,534995,538128,1520,1005,603,7500,600,463,0,600,2009,3166,3133,1409,520.3338734,14.46153327,1,14,-7,170,-1,-1,49,7,14,1.0
55,4,109,51717,53241,53241,54256,54256,54879,54911,60911,60911,61539,61572,61608,64660,1524,1015,623,6000,628,539,0,600,1871,3088,3052,1271,12.95598946,12.95598946,1,4,1,160,1,1,51,5,4,2.0
55,4,110,64665,66189,66189,67192,67192,67801,67834,75334,75334,75968,76000,76034,79125,1524,1003,609,7500,634,448,0,600,1982,3125,3091,1382,27.41855004,14.46256058,0,10,4,150,1,-1,49,14,10,1.0
55,4,111,79128,80655,80655,81665,81665,82272,82304,88804,88804,89405,89439,89474,92592,1527,1010,607,6500,601,410,0,600,2045,3153,3118,1445,40.88616698,13.46761695,1,14,-7,150,-1,-1,49,7,14,1.0
55,4,112,92595,94119,94119,95125,95125,95730,95762,103762,103762,104363,104396,104431,107535,1524,1006,605,8000,601,1273,0,600,1191,3139,3104,591,55.82923661,14.94306963,0,14,-4,180,-1,1,51,10,14,2.0
55,4,113,107538,109064,109064,110066,110066,110666,110699,119699,119699,120301,120333,120367,123498,1526,1002,600,9000,602,653,0,600,1817,3165,3131,1217,71.7916331,15.96239649,0,29,-1,150,-1,1,51,28,29,2.0
55,4,114,123501,125023,125023,126031,126031,126638,126671,135171,135171,135804,135837,135871,138951,1522,1008,607,8500,633,539,0,600,1891,3114,3080,1291,87.24490664,15.45327353,1,7,7,160,1,1,51,14,7,2.0
55,4,115,138954,140479,140479,141483,141483,142088,142121,149121,149121,149734,149766,149801,152898,1525,1004,605,7000,613,456,0,600,1997,3132,3097,1397,101.1914337,13.94652703,1,40,-20,170,-1,-1,49,20,40,1.0
55,4,116,152901,154426,154426,155428,155428,156034,156068,165068,165068,165671,165704,165737,168844,1525,1002,606,9000,603,819,0,600,1645,3140,3107,1045,117.1376609,15.94622719,1,28,-14,170,-1,-1,49,14,28,1.0
55,4,117,168847,170372,170372,171381,171381,171988,172021,178521,178521,179123,179156,179190,182291,1525,1009,607,6500,602,980,0,600,1477,3135,3101,877,130.5851732,13.4475123,1,28,-14,200,-1,-1,49,14,28,1.0
55,4,118,182294,183817,183817,184824,184824,185428,185460,193460,193460,194071,194105,194139,197247,1523,1007,604,8000,611,1117,0,600,1338,3142,3108,738,145.539783,14.95460988,0,40,-12,150,-1,1,51,28,40,2.0
55,4,119,197250,198775,198775,199780,199780,200387,200420,207920,207920,208538,208571,208604,211708,1525,1005,607,7500,618,625,0,600,1820,3137,3104,1220,160.0018114,14.46202839,1,2,5,200,1,1,51,7,2,2.0
55,4,120,211711,213237,213237,214244,214244,214850,214882,223382,223382,223983,224015,224049,227158,1526,1007,606,8500,601,461,0,600,1999,3143,3109,1399,175.4516722,15.44986073,1,10,18,210,1,1,51,28,10,2.0
55,4,121,227161,228683,228683,229689,229689,230290,230322,236322,236322,236952,236984,237017,240121,1522,1006,601,6000,630,431,0,600,2010,3137,3104,1410,188.4146424,12.96297026,1,4,3,150,1,1,51,7,4,2.0
55,4,122,240124,241652,241652,242662,242662,243269,243301,250301,250301,250903,250936,250971,254063,1528,1010,607,7000,602,380,0,600,2073,3127,3092,1473,202.3564174,13.94177503,1,28,-18,170,-1,-1,49,10,28,1.0
55,4,123,254066,255589,255589,256596,256596,257204,257237,264737,264737,265338,265370,265403,268512,1523,1007,608,7500,601,594,0,600,1867,3142,3109,1267,216.8057056,14.44928816,1,20,8,210,1,1,51,28,20,2.0
55,4,124,268515,270042,270042,271050,271050,271678,271710,279710,279710,280323,280355,280389,283452,1527,1008,628,8000,613,646,0,600,1778,3097,3063,1178,231.745649,14.93994341,1,4,1,190,1,1,51,5,4,2.0
55,4,125,283455,284980,284980,285987,285987,286594,286626,295626,295626,296227,296260,296293,299401,1525,1007,607,9000,601,435,0,600,2025,3141,3108,1425,247.6941002,15.94845116,1,14,14,150,1,1,51,28,14,2.0
55,4,126,299404,300930,300930,301936,301936,302560,302593,308593,308593,309223,309256,309289,312356,1526,1006,624,6000,630,621,0,600,1793,3100,3067,1193,260.6494607,12.95536054,1,4,1,210,1,1,51,5,4,2.0
55,4,127,312359,313884,313884,314887,314887,315494,315527,322027,322027,322648,322680,322714,325806,1525,1003,607,6500,621,383,0,600,2061,3126,3092,1461,274.0998527,13.45039201,1,56,-28,180,-1,-1,49,28,56,1.0
55,4,128,325809,327331,327331,328336,328336,328942,328974,337474,337474,338108,338141,338176,341261,1522,1005,606,8500,634,668,0,600,1765,3120,3085,1165,289.5543314,15.45447864,1,14,-7,210,-1,-1,49,7,14,1.0
55,4,129,341264,342793,342793,343796,343796,344401,344433,351433,351433,352063,352096,352129,355199,1529,1003,605,7000,630,492,0,600,1941,3103,3070,1341,303.492146,13.93781467,1,5,9,190,1,1,51,14,5,2.0
55,4,130,355201,356722,356722,357729,357729,358331,358363,364363,364363,364988,365020,365054,368149,1521,1007,602,6000,625,417,0,600,2028,3129,3095,1428,316.4422257,12.95007966,1,4,1,190,1,1,51,5,4,2.0
55,4,131,368152,369674,369674,370682,370682,371290,371322,379822,379822,380424,380457,380491,383590,1522,1008,608,8500,602,1296,0,600,1164,3133,3099,564,331.8838481,15.44162239,1,7,7,170,1,1,51,14,7,2.0
55,4,132,383593,385117,385117,386124,386124,386733,386766,394766,394766,395369,395402,395435,398531,1524,1007,609,8000,603,485,0,600,1972,3129,3096,1372,346.8245919,14.9407438,1,7,3,210,1,1,51,10,7,2.0
55,4,133,398534,400057,400057,401060,401060,401678,401711,410711,410711,411341,411373,411406,414471,1523,1003,618,9000,630,324,0,600,2102,3098,3065,1502,362.7639651,15.93937326,1,7,3,180,1,1,51,10,7,2.0
55,4,134,414474,416000,416000,417009,417009,417613,417645,424645,424645,425246,425280,425315,428429,1526,1009,604,7000,601,241,0,600,2219,3149,3114,1619,376.7226966,13.95873146,1,14,-9,150,-1,-1,49,5,14,1.0
55,4,135,428432,429958,429958,430963,430963,431567,431601,438101,438101,438702,438735,438770,441877,1526,1005,604,6500,601,335,0,600,2129,3142,3107,1529,390.1701113,13.44741466,1,7,13,210,1,1,51,20,7,2.0
55,4,136,441880,443404,443404,444410,444410,445010,445042,452542,452542,453145,453178,453213,456323,1524,1006,600,7500,603,1311,0,600,1156,3145,3110,556,404.6158739,14.44576266,1,14,-7,160,-1,-1,49,7,14,1.0
55,4,137,456326,457847,457847,458853,458853,459486,459520,466020,466020,466623,466656,466690,469790,1521,1006,633,6500,603,423,0,600,2014,3134,3100,1414,418.0834773,13.46760339,1,14,-9,160,-1,-1,49,5,14,1.0
55,4,138,469793,471319,471319,472321,472321,472924,472956,480456,480456,481058,481091,481126,484250,1526,1002,603,7500,602,544,0,600,1923,3159,3124,1323,432.5425675,14.45909021,1,21,-1,150,-1,-1,49,20,21,1.0
55,4,139,484252,485773,485773,486777,486777,487384,487416,493416,493416,494034,494067,494101,497211,1521,1004,607,6000,618,306,0,600,2144,3144,3110,1544,445.5033632,12.96079571,1,57,-37,150,-1,-1,49,20,57,1.0
55,4,140,497214,498733,498733,499736,499736,500341,500373,508373,508373,508989,509021,509055,512150,1519,1003,605,8000,616,423,0,600,2034,3129,3095,1434,460.4443569,14.94099362,1,7,13,160,1,1,51,20,7,2.0
55,4,141,512154,513677,513677,514683,514683,515289,515322,522322,522322,522953,522986,523022,526102,1523,1006,606,7000,631,601,0,600,1833,3116,3080,1233,474.3947364,13.95037951,1,7,3,160,1,1,51,10,7,2.0
55,4,142,526105,527631,527631,528634,528634,529240,529273,538273,538273,538874,538907,538941,542041,1526,1003,606,9000,601,1495,0,600,969,3134,3100,369,490.3338872,15.93915086,1,28,-8,160,-1,-1,49,20,28,1.0
55,4,143,542044,543574,543574,544583,544583,545187,545220,553720,553720,554323,554355,554390,557479,1530,1009,604,8500,603,739,0,600,1715,3124,3089,1115,505.7716677,15.43778046,1,20,-13,150,-1,-1,49,7,20,1.0
55,4,144,557481,559006,559006,560012,560012,560632,560664,568164,568164,568764,568797,568831,571915,1525,1006,620,7500,600,540,0,600,1909,3118,3084,1309,520.207628,14.4359603,1,20,-10,200,-1,-1,49,10,20,1.0
55,5,145,17560,19084,19084,20099,20099,20700,20734,29234,29234,29853,29886,29922,33031,1524,1015,601,8500,619,297,0,600,2144,3145,3109,1544,15.48327395,15.48327395,1,79,-51,160,-1,-1,49,28,79,1.0
55,5,146,33036,34562,34562,35565,35565,36171,36203,43703,43703,44333,44366,44400,47496,1526,1003,606,7500,630,454,0,600,1981,3130,3096,1381,29.94620097,14.46292702,0,40,-20,170,-1,1,51,20,40,2.0
55,5,147,47498,49019,49019,50022,50022,50642,50675,57675,57675,58292,58324,58357,61457,1521,1003,620,7000,617,517,0,600,1922,3133,3100,1322,43.90728146,13.96108049,1,2,3,150,1,1,51,5,2,2.0
55,5,148,61459,62982,62982,63987,63987,64611,64644,72644,72644,73244,73276,73310,76416,1523,1005,624,8000,600,401,0,600,2047,3140,3106,1447,58.86638328,14.95910182,1,11,-1,150,-1,-1,49,10,11,1.0
55,5,149,76419,77944,77944,78949,78949,79553,79585,86085,86085,86701,86734,86768,89874,1525,1005,604,6500,616,237,0,600,2213,3140,3106,1613,72.324963,13.45857973,1,56,-28,200,-1,-1,49,28,56,1.0
55,5,150,89877,91405,91405,92408,92408,93011,93043,99043,99043,99643,99677,99710,102815,1528,1003,603,6000,600,308,0,600,2158,3138,3105,1558,85.2647479,12.9397849,1,14,-7,200,-1,-1,49,7,14,1.0
55,5,151,102817,104335,104335,105337,105337,105942,105975,114975,114975,115607,115640,115673,118752,1518,1002,605,9000,632,634,0,600,1809,3112,3079,1209,101.2024652,15.93771733,1,10,4,170,1,1,51,14,10,2.0
55,5,152,118755,120279,120279,121281,121281,121887,121920,128920,128920,129551,129585,129620,132700,1524,1002,606,7000,631,1181,0,600,1256,3115,3080,656,115.1498559,13.94739071,1,11,-1,170,-1,-1,49,10,11,1.0
55,5,153,132702,134226,134226,135229,135229,135848,135880,142380,142380,142981,143013,143047,146155,1524,1003,619,6500,601,275,0,600,2178,3142,3108,1578,128.6049707,13.45511479,1,20,-13,190,-1,-1,49,7,20,1.0
55,5,154,146158,147682,147682,148691,148691,149292,149325,156825,156825,157456,157489,157523,160617,1524,1009,601,7500,631,292,0,600,2143,3128,3094,1543,143.067719,14.46274832,1,14,-4,160,-1,-1,49,10,14,1.0
55,5,155,160620,162145,162145,163151,163151,163753,163786,171786,171786,172416,172448,172481,175570,1525,1006,602,8000,630,577,0,600,1860,3122,3089,1260,158.0206055,14.95288645,1,5,9,200,1,1,51,14,5,2.0
55,5,156,175573,177097,177097,178100,178100,178705,178738,187238,187238,187843,187875,187910,191026,1524,1003,605,8500,605,733,0,600,1730,3151,3116,1130,173.4759957,15.45539022,1,40,-12,170,-1,-1,49,28,40,1.0
55,5,157,191029,192558,192558,193564,193564,194167,194199,203199,203199,203814,203846,203880,206980,1529,1006,603,9000,615,497,0,600,1950,3134,3100,1350,189.4295289,15.95353315,1,56,-28,160,-1,-1,49,28,56,1.0
55,5,158,206982,208503,208503,209507,209507,210112,210145,216145,216145,216776,216809,216843,219924,1521,1004,605,6000,631,373,0,600,2066,3115,3081,1466,202.3739145,12.94438563,1,7,13,180,1,1,51,20,7,2.0
55,5,159,219926,221448,221448,222450,222450,223052,223085,231585,231585,232203,232235,232268,235366,1522,1002,602,8500,618,653,0,600,1803,3131,3098,1203,217.8160694,15.44215488,1,56,-28,190,-1,-1,49,28,56,1.0
55,5,160,235369,236894,236894,237900,237900,238523,238555,245555,245555,246173,246206,246240,249309,1525,1006,623,7000,618,430,0,600,1998,3103,3069,1398,231.759328,13.94325858,1,3,2,180,1,1,51,5,3,2.0
55,5,161,249312,250831,250831,251835,251835,252440,252472,260473,260473,261091,261125,261158,264266,1519,1004,605,8001,618,240,0,600,2213,3141,3108,1613,246.7163345,14.95700652,1,57,-37,180,-1,-1,49,20,57,1.0
55,5,162,264269,265795,265795,266799,266799,267428,267461,273461,273461,274062,274094,274127,277216,1526,1004,629,6000,601,386,0,600,2054,3122,3089,1454,259.6664729,12.95013843,1,20,-10,210,-1,-1,49,10,20,1.0
55,5,163,277219,278739,278739,279741,279741,280363,280395,289395,289395,290013,290046,290079,293172,1520,1002,622,9000,618,485,0,600,1953,3126,3093,1353,275.6218524,15.95537953,1,2,3,180,1,1,51,5,2,2.0
55,5,164,293174,294697,294697,295702,295702,296328,296360,302860,302860,303486,303519,303552,306613,1523,1005,626,6500,626,490,0,600,1930,3094,3061,1330,289.0632533,13.4414009,1,5,9,160,1,1,51,14,5,2.0
55,5,165,306616,308133,308133,309137,309137,309742,309775,317275,317275,317880,317912,317945,321055,1517,1004,605,7500,605,246,0,600,2223,3143,3110,1623,303.5053112,14.44205784,1,40,-26,190,-1,-1,49,14,40,1.0
55,5,166,321058,322575,322575,323580,323580,324180,324212,331712,331712,332331,332364,332398,335506,1517,1005,600,7500,619,533,0,600,1926,3142,3108,1326,317.9563764,14.45106523,1,2,5,150,1,1,51,7,2,2.0
55,5,167,335509,337035,337035,338039,338039,338656,338688,347188,347188,347790,347822,347855,350970,1526,1004,617,8500,602,735,0,600,1716,3148,3115,1116,333.4199573,15.46358095,1,14,-7,180,-1,-1,49,7,14,1.0
55,5,168,350973,352493,352493,353497,353497,354099,354133,360633,360633,361251,361284,361318,364435,1520,1004,602,6500,618,902,0,600,1554,3151,3117,954,346.8853238,13.46536646,1,2,5,180,1,1,51,7,2,2.0
55,5,169,364438,365960,365960,366962,366962,367567,367599,376599,376599,377199,377231,377264,380369,1522,1002,605,9000,600,629,0,600,1842,3138,3105,1242,362.8191112,15.93378741,1,7,7,190,1,1,51,14,7,2.0
55,5,170,380372,381894,381894,382897,382897,383515,383548,391548,391548,392166,392199,392232,395316,1522,1003,618,8000,618,380,0,600,2059,3117,3084,1459,377.7658564,14.94674521,1,3,2,170,1,1,51,5,3,2.0
55,5,171,395319,396847,396847,397853,397853,398482,398514,404514,404514,405142,405175,405208,408267,1528,1006,629,6000,628,1262,0,600,1147,3092,3059,547,390.7170538,12.95119737,1,14,-7,170,-1,-1,49,7,14,1.0
55,5,172,408270,409792,409792,410796,410796,411400,411432,418432,418432,419064,419096,419130,422217,1522,1004,604,7000,632,411,0,600,2027,3121,3087,1427,404.6667013,13.94964752,1,14,6,160,1,1,51,20,14,2.0
55,5,173,422220,423744,423744,424750,424750,425377,425410,432410,432410,433024,433056,433090,436173,1524,1006,627,7000,614,664,0,600,1765,3117,3083,1165,418.6221185,13.9554172,1,4,1,200,1,1,51,5,4,2.0
55,5,174,436175,437701,437701,438707,438707,439310,439343,448343,448343,448976,449009,449043,452109,1526,1006,603,9000,633,491,0,600,1941,3100,3066,1341,434.558751,15.93663247,1,28,-14,150,-1,-1,49,14,28,1.0
55,5,175,452112,453633,453633,454638,454638,455247,455279,463279,463279,463911,463943,463976,467055,1521,1005,609,8000,632,700,0,600,1733,3112,3079,1133,449.5051744,14.94642337,1,10,18,170,1,1,51,28,10,2.0
55,5,176,467058,468580,468580,469583,469583,470190,470223,476223,476223,476828,476860,476893,480006,1522,1003,607,6000,605,1445,0,600,1018,3146,3113,418,462.4562283,12.95105393,1,20,-10,150,-1,-1,49,10,20,1.0
55,5,177,480009,481531,481531,482536,482536,483143,483176,489676,489676,490280,490314,490347,493443,1522,1005,607,6500,604,418,0,600,2044,3129,3096,1444,475.8927503,13.43652202,1,10,10,200,1,1,51,20,10,2.0
55,5,178,493446,494969,494969,495977,495977,496580,496613,504113,504113,504746,504779,504812,507905,1523,1008,603,7500,633,935,0,600,1498,3126,3093,898,490.354204,14.46145371,1,20,-10,200,-1,-1,49,10,20,1.0
55,5,179,507908,509431,509431,510437,510437,511042,511074,519575,519575,520192,520224,520256,523345,1523,1006,605,8501,617,383,0,600,2065,3121,3089,1465,505.794602,15.440398,1,57,-37,200,-1,-1,49,20,57,1.0
55,5,180,523347,524872,524872,525878,525878,526504,526537,533537,533537,534169,534201,534234,537281,1525,1006,626,7000,632,732,0,600,1679,3080,3047,1079,519.730545,13.93594297,1,10,-5,160,-1,-1,49,5,10,1.0
55,6,181,18299,19824,19824,20844,20844,21463,21495,27995,27995,28598,28631,28669,31765,1525,1020,619,6500,603,380,0,600,2053,3134,3096,1453,13.47934403,13.47934403,1,40,-12,200,-1,-1,49,28,40,1.0
55,6,182,31770,33296,33296,34302,34302,34905,34937,40937,40937,41539,41572,41606,44726,1526,1006,603,6000,602,637,0,600,1826,3154,3120,1226,26.43801612,12.95867209,1,10,-5,210,-1,-1,49,5,10,1.0
55,6,183,44729,46248,46248,47255,47255,47859,47891,56391,56391,56993,57026,57061,60194,1519,1007,604,8500,602,974,0,600,1494,3168,3133,894,41.90540947,15.46739335,0,15,-1,190,-1,1,51,14,15,2.0
55,6,184,60196,61714,61714,62715,62715,63321,63354,72354,72354,72955,72987,73022,76155,1518,1001,606,9000,601,1206,0,600,1268,3168,3133,668,57.86659151,15.96118204,1,10,-3,180,-1,-1,49,7,10,1.0
55,6,185,76158,77680,77680,78685,78685,79292,79324,86324,86324,86957,86989,87023,90104,1522,1005,607,7000,633,181,0,600,2252,3115,3081,1652,71.81666424,13.95007273,1,40,-26,180,-1,-1,49,14,40,1.0
55,6,186,90107,91633,91633,92636,92636,93241,93274,100774,100774,101375,101408,101443,104571,1526,1003,605,7500,601,1394,0,600,1071,3163,3128,471,86.2834579,14.46679366,1,14,-4,160,-1,-1,49,10,14,1.0
55,6,187,104574,106104,106104,107108,107108,107714,107748,115748,115748,116350,116382,116417,119534,1530,1004,606,8000,602,575,0,600,1883,3152,3117,1283,101.2458734,14.96241547,0,28,-8,150,-1,1,51,20,28,2.0
55,6,188,119537,121060,121060,122065,122065,122671,122703,131703,131703,132304,132336,132371,135473,1523,1005,606,9000,601,363,0,600,2102,3137,3102,1502,117.1850788,15.9392054,0,7,13,160,1,-1,49,20,7,1.0
55,6,189,135476,137001,137001,138006,138006,138612,138644,147144,147144,147777,147809,147843,150922,1525,1005,606,8500,633,347,0,600,2084,3113,3079,1484,132.6343115,15.44923271,1,21,-1,200,-1,-1,49,20,21,1.0
55,6,190,150925,152444,152444,153450,153450,154057,154089,161589,161589,162220,162252,162286,165368,1519,1006,607,7500,631,440,0,600,1997,3116,3082,1397,147.0798382,14.4455267,1,5,5,200,1,1,51,10,5,2.0
55,6,191,165371,166897,166897,167901,167901,168508,168541,175541,175541,176142,176175,176209,179333,1526,1004,607,7000,601,290,0,600,2172,3158,3124,1572,161.0453371,13.9654989,1,14,-7,180,-1,-1,49,7,14,1.0
55,6,192,179336,180865,180865,181871,181871,182473,182506,188506,188506,189120,189152,189185,192266,1529,1006,602,6000,614,376,0,600,2073,3114,3081,1473,173.9771214,12.93178433,1,4,1,210,1,1,51,5,4,2.0
55,6,193,192269,193793,193793,194797,194797,195403,195436,203436,203436,204039,204071,204104,207200,1524,1004,606,8000,603,907,0,600,1556,3129,3096,956,188.9120714,14.93495002,1,14,6,150,1,1,51,20,14,2.0
55,6,194,207203,208727,208727,209733,209733,210336,210368,216868,216868,217492,217525,217559,220644,1524,1006,603,6500,624,575,0,600,1868,3119,3085,1268,202.3559416,13.44387017,1,3,2,210,1,1,51,5,3,2.0
55,6,195,220647,222170,222170,223180,223180,223785,223817,230817,230817,231446,231480,231513,234583,1523,1010,605,7000,629,880,0,600,1553,3103,3070,953,216.2949587,13.93901706,1,10,4,180,1,1,51,14,10,2.0
55,6,196,234586,236108,236108,237113,237113,237719,237751,245251,245251,245883,245916,245949,249048,1522,1005,606,7500,632,389,0,600,2046,3132,3099,1446,230.7594482,14.46448952,1,10,18,170,1,1,51,28,10,2.0
55,6,197,249051,250575,250575,251580,251580,252189,252222,260223,260223,260849,260880,260914,263987,1524,1005,609,8001,626,564,0,600,1871,3107,3073,1271,245.6987036,14.93925543,1,4,3,160,1,1,51,7,4,2.0
55,6,198,263990,265518,265518,266527,266527,267131,267164,275664,275664,276266,276299,276334,279429,1528,1009,604,8500,602,389,0,600,2068,3130,3095,1468,261.1401814,15.44147774,1,14,14,210,1,1,51,28,14,2.0
55,6,199,279432,280962,280962,281969,281969,282574,282607,288607,288607,289208,289240,289274,292389,1530,1007,605,6000,601,312,0,600,2145,3149,3115,1545,274.1009454,12.96076407,1,10,-5,180,-1,-1,49,5,10,1.0
55,6,200,292392,293917,293917,294921,294921,295527,295559,302059,302059,302660,302692,302726,305844,1525,1004,606,6500,601,705,0,600,1759,3152,3118,1159,287.5552882,13.45434273,0,10,4,150,1,-1,49,14,10,1.0
55,6,201,305847,307377,307377,308383,308383,308986,309019,318019,318019,318620,318652,318686,321799,1530,1006,603,9000,601,824,0,600,1636,3147,3113,1036,303.510542,15.95525386,1,11,-1,180,-1,-1,49,10,11,1.0
55,6,202,321802,323328,323328,324334,324334,324936,324969,331469,331469,332100,332134,332167,335253,1526,1006,602,6500,631,732,0,600,1703,3119,3086,1103,316.9646819,13.45413992,1,14,14,150,1,1,51,28,14,2.0
55,6,203,335256,336780,336780,337786,337786,338392,338424,347424,347424,348027,348059,348094,351191,1524,1006,606,9000,603,457,0,600,2004,3132,3097,1404,332.9025873,15.93790537,1,10,10,190,1,1,51,20,10,2.0
55,6,204,351194,352719,352719,353725,353725,354329,354361,361361,361361,361977,362010,362044,365141,1525,1006,604,7000,616,586,0,600,1863,3131,3097,1263,346.8523623,13.949775,1,40,-12,160,-1,-1,49,28,40,1.0
55,6,205,365144,366674,366674,367683,367683,368288,368320,375820,375820,376454,376486,376520,379578,1530,1009,605,7500,634,740,0,600,1682,3092,3058,1082,361.2897118,14.43734953,1,5,5,190,1,1,51,10,5,2.0
55,6,206,379581,381109,381109,382119,382119,382724,382758,390758,390758,391360,391392,391425,394516,1528,1010,605,8000,602,672,0,600,1783,3124,3091,1183,376.2273324,14.9376206,1,7,3,150,1,1,51,10,7,2.0
55,6,207,394519,396043,396043,397047,397047,397655,397688,403688,403688,404289,404321,404354,407468,1524,1004,608,6000,601,439,0,600,2024,3147,3114,1424,389.1794996,12.95216712,1,10,18,170,1,1,51,28,10,2.0
55,6,208,407471,408996,408996,410000,410000,410633,410667,419167,419167,419768,419801,419836,422912,1525,1004,633,8500,601,758,0,600,1679,3111,3076,1079,404.6233001,15.44380056,1,14,-9,190,-1,-1,49,5,14,1.0
55,6,209,422915,424437,424437,425442,425442,426047,426081,432581,432581,433183,433216,433250,436377,1522,1005,605,6500,602,972,0,600,1494,3161,3127,894,418.0883086,13.46500845,1,10,-3,180,-1,-1,49,7,10,1.0
55,6,210,436380,437904,437904,438910,438910,439513,439546,447546,447546,448146,448179,448214,451319,1524,1006,603,8000,600,369,0,600,2098,3140,3105,1498,433.0301336,14.94182505,1,7,3,210,1,1,51,10,7,2.0
55,6,211,451321,452842,452842,453849,453849,454471,454503,460503,460503,461137,461169,461203,464256,1521,1007,622,6000,634,735,0,600,1681,3087,3053,1081,445.9672064,12.93707274,1,6,-1,180,-1,-1,49,5,6,1.0
55,6,212,464259,465784,465784,466788,466788,467413,467445,474445,474445,475078,475111,475146,478206,1525,1004,625,7000,633,552,0,600,1861,3095,3060,1261,459.9176871,13.95048076,1,20,-6,180,-1,-1,49,14,20,1.0
55,6,213,478209,479731,479731,480741,480741,481346,481378,490378,490378,491009,491042,491075,494145,1522,1010,605,9000,631,1435,0,600,997,3103,3070,397,475.8566029,15.9389158,1,10,-3,150,-1,-1,49,7,10,1.0
55,6,214,494148,495677,495677,496682,496682,497284,497317,504817,504817,505421,505453,505488,508595,1529,1005,602,7500,604,499,0,600,1961,3142,3107,1361,490.3063672,14.4497643,1,7,13,190,1,1,51,20,7,2.0
55,6,215,508598,510123,510123,511131,511131,511737,511769,520269,520269,520885,520918,520952,524056,1525,1008,606,8500,616,597,0,600,1848,3138,3104,1248,505.766643,15.46027573,1,2,5,160,1,1,51,7,2,2.0
55,6,216,524058,525581,525581,526583,526583,527189,527223,533723,533723,534324,534357,534392,537502,1523,1002,606,6500,601,273,0,600,2195,3145,3110,1595,519.2131147,13.44647173,1,20,-6,170,-1,-1,49,14,20,1.0
56,1,1,59365,60893,60893,61893,61893,62514,62547,71047,71047,71651,71684,71721,74825,1528,1000,621,8500,604,742,0,600,1705,3141,3104,1105,15.49197969,15.49197969,1,7,-2,210,-1,-1,49,5,7,1.0
56,1,2,74874,76396,76396,77416,77416,78023,78055,84056,84056,84657,84689,84722,87819,1522,1020,607,6001,601,1199,0,600,1250,3130,3097,650,28.43831235,12.94633266,1,7,13,170,1,1,51,20,7,2.0
56,1,3,87822,89347,89347,90353,90353,90960,90992,97492,97492,98093,98125,98159,101275,1525,1006,607,6500,601,1577,0,600,884,3150,3116,284,41.89401477,13.45570242,1,28,-8,190,-1,-1,49,20,28,1.0
56,1,4,101278,102801,102801,103810,103810,104414,104446,111446,111446,112079,112111,112145,115237,1523,1009,604,7000,633,487,0,600,1944,3126,3092,1344,55.85591825,13.96190348,1,20,-13,180,-1,-1,49,7,20,1.0
56,1,5,115240,116762,116762,117765,117765,118367,118399,127399,127399,128014,128047,128080,131180,1522,1003,602,9000,615,750,0,600,1708,3133,3100,1108,71.79906744,15.94314919,1,2,5,170,1,1,51,7,2,2.0
56,1,6,131183,132706,132706,133710,133710,134317,134349,142349,142349,142969,143001,143035,146131,1523,1004,607,8000,620,616,0,600,1830,3130,3096,1230,86.75051493,14.9514475,1,57,-37,200,-1,-1,49,20,57,1.0
56,1,7,146134,147659,147659,148664,148664,149270,149303,156803,156803,157422,157454,157487,160573,1525,1005,606,7500,619,865,0,600,1580,3119,3086,980,101.1918384,14.44132345,1,9,1,150,1,1,51,10,9,2.0
56,1,8,160576,162096,162096,163100,163100,163707,163739,171239,171239,171840,171872,171906,175032,1520,1004,607,7500,601,678,0,600,1790,3160,3126,1190,115.651339,14.45950065,1,28,-14,180,-1,-1,49,14,28,1.0
56,1,9,175034,176561,176561,177567,177567,178195,178227,184227,184227,184853,184886,184921,187978,1527,1006,628,6000,626,570,0,600,1843,3092,3057,1243,128.5967246,12.94538551,1,20,-13,150,-1,-1,49,7,20,1.0
56,1,10,187980,189506,189506,190512,190512,191118,191150,198150,198150,198752,198785,198819,201928,1526,1006,606,7000,602,890,0,600,1570,3143,3109,970,142.5475148,13.95079025,1,20,8,170,1,1,51,28,20,2.0
56,1,11,201931,203454,203454,204458,204458,205066,205098,211598,211598,212199,212231,212266,215381,1523,1004,608,6500,601,1154,0,600,1310,3150,3115,710,155.9996664,13.4521516,1,14,-4,210,-1,-1,49,10,14,1.0
56,1,12,215384,216906,216906,217911,217911,218518,218551,227551,227551,228153,228186,228219,231316,1522,1005,607,9000,602,617,0,600,1847,3130,3097,1247,171.9347665,15.9351001,1,28,-14,160,-1,-1,49,14,28,1.0
56,1,13,231319,232845,232845,233851,233851,234452,234484,242484,242484,243118,243150,243184,246274,1526,1006,601,8000,634,580,0,600,1853,3124,3090,1253,186.8999993,14.96523281,1,10,18,190,1,1,51,28,10,2.0
56,1,14,246284,247809,247809,248813,248813,249441,249473,257973,257973,258588,258620,258654,261721,1525,1004,628,8500,615,978,0,600,1450,3101,3067,850,202.3415207,15.44152144,1,4,1,160,1,1,51,5,4,2.0
56,1,15,261725,263246,263246,264250,264250,264852,264886,270886,270886,271517,271549,271583,274674,1521,1004,602,6000,631,1260,0,600,1182,3125,3091,582,215.292647,12.95112626,1,9,1,190,1,1,51,10,9,2.0
56,1,16,274677,276200,276200,277203,277203,277830,277863,286863,286863,287465,287498,287531,290612,1523,1003,627,9000,602,892,0,600,1553,3114,3081,953,231.2310993,15.93845233,1,7,-2,170,-1,-1,49,5,7,1.0
56,1,17,290614,292139,292139,293144,293144,293762,293795,302295,302295,302926,302958,302994,306058,1525,1005,618,8500,631,906,0,600,1515,3100,3064,915,246.6772682,15.44616888,1,10,-3,160,-1,-1,49,7,10,1.0
56,1,18,306060,307583,307583,308585,308585,309190,309222,317222,317222,317822,317856,317891,321004,1523,1002,605,8000,600,728,0,600,1742,3148,3113,1142,261.6222306,14.94496242,1,14,-4,200,-1,-1,49,10,14,1.0
56,1,19,321006,322527,322527,323531,323531,324133,324165,331665,331665,332281,332314,332348,335437,1521,1004,602,7500,616,608,0,600,1849,3123,3089,1249,276.0557452,14.43351454,1,3,2,170,1,1,51,5,3,2.0
56,1,20,335440,336960,336960,337969,337969,338574,338607,345607,345607,346208,346240,346274,349390,1520,1009,605,7000,601,1247,0,600,1218,3150,3116,618,290.0089417,13.95319654,1,7,3,190,1,1,51,10,7,2.0
56,1,21,349392,350915,350915,351915,351915,352526,352558,359058,359058,359659,359692,359728,362855,1523,1000,611,6500,601,740,0,600,1725,3163,3127,1125,303.4734466,13.46450489,1,10,18,150,1,1,51,28,10,2.0
56,1,22,362858,364380,364380,365384,365384,365991,366023,374523,374523,375154,375186,375220,378307,1522,1004,607,8500,631,545,0,600,1891,3121,3087,1291,318.9253369,15.45189033,1,28,-14,160,-1,-1,49,14,28,1.0
56,1,23,378309,379834,379834,380836,380836,381439,381471,387471,387471,388073,388105,388140,391255,1525,1002,603,6000,602,705,0,600,1763,3150,3115,1163,331.8742485,12.94891162,1,10,4,190,1,1,51,14,10,2.0
56,1,24,391258,392777,392777,393780,393780,394401,394434,401434,401434,402037,402069,402104,405198,1519,1003,621,7000,603,1362,0,600,1092,3129,3094,492,345.8162026,13.94195403,1,13,1,210,1,1,51,14,13,2.0
56,1,25,405201,406720,406720,407725,407725,408330,408362,415862,415862,416466,416499,416532,419647,1519,1005,605,7500,604,477,0,600,1990,3148,3115,1390,360.2665156,14.45031306,1,40,-20,200,-1,-1,49,20,40,1.0
56,1,26,419650,421170,421170,422175,422175,422781,422813,429313,429313,429913,429946,429979,433087,1520,1005,606,6500,600,662,0,600,1807,3141,3108,1207,373.7052954,13.43877974,1,40,-20,190,-1,-1,49,20,40,1.0
56,1,27,433090,434615,434615,435622,435622,436229,436261,444261,444261,444893,444926,444960,448027,1525,1007,607,8000,632,1046,0,600,1383,3101,3067,783,388.6456721,14.94037676,1,10,-3,210,-1,-1,49,7,10,1.0
56,1,28,448030,449550,449550,450555,450555,451159,451192,460192,460192,460793,460826,460861,463993,1520,1005,604,9000,601,946,0,600,1524,3167,3132,924,404.6112057,15.96553356,1,20,-13,160,-1,-1,49,7,20,1.0
56,1,29,463996,465518,465518,466526,466526,467151,467183,474183,474183,474783,474816,474850,477936,1522,1008,625,7000,600,705,0,600,1740,3120,3086,1140,418.554165,13.94295934,1,10,4,200,1,1,51,14,10,2.0
56,1,30,477938,479459,479459,480466,480466,481095,481128,487628,487628,488245,488278,488311,491383,1521,1007,629,6500,617,434,0,600,1992,3105,3072,1392,432.0019612,13.44779617,1,2,3,150,1,1,51,5,2,2.0
56,1,31,491386,492914,492914,493921,493921,494526,494559,503559,503559,504160,504192,504228,507342,1528,1007,605,9000,601,1092,0,600,1367,3150,3114,767,447.9603105,15.95834934,1,20,8,180,1,1,51,28,20,2.0
56,1,32,507345,508868,508868,509870,509870,510477,510511,519011,519011,519613,519647,519681,522794,1523,1002,607,8500,602,1212,0,600,1254,3147,3113,654,463.4133999,15.45308941,0,27,1,170,1,-1,49,28,27,1.0
56,1,33,522798,524326,524326,525332,525332,525938,525971,531971,531971,532603,532635,532669,535731,1528,1006,606,6000,632,361,0,600,2067,3096,3062,1467,476.3489427,12.93554278,1,10,18,170,1,1,51,28,10,2.0
56,1,34,535734,537253,537253,538258,538258,538888,538921,546421,546421,547021,547053,547086,550178,1519,1005,630,7500,600,684,0,600,1762,3125,3092,1162,490.796939,14.44799627,1,7,-2,170,-1,-1,49,5,7,1.0
56,1,35,550181,551702,551702,552705,552705,553309,553341,561341,561341,561972,562004,562037,565132,1521,1003,604,8000,631,327,0,600,2114,3128,3095,1514,505.7505399,14.95360095,1,5,5,150,1,1,51,10,5,2.0
56,1,36,565135,566659,566659,567666,567666,568269,568301,574301,574301,574919,574951,574985,578074,1524,1007,603,6000,618,446,0,600,2002,3123,3089,1402,518.6922393,12.94169939,1,7,13,210,1,1,51,20,7,2.0
56,2,37,26201,27722,27722,28733,28733,29356,29388,37888,37888,38522,38554,38591,41673,1521,1011,623,8500,634,664,0,600,1747,3119,3082,1147,15.48513148,15.48513148,1,6,-1,170,-1,-1,49,5,6,1.0
56,2,38,41678,43199,43199,44203,44203,44809,44841,51841,51841,52443,52477,52512,55640,1521,1004,606,7000,602,458,0,600,2009,3163,3128,1409,29.44981462,13.96468314,1,7,7,170,1,1,51,14,7,2.0
56,2,39,55643,57165,57165,58171,58171,58801,58833,66833,66833,67457,67491,67524,70578,1522,1006,630,8000,624,511,0,600,1907,3087,3054,1307,44.3873195,14.93750488,1,3,2,190,1,1,51,5,3,2.0
56,2,40,70580,72108,72108,73114,73114,73718,73750,81250,81250,81867,81899,81933,85042,1528,1006,604,7500,617,628,0,600,1817,3143,3109,1217,58.85215799,14.46483849,1,4,3,200,1,1,51,7,4,2.0
56,2,41,85045,86567,86567,87576,87576,88179,88211,97211,97211,97832,97864,97897,100976,1522,1009,603,9000,621,858,0,600,1587,3112,3079,987,74.78605117,15.93389318,1,4,6,210,1,1,51,10,4,2.0
56,2,42,100979,102498,102498,103504,103504,104112,104145,110145,110145,110762,110795,110829,113919,1519,1006,608,6000,617,774,0,600,1676,3124,3090,1076,87.72829721,12.94224604,1,56,-28,200,-1,-1,49,28,56,1.0
56,2,43,113921,115446,115446,116451,116451,117076,117108,123608,123608,124208,124240,124274,127379,1525,1005,625,6500,600,1663,0,600,782,3139,3105,182,101.1888116,13.4605144,1,8,-1,190,-1,-1,49,7,8,1.0
56,2,44,127382,128907,128907,129910,129910,130513,130545,137045,137045,137674,137707,137742,140817,1525,1003,603,6500,629,918,0,600,1522,3110,3075,922,114.6267943,13.43798267,0,8,-1,180,-1,1,51,7,8,2.0
56,2,45,140820,142342,142342,143348,143348,143951,143984,150984,150984,151586,151620,151654,154774,1522,1006,603,7000,602,546,0,600,1921,3154,3120,1321,128.5834693,13.95667504,1,28,-14,200,-1,-1,49,14,28,1.0
56,2,46,154777,156295,156295,157298,157298,157902,157934,165934,165934,166558,166591,166624,169737,1518,1003,604,8000,624,608,0,600,1843,3146,3113,1243,143.5470839,14.96361455,1,10,4,160,1,1,51,14,10,2.0
56,2,47,169740,171260,171260,172263,172263,172874,172907,178907,178907,179511,179543,179578,182681,1520,1003,611,6000,604,1336,0,600,1126,3138,3103,526,156.4902909,12.94320705,1,14,14,160,1,1,51,28,14,2.0
56,2,48,182683,184208,184208,185214,185214,185814,185847,194347,194347,194947,194979,195013,198124,1525,1006,600,8500,600,1573,0,600,896,3145,3111,296,171.9341746,15.44388373,0,11,-1,180,-1,1,51,10,11,2.0
56,2,49,198127,199652,199652,200657,200657,201263,201295,208795,208795,209395,209427,209461,212579,1525,1005,606,7500,600,406,0,600,2058,3152,3118,1458,186.388015,14.45384037,1,10,10,150,1,1,51,20,10,2.0
56,2,50,212581,214104,214104,215110,215110,215715,215747,224747,224747,225379,225412,225446,228515,1523,1006,605,9000,632,947,0,600,1487,3103,3069,887,202.3239857,15.9359707,1,7,13,150,1,1,51,20,7,2.0
56,2,51,228517,230041,230041,231048,231048,231653,231686,239686,239686,240317,240349,240383,243456,1524,1007,605,8000,631,502,0,600,1931,3107,3073,1331,217.2656935,14.94170782,1,10,10,180,1,1,51,20,10,2.0
56,2,52,243459,244980,244980,245984,245984,246607,246640,253640,253640,254260,254292,254325,257391,1521,1004,623,7000,620,648,0,600,1784,3099,3066,1184,231.2000104,13.93431688,1,2,3,180,1,1,51,5,2,2.0
56,2,53,257394,258913,258913,259916,259916,260521,260553,269553,269553,270173,270206,270239,273338,1519,1003,605,9000,620,1362,0,600,1091,3132,3099,491,247.1476531,15.94764263,1,21,-1,190,-1,-1,49,20,21,1.0
56,2,54,273341,274862,274862,275869,275869,276477,276510,282510,282510,283110,283142,283177,286276,1521,1007,608,6000,600,619,0,600,1845,3134,3099,1245,260.0851992,12.93754616,1,5,2,210,1,1,51,7,5,2.0
56,2,55,286279,287800,287800,288806,288806,289425,289458,296958,296958,297591,297624,297658,300718,1521,1006,619,7500,633,577,0,600,1844,3094,3060,1244,274.5273294,14.44213017,1,20,-13,190,-1,-1,49,7,20,1.0
56,2,56,300721,302245,302245,303248,303248,303854,303887,312387,312387,313019,313053,313086,316160,1524,1003,606,8500,632,601,0,600,1834,3107,3074,1234,289.9695671,15.44223775,1,40,-26,180,-1,-1,49,14,40,1.0
56,2,57,316163,317684,317684,318688,318688,319291,319324,325824,325824,326428,326460,326496,329629,1521,1004,603,6500,604,1332,0,600,1136,3169,3133,536,303.4384477,13.46888051,1,10,-3,200,-1,-1,49,7,10,1.0
56,2,58,329632,331160,331160,332164,332164,332768,332801,341301,341301,341931,341964,341998,345084,1528,1004,604,8500,630,864,0,600,1570,3120,3086,970,318.8935034,15.45505572,1,4,1,150,1,1,51,5,4,2.0
56,2,59,345086,346607,346607,347607,347607,348235,348267,357267,357267,357867,357899,357935,361037,1521,1000,628,9000,600,491,0,600,1960,3138,3102,1360,334.8459691,15.95246576,1,21,-1,170,-1,-1,49,20,21,1.0
56,2,60,361040,362560,362560,363563,363563,364168,364200,370200,370200,370824,370856,370890,373981,1520,1003,605,6000,624,480,0,600,1968,3125,3091,1368,347.7904054,12.94443626,1,5,5,160,1,1,51,10,5,2.0
56,2,61,373983,375508,375508,376511,376511,377117,377150,385150,385150,385774,385807,385840,388932,1525,1003,606,8000,624,908,0,600,1534,3125,3092,934,362.7415362,14.95113078,1,14,-4,160,-1,-1,49,10,14,1.0
56,2,62,388935,390461,390461,391464,391464,392065,392097,399597,399597,400230,400263,400297,403378,1526,1003,601,7500,633,1250,0,600,1187,3115,3081,587,377.187137,14.44560083,1,6,-1,200,-1,-1,49,5,6,1.0
56,2,63,403381,404904,404904,405906,405906,406514,406547,413547,413547,414161,414193,414227,417328,1523,1002,608,7000,614,495,0,600,1958,3135,3101,1358,391.1369931,13.94985606,1,40,-20,150,-1,-1,49,20,40,1.0
56,2,64,417331,418854,418854,419860,419860,420464,420497,426997,426997,427629,427663,427697,430769,1523,1006,604,6500,632,1661,0,600,774,3106,3072,174,404.5781701,13.44117699,1,11,-1,180,-1,-1,49,10,11,1.0
56,2,65,430772,432297,432297,433306,433306,433914,433946,441946,441946,442547,442579,442613,445707,1525,1009,608,8000,601,1230,0,600,1227,3128,3094,627,419.5156336,14.93746359,1,14,14,210,1,1,51,28,14,2.0
56,2,66,445710,447231,447231,448234,448234,448841,448874,455374,455374,456007,456039,456072,459157,1521,1003,607,6500,633,1672,0,600,764,3118,3085,164,432.9662209,13.45058729,1,29,-1,150,-1,-1,49,28,29,1.0
56,2,67,459160,460679,460679,461683,461683,462286,462319,469319,469319,469945,469977,470010,473114,1519,1004,603,7000,626,493,0,600,1955,3137,3104,1355,446.9231916,13.95697066,1,10,4,160,1,1,51,14,10,2.0
56,2,68,473117,474641,474641,475648,475648,476253,476286,483786,483786,484386,484418,484452,487564,1524,1007,605,7500,600,438,0,600,2026,3146,3112,1426,461.3726853,14.44949368,1,7,7,180,1,1,51,14,7,2.0
56,2,69,487566,489086,489086,490092,490092,490697,490731,499231,499231,499833,499866,499901,503025,1520,1006,605,8500,602,422,0,600,2045,3159,3124,1445,476.8344223,15.46173698,1,10,18,150,1,1,51,28,10,2.0
56,2,70,503028,504549,504549,505555,505555,506158,506191,512191,512191,512817,512849,512881,515980,1521,1006,603,6000,626,2147,0,600,297,3131,3099,-303,489.788832,12.95440978,1,4,1,200,1,1,51,5,4,2.0
56,2,71,515982,517508,517508,518510,518510,519116,519148,528148,528148,528763,528796,528829,531923,1526,1002,606,9000,615,581,0,600,1870,3127,3094,1270,505.7319999,15.94316787,1,79,-51,190,-1,-1,49,28,79,1.0
56,2,72,531926,533450,533450,534454,534454,535062,535094,542594,542594,543194,543227,543261,546362,1524,1004,608,7500,600,562,0,600,1902,3135,3101,1302,520.170962,14.43896206,1,28,-18,160,-1,-1,49,10,28,1.0
56,3,73,17286,18813,18813,19831,19831,20446,20479,29479,29479,30080,30112,30149,33254,1527,1018,615,9000,601,943,0,600,1496,3142,3105,896,15.97977632,15.97977632,1,8,-1,190,-1,-1,49,7,8,1.0
56,3,74,33259,34780,34780,35786,35786,36391,36425,42925,42925,43526,43559,43593,46706,1521,1006,605,6500,601,698,0,600,1769,3147,3113,1169,29.42983504,13.45005872,1,28,-8,190,-1,-1,49,20,28,1.0
56,3,75,46709,48229,48229,49235,49236,49841,49875,58375,58375,59007,59039,59073,62169,1520,1006,605,8500,632,1430,0,600,1007,3130,3096,407,44.89303207,15.46319703,1,10,-3,180,-1,-1,49,7,10,1.0
56,3,76,62172,63695,63695,64697,64697,65306,65337,71337,71337,71938,71970,72005,75116,1523,1002,609,6000,601,790,0,600,1675,3146,3111,1075,57.83998461,12.94695254,1,21,-1,170,-1,-1,49,20,21,1.0
56,3,77,75119,76644,76644,77651,77651,78257,78289,85289,85289,85905,85938,85972,89059,1525,1007,606,7000,616,446,0,600,2000,3121,3087,1400,71.78297197,13.94298736,1,40,-12,170,-1,-1,49,28,40,1.0
56,3,78,89062,90586,90586,91591,91591,92200,92232,100232,100232,100848,100880,100913,104018,1524,1005,609,8000,616,528,0,600,1918,3138,3105,1318,86.7423013,14.95932934,1,56,-28,150,-1,-1,49,28,56,1.0
56,3,79,104021,105544,105544,106545,106545,107147,107179,114679,114679,115281,115314,115349,118461,1523,1001,602,7500,602,565,0,600,1907,3147,3112,1307,101.184926,14.44262468,1,10,-5,200,-1,-1,49,5,10,1.0
56,3,80,118464,119990,119990,120997,120997,121603,121635,129636,129636,130253,130286,130318,133424,1526,1007,606,8001,617,660,0,600,1783,3138,3106,1183,116.1476808,14.9627548,1,2,5,180,1,1,51,7,2,2.0
56,3,81,133426,134951,134951,135959,135959,136582,136615,145615,145615,146223,146256,146290,149365,1525,1008,623,9000,608,439,0,600,1997,3109,3075,1397,132.0888405,15.94115967,1,40,-26,160,-1,-1,49,14,40,1.0
56,3,82,149368,150890,150890,151896,151896,152497,152529,160029,160029,160639,160673,160708,163805,1522,1006,601,7500,610,908,0,600,1553,3132,3097,953,146.5286614,14.43982091,1,40,-12,160,-1,-1,49,28,40,1.0
56,3,83,163808,165331,165331,166338,166338,166944,166978,172978,172978,173578,173611,173645,176745,1523,1007,606,6000,600,522,0,600,1942,3134,3100,1342,159.4685864,12.93992503,1,20,-13,210,-1,-1,49,7,20,1.0
56,3,84,176748,178273,178273,179279,179279,179882,179914,186414,186414,187043,187075,187110,190184,1525,1006,603,6500,629,826,0,600,1611,3109,3074,1011,172.9072076,13.43862123,1,4,1,150,1,1,51,5,4,2.0
56,3,85,190187,191710,191710,192712,192712,193343,193375,201875,201875,202476,202508,202542,205618,1523,1002,631,8500,601,695,0,600,1748,3110,3076,1148,188.3421138,15.43490618,1,5,9,210,1,1,51,14,5,2.0
56,3,86,205621,207142,207142,208147,208147,208772,208805,215805,215805,216407,216439,216474,219553,1521,1005,625,7000,602,697,0,600,1750,3114,3079,1150,202.2766305,13.93451668,1,14,-9,170,-1,-1,49,5,14,1.0
56,3,87,219556,221080,221080,222085,222085,222693,222726,231726,231726,232351,232384,232417,235515,1524,1005,608,9000,625,1365,0,600,1073,3131,3098,473,218.238647,15.96201649,1,10,4,180,1,1,51,14,10,2.0
56,3,88,235518,237039,237039,238045,238045,238650,238682,247182,247182,247783,247817,247851,250952,1521,1006,605,8500,601,848,0,600,1619,3135,3101,1019,233.6750331,15.43638611,1,11,-1,150,-1,-1,49,10,11,1.0
56,3,89,250955,252480,252480,253486,253486,254091,254124,260124,260124,260725,260757,260793,263893,1525,1006,605,6000,601,1007,0,600,1456,3136,3100,856,246.6162214,12.94118829,1,28,-8,160,-1,-1,49,20,28,1.0
56,3,90,263896,265420,265420,266426,266426,267032,267065,274565,274565,275167,275199,275232,278348,1524,1006,606,7500,602,471,0,600,1991,3149,3116,1391,261.0718943,14.45567289,1,10,10,200,1,1,51,20,10,2.0
56,3,91,278351,279873,279873,280877,280877,281483,281515,288015,288015,288616,288649,288684,291791,1522,1004,606,6500,601,663,0,600,1804,3142,3107,1204,274.5146883,13.44279404,1,28,-18,180,-1,-1,49,10,28,1.0
56,3,92,291794,293319,293319,294325,294325,294930,294963,302963,302963,303578,303610,303645,306753,1525,1006,605,8000,615,857,0,600,1592,3143,3108,992,289.4763194,14.96163106,1,40,-12,160,-1,-1,49,28,40,1.0
56,3,93,306756,308281,308281,309291,309291,309897,309929,316929,316929,317531,317565,317599,320697,1525,1010,606,7000,602,687,0,600,1770,3132,3098,1170,303.42052,13.9442006,1,20,-10,210,-1,-1,49,10,20,1.0
56,3,94,320700,322224,322224,323231,323231,323860,323893,331393,331393,332023,332055,332088,335143,1524,1007,629,7500,630,544,0,600,1866,3088,3055,1266,317.8669272,14.44640725,1,4,1,180,1,1,51,5,4,2.0
56,3,95,335146,336673,336673,337679,337679,338280,338312,347312,347312,347939,347971,348004,351088,1527,1006,601,9000,627,380,0,600,2059,3117,3084,1459,333.8118863,15.9449591,1,4,3,210,1,1,51,7,4,2.0
56,3,96,351091,352618,352618,353623,353623,354229,354261,362761,362761,363366,363399,363434,366548,1527,1005,606,8500,605,1217,0,600,1240,3149,3114,640,349.2714924,15.45960613,1,5,2,190,1,1,51,7,5,2.0
56,3,97,366551,368077,368077,369081,369081,369687,369719,376719,376719,377343,377376,377410,380488,1526,1004,606,7000,624,727,0,600,1713,3112,3078,1113,363.2117041,13.94021161,1,14,-4,190,-1,-1,49,10,14,1.0
56,3,98,380491,382013,382013,383017,383017,383624,383657,391657,391657,392258,392290,392325,395455,1522,1004,607,8000,601,685,0,600,1781,3165,3130,1181,378.1787489,14.96704483,1,14,-4,200,-1,-1,49,10,14,1.0
56,3,99,395458,396984,396984,397988,397988,398616,398648,405148,405148,405765,405797,405830,408915,1526,1004,628,6500,617,603,0,600,1822,3118,3085,1222,391.6383321,13.45958323,1,2,3,180,1,1,51,5,2,2.0
56,3,100,408918,410438,410438,411445,411445,412050,412083,418083,418083,418713,418746,418779,421855,1520,1007,605,6000,630,725,0,600,1713,3109,3076,1113,404.5780724,12.9397403,1,4,6,180,1,1,51,10,4,2.0
56,3,101,421858,423383,423383,424391,424391,424996,425028,433028,433028,433630,433662,433696,436813,1525,1008,605,8000,602,610,0,600,1850,3151,3117,1250,419.5364781,14.9584057,1,28,-8,180,-1,-1,49,20,28,1.0
56,3,102,436815,438337,438337,439342,439342,439947,439980,448480,448480,449111,449144,449178,452278,1522,1005,605,8500,631,458,0,600,1979,3134,3100,1379,435.0016812,15.46520312,1,10,18,170,1,1,51,28,10,2.0
56,3,103,452281,453804,453804,454807,454807,455412,455445,464445,464445,465076,465109,465143,468240,1523,1003,605,9000,631,487,0,600,1951,3131,3097,1351,450.9635449,15.9618637,1,5,9,210,1,1,51,14,5,2.0
56,3,104,468243,469759,469759,470765,470765,471373,471406,478906,478906,479508,479540,479574,482687,1516,1006,608,7500,602,736,0,600,1732,3147,3113,1132,465.4102252,14.44668027,1,28,-14,150,-1,-1,49,14,28,1.0
56,3,105,482690,484211,484211,485218,485218,485822,485855,492855,492855,493458,493490,493524,496623,1521,1007,604,7000,603,818,0,600,1647,3133,3099,1047,479.3462547,13.93602946,1,21,-1,180,-1,-1,49,20,21,1.0
56,3,106,496626,498147,498147,499152,499152,499759,499791,505791,505791,506395,506427,506461,509574,1521,1005,607,6000,604,630,0,600,1833,3147,3113,1233,492.2966288,12.95037408,1,10,4,190,1,1,51,14,10,2.0
56,3,107,509577,511102,511102,512107,512107,512739,512772,519272,519272,519873,519905,519940,523034,1525,1005,632,6500,601,551,0,600,1886,3129,3094,1286,505.7593638,13.46273506,1,14,-9,160,-1,-1,49,5,14,1.0
56,3,108,523038,524567,524567,525577,525577,526183,526215,534715,534715,535318,535350,535383,538486,1529,1010,606,8500,603,822,0,600,1630,3136,3103,1030,521.2089723,15.4496085,1,40,-12,170,-1,-1,49,28,40,1.0
56,4,109,50085,51614,51614,52633,52633,53246,53278,60278,60278,60881,60913,60951,64035,1529,1019,613,7000,603,1404,0,600,1032,3122,3084,432,13.96153372,13.96153372,1,40,-12,190,-1,-1,49,28,40,1.0
56,4,110,64040,65570,65570,66579,66579,67186,67219,74719,74719,75319,75351,75384,78474,1530,1009,607,7500,600,1644,0,600,810,3123,3090,210,28.39817357,14.43663985,0,28,-8,150,-1,1,51,20,28,2.0
56,4,111,78477,80000,80000,81007,81007,81627,81660,88160,88160,88760,88793,88828,91917,1523,1007,620,6500,600,1002,0,600,1448,3124,3089,848,41.84149257,13.443319,1,14,-4,200,-1,-1,49,10,14,1.0
56,4,112,91920,93445,93445,94455,94455,95061,95093,103593,103593,104225,104257,104290,107350,1525,1010,606,8500,632,806,0,600,1621,3093,3060,1021,57.27483684,15.43334427,0,14,-4,190,-1,1,51,10,14,2.0
56,4,113,107353,108876,108876,109881,109881,110488,110521,119521,119521,120121,120153,120187,123291,1523,1005,607,9000,600,620,0,600,1845,3138,3104,1245,73.215838,15.94100116,1,15,-1,200,-1,-1,49,14,15,1.0
56,4,114,123294,124821,124821,125828,125828,126433,126466,132466,132466,133088,133121,133155,136258,1527,1007,605,6000,622,689,0,600,1750,3137,3103,1150,86.18226114,12.96642314,1,79,-51,190,-1,-1,49,28,79,1.0
56,4,115,136260,137785,137785,138791,138791,139411,139443,147443,147443,148075,148108,148142,151205,1525,1006,620,8000,632,389,0,600,2028,3097,3063,1428,101.1296699,14.94740879,1,20,-13,200,-1,-1,49,7,20,1.0
56,4,116,151208,152728,152728,153736,153736,154367,154399,162399,162399,163019,163052,163086,166156,1520,1008,631,8000,620,559,0,600,1862,3104,3070,1262,116.0805153,14.9508454,1,2,3,210,1,1,51,5,2,2.0
56,4,117,166159,167682,167682,168692,168692,169296,169329,176329,176329,176961,176993,177027,180098,1523,1010,604,7000,632,695,0,600,1736,3105,3071,1136,130.0224862,13.9419709,1,8,-1,150,-1,-1,49,7,8,1.0
56,4,118,180101,181618,181618,182621,182621,183244,183276,192276,192276,192907,192940,192974,196040,1517,1003,623,9000,631,779,0,600,1647,3100,3066,1047,145.9643926,15.94190641,1,6,-1,200,-1,-1,49,5,6,1.0
56,4,119,196042,197566,197566,198572,198572,199191,199224,205224,205224,205853,205886,205919,208986,1524,1006,619,6000,629,848,0,600,1574,3100,3067,974,158.910417,12.94602438,1,4,1,190,1,1,51,5,4,2.0
56,4,120,208989,210512,210512,211516,211516,212123,212156,218656,218656,219259,219292,219326,222438,1523,1004,607,6500,603,856,0,600,1607,3146,3112,1007,172.3622188,13.45180173,1,20,8,160,1,1,51,28,20,2.0
56,4,121,222440,223972,223972,224976,224976,225579,225611,233111,233111,233724,233756,233790,236873,1532,1004,603,7500,613,565,0,600,1883,3117,3083,1283,186.7974615,14.43524279,1,40,-20,200,-1,-1,49,20,40,1.0
56,4,122,236876,238403,238403,239406,239406,240008,240041,248541,248541,249145,249177,249211,252324,1527,1003,602,8500,604,1122,0,600,1342,3147,3113,742,202.2476516,15.45019011,1,10,-3,150,-1,-1,49,7,10,1.0
56,4,123,252326,253847,253847,254849,254849,255455,255487,264487,264487,265116,265149,265182,268266,1521,1002,606,9000,629,1217,0,600,1225,3117,3084,625,218.1903271,15.94267546,1,5,2,160,1,1,51,7,5,2.0
56,4,124,268269,269794,269794,270801,270801,271410,271444,278444,278444,279050,279083,279116,282230,1525,1007,609,7000,606,540,0,600,1913,3147,3114,1313,232.1548014,13.96447431,1,40,-20,180,-1,-1,49,20,40,1.0
56,4,125,282233,283759,283759,284764,284764,285368,285400,291400,291400,292002,292034,292068,295164,1526,1005,604,6000,602,520,0,600,1943,3130,3096,1343,245.0880132,12.93321183,1,10,18,210,1,1,51,28,10,2.0
56,4,126,295166,296693,296693,297701,297701,298325,298357,305857,305857,306489,306521,306555,309609,1527,1008,624,7500,632,574,0,600,1835,3088,3054,1235,259.5336939,14.44568069,1,28,-14,210,-1,-1,49,14,28,1.0
56,4,127,309612,311137,311137,312140,312140,312744,312776,319276,319276,319902,319935,319969,323055,1525,1003,604,6500,626,993,0,600,1449,3120,3086,849,272.9796862,13.44599228,0,15,-1,170,-1,1,51,14,15,2.0
56,4,128,323058,324584,324584,325590,325590,326195,326228,334228,334228,334832,334864,334897,338008,1526,1006,605,8000,604,662,0,600,1797,3144,3111,1197,287.9327071,14.95302085,1,20,-10,160,-1,-1,49,10,20,1.0
56,4,129,338011,339535,339535,340542,340542,341146,341178,349678,349678,350278,350311,350345,353455,1524,1007,604,8500,600,468,0,600,1997,3144,3110,1397,303.3787952,15.44608811,1,28,-18,180,-1,-1,49,10,28,1.0
56,4,130,353458,354979,354979,355983,355983,356588,356620,363620,363620,364220,364253,364286,367410,1521,1004,605,7000,600,737,0,600,1733,3157,3124,1133,317.3343706,13.9555754,1,20,-6,180,-1,-1,49,14,20,1.0
56,4,131,367412,368939,368939,369939,369939,370545,370577,379077,379077,379677,379709,379742,382867,1527,1000,606,8500,600,714,0,600,1753,3158,3125,1153,332.7913803,15.45700969,1,21,-1,160,-1,-1,49,20,21,1.0
56,4,132,382869,384392,384392,385397,385397,386027,386059,393559,393559,394192,394224,394258,397312,1523,1005,630,7500,633,1185,0,600,1224,3088,3054,624,347.2355343,14.44415404,1,7,-2,200,-1,-1,49,5,7,1.0
56,4,133,397314,398833,398833,399836,399836,400453,400486,406486,406486,407105,407138,407172,410268,1519,1003,617,6000,619,782,0,600,1660,3130,3096,1060,360.1924806,12.95694625,1,11,-1,170,-1,-1,49,10,11,1.0
56,4,134,410271,411796,411796,412801,412801,413434,413466,422466,422466,423088,423120,423153,426228,1525,1005,633,9000,622,466,0,600,1949,3108,3075,1349,376.1516809,15.95920036,1,2,5,210,1,1,51,7,2,2.0
56,4,135,426230,427748,427748,428755,428755,429380,429413,437413,437413,438045,438078,438111,441175,1518,1007,625,8000,632,1070,0,600,1348,3097,3064,748,391.098421,14.94674009,1,6,-1,210,-1,-1,49,5,6,1.0
56,4,136,441177,442698,442698,443703,443703,444307,444339,450839,450839,451449,451483,451516,454614,1521,1005,604,6500,610,395,0,600,2065,3131,3098,1465,404.5379638,13.43954277,1,40,-20,150,-1,-1,49,20,40,1.0
56,4,137,454616,456138,456138,457143,457143,457762,457795,465295,465295,465895,465928,465962,469070,1522,1005,619,7500,600,952,0,600,1502,3142,3108,902,418.9938042,14.45584044,1,14,-9,180,-1,-1,49,5,14,1.0
56,4,138,469073,470594,470594,471597,471597,472203,472235,478735,478735,479335,479369,479402,482533,1521,1003,606,6500,600,1206,0,600,1264,3164,3131,664,432.4572899,13.46348572,1,14,6,160,1,1,51,20,14,2.0
56,4,139,482536,484058,484058,485065,485065,485669,485702,491702,491702,492318,492351,492385,495490,1522,1007,604,6000,616,495,0,600,1956,3139,3105,1356,445.4135383,12.95624832,1,40,-26,160,-1,-1,49,14,40,1.0
56,4,140,495492,497015,497015,498024,498024,498630,498662,507662,507662,508291,508323,508357,511448,1523,1009,606,9000,629,416,0,600,2017,3125,3091,1417,461.3717848,15.95824658,1,4,6,170,1,1,51,10,4,2.0
56,4,141,511451,512972,512972,513979,513979,514587,514620,523120,523120,523722,523754,523788,526882,1521,1007,608,8500,602,519,0,600,1943,3128,3094,1343,476.8054709,15.433686,1,29,-1,170,-1,-1,49,28,29,1.0
56,4,142,526884,528411,528411,529415,529415,530019,530052,538052,538052,538656,538690,538723,541841,1527,1004,604,8000,604,508,0,600,1953,3151,3118,1353,491.7644892,14.95901834,1,40,-26,150,-1,-1,49,14,40,1.0
56,4,143,541843,543367,543367,544371,544371,544973,545006,552006,552006,552639,552671,552704,555788,1524,1004,602,7000,633,701,0,600,1736,3117,3084,1136,505.7118148,13.94732561,1,10,18,210,1,1,51,28,10,2.0
56,4,144,555791,557314,557314,558318,558318,558949,558981,567481,567481,568113,568146,568180,571226,1523,1004,631,8500,632,667,0,600,1743,3080,3046,1143,521.1496531,15.43783832,1,14,-7,210,-1,-1,49,7,14,1.0
56,5,145,29236,30758,30758,31776,31776,32401,32433,39933,39933,40536,40569,40605,43707,1522,1018,625,7500,603,1688,0,600,744,3138,3102,144,14.48321368,14.48321368,1,28,-14,160,-1,-1,49,14,28,1.0
56,5,146,43712,45230,45230,46239,46239,46845,46877,53377,53377,54008,54041,54074,57165,1518,1009,606,6500,631,1002,0,600,1434,3124,3091,834,27.93878863,13.45557495,1,28,-8,200,-1,-1,49,20,28,1.0
56,5,147,57168,58690,58690,59698,59698,60328,60361,69361,69361,69962,69994,70027,73111,1522,1008,630,9000,601,410,0,600,2029,3117,3084,1429,43.8847648,15.94597616,1,14,-9,170,-1,-1,49,5,14,1.0
56,5,148,73114,74639,74639,75646,75646,76275,76308,83308,83308,83933,83965,83998,87056,1525,1007,629,7000,625,780,0,600,1634,3091,3058,1034,57.83000235,13.94523755,1,4,1,150,1,1,51,5,4,2.0
56,5,149,87058,88582,88582,89584,89584,90194,90226,96226,96226,96827,96860,96893,100010,1524,1002,610,6000,601,1215,0,600,1248,3150,3117,648,70.78390676,12.95390441,1,20,8,180,1,1,51,28,20,2.0
56,5,150,100013,101537,101537,102544,102544,103148,103181,111681,111681,112314,112346,112378,115453,1524,1007,604,8500,633,472,0,600,1960,3107,3075,1360,86.22709768,15.44319092,1,10,18,160,1,1,51,28,10,2.0
56,5,151,115456,116978,116978,117983,117983,118613,118645,126645,126645,127261,127293,127327,130406,1522,1005,630,8000,616,501,0,600,1926,3113,3079,1326,101.1801408,14.95304315,1,14,-9,180,-1,-1,49,5,14,1.0
56,5,152,130408,131932,131932,132935,132935,133543,133577,139577,139577,140190,140222,140255,143356,1524,1003,608,6000,613,626,0,600,1826,3134,3101,1226,114.1294412,12.94930037,1,10,10,200,1,1,51,20,10,2.0
56,5,153,143358,144884,144884,145887,145887,146505,146537,153037,153037,153638,153671,153705,156806,1526,1003,618,6500,601,614,0,600,1838,3135,3101,1238,127.580178,13.45073676,1,40,-26,150,-1,-1,49,14,40,1.0
56,5,154,156809,158330,158330,159333,159333,159936,159969,168469,168469,169091,169123,169156,172265,1521,1003,603,8500,622,692,0,600,1759,3142,3109,1159,143.0391166,15.45893863,1,4,6,200,1,1,51,10,4,2.0
56,5,155,172268,173791,173791,174796,174796,175400,175432,184432,184432,185033,185066,185099,188213,1523,1005,604,9000,601,539,0,600,1928,3147,3114,1328,158.986711,15.94759442,1,28,-14,180,-1,-1,49,14,28,1.0
56,5,156,188216,189739,189739,190747,190747,191376,191408,198908,198908,199526,199558,199591,202652,1523,1008,629,7500,618,868,0,600,1554,3094,3061,954,173.4255161,14.43880506,1,5,2,150,1,1,51,7,5,2.0
56,5,157,202654,204180,204180,205187,205187,205791,205823,213823,213823,214441,214474,214508,217617,1526,1007,604,8000,618,436,0,600,2009,3143,3109,1409,188.3905991,14.96508304,1,56,-28,210,-1,-1,49,28,56,1.0
56,5,158,217619,219143,219143,220150,220150,220753,220786,227786,227786,228418,228450,228483,231563,1524,1007,603,7000,632,442,0,600,1992,3113,3080,1392,202.3365629,13.94596381,1,14,6,200,1,1,51,20,14,2.0
56,5,159,231566,233088,233088,234094,234094,234701,234734,241234,241234,241856,241889,241922,245012,1522,1006,607,6500,622,378,0,600,2065,3123,3090,1465,215.7854873,13.44892443,1,7,7,190,1,1,51,14,7,2.0
56,5,160,245015,246538,246538,247547,247547,248153,248186,256187,256187,256815,256848,256880,259950,1523,1009,606,8001,628,558,0,600,1875,3102,3070,1275,230.7229741,14.9374868,1,7,3,150,1,1,51,10,7,2.0
56,5,161,259952,261473,261473,262478,262478,263098,263131,270631,270631,271257,271289,271323,274404,1521,1005,620,7500,626,1248,0,600,1180,3115,3081,580,245.177385,14.45441083,1,6,1,200,1,1,51,7,6,2.0
56,5,162,274407,275931,275931,276935,276935,277537,277570,286070,286070,286694,286726,286760,289840,1524,1004,602,8500,624,737,0,600,1709,3114,3080,1109,260.6133013,15.43591631,1,7,3,160,1,1,51,10,7,2.0
56,5,163,289842,291366,291366,292371,292371,292998,293031,300031,300031,300653,300685,300719,303801,1524,1005,627,7000,622,638,0,600,1784,3116,3082,1184,274.5743794,13.96107808,1,4,3,180,1,1,51,7,4,2.0
56,5,164,303804,305327,305327,306332,306332,306936,306969,315969,315969,316570,316603,316636,319760,1523,1005,604,9000,601,1581,0,600,886,3157,3124,286,290.5336029,15.95922356,1,40,-12,210,-1,-1,49,28,40,1.0
56,5,165,319763,321285,321285,322291,322291,322897,322930,328930,328930,329530,329563,329597,332722,1522,1006,606,6000,600,1491,0,600,975,3159,3125,375,303.4952599,12.96165697,1,28,-8,150,-1,-1,49,20,28,1.0
56,5,166,332725,334246,334246,335252,335252,335856,335888,344888,344888,345490,345523,345556,348687,1521,1006,604,9000,602,879,0,600,1588,3164,3131,988,319.4605222,15.96526234,0,13,1,190,1,-1,49,14,13,1.0
56,5,167,348690,350210,350210,351217,351217,351821,351854,358354,358354,358985,359018,359051,362135,1520,1007,604,6500,631,1094,0,600,1344,3117,3084,744,332.9086635,13.44814122,1,9,1,160,1,1,51,10,9,2.0
56,5,168,362137,363661,363661,364666,364666,365297,365330,373330,373330,373951,373983,374017,377081,1524,1005,631,8000,621,460,0,600,1959,3098,3064,1359,347.8542397,14.94557627,1,2,5,200,1,1,51,7,2,2.0
56,5,169,377084,378601,378601,379607,379607,380239,380272,386272,386272,386904,386936,386970,390015,1517,1006,632,6000,632,600,0,600,1813,3079,3045,1213,360.7887552,12.93451547,1,10,-5,170,-1,-1,49,5,10,1.0
56,5,170,390018,391542,391542,392546,392546,393153,393185,400685,400685,401318,401351,401384,404464,1524,1004,607,7500,633,435,0,600,1997,3113,3080,1397,375.2371936,14.44843835,1,7,13,210,1,1,51,20,7,2.0
56,5,171,404467,405989,405989,406991,406991,407595,407627,414627,414627,415259,415291,415324,418418,1522,1002,604,7000,632,971,0,600,1469,3127,3094,869,389.1916862,13.95449265,1,14,14,150,1,1,51,28,14,2.0
56,5,172,418421,419945,419945,420950,420950,421552,421585,430085,430085,430685,430717,430750,433864,1524,1005,602,8500,600,862,0,600,1607,3147,3114,1007,404.6376279,15.44594166,1,28,-18,210,-1,-1,49,10,28,1.0
56,5,173,433866,435391,435391,436396,436396,437001,437033,444533,444533,445134,445168,445202,448305,1525,1005,605,7500,601,460,0,600,2004,3137,3103,1404,419.0784791,14.44085123,1,28,-14,160,-1,-1,49,14,28,1.0
56,5,174,448307,449832,449832,450836,450836,451440,451472,457972,457972,458603,458635,458669,461750,1525,1004,604,6500,631,763,0,600,1673,3115,3081,1073,432.5231846,13.44470552,1,14,-4,180,-1,-1,49,10,14,1.0
56,5,175,461753,463274,463274,464280,464280,464884,464917,473917,473917,474517,474550,474583,477704,1521,1006,604,9000,600,578,0,600,1891,3154,3121,1291,448.4774766,15.95429195,1,40,-12,170,-1,-1,49,28,40,1.0
56,5,176,477706,479224,479224,480228,480228,480834,480867,487867,487867,488500,488533,488567,491654,1518,1004,606,7000,633,809,0,600,1630,3121,3087,1030,462.4274348,13.94995822,1,14,6,150,1,1,51,20,14,2.0
56,5,177,491657,493181,493181,494187,494187,494805,494838,502838,502838,503467,503500,503534,506593,1524,1006,618,8000,629,579,0,600,1844,3093,3059,1244,477.3665371,14.93910234,1,10,-5,200,-1,-1,49,5,10,1.0
56,5,178,506596,508121,508121,509125,509125,509753,509786,518287,518287,518909,518941,518974,522034,1525,1004,628,8501,622,931,0,600,1489,3093,3060,889,492.808067,15.44152988,1,5,2,210,1,1,51,7,5,2.0
56,5,179,522037,523557,523557,524561,524561,525190,525222,531222,531222,531843,531875,531908,534981,1520,1004,629,6000,621,821,0,600,1605,3106,3073,1005,505.7536879,12.94562087,1,6,1,200,1,1,51,7,6,2.0
56,5,180,534984,536507,536507,537510,537510,538139,538171,545171,545171,545771,545804,545837,548940,1523,1003,629,7000,600,465,0,600,1980,3136,3103,1380,519.712762,13.95907409,1,14,-9,160,-1,-1,49,5,14,1.0
56,6,181,24243,25770,25770,26788,26788,27401,27435,35935,35935,36539,36572,36609,39706,1527,1018,613,8500,604,477,0,600,1961,3134,3097,1361,15.475145,15.475145,1,40,-20,200,-1,-1,49,20,40,1.0
56,6,182,39710,41234,41234,42237,42237,42843,42877,49877,49877,50478,50510,50543,53654,1524,1003,606,7000,601,661,0,600,1805,3144,3111,1205,29.42094277,13.94579776,0,20,8,200,1,-1,49,28,20,1.0
56,6,183,53657,55182,55182,56184,56184,56789,56822,63322,63322,63925,63958,63993,67094,1525,1002,605,6500,603,429,0,600,2036,3136,3101,1436,42.86094811,13.44000534,1,14,14,150,1,1,51,28,14,2.0
56,6,184,67096,68623,68623,69629,69629,70236,70268,79268,79268,79870,79903,79938,83044,1527,1006,607,9000,602,592,0,600,1866,3141,3106,1266,58.81098106,15.95003295,1,20,-13,210,-1,-1,49,7,20,1.0
56,6,185,83046,84574,84574,85581,85581,86186,86218,94218,94218,94850,94883,94918,97978,1528,1007,605,8000,632,610,0,600,1818,3095,3060,1218,73.74565323,14.93467218,1,10,-5,210,-1,-1,49,5,10,1.0
56,6,186,97980,99505,99505,100511,100511,101129,101162,108662,108662,109295,109327,109361,112424,1525,1006,618,7500,633,713,0,600,1705,3097,3063,1105,88.19086894,14.4452157,1,8,-1,180,-1,-1,49,7,8,1.0
56,6,187,112427,113951,113951,114956,114956,115563,115596,121596,121596,122224,122256,122290,125376,1524,1005,607,6000,628,1028,0,600,1408,3120,3086,808,101.1434164,12.95254743,1,4,3,200,1,1,51,7,4,2.0
56,6,188,125379,126907,126908,127916,127916,128520,128553,137053,137053,137654,137686,137722,140826,1528,1008,604,8500,601,431,0,600,2028,3140,3104,1428,116.5929791,15.44956269,1,28,-18,150,-1,-1,49,10,28,1.0
56,6,189,140828,142351,142351,143357,143357,143961,143994,151994,151994,152614,152646,152679,155786,1523,1006,604,8000,620,396,0,600,2051,3140,3107,1451,131.5531917,14.9602126,1,5,5,210,1,1,51,10,5,2.0
56,6,190,155789,157310,157310,158317,158317,158925,158958,167958,167958,168578,168611,168645,171725,1521,1007,608,9000,620,441,0,600,2003,3114,3080,1403,147.4924471,15.93925543,1,79,-51,200,-1,-1,49,28,79,1.0
56,6,191,171728,173250,173250,174257,174257,174858,174890,181390,181390,181992,182024,182058,185172,1522,1007,601,6500,602,464,0,600,2004,3148,3114,1404,160.9390189,13.44657178,1,20,-13,170,-1,-1,49,7,20,1.0
56,6,192,185175,186701,186701,187705,187705,188307,188340,195840,195840,196469,196501,196535,199630,1526,1004,602,7500,629,481,0,600,1958,3129,3095,1358,175.3972047,14.45818586,1,4,1,170,1,1,51,5,4,2.0
56,6,193,199633,201158,201158,202166,202166,202770,202803,209803,209803,210405,210437,210471,213570,1525,1008,604,7000,602,361,0,600,2100,3133,3099,1500,189.3372162,13.94001152,1,14,-7,180,-1,-1,49,7,14,1.0
56,6,194,213572,215099,215099,216103,216103,216726,216758,222758,222758,223389,223423,223458,226516,1527,1004,623,6000,631,342,0,600,2073,3093,3058,1473,202.2826641,12.94544789,1,10,-5,210,-1,-1,49,5,10,1.0
56,6,195,226518,228041,228041,229046,229046,229650,229683,236683,236683,237291,237324,237359,240463,1523,1005,604,7000,608,723,0,600,1737,3139,3104,1137,216.229972,13.94730783,1,40,-26,210,-1,-1,49,14,40,1.0
56,6,196,240465,241989,241989,242993,242993,243597,243629,251129,251129,251731,251763,251797,254923,1524,1004,604,7500,602,1103,0,600,1363,3160,3126,763,230.6898568,14.45988488,1,10,10,160,1,1,51,20,10,2.0
56,6,197,254926,256446,256446,257451,257451,258058,258091,264591,264591,265199,265232,265266,268366,1520,1005,607,6500,608,530,0,600,1930,3134,3100,1330,244.133733,13.4438762,1,40,-20,210,-1,-1,49,20,40,1.0
56,6,198,268369,269893,269893,270900,270900,271504,271537,280537,280537,281137,281170,281203,284305,1524,1007,604,9000,600,688,0,600,1777,3135,3102,1177,260.0712997,15.93756666,1,14,-7,210,-1,-1,49,7,14,1.0
56,6,199,284307,285827,285827,286833,286833,287457,287489,295989,295989,296595,296627,296662,299752,1520,1006,624,8500,606,350,0,600,2094,3125,3090,1494,275.519048,15.44774826,1,40,-26,170,-1,-1,49,14,40,1.0
56,6,200,299755,301280,301280,302283,302283,302891,302923,308923,308923,309540,309573,309609,312705,1525,1003,608,6000,617,845,0,600,1602,3132,3096,1002,288.4719561,12.95290814,1,56,-28,150,-1,-1,49,28,56,1.0
56,6,201,312708,314237,314237,315244,315244,315848,315880,323880,323880,324481,324513,324548,327671,1529,1007,604,8000,601,1523,0,600,936,3158,3123,336,303.4378401,14.96588403,1,21,-1,170,-1,-1,49,20,21,1.0
56,6,202,327674,329195,329195,330201,330201,330810,330842,337342,337342,337955,337988,338023,341109,1521,1006,609,6500,613,835,0,600,1616,3121,3086,1016,316.8765702,13.43873002,1,40,-26,150,-1,-1,49,14,40,1.0
56,6,203,341112,342636,342636,343641,343641,344242,344276,350276,350276,350894,350927,350960,354070,1524,1005,601,6000,618,633,0,600,1819,3143,3110,1219,329.8374608,12.96089064,1,2,3,150,1,1,51,5,2,2.0
56,6,204,354073,355591,355591,356597,356597,357205,357237,365737,365737,366338,366370,366404,369531,1518,1006,608,8500,601,782,0,600,1685,3161,3127,1085,345.2985104,15.4610496,1,7,3,180,1,1,51,10,7,2.0
56,6,205,369534,371057,371057,372061,372061,372686,372718,380218,380218,380821,380853,380888,383978,1523,1004,625,7500,603,383,0,600,2062,3125,3090,1462,359.7443372,14.44582684,1,14,-9,180,-1,-1,49,5,14,1.0
56,6,206,383980,385503,385503,386508,386508,387117,387149,394149,394149,394751,394783,394817,397936,1523,1005,609,7000,602,310,0,600,2151,3153,3119,1551,373.7029087,13.95857144,1,10,18,210,1,1,51,28,10,2.0
56,6,207,397938,399461,399461,400468,400468,401077,401110,409110,409110,409724,409757,409791,412874,1523,1007,609,8000,614,572,0,600,1875,3117,3083,1275,388.6415279,14.93861927,1,40,-26,210,-1,-1,49,14,40,1.0
56,6,208,412877,414404,414404,415411,415411,416014,416046,425046,425046,425676,425709,425743,428822,1527,1007,603,9000,630,1636,0,600,797,3113,3079,197,404.5893436,15.94781561,0,11,-1,170,-1,1,51,10,11,2.0
56,6,209,428825,430348,430348,431354,431354,431960,431993,440493,440493,441093,441126,441161,444276,1523,1006,606,8500,600,441,0,600,2024,3150,3115,1424,420.0427241,15.45338051,1,20,-6,200,-1,-1,49,14,20,1.0
56,6,210,444278,445804,445804,446809,446809,447413,447446,454946,454946,455547,455579,455614,458718,1526,1005,604,7500,601,492,0,600,1972,3139,3104,1372,434.4843434,14.44161938,1,10,10,170,1,1,51,20,10,2.0
56,6,211,458720,460243,460243,461246,461246,461851,461883,467883,467883,468485,468517,468551,471676,1523,1003,605,6000,602,745,0,600,1722,3159,3125,1122,447.4423577,12.95801424,0,21,-1,190,-1,1,51,20,21,2.0
56,6,212,471678,473199,473199,474205,474205,474813,474846,481346,481346,481948,481980,482015,485129,1521,1006,608,6500,602,1092,0,600,1371,3149,3114,771,460.8957424,13.45338473,1,11,-1,150,-1,-1,49,10,11,1.0
56,6,213,485132,486655,486655,487659,487659,488291,488324,497324,497324,497955,497988,498022,501089,1523,1004,632,9000,631,495,0,600,1915,3101,3067,1315,476.8557471,15.96000466,1,7,-2,210,-1,-1,49,5,7,1.0
56,6,214,501092,502615,502615,503622,503622,504227,504259,511259,511259,511892,511924,511959,515043,1523,1007,605,7000,633,475,0,600,1957,3119,3084,1357,490.8090994,13.95335234,0,20,8,150,1,-1,49,28,20,1.0
56,6,215,515046,516566,516566,517570,517570,518176,518207,526207,526207,526810,526842,526876,529982,1520,1004,606,8000,603,786,0,600,1681,3140,3106,1081,505.7490037,14.93990424,1,40,-26,150,-1,-1,49,14,40,1.0
56,6,216,529985,531511,531511,532515,532515,533120,533153,541653,541653,542287,542320,542354,545440,1526,1004,605,8500,634,1511,0,600,920,3120,3086,320,521.2067155,15.45771183,0,11,-1,170,-1,1,51,10,11,2.0
57,1,1,63967,65492,65492,66514,66514,67131,67163,76163,76163,76789,76821,76857,79918,1525,1022,617,9000,626,1347,0,600,1063,3097,3061,463,15.98436469,15.98436469,1,20,8,160,1,1,51,28,20,2.0
57,1,2,79970,81498,81498,82517,82517,83146,83178,89678,89678,90309,90341,90375,93431,1528,1019,629,6500,631,993,0,600,1400,3090,3056,800,29.44620323,13.46183854,1,7,13,180,1,1,51,20,7,2.0
57,1,3,93433,94956,94956,95960,95960,96563,96595,103595,103595,104197,104229,104262,107389,1523,1004,603,7000,602,1199,0,600,1269,3160,3127,669,43.40339448,13.95719125,1,21,-1,170,-1,-1,49,20,21,1.0
57,1,4,107392,108920,108920,109927,109927,110530,110563,118063,118063,118681,118713,118747,121843,1528,1007,603,7500,618,1100,0,600,1344,3130,3096,744,57.86397186,14.46057738,1,2,5,160,1,1,51,7,2,2.0
57,1,5,121852,123381,123381,124388,124388,124996,125028,133528,133528,134157,134189,134222,137286,1529,1007,608,8500,629,1267,0,600,1160,3097,3064,560,73.30113185,15.43715998,1,14,14,150,1,1,51,28,14,2.0
57,1,6,137289,138811,138811,139817,139817,140422,140454,148454,148454,149055,149087,149120,152240,1522,1006,605,8000,601,1970,0,600,496,3153,3120,-104,88.25511732,14.95398548,1,11,-1,200,-1,-1,49,10,11,1.0
57,1,7,152243,153770,153770,154776,154776,155382,155416,161416,161416,162034,162066,162099,165200,1527,1006,606,6000,618,1201,0,600,1242,3134,3101,642,101.2150834,12.95996609,1,2,5,210,1,1,51,7,2,2.0
57,1,8,165204,166727,166727,167734,167734,168357,168390,176390,176390,177019,177053,177086,180143,1523,1007,623,8000,629,1029,0,600,1389,3090,3057,789,116.1580165,14.94293312,1,7,7,160,1,1,51,14,7,2.0
57,1,9,180146,181671,181671,182676,182676,183283,183316,189316,189316,189948,189980,190013,193086,1525,1005,607,6000,632,1044,0,600,1387,3106,3073,787,129.1000308,12.9420143,1,20,8,180,1,1,51,28,20,2.0
57,1,10,193089,194611,194611,195618,195618,196241,196274,204774,204774,205376,205409,205443,208535,1522,1007,623,8500,602,1519,0,600,927,3126,3092,327,144.5490625,15.44903171,1,15,-1,190,-1,-1,49,14,15,1.0
57,1,11,208538,210063,210063,211071,211071,211680,211713,220713,220713,221315,221347,221380,224476,1525,1008,609,9000,602,871,0,600,1585,3129,3096,985,160.4908605,15.94179793,1,14,14,160,1,1,51,28,14,2.0
57,1,12,224479,226007,226007,227016,227016,227619,227652,235152,235152,235775,235807,235840,238928,1528,1009,603,7500,623,839,0,600,1598,3121,3088,998,174.9423006,14.45144011,1,5,2,210,1,1,51,7,5,2.0
57,1,13,238931,240453,240453,241463,241463,242069,242101,248601,248601,249204,249236,249269,252393,1522,1010,606,6500,603,1227,0,600,1232,3157,3124,632,188.4070116,13.46471102,1,28,-8,170,-1,-1,49,20,28,1.0
57,1,14,252396,253923,253923,254932,254932,255533,255567,262567,262567,263199,263231,263265,266354,1527,1009,601,7000,632,867,0,600,1564,3123,3089,964,202.3687192,13.9617076,1,7,3,210,1,1,51,10,7,2.0
57,1,15,266357,267880,267880,268886,268886,269490,269522,276022,276022,276651,276684,276717,279789,1523,1006,604,6500,629,689,0,600,1749,3105,3072,1149,215.8032318,13.43451261,1,10,18,160,1,1,51,28,10,2.0
57,1,16,279791,281314,281314,282316,282316,282944,282976,290476,290476,291080,291113,291146,294232,1523,1002,628,7500,604,865,0,600,1578,3119,3086,978,230.2458511,14.44261926,1,40,-20,150,-1,-1,49,20,40,1.0
57,1,17,294235,295761,295761,296766,296766,297366,297399,303399,303399,304033,304065,304098,307187,1526,1005,600,6000,634,1064,0,600,1371,3122,3089,771,243.2022742,12.95642311,1,10,-5,200,-1,-1,49,5,10,1.0
57,1,18,307190,308715,308715,309723,309723,310329,310362,318362,318362,318965,318997,319031,322147,1525,1008,606,8000,603,1121,0,600,1337,3150,3116,737,258.1608354,14.95856119,1,10,18,170,1,1,51,28,10,2.0
57,1,19,322150,323673,323673,324678,324678,325286,325318,332318,332318,332919,332951,332984,336085,1523,1005,608,7000,601,1046,0,600,1417,3134,3101,817,272.0990418,13.93820642,1,28,-8,200,-1,-1,49,20,28,1.0
57,1,20,336088,337607,337607,338613,338613,339217,339250,347750,347750,348351,348384,348417,351524,1519,1006,604,8500,601,1253,0,600,1217,3140,3107,617,287.5383269,15.43928511,1,28,-8,150,-1,-1,49,20,28,1.0
57,1,21,351525,353046,353046,354055,354055,354657,354689,363689,363689,364308,364341,364374,367478,1521,1009,602,9000,619,946,0,600,1503,3137,3104,903,303.4931453,15.95481841,1,3,2,210,1,1,51,5,3,2.0
57,1,22,367481,369010,369010,370016,370016,370620,370654,379154,379154,379787,379820,379853,382925,1529,1006,604,8500,633,1049,0,600,1379,3105,3072,779,318.9393919,15.44624663,1,7,7,150,1,1,51,14,7,2.0
57,1,23,382928,384449,384449,385453,385453,386071,386103,394103,394103,394717,394749,394782,397885,1521,1004,618,8000,614,1173,0,600,1270,3136,3103,670,333.8988325,14.95944054,1,7,-2,150,-1,-1,49,5,7,1.0
57,1,24,397888,399409,399409,400414,400414,401014,401046,407546,407546,408162,408194,408227,411337,1521,1005,600,6500,616,730,0,600,1728,3143,3110,1128,347.3517013,13.45286882,1,2,3,150,1,1,51,5,2,2.0
57,1,25,411340,412871,412871,413877,413877,414481,414513,423513,423513,424114,424146,424180,427288,1531,1006,604,9000,601,1110,0,600,1348,3142,3108,748,363.3024551,15.95075378,1,14,-4,190,-1,-1,49,10,14,1.0
57,1,26,427291,428816,428816,429821,429821,430426,430459,437459,437459,438059,438092,438125,441251,1525,1005,605,7000,600,843,0,600,1622,3159,3126,1022,377.2655242,13.96306911,1,7,3,190,1,1,51,10,7,2.0
57,1,27,441254,442779,442779,443786,443786,444392,444424,450424,450424,451024,451057,451091,454188,1525,1007,606,6000,600,777,0,600,1685,3131,3097,1085,390.2029546,12.93743044,1,20,-6,210,-1,-1,49,14,20,1.0
57,1,28,454191,455717,455717,456726,456726,457334,457368,464868,464868,465496,465529,465562,468631,1526,1009,608,7500,628,817,0,600,1612,3102,3069,1012,404.6447117,14.44175709,1,5,5,170,1,1,51,10,5,2.0
57,1,29,468634,470158,470158,471164,471164,471794,471827,478827,478827,479459,479493,479527,482577,1524,1006,630,7000,632,474,0,600,1934,3084,3050,1334,418.5911676,13.94645591,1,10,-5,190,-1,-1,49,5,10,1.0
57,1,30,482580,484100,484100,485105,485105,485736,485769,493769,493769,494369,494402,494435,497543,1520,1005,631,8000,600,566,0,600,1878,3141,3108,1278,433.5564182,14.96525059,1,14,-7,180,-1,-1,49,7,14,1.0
57,1,31,497545,499069,499069,500071,500071,500690,500723,509223,509223,509854,509887,509920,513008,1524,1002,619,8500,631,966,0,600,1458,3121,3088,858,449.0225607,15.46614244,1,14,-9,180,-1,-1,49,5,14,1.0
57,1,32,513010,514537,514537,515541,515541,516145,516178,522178,522178,522807,522841,522874,525955,1527,1004,604,6000,629,735,0,600,1701,3114,3081,1101,461.9699848,12.94742416,1,4,3,200,1,1,51,7,4,2.0
57,1,33,525958,527481,527481,528486,528486,529091,529123,536623,536623,537254,537286,537320,540394,1523,1005,605,7500,631,1403,0,600,1033,3108,3074,433,476.4077282,14.4377434,1,10,4,160,1,1,51,14,10,2.0
57,1,34,540397,541917,541917,542922,542922,543525,543557,552557,552557,553186,553218,553252,556336,1520,1005,603,9000,629,571,0,600,1872,3118,3084,1272,492.3501288,15.94240063,1,5,5,150,1,1,51,10,5,2.0
57,1,35,556339,557863,557863,558866,558866,559473,559505,566005,566005,566636,566668,566701,569799,1524,1003,607,6500,631,1302,0,600,1133,3131,3098,533,505.8131038,13.46297493,1,15,-1,210,-1,-1,49,14,15,1.0
57,1,36,569802,571323,571323,572328,572328,572959,572991,579491,579491,580091,580124,580157,583262,1521,1005,631,6500,600,1049,0,600,1394,3138,3105,794,519.2760956,13.46299181,1,10,-3,210,-1,-1,49,7,10,1.0
57,2,37,17276,18800,18800,19817,19817,20433,20467,27467,27467,28068,28102,28137,31251,1524,1017,616,7000,601,1138,0,600,1304,3149,3114,704,13.98663628,13.98663628,0,9,1,180,1,-1,49,10,9,1.0
57,2,38,31256,32779,32779,33782,33782,34386,34419,40419,40419,41020,41053,41086,44198,1523,1003,604,6000,601,729,0,600,1740,3145,3112,1140,26.93213028,12.945494,1,28,-14,150,-1,-1,49,14,28,1.0
57,2,39,44201,45726,45726,46733,46733,47333,47365,55865,55865,56465,56498,56532,59655,1525,1007,600,8500,600,1449,0,600,1019,3157,3123,419,42.38940817,15.45727789,1,28,-8,180,-1,-1,49,20,28,1.0
57,2,40,59658,61188,61188,62196,62196,62829,62861,69361,69361,69991,70023,70056,73090,1530,1008,633,6500,630,976,0,600,1423,3067,3034,823,55.82448792,13.43507975,1,7,-2,150,-1,-1,49,5,7,1.0
57,2,41,73093,74618,74618,75624,75624,76253,76286,84286,84286,84887,84919,84953,88039,1525,1006,629,8000,601,834,0,600,1605,3120,3086,1005,70.77280347,14.94831555,1,7,-2,160,-1,-1,49,5,7,1.0
57,2,42,88042,89566,89566,90569,90569,91169,91202,98702,98702,99304,99336,99371,102493,1524,1003,600,7500,602,604,0,600,1867,3157,3122,1267,85.22767146,14.45486798,1,27,1,210,1,1,51,28,27,2.0
57,2,43,102496,104019,104019,105021,105021,105621,105655,114655,114655,115271,115303,115337,118460,1523,1002,600,9000,616,1101,0,600,1358,3157,3123,758,101.1939249,15.96625348,1,2,3,200,1,1,51,5,2,2.0
57,2,44,118463,119984,119984,120991,120991,121594,121626,127626,127626,128247,128280,128315,131411,1521,1007,603,6000,621,1199,0,600,1249,3131,3096,649,114.1449081,12.95098311,0,79,-51,200,-1,1,51,28,79,2.0
57,2,45,131414,132933,132933,133937,133937,134543,134575,142575,142575,143176,143209,143244,146360,1519,1004,606,8000,601,831,0,600,1639,3151,3116,1039,129.093613,14.9487049,1,7,13,180,1,1,51,20,7,2.0
57,2,46,146363,147888,147888,148894,148894,149500,149532,157032,157032,157635,157669,157704,160807,1525,1006,606,7500,603,1041,0,600,1419,3138,3103,819,143.5412431,14.44763013,1,10,10,200,1,1,51,20,10,2.0
57,2,47,160810,162336,162336,163343,163343,163947,163979,170479,170479,171080,171112,171146,174261,1526,1007,604,6500,601,798,0,600,1664,3149,3115,1064,156.9947197,13.45347664,1,57,-37,210,-1,-1,49,20,57,1.0
57,2,48,174264,175786,175786,176792,176792,177396,177429,186429,186429,187052,187086,187119,190222,1522,1006,604,9000,623,784,0,600,1661,3136,3103,1061,172.9557562,15.96103649,1,4,6,180,1,1,51,10,4,2.0
57,2,49,190224,191753,191753,192759,192759,193362,193395,200395,200395,200997,201029,201062,204170,1529,1006,603,7000,602,1305,0,600,1155,3141,3108,555,186.9044943,13.94873805,0,10,4,170,1,-1,49,14,10,1.0
57,2,50,204174,205697,205697,206706,206706,207315,207347,215847,215847,216479,216512,216546,219621,1523,1009,609,8500,632,1338,0,600,1089,3109,3075,489,202.3546651,15.45017082,0,14,14,200,1,-1,49,28,14,1.0
57,2,51,219623,221149,221149,222156,222156,222762,222794,229294,229294,229897,229929,229963,233070,1526,1007,606,6500,603,1046,0,600,1412,3141,3107,812,215.8042844,13.44961935,1,14,-7,180,-1,-1,49,7,14,1.0
57,2,52,233073,234596,234596,235600,235600,236206,236239,243239,243239,243869,243901,243935,247026,1523,1004,606,7000,630,774,0,600,1663,3125,3091,1063,229.759616,13.95533161,1,7,13,190,1,1,51,20,7,2.0
57,2,53,247029,248552,248552,249558,249558,250164,250196,258196,258196,258803,258837,258870,261980,1523,1006,606,8000,607,916,0,600,1542,3143,3110,942,244.7134698,14.95385378,1,40,-26,190,-1,-1,49,14,40,1.0
57,2,54,261983,263508,263508,264514,264514,265119,265152,272652,272652,273255,273287,273321,276435,1525,1006,605,7500,603,985,0,600,1476,3148,3114,876,259.1678505,14.4543807,1,5,2,150,1,1,51,7,5,2.0
57,2,55,276437,277963,277963,278969,278969,279574,279608,285608,285608,286208,286241,286276,289379,1526,1006,605,6000,600,1108,0,600,1355,3138,3103,755,272.1121617,12.9443112,1,20,-10,150,-1,-1,49,10,20,1.0
57,2,56,289382,290906,290906,291911,291911,292516,292548,301048,301048,301659,301692,301724,304823,1524,1005,605,8500,611,910,0,600,1545,3131,3099,945,287.5558472,15.44368544,1,14,14,200,1,1,51,28,14,2.0
57,2,57,304826,306346,306346,307351,307351,307958,307990,316990,316990,317590,317622,317658,320787,1520,1005,607,9000,600,1199,0,600,1269,3165,3129,669,303.521186,15.96533888,1,6,1,190,1,1,51,7,6,2.0
57,2,58,320790,322318,322318,323326,323326,323929,323961,330961,330961,331563,331597,331632,334724,1528,1008,603,7000,602,777,0,600,1682,3127,3092,1082,317.4575151,13.93632901,1,20,-10,160,-1,-1,49,10,20,1.0
57,2,59,334727,336251,336251,337256,337256,337862,337895,343895,343895,344512,344544,344577,347658,1524,1005,606,6000,617,730,0,600,1718,3114,3081,1118,330.3916113,12.93409629,0,9,1,190,1,-1,49,10,9,1.0
57,2,60,347661,349184,349184,350191,350191,350796,350828,358828,358828,359430,359462,359495,362603,1523,1007,605,8000,602,786,0,600,1677,3141,3108,1077,345.3359042,14.94429281,1,20,-10,170,-1,-1,49,10,20,1.0
57,2,61,362606,364130,364130,365137,365137,365742,365774,372274,372274,372877,372909,372943,376046,1524,1007,605,6500,603,914,0,600,1547,3137,3103,947,358.7795872,13.44368303,1,10,-3,170,-1,-1,49,7,10,1.0
57,2,62,376049,377576,377576,378578,378578,379183,379216,388216,388216,388848,388880,388914,391984,1527,1002,605,9000,632,1883,0,600,551,3104,3070,-49,374.7175251,15.93793792,0,56,-28,180,-1,1,51,28,56,2.0
57,2,63,391987,393507,393507,394512,394512,395118,395150,403650,403650,404252,404285,404320,407424,1520,1005,606,8500,602,1367,0,600,1100,3139,3104,500,390.1580503,15.44052517,1,28,-8,190,-1,-1,49,20,28,1.0
57,2,64,407427,408952,408952,409958,409958,410581,410613,418113,418113,418745,418778,418811,421862,1525,1006,623,7500,632,1412,0,600,1002,3084,3051,402,404.5958708,14.43782054,1,20,-6,210,-1,-1,49,14,20,1.0
57,2,65,421865,423394,423394,424399,424399,425007,425040,434040,434040,434659,434691,434726,437800,1529,1005,608,9000,619,886,0,600,1553,3109,3074,953,420.5337135,15.93784269,1,79,-51,210,-1,-1,49,28,79,1.0
57,2,66,437803,439327,439327,440334,440334,440966,440998,449498,449498,450124,450157,450191,453250,1524,1007,632,8500,626,574,0,600,1837,3093,3059,1237,435.9834191,15.44970553,1,3,2,180,1,1,51,5,3,2.0
57,2,67,453253,454780,454780,455789,455789,456395,456428,462928,462928,463529,463561,463596,466685,1527,1009,606,6500,601,1062,0,600,1395,3124,3089,795,449.4184994,13.43508036,1,20,-6,200,-1,-1,49,14,20,1.0
57,2,68,466688,468211,468211,469218,469218,469821,469853,475853,475853,476456,476488,476523,479644,1523,1007,603,6000,603,1485,0,600,979,3156,3121,379,462.3772143,12.95871488,1,10,4,150,1,1,51,14,10,2.0
57,2,69,479647,481171,481171,482176,482176,482806,482839,489839,489839,490469,490501,490534,493603,1524,1005,630,7000,630,943,0,600,1468,3102,3069,868,476.3369019,13.95968764,1,4,1,150,1,1,51,5,4,2.0
57,2,70,493606,495125,495125,496129,496129,496735,496768,504268,504268,504870,504902,504936,508041,1519,1004,606,7500,602,881,0,600,1588,3139,3105,988,490.7739149,14.43701292,1,20,-13,200,-1,-1,49,7,20,1.0
57,2,71,508044,509575,509575,510585,510585,511191,511224,519224,519224,519845,519878,519910,522984,1531,1010,606,8000,621,821,0,600,1611,3106,3074,1011,505.7178256,14.9439107,1,2,5,190,1,1,51,7,2,2.0
57,2,72,522986,524511,524511,525522,525522,526125,526159,535159,535159,535780,535813,535846,538951,1525,1011,603,9000,621,950,0,600,1490,3138,3105,890,521.6835544,15.96572883,1,2,3,170,1,1,51,5,2,2.0
57,3,73,17489,19017,19017,20036,20036,20654,20687,27187,27187,27787,27820,27856,30936,1528,1019,618,6500,600,621,0,600,1814,3116,3080,1214,13.45864934,13.45864934,1,14,-4,180,-1,-1,49,10,14,1.0
57,3,74,30941,32467,32467,33471,33471,34073,34105,43105,43105,43721,43753,43786,46897,1526,1004,602,9000,616,884,0,600,1568,3144,3111,968,29.41883933,15.96019,1,2,5,160,1,1,51,7,2,2.0
57,3,75,46900,48428,48428,49433,49433,50038,50071,58571,58571,59204,59236,59270,62349,1528,1005,605,8500,633,1375,0,600,1054,3113,3079,454,44.87000702,15.45116769,1,27,1,210,1,1,51,28,27,2.0
57,3,76,62352,63874,63874,64879,64879,65486,65519,73519,73519,74150,74183,74217,77307,1522,1005,607,8000,631,644,0,600,1791,3124,3090,1191,59.82755176,14.95754473,1,10,10,180,1,1,51,20,10,2.0
57,3,77,77310,78832,78832,79839,79839,80444,80477,87477,87477,88103,88136,88171,91273,1522,1007,605,7000,626,850,0,600,1590,3137,3102,990,73.79414396,13.9665922,1,4,6,150,1,1,51,10,4,2.0
57,3,78,91276,92804,92804,93811,93811,94418,94451,101951,101951,102582,102615,102648,105719,1528,1007,607,7500,631,1109,0,600,1318,3104,3071,718,88.24020405,14.44606009,1,20,-6,210,-1,-1,49,14,20,1.0
57,3,79,105722,107245,107245,108252,108252,108855,108889,114889,114889,115489,115522,115556,118672,1523,1007,603,6000,600,897,0,600,1570,3150,3116,970,101.1937321,12.95352802,1,5,5,190,1,1,51,10,5,2.0
57,3,80,118675,120198,120198,121200,121200,121804,121836,128836,128836,129464,129496,129530,132624,1523,1002,604,7000,628,1133,0,600,1310,3128,3094,710,115.14505,13.95131791,1,5,9,200,1,1,51,14,5,2.0
57,3,81,132626,134149,134149,135155,135155,135759,135791,144791,144791,145392,145425,145459,148565,1523,1006,604,9000,601,688,0,600,1778,3140,3106,1178,131.0865872,15.94153726,1,10,-5,210,-1,-1,49,5,10,1.0
57,3,82,148568,150096,150096,151103,151103,151707,151739,157739,157739,158340,158372,158406,161506,1528,1007,604,6000,601,1433,0,600,1027,3134,3100,427,144.0275884,12.94100116,1,10,18,190,1,1,51,28,10,2.0
57,3,83,161509,163035,163035,164037,164037,164642,164674,171174,171174,171807,171839,171872,174963,1526,1002,605,6500,633,1035,0,600,1399,3124,3091,799,157.4839538,13.4563654,1,56,-28,190,-1,-1,49,28,56,1.0
57,3,84,174966,176492,176492,177495,177495,178100,178132,186632,186632,187264,187298,187332,190418,1526,1003,605,8500,632,993,0,600,1441,3120,3086,841,172.9380844,15.45413058,1,20,-13,190,-1,-1,49,7,20,1.0
57,3,85,190420,191945,191945,192952,192952,193559,193591,201091,201091,201691,201724,201759,204864,1525,1007,607,7500,600,946,0,600,1515,3140,3105,915,187.3844051,14.44632076,1,14,6,200,1,1,51,20,14,2.0
57,3,86,204867,206389,206389,207397,207397,207998,208031,216031,216031,216660,216694,216727,219802,1522,1008,601,8000,629,758,0,600,1682,3108,3075,1082,202.3234581,14.93905292,1,4,1,170,1,1,51,5,4,2.0
57,3,87,219805,221326,221326,222331,222331,222934,222966,228966,228966,229597,229630,229664,232745,1521,1005,603,6000,631,1090,0,600,1350,3115,3081,750,215.2659617,12.94250369,1,20,-13,180,-1,-1,49,7,20,1.0
57,3,88,232748,234269,234269,235274,235274,235877,235910,242910,242910,243513,243547,243580,246693,1521,1005,603,7000,603,988,0,600,1480,3146,3113,880,229.2138343,13.94787257,1,7,3,190,1,1,51,10,7,2.0
57,3,89,246696,248220,248220,249225,249225,249831,249863,258363,258363,258969,259000,259034,262129,1524,1005,606,8500,606,1132,0,600,1327,3129,3095,727,244.6502135,15.43637918,1,40,-20,210,-1,-1,49,20,40,1.0
57,3,90,262132,263654,263654,264662,264662,265268,265301,273301,273301,273910,273943,273978,277069,1522,1008,606,8000,609,903,0,600,1552,3126,3091,952,259.5891299,14.93891641,1,40,-20,210,-1,-1,49,20,40,1.0
57,3,91,277071,278590,278590,279594,279594,280200,280234,286734,286734,287366,287400,287433,290528,1519,1004,606,6500,632,847,0,600,1592,3128,3095,992,273.0488343,13.45970437,1,14,-4,170,-1,-1,49,10,14,1.0
57,3,92,290531,292055,292055,293059,293059,293661,293693,302693,302693,303294,303326,303360,306471,1524,1004,602,9000,601,1251,0,600,1218,3145,3111,618,288.9916643,15.94283006,1,27,1,210,1,1,51,28,27,2.0
57,3,93,306474,307996,307996,309000,309001,309602,309634,317134,317134,317760,317793,317826,320907,1522,1004,601,7500,626,406,0,600,2041,3114,3081,1441,303.42732,14.43565564,1,4,1,180,1,1,51,5,4,2.0
57,3,94,320910,322431,322431,323439,323439,324065,324097,333097,333097,333713,333746,333780,336853,1521,1008,626,9000,616,1369,0,600,1060,3107,3073,460,319.3739612,15.94664124,1,3,2,210,1,1,51,5,3,2.0
57,3,95,336856,338377,338377,339381,339381,340010,340042,346542,346542,347172,347204,347237,350292,1521,1004,629,6500,630,802,0,600,1614,3088,3055,1014,332.8134675,13.4395063,1,4,1,200,1,1,51,5,4,2.0
57,3,96,350295,351819,351819,352821,352821,353429,353461,359461,359461,360094,360127,360162,363237,1524,1002,608,6000,633,851,0,600,1582,3110,3075,982,345.7577688,12.94430125,1,20,-6,200,-1,-1,49,14,20,1.0
57,3,97,363240,364760,364760,365764,365764,366368,366400,373900,373900,374502,374534,374569,377702,1520,1004,604,7500,602,782,0,600,1688,3168,3133,1088,360.2221706,14.46440183,1,20,-6,170,-1,-1,49,14,20,1.0
57,3,98,377705,379229,379229,380235,380235,380860,380893,389393,389393,390005,390038,390072,393146,1524,1006,625,8500,612,686,0,600,1747,3108,3074,1147,375.667022,15.44485137,1,3,2,190,1,1,51,5,3,2.0
57,3,99,393149,394675,394675,395682,395682,396289,396321,403321,403321,403953,403986,404019,407086,1526,1007,607,7000,632,1264,0,600,1164,3100,3067,564,389.6064998,13.93947782,1,19,1,180,1,1,51,20,19,2.0
57,3,100,407089,408613,408613,409619,409619,410222,410256,418256,418256,418856,418889,418924,422039,1524,1006,603,8000,600,895,0,600,1572,3150,3115,972,404.5592666,14.95276681,1,27,1,170,1,1,51,28,27,2.0
57,3,101,422042,423567,423567,424570,424570,425173,425206,432706,432706,433340,433372,433407,436502,1525,1003,603,7500,634,876,0,600,1559,3130,3095,959,419.0217112,14.46244456,1,5,9,160,1,1,51,14,5,2.0
57,3,102,436505,438026,438026,439032,439032,439637,439670,446170,446170,446787,446819,446852,449966,1521,1006,605,6500,617,827,0,600,1624,3147,3114,1024,432.4858686,13.46415744,1,57,-37,200,-1,-1,49,20,57,1.0
57,3,103,449969,451493,451493,452500,452500,453119,453151,462151,462151,462754,462786,462821,465924,1524,1007,619,9000,603,1597,0,600,850,3138,3103,250,448.4447296,15.95886104,1,20,-10,170,-1,-1,49,10,20,1.0
57,3,104,465927,467450,467450,468455,468455,469063,469096,476096,476096,476697,476729,476764,479891,1523,1005,608,7000,601,873,0,600,1590,3162,3127,990,462.4112772,13.9665476,1,20,-13,160,-1,-1,49,7,20,1.0
57,3,105,479893,481419,481419,482425,482425,483031,483064,491564,491564,492170,492202,492235,495324,1526,1006,606,8500,606,832,0,600,1624,3122,3089,1024,477.8446757,15.43339852,1,40,-26,180,-1,-1,49,14,40,1.0
57,3,106,495327,496854,496854,497862,497862,498468,498501,504501,504501,505116,505150,505184,508262,1527,1008,606,6000,615,1120,0,600,1324,3112,3078,724,490.7820495,12.93737379,1,40,-12,160,-1,-1,49,28,40,1.0
57,3,107,508265,509782,509782,510791,510791,511396,511429,519429,519429,520030,520063,520097,523201,1517,1009,605,8000,601,1081,0,600,1387,3138,3104,787,505.7218567,14.9398072,1,14,-7,200,-1,-1,49,7,14,1.0
57,3,108,523203,524726,524726,525730,525730,526334,526366,533366,533366,533999,534032,534066,537139,1523,1004,604,7000,633,560,0,600,1876,3107,3073,1276,519.6600384,13.93818171,1,5,2,200,1,1,51,7,5,2.0
57,4,109,49647,51172,51172,52191,52191,52800,52833,61833,61833,62434,62466,62503,65594,1525,1019,609,9000,601,993,0,600,1453,3128,3091,853,15.96015896,15.96015896,0,28,-8,200,-1,1,51,20,28,2.0
57,4,110,65599,67123,67123,68130,68130,68738,68771,74771,74771,75372,75406,75440,78542,1524,1007,608,6000,601,1234,0,600,1226,3136,3102,626,28.90643647,12.94627751,1,13,1,180,1,1,51,14,13,2.0
57,4,111,78546,80068,80068,81073,81073,81679,81712,89712,89712,90330,90362,90396,93483,1522,1005,606,8000,618,641,0,600,1808,3121,3087,1208,43.84721342,14.94077695,1,79,-51,170,-1,-1,49,28,79,1.0
57,4,112,93486,95006,95006,96012,96012,96619,96651,103651,103651,104270,104303,104337,107451,1520,1006,607,7000,619,921,0,600,1527,3148,3114,927,57.81484318,13.96762976,1,56,-28,150,-1,-1,49,28,56,1.0
57,4,113,107454,108977,108977,109983,109983,110588,110621,119121,119121,119723,119756,119789,122873,1523,1006,605,8500,602,-1,2501,0,563,3117,3084,-37,73.2374497,15.42260653,-1,7,13,190,1,-2,-1,20,7,
57,4,114,122876,124404,124404,125409,125409,126015,126048,132548,132548,133149,133182,133215,136332,1528,1005,606,6500,601,1025,0,600,1435,3150,3117,835,86.69593119,13.45848149,1,14,6,150,1,1,51,20,14,2.0
57,4,115,136335,137863,137863,138868,138868,139472,139505,147005,147005,147607,147640,147675,150784,1528,1005,604,7500,602,1183,0,600,1278,3144,3109,678,101.1480225,14.45209133,1,27,1,150,1,1,51,28,27,2.0
57,4,116,150786,152306,152306,153312,153312,153919,153951,161451,161451,162068,162101,162134,165244,1520,1006,607,7500,617,666,0,600,1784,3143,3110,1184,115.6078215,14.45979899,1,2,3,180,1,1,51,5,2,2.0
57,4,117,165247,166766,166766,167771,167771,168375,168408,174408,174408,175011,175044,175077,178210,1519,1005,604,6000,603,872,0,600,1597,3166,3133,997,128.5733566,12.96553506,1,28,-18,180,-1,-1,49,10,28,1.0
57,4,118,178212,179737,179737,180743,180743,181364,181396,187896,187896,188523,188555,188588,191666,1525,1006,621,6500,627,1020,0,600,1401,3111,3078,801,142.030033,13.45667639,1,3,2,200,1,1,51,5,3,2.0
57,4,119,191669,193194,193194,194199,194199,194802,194836,201836,201836,202468,202501,202535,205608,1525,1005,603,7000,632,1407,0,600,1028,3107,3073,428,155.9718176,13.94178467,0,9,1,160,1,-1,49,10,9,1.0
57,4,120,205611,207136,207136,208142,208142,208774,208806,216806,216806,217421,217453,217486,220567,1525,1006,632,8000,615,761,0,600,1661,3114,3081,1061,170.9313603,14.95954269,1,4,1,210,1,1,51,5,4,2.0
57,4,121,220570,222096,222096,223100,223100,223706,223738,232238,232238,232866,232898,232931,236009,1526,1004,606,8500,628,826,0,600,1610,3111,3078,1010,186.3727959,15.44143555,1,4,3,150,1,1,51,7,4,2.0
57,4,122,236012,237533,237533,238538,238538,239141,239174,248174,248174,248776,248809,248844,251960,1521,1005,603,9000,602,797,0,600,1672,3151,3116,1072,202.3237612,15.95096533,1,28,-18,200,-1,-1,49,10,28,1.0
57,4,123,251962,253487,253487,254492,254492,255098,255131,263631,263631,264232,264264,264299,267421,1525,1005,606,8500,601,840,0,600,1623,3157,3122,1023,217.785161,15.46139977,1,10,-3,170,-1,-1,49,7,10,1.0
57,4,124,267424,268944,268944,269949,269949,270555,270587,278087,278087,278687,278719,278753,281857,1520,1005,606,7500,600,692,0,600,1777,3138,3104,1177,232.2208257,14.43566468,1,20,-6,190,-1,-1,49,14,20,1.0
57,4,125,281860,283385,283385,284388,284388,284997,285029,291029,291029,291629,291662,291696,294799,1525,1003,609,6000,600,652,0,600,1811,3137,3103,1211,245.1623192,12.94149356,1,20,8,150,1,1,51,28,20,2.0
57,4,126,294801,296326,296326,297334,297334,297954,297986,304486,304486,305118,305151,305184,308261,1525,1008,620,6500,632,1538,0,600,877,3110,3077,277,258.6249624,13.46264315,1,7,7,160,1,1,51,14,7,2.0
57,4,127,308264,309790,309790,310797,310797,311402,311435,319435,319435,320036,320068,320103,323230,1526,1007,605,8000,601,1090,0,600,1371,3162,3127,771,273.5933316,14.96836927,1,20,8,210,1,1,51,28,20,2.0
57,4,128,323233,324756,324756,325765,325765,326374,326407,335407,335407,336039,336071,336106,339177,1523,1009,609,9000,632,687,0,600,1740,3106,3071,1140,289.5412172,15.94788552,1,5,5,160,1,1,51,10,5,2.0
57,4,129,339180,340710,340710,341717,341717,342320,342353,349353,349353,349972,350005,350038,353141,1530,1007,603,7000,619,1110,0,600,1331,3136,3103,731,303.5048022,13.96358502,1,2,3,170,1,1,51,5,2,2.0
57,4,130,353144,354667,354667,355672,355672,356279,356312,364312,364312,364915,364947,364980,368075,1523,1005,607,8000,603,812,0,600,1650,3128,3095,1050,318.4386288,14.93382659,1,20,-6,180,-1,-1,49,14,20,1.0
57,4,131,368078,369604,369604,370613,370613,371215,371247,378247,378247,378864,378897,378931,382031,1526,1009,602,7000,617,845,0,600,1601,3134,3100,1001,332.3938251,13.9551963,1,57,-37,170,-1,-1,49,20,57,1.0
57,4,132,382033,383555,383555,384561,384561,385194,385227,391727,391727,392329,392362,392397,395472,1522,1006,633,6500,602,1049,0,600,1388,3110,3075,788,345.8353571,13.44153199,1,14,-9,180,-1,-1,49,5,14,1.0
57,4,133,395475,396998,396998,398009,398009,398615,398648,407148,407148,407748,407781,407814,410920,1523,1011,606,8500,600,922,0,600,1538,3139,3106,938,361.2830227,15.44766569,1,40,-26,180,-1,-1,49,14,40,1.0
57,4,134,410922,412450,412450,413457,413457,414085,414117,420117,420117,420748,420781,420815,423861,1528,1007,628,6000,631,983,0,600,1423,3080,3046,823,374.2239657,12.94094299,1,14,-7,160,-1,-1,49,7,14,1.0
57,4,135,423864,425385,425385,426395,426395,426999,427031,434531,434531,435147,435179,435212,438299,1521,1010,604,7500,616,866,0,600,1583,3120,3087,983,388.6631192,14.43915342,1,57,-37,190,-1,-1,49,20,57,1.0
57,4,136,438302,439825,439825,440831,440831,441437,441470,450470,450470,451102,451135,451169,454251,1523,1006,606,9000,632,1218,0,600,1215,3116,3082,615,404.6146405,15.95152133,1,4,6,150,1,1,51,10,4,2.0
57,4,137,454254,455779,455779,456782,456782,457393,457425,464425,464425,465035,465067,465102,468214,1525,1003,611,7000,610,984,0,600,1467,3147,3112,867,418.5770222,13.96238172,1,40,-12,170,-1,-1,49,28,40,1.0
57,4,138,468216,469737,469737,470745,470745,471372,471405,480405,480405,481036,481069,481103,484156,1521,1008,627,9000,631,702,0,600,1711,3087,3053,1111,434.5200542,15.94303196,1,4,6,200,1,1,51,10,4,2.0
57,4,139,484159,485683,485683,486690,486690,487297,487330,493830,493830,494448,494481,494514,497608,1524,1007,607,6500,618,1261,0,600,1183,3127,3094,583,447.9711495,13.45109537,1,10,4,200,1,1,51,14,10,2.0
57,4,140,497611,499135,499135,500142,500142,500743,500775,506775,506775,507406,507438,507473,510556,1524,1007,601,6000,631,2256,0,600,181,3118,3083,-419,460.919928,12.94877843,1,10,-5,180,-1,-1,49,5,10,1.0
57,4,141,510559,512082,512082,513085,513085,513702,513735,522235,522235,522840,522871,522905,526021,1523,1003,617,8500,605,824,0,600,1628,3150,3116,1028,476.3836662,15.46373826,1,14,-7,170,-1,-1,49,7,14,1.0
57,4,142,526023,527546,527546,528550,528550,529154,529187,537187,537187,537805,537837,537872,540961,1523,1004,604,8000,618,766,0,600,1685,3124,3089,1085,491.3247837,14.94111748,1,2,5,200,1,1,51,7,2,2.0
57,4,143,540964,542488,542488,543495,543495,544095,544127,551627,551627,552233,552265,552299,555406,1524,1007,600,7500,606,659,0,600,1804,3141,3107,1204,505.769165,14.44438126,1,10,-3,170,-1,-1,49,7,10,1.0
57,4,144,555409,556932,556932,557936,557936,558542,558574,567074,567074,567705,567737,567770,570859,1523,1004,606,8500,631,834,0,600,1602,3122,3089,1002,521.2221459,15.45298092,1,19,1,160,1,1,51,20,19,2.0
57,5,145,17943,19465,19465,20482,20482,21083,21116,29616,29616,30218,30251,30288,33388,1522,1017,601,8500,602,615,0,600,1843,3137,3100,1243,15.45674118,15.45674118,1,5,5,180,1,1,51,10,5,2.0
57,5,146,33391,34915,34915,35919,35919,36547,36580,43080,43080,43680,43712,43747,46855,1524,1004,628,6500,600,697,0,600,1747,3143,3108,1147,28.92266122,13.46592004,1,28,-18,210,-1,-1,49,10,28,1.0
57,5,147,46858,48385,48385,49388,49388,50007,50039,59039,59039,59654,59686,59720,62806,1527,1003,619,9000,615,672,0,600,1764,3120,3086,1164,44.87359461,15.95093339,1,2,5,210,1,1,51,7,2,2.0
57,5,148,62809,64322,64322,65328,65328,65950,65983,73483,73483,74099,74132,74165,77249,1513,1006,622,7500,616,734,0,600,1709,3117,3084,1109,59.31562804,14.44203343,1,2,5,160,1,1,51,7,2,2.0
57,5,149,77252,78771,78771,79775,79775,80381,80413,87413,87413,88046,88078,88114,91186,1519,1004,606,7000,633,1012,0,600,1426,3108,3072,826,73.25289757,13.93726952,1,10,-3,160,-1,-1,49,7,10,1.0
57,5,150,91189,92709,92709,93709,93709,94315,94348,100348,100348,100949,100982,101016,104138,1520,1000,606,6000,601,929,0,600,1544,3156,3122,944,86.2049119,12.95201434,1,14,14,150,1,1,51,28,14,2.0
57,5,151,104141,105665,105665,106669,106669,107269,107301,115301,115301,115902,115936,115970,119084,1524,1004,600,8000,601,960,0,600,1511,3148,3114,911,101.1506762,14.94576431,1,14,-9,170,-1,-1,49,5,14,1.0
57,5,152,119087,120608,120608,121609,121609,122217,122250,128250,128250,128853,128887,128919,132040,1521,1001,608,6000,603,709,0,600,1758,3153,3121,1158,114.106788,12.95611181,1,40,-26,160,-1,-1,49,14,40,1.0
57,5,153,132043,133565,133565,134571,134571,135177,135209,141709,141709,142309,142342,142378,145507,1522,1006,606,6500,600,713,0,600,1753,3165,3129,1153,127.5746105,13.46782247,1,10,4,160,1,1,51,14,10,2.0
57,5,154,145510,147035,147035,148039,148039,148656,148688,156188,156188,156815,156847,156881,159962,1525,1004,617,7500,627,471,0,600,1956,3115,3081,1356,142.0295586,14.45494814,1,3,2,210,1,1,51,5,3,2.0
57,5,155,159965,161492,161492,162497,162497,163105,163138,172138,172138,172752,172784,172818,175913,1527,1005,608,9000,614,1622,0,600,824,3129,3095,224,157.9803284,15.95076976,1,56,-28,170,-1,-1,49,28,56,1.0
57,5,156,175916,177441,177441,178445,178445,179050,179082,186082,186082,186703,186736,186769,189866,1525,1004,605,7000,621,619,0,600,1826,3130,3097,1226,171.93283,13.95250162,1,4,3,170,1,1,51,7,4,2.0
57,5,157,189869,191390,191390,192397,192397,193001,193033,201033,201033,201649,201681,201715,204813,1521,1007,604,8000,616,687,0,600,1765,3132,3098,1165,186.8800984,14.94726836,1,10,10,180,1,1,51,20,10,2.0
57,5,158,204816,206342,206342,207346,207346,207951,207983,216483,216483,217115,217148,217182,220260,1526,1004,605,8500,632,1051,0,600,1382,3112,3078,782,202.3271315,15.44703315,1,7,13,160,1,1,51,20,7,2.0
57,5,159,220263,221779,221779,222783,222783,223386,223419,232419,232419,233019,233052,233086,236208,1516,1004,603,9000,600,778,0,600,1699,3156,3122,1099,218.2759072,15.94877572,1,20,-6,160,-1,-1,49,14,20,1.0
57,5,160,236211,237732,237732,238736,238736,239339,239372,245372,245372,245993,246026,246060,249167,1521,1004,603,6000,621,594,0,600,1857,3141,3107,1257,231.2334737,12.95756643,1,79,-51,170,-1,-1,49,28,79,1.0
57,5,161,249170,250692,250692,251697,251697,252304,252336,258836,258836,259437,259470,259504,262618,1522,1005,607,6500,601,991,0,600,1474,3148,3114,874,244.6847969,13.45132319,1,14,-4,160,-1,-1,49,10,14,1.0
57,5,162,262621,264144,264144,265148,265148,265753,265786,273286,273286,273886,273918,273953,277085,1523,1004,605,7500,600,749,0,600,1719,3167,3132,1119,259.1526371,14.46784025,1,7,13,210,1,1,51,20,7,2.0
57,5,163,277088,278613,278613,279622,279622,280229,280261,288761,288761,289392,289424,289458,292545,1525,1009,607,8500,631,705,0,600,1723,3121,3087,1123,274.6121354,15.45949824,1,5,5,180,1,1,51,10,5,2.0
57,5,164,292548,294069,294069,295075,295075,295681,295713,302713,302713,303334,303366,303400,306504,1521,1006,606,7000,621,1047,0,600,1399,3138,3104,799,288.5705706,13.95843523,1,79,-51,210,-1,-1,49,28,79,1.0
57,5,165,306507,308032,308032,309036,309036,309643,309676,317676,317676,318292,318325,318359,321453,1525,1004,607,8000,616,777,0,600,1671,3128,3094,1071,303.5191992,14.94862866,1,40,-26,200,-1,-1,49,14,40,1.0
57,5,166,321456,322978,322978,323985,323985,324590,324622,331622,331622,332225,332258,332293,335418,1522,1007,605,7000,603,939,0,600,1524,3160,3125,924,317.4840237,13.96482448,1,20,-13,150,-1,-1,49,7,20,1.0
57,5,167,335420,336944,336944,337948,337948,338567,338599,347099,347099,347701,347733,347766,350860,1524,1004,619,8500,602,1266,0,600,1185,3127,3094,585,332.9266722,15.44264849,1,7,-2,150,-1,-1,49,5,7,1.0
57,5,168,350863,352382,352382,353387,353387,353995,354027,363027,363027,363644,363677,363711,366801,1519,1005,608,9000,617,1130,0,600,1321,3124,3090,721,348.8683023,15.94163008,1,56,-28,170,-1,-1,49,28,56,1.0
57,5,169,366804,368326,368326,369333,369333,369937,369969,376469,376469,377103,377135,377170,380244,1522,1007,604,6500,634,1400,0,600,1033,3109,3074,433,362.3101618,13.44185955,1,10,10,170,1,1,51,20,10,2.0
57,5,170,380247,381772,381772,382778,382778,383383,383416,390916,390916,391518,391550,391585,394687,1525,1006,605,7500,602,656,0,600,1806,3137,3102,1206,376.7542556,14.44409377,1,14,-7,190,-1,-1,49,7,14,1.0
57,5,171,394690,396217,396217,397222,397222,397840,397873,405873,405873,406475,406507,406541,409643,1527,1005,618,8000,602,884,0,600,1564,3136,3102,964,391.7096963,14.9554407,1,14,-9,180,-1,-1,49,5,14,1.0
57,5,172,409646,411167,411167,412168,412168,412773,412805,418805,418805,419407,419439,419474,422597,1521,1001,605,6000,602,939,0,600,1532,3158,3123,932,404.664255,12.95455865,1,7,13,190,1,1,51,20,7,2.0
57,5,173,422600,424125,424125,425134,425134,425742,425775,432275,432275,432876,432908,432943,436058,1525,1009,608,6500,601,1351,0,600,1106,3150,3115,506,418.1241299,13.45987493,1,10,-5,200,-1,-1,49,5,10,1.0
57,5,174,436061,437590,437590,438595,438595,439201,439233,448233,448233,448847,448880,448914,452020,1529,1005,606,9000,614,790,0,600,1656,3140,3106,1056,434.0865981,15.96246821,1,57,-37,200,-1,-1,49,20,57,1.0
57,5,175,452023,453548,453548,454553,454553,455157,455191,462691,462691,463324,463356,463392,466479,1525,1005,604,7500,633,1448,0,600,985,3123,3087,385,448.5447174,14.45811926,0,13,1,210,1,-1,49,14,13,1.0
57,5,176,466481,468003,468003,469011,469011,469631,469664,477664,477664,478266,478298,478331,481417,1522,1008,620,8000,602,898,0,600,1550,3119,3086,950,463.4838999,14.9391825,1,7,-2,200,-1,-1,49,5,7,1.0
57,5,177,481420,482943,482943,483948,483948,484553,484586,491586,491586,492190,492222,492256,495360,1523,1005,605,7000,604,821,0,600,1642,3138,3104,1042,477.4264415,13.94254166,1,20,-10,200,-1,-1,49,10,20,1.0
57,5,178,495363,496885,496885,497889,497889,498497,498529,504529,504529,505131,505163,505197,508318,1522,1004,608,6000,602,1323,0,600,1141,3155,3121,541,490.3843672,12.95792564,0,10,4,210,1,-1,49,14,10,1.0
57,5,179,508320,509844,509844,510848,510848,511456,511489,519989,519989,520621,520655,520690,523777,1524,1004,608,8500,632,2324,0,600,108,3122,3087,-492,505.8433573,15.45899017,0,9,1,150,1,-1,49,10,9,1.0
57,5,180,523780,525304,525304,526311,526311,526918,526950,535950,535950,536552,536584,536620,539728,1524,1007,607,9000,602,1116,0,600,1344,3144,3108,744,521.795136,15.95177868,1,10,18,190,1,1,51,28,10,2.0
57,6,181,17669,19196,19196,20212,20212,20813,20846,27846,27846,28449,28481,28519,31615,1527,1016,601,7000,603,771,0,600,1682,3134,3096,1082,13.95879414,13.95879414,1,7,3,150,1,1,51,10,7,2.0
57,6,182,31620,33147,33147,34155,34155,34756,34789,43789,43789,44390,44422,44457,47571,1527,1008,601,9000,601,900,0,600,1563,3149,3114,963,29.91246621,15.95367207,1,7,-2,150,-1,-1,49,5,7,1.0
57,6,183,47574,49099,49099,50105,50105,50711,50743,57243,57243,57875,57908,57944,61029,1525,1006,606,6500,632,801,0,600,1630,3121,3085,1030,43.36997342,13.45750722,1,10,18,200,1,1,51,28,10,2.0
57,6,184,61032,62555,62555,63562,63562,64163,64196,72696,72696,73297,73329,73363,76493,1523,1007,601,8500,601,1107,0,600,1361,3164,3130,761,58.83332053,15.4633471,1,6,-1,170,-1,-1,49,5,6,1.0
57,6,185,76495,78022,78022,79030,79030,79637,79669,87169,87169,87792,87824,87857,90949,1527,1008,607,7500,623,744,0,600,1691,3125,3092,1091,73.28995322,14.4566327,1,5,2,180,1,1,51,7,5,2.0
57,6,186,90951,92478,92478,93485,93485,94093,94125,100125,100125,100727,100759,100792,103908,1527,1007,608,6000,602,832,0,600,1624,3149,3116,1024,86.24916202,12.9592088,1,28,-14,150,-1,-1,49,14,28,1.0
57,6,187,103911,105435,105435,106439,106439,107069,107101,115101,115101,115729,115761,115795,118866,1524,1004,630,8000,628,624,0,600,1790,3105,3071,1190,101.2075692,14.9584072,1,6,-1,210,-1,-1,49,5,6,1.0
57,6,188,118869,120391,120391,121395,121395,122026,122058,128558,128558,129175,129208,129241,132307,1522,1004,631,6500,617,750,0,600,1676,3099,3066,1076,114.6478687,13.44029946,1,2,3,180,1,1,51,5,2,2.0
57,6,189,132310,133838,133838,134841,134841,135461,135494,142994,142994,143596,143628,143662,146764,1528,1003,620,7500,602,880,0,600,1567,3136,3102,967,129.1052722,14.45740355,1,10,-3,190,-1,-1,49,7,10,1.0
57,6,190,146767,148293,148293,149295,149295,149899,149931,155931,155931,156535,156568,156603,159703,1526,1002,604,6000,604,976,0,600,1488,3135,3100,888,142.0436543,12.93838211,1,5,2,150,1,1,51,7,5,2.0
57,6,191,159706,161228,161228,162234,162234,162834,162866,169866,169866,170478,170511,170544,173668,1522,1006,600,7000,612,842,0,600,1618,3157,3124,1018,156.0086394,13.9649851,1,40,-26,210,-1,-1,49,14,40,1.0
57,6,192,173671,175194,175194,176201,176201,176803,176835,185335,185335,185951,185983,186016,189128,1523,1007,602,8500,616,853,0,600,1599,3145,3112,999,171.4690869,15.4604475,1,2,5,180,1,1,51,7,2,2.0
57,6,193,189131,190658,190658,191660,191660,192267,192299,200299,200299,200900,200932,200965,204072,1527,1002,607,8000,601,1079,0,600,1384,3140,3107,784,186.4130703,14.94398333,1,10,10,190,1,1,51,20,10,2.0
57,6,194,204075,205598,205598,206600,206600,207202,207235,216235,216235,216854,216888,216922,220023,1523,1002,602,9000,619,556,0,600,1898,3135,3101,1298,202.3644361,15.95136583,1,79,-51,200,-1,-1,49,28,79,1.0
57,6,195,220026,221547,221547,222554,222554,223159,223191,230191,230191,230810,230842,230876,233966,1521,1007,605,7000,619,677,0,600,1771,3124,3090,1171,216.3066969,13.9422608,1,2,5,210,1,1,51,7,2,2.0
57,6,196,233968,235495,235495,236500,236500,237100,237133,243133,243133,243734,243767,243800,246908,1527,1005,600,6000,601,1115,0,600,1352,3141,3108,752,229.2482146,12.94151767,0,21,-1,200,-1,1,51,20,21,2.0
57,6,197,246910,248432,248432,249438,249438,250068,250101,256601,256601,257201,257233,257267,260344,1522,1006,630,6500,600,1276,0,600,1166,3111,3077,566,242.6851115,13.4368969,1,21,-1,150,-1,-1,49,20,21,1.0
57,6,198,260346,261875,261875,262882,262882,263487,263520,272520,272520,273131,273163,273199,276297,1529,1007,605,9000,611,745,0,600,1703,3134,3098,1103,258.6379952,15.95288374,1,40,-26,180,-1,-1,49,14,40,1.0
57,6,199,276300,277825,277825,278832,278832,279437,279469,287469,287469,288070,288104,288138,291243,1525,1007,605,8000,601,1240,0,600,1222,3139,3105,622,273.5837282,14.94573297,1,28,-8,180,-1,-1,49,20,28,1.0
57,6,200,291246,292771,292771,293775,293775,294380,294412,302912,302912,303546,303578,303612,306695,1525,1004,605,8500,634,312,0,600,2120,3117,3083,1520,289.0350948,15.45136658,1,20,8,180,1,1,51,28,20,2.0
57,6,201,306698,308220,308220,309220,309220,309848,309880,317380,317380,318001,318034,318068,321140,1522,1000,628,7500,621,822,0,600,1607,3106,3072,1007,303.4809909,14.44589615,1,2,5,150,1,1,51,7,2,2.0
57,6,202,321143,322663,322663,323668,323668,324272,324305,331805,331805,332422,332455,332489,335582,1520,1005,604,7500,617,547,0,600,1907,3127,3093,1307,317.9219859,14.44099498,1,57,-37,170,-1,-1,49,20,57,1.0
57,6,203,335585,337109,337109,338113,338113,338716,338749,345749,345749,346351,346384,346418,349535,1524,1004,603,7000,602,575,0,600,1892,3151,3117,1292,331.8757065,13.95372059,1,14,-9,210,-1,-1,49,5,14,1.0
57,6,204,349538,351063,351063,352070,352070,352676,352709,359209,359209,359809,359841,359875,362980,1525,1007,606,6500,600,853,0,600,1609,3139,3105,1009,345.3197903,13.44408383,1,5,9,180,1,1,51,14,5,2.0
57,6,205,362983,364509,364509,365513,365513,366142,366175,374675,374675,375277,375310,375345,378429,1526,1004,629,8500,602,1671,0,600,768,3119,3084,168,360.7690471,15.44925682,0,21,-1,160,-1,1,51,20,21,2.0
57,6,206,378432,379951,379951,380959,380959,381581,381614,390614,390614,391215,391247,391281,394379,1519,1008,622,9000,601,1626,0,600,824,3132,3098,224,376.7194658,15.95041868,1,20,8,150,1,1,51,28,20,2.0
57,6,207,394382,395904,395904,396911,396911,397517,397549,403549,403549,404153,404185,404218,407319,1522,1007,606,6000,604,459,0,600,2002,3134,3101,1402,389.6597154,12.94024959,1,40,-26,160,-1,-1,49,14,40,1.0
57,6,208,407322,408845,408845,409852,409852,410459,410491,418491,418491,419109,419141,419175,422278,1523,1007,607,8000,618,721,0,600,1724,3137,3103,1124,404.6182522,14.95853678,1,79,-51,180,-1,-1,49,28,79,1.0
57,6,209,422281,423803,423803,424808,424808,425416,425450,432950,432950,433580,433612,433646,436743,1522,1005,608,7500,630,554,0,600,1881,3131,3097,1281,419.0837247,14.46547253,1,5,5,150,1,1,51,10,5,2.0
57,6,210,436746,438271,438271,439276,439276,439876,439908,447908,447908,448539,448571,448605,451678,1525,1005,600,8000,631,786,0,600,1653,3107,3073,1053,434.0186347,14.93490994,1,14,-9,180,-1,-1,49,5,14,1.0
57,6,211,451681,453208,453208,454215,454215,454821,454853,463853,463853,464487,464520,464556,467642,1527,1007,606,9000,634,635,0,600,1791,3122,3086,1191,449.9823297,15.96369501,1,28,-18,150,-1,-1,49,10,28,1.0
57,6,212,467645,469165,469165,470169,470169,470777,470810,479310,479310,479913,479946,479980,483086,1520,1004,608,8500,603,594,0,600,1871,3140,3106,1271,465.4264005,15.44407087,1,7,3,150,1,1,51,10,7,2.0
57,6,213,483089,484611,484611,485621,485621,486228,486260,492760,492760,493360,493393,493428,496535,1522,1010,607,6500,600,920,0,600,1541,3142,3107,941,478.874863,13.44846246,1,11,-1,150,-1,-1,49,10,11,1.0
57,6,214,496537,498062,498062,499070,499070,499679,499711,505711,505711,506322,506354,506387,509489,1525,1008,609,6000,611,756,0,600,1691,3135,3102,1091,491.8289039,12.95404092,1,40,-12,180,-1,-1,49,28,40,1.0
57,6,215,509492,511019,511019,512023,512023,512628,512660,519660,519660,520263,520294,520330,523453,1527,1004,605,7000,603,772,0,600,1689,3159,3123,1089,505.7930036,13.96409973,1,7,3,150,1,1,51,10,7,2.0
57,6,216,523456,524980,524980,525988,525988,526596,526628,533628,533628,534230,534262,534295,537398,1524,1008,608,7000,602,1175,0,600,1283,3136,3103,683,519.7380703,13.94506668,1,20,-6,210,-1,-1,49,14,20,1.0
58,1,1,60598,62124,62124,63143,63143,63748,63780,71780,71780,72409,72441,72477,75546,1526,1019,605,8000,629,805,0,600,1616,3105,3069,1016,14.95940739,14.95940739,1,7,-2,200,-1,-1,49,5,7,1.0
58,1,2,75550,77076,77076,78079,78079,78684,78716,87216,87216,87842,87874,87907,91001,1526,1003,605,8500,626,615,0,600,1825,3127,3094,1225,30.4130118,15.45360442,1,5,5,190,1,1,51,10,5,2.0
58,1,3,91004,92528,92528,93536,93536,94137,94169,101669,101669,102286,102319,102353,105459,1524,1008,601,7500,617,852,0,600,1598,3140,3106,998,44.87071158,14.45769978,1,2,3,190,1,1,51,5,2,2.0
58,1,4,105462,106989,106989,107996,107996,108622,108655,115155,115155,115777,115810,115844,118908,1527,1007,626,6500,622,776,0,600,1642,3098,3064,1042,58.3203454,13.44963381,1,4,1,170,1,1,51,5,4,2.0
58,1,5,118911,120441,120441,121451,121451,122051,122083,129083,129083,129683,129715,129749,132869,1530,1010,600,7000,600,708,0,600,1752,3154,3120,1152,72.28032083,13.95997543,1,10,-5,170,-1,-1,49,5,10,1.0
58,1,6,132871,134396,134396,135399,135399,136017,136049,145049,145049,145653,145685,145719,148818,1525,1003,618,9000,604,587,0,600,1863,3133,3099,1263,88.22947384,15.94915301,1,28,-18,200,-1,-1,49,10,28,1.0
58,1,7,148821,150349,150349,151355,151355,151959,151992,157992,157992,158602,158634,158667,161766,1528,1006,604,6000,610,979,0,600,1473,3132,3099,873,101.1773205,12.94784665,1,56,-28,210,-1,-1,49,28,56,1.0
58,1,8,161768,163299,163299,164310,164310,164916,164948,171448,171448,172080,172113,172147,175209,1531,1011,606,6500,632,418,0,600,2002,3096,3062,1402,114.6201706,13.4428501,1,28,-14,190,-1,-1,49,14,28,1.0
58,1,9,175211,176734,176734,177738,177738,178359,178391,184391,184391,185014,185048,185081,188156,1523,1004,621,6000,623,472,0,600,1957,3108,3075,1357,127.5681061,12.94793555,1,4,3,170,1,1,51,7,4,2.0
58,1,10,188159,189683,189683,190690,190690,191319,191352,198352,198352,198976,199009,199042,202117,1524,1007,629,7000,624,496,0,600,1920,3108,3075,1320,141.5282832,13.96017704,1,3,2,150,1,1,51,5,3,2.0
58,1,11,202120,203640,203640,204649,204649,205254,205286,213286,213286,213888,213921,213954,217073,1520,1009,605,8000,602,637,0,600,1827,3152,3119,1227,156.4846608,14.9563776,1,28,-14,180,-1,-1,49,14,28,1.0
58,1,12,217075,218603,218603,219609,219609,220216,220249,227749,227749,228349,228381,228415,231515,1528,1006,607,7500,600,816,0,600,1643,3134,3100,1043,170.9262301,14.44156935,1,29,-1,160,-1,-1,49,28,29,1.0
58,1,13,231517,233039,233039,234048,234048,234653,234686,243686,243686,244315,244347,244380,247473,1522,1009,605,9000,629,356,0,600,2079,3126,3093,1479,186.8844511,15.95822097,1,7,13,160,1,1,51,20,7,2.0
58,1,14,247476,248994,248994,250001,250001,250631,250664,259164,259164,259783,259815,259849,262908,1518,1007,630,8500,619,1553,0,600,873,3093,3059,273,202.3196619,15.43521084,1,21,-1,180,-1,-1,49,20,21,1.0
58,1,15,262911,264436,264436,265444,265444,266052,266084,274584,274584,275218,275250,275284,278346,1525,1008,608,8500,634,522,0,600,1903,3096,3062,1303,217.7572245,15.43756259,0,21,-1,170,-1,1,51,20,21,2.0
58,1,16,278349,279872,279872,280877,280877,281481,281514,289514,289514,290140,290172,290205,293285,1523,1005,604,8000,626,386,0,600,2056,3113,3080,1456,232.6966707,14.93944618,1,7,7,160,1,1,51,14,7,2.0
58,1,17,293288,294810,294810,295817,295817,296447,296480,302480,302480,303084,303116,303149,306237,1522,1007,630,6000,604,543,0,600,1894,3121,3088,1294,245.6480498,12.95137909,1,14,-7,150,-1,-1,49,7,14,1.0
58,1,18,306240,307766,307766,308770,308770,309394,309427,316427,316427,317053,317085,317119,320184,1526,1004,624,7000,626,812,0,600,1608,3099,3065,1008,259.595191,13.94714119,1,8,-1,210,-1,-1,49,7,8,1.0
58,1,19,320187,321707,321707,322713,322713,323340,323372,329872,329872,330497,330530,330563,333639,1520,1006,627,6500,625,237,0,600,2185,3109,3076,1585,273.0497902,13.45459918,1,4,3,210,1,1,51,7,4,2.0
58,1,20,333641,335164,335164,336172,336172,336791,336824,344324,344324,344942,344974,345008,348082,1523,1008,619,7500,618,300,0,600,2132,3108,3074,1532,287.4933153,14.44352512,1,2,5,210,1,1,51,7,2,2.0
58,1,21,348085,349610,349610,350617,350617,351222,351255,360255,360255,360887,360920,360953,364016,1525,1007,605,9000,632,2043,0,600,388,3096,3063,-212,303.4276478,15.93433255,0,29,-1,150,-1,1,51,28,29,2.0
58,1,22,364019,365542,365542,366548,366548,367153,367186,373186,373186,373786,373818,373851,376951,1523,1006,605,6000,600,360,0,600,2106,3133,3100,1506,316.362084,12.93443622,1,28,-18,160,-1,-1,49,10,28,1.0
58,1,23,376954,378478,378478,379481,379481,380087,380119,387119,387119,387721,387753,387786,390883,1524,1003,606,7000,602,489,0,600,1976,3130,3097,1376,330.2945392,13.93245514,1,40,-26,180,-1,-1,49,14,40,1.0
58,1,24,390886,392414,392414,393417,393417,394049,394082,402082,402082,402682,402716,402750,405832,1528,1003,632,8000,600,702,0,600,1735,3116,3082,1135,345.2431374,14.94859822,1,40,-12,150,-1,-1,49,28,40,1.0
58,1,25,405834,407356,407356,408362,408362,408979,409011,416511,416511,417111,417144,417177,420295,1522,1006,617,7500,600,505,0,600,1950,3151,3118,1350,359.7057616,14.46262416,0,8,-1,200,-1,1,51,7,8,2.0
58,1,26,420297,421821,421821,422828,422828,423430,423462,429962,429962,430564,430597,430631,433736,1524,1007,602,6500,602,664,0,600,1801,3139,3105,1201,373.14772,13.4419584,1,28,-18,210,-1,-1,49,10,28,1.0
58,1,27,433739,435265,435265,436268,436268,436872,436904,445404,445404,446005,446038,446071,449194,1526,1003,604,8500,601,380,0,600,2086,3156,3123,1486,388.6054881,15.45776819,1,28,-14,180,-1,-1,49,14,28,1.0
58,1,28,449197,450722,450722,451726,451726,452334,452367,461367,461367,461968,462000,462033,465144,1525,1004,608,9000,601,368,0,600,2094,3144,3111,1494,404.5551538,15.94966561,1,40,-20,150,-1,-1,49,20,40,1.0
58,1,29,465146,466671,466671,467675,467675,468293,468326,476326,476326,476943,476975,477009,480102,1525,1004,618,8000,617,775,0,600,1661,3127,3093,1061,419.513463,14.95830926,0,14,-4,200,-1,1,51,10,14,2.0
58,1,30,480105,481626,481626,482633,482633,483239,483271,489771,489771,490405,490437,490471,493564,1521,1007,606,6500,634,446,0,600,1986,3127,3093,1386,432.9754203,13.46195727,1,20,8,150,1,1,51,28,20,2.0
58,1,31,493567,495092,495092,496095,496095,496700,496733,504233,504233,504834,504866,504900,508007,1525,1003,605,7500,601,1990,0,600,476,3141,3107,-124,447.4184928,14.44307249,1,14,-4,180,-1,-1,49,10,14,1.0
58,1,32,508010,509536,509536,510542,510542,511146,511179,520179,520179,520808,520840,520873,523950,1526,1006,604,9000,629,339,0,600,2096,3110,3077,1496,463.3608316,15.94233885,1,7,13,200,1,1,51,20,7,2.0
58,1,33,523953,525476,525476,526480,526480,527084,527117,533117,533117,533743,533776,533809,536911,1523,1004,604,6000,626,328,0,600,2115,3135,3102,1515,476.3216596,12.96082796,1,5,9,190,1,1,51,14,5,2.0
58,1,34,536914,538437,538437,539437,539437,540042,540075,547075,547075,547676,547708,547741,550853,1523,1000,605,7000,601,1604,0,600,867,3145,3112,267,490.2635883,13.94192871,1,21,-1,200,-1,-1,49,20,21,1.0
58,1,35,550856,552380,552380,553386,553386,553987,554019,562519,562519,563119,563151,563185,566298,1524,1006,601,8500,600,629,0,600,1840,3147,3113,1240,505.7084126,15.44482425,0,29,-1,170,-1,1,51,28,29,2.0
58,1,36,566301,567828,567828,568835,568835,569466,569499,576999,576999,577614,577647,577681,580759,1527,1007,631,7500,615,890,0,600,1530,3112,3078,930,520.1702466,14.46183402,1,2,3,150,1,1,51,5,2,2.0
58,2,37,16321,17842,17842,18857,18857,19461,19493,25493,25493,26119,26153,26188,29275,1521,1015,604,6000,626,987,0,600,1447,3122,3087,847,12.96601783,12.96601783,1,7,-2,170,-1,-1,49,5,7,1.0
58,2,38,29279,30799,30799,31804,31804,32409,32442,39442,39442,40054,40086,40121,43219,1520,1005,605,7000,612,939,0,600,1519,3133,3098,919,26.90813217,13.94211435,1,40,-20,180,-1,-1,49,20,40,1.0
58,2,39,43222,44747,44747,45752,45752,46370,46403,55403,55403,56034,56067,56100,59176,1525,1005,618,9000,631,1280,0,600,1141,3109,3076,541,42.8654301,15.95729793,0,15,-1,160,-1,1,51,14,15,2.0
58,2,40,59179,60699,60699,61705,61705,62313,62345,69845,69845,70457,70489,70524,73613,1520,1006,608,7500,612,480,0,600,1974,3124,3089,1374,57.30187136,14.43644126,1,40,-20,170,-1,-1,49,20,40,1.0
58,2,41,73616,75138,75138,76145,76145,76751,76783,83283,83283,83915,83947,83981,87074,1522,1007,606,6500,632,481,0,600,1952,3127,3093,1352,70.76282393,13.46095257,1,14,14,160,1,1,51,28,14,2.0
58,2,42,87077,88602,88602,89610,89610,90216,90248,98748,98748,99376,99409,99443,102529,1525,1008,606,8500,628,541,0,600,1892,3120,3086,1292,86.21806197,15.45523804,1,7,13,180,1,1,51,20,7,2.0
58,2,43,102531,104052,104052,105060,105060,105665,105697,113697,113697,114297,114329,114363,117490,1521,1008,605,8000,600,934,0,600,1532,3161,3127,932,101.179046,14.96098406,1,7,3,200,1,1,51,10,7,2.0
58,2,44,117493,119017,119017,120024,120024,120628,120662,129162,129162,129764,129797,129830,132956,1524,1007,604,8500,602,486,0,600,1977,3159,3126,1377,116.645221,15.46617498,1,20,-6,160,-1,-1,49,14,20,1.0
58,2,45,132959,134482,134482,135492,135492,136098,136131,142131,142131,142732,142765,142798,145896,1523,1010,606,6000,601,747,0,600,1713,3131,3098,1113,129.5845897,12.93936874,1,20,-6,150,-1,-1,49,14,20,1.0
58,2,46,145898,147422,147422,148425,148425,149049,149082,158082,158082,158708,158740,158774,161860,1524,1003,624,9000,626,2257,0,600,166,3120,3086,-434,145.5487404,15.96415066,1,6,-1,200,-1,-1,49,5,6,1.0
58,2,47,161863,163386,163386,164393,164393,165023,165055,173055,173055,173681,173713,173747,176814,1523,1007,630,8000,626,1012,0,600,1402,3101,3067,802,160.5024031,14.95366273,1,4,1,200,1,1,51,5,4,2.0
58,2,48,176816,178336,178336,179343,179343,179946,179979,186979,186979,187604,187637,187670,190756,1520,1007,603,7000,625,311,0,600,2134,3119,3086,1534,174.4447127,13.94230962,1,10,10,160,1,1,51,20,10,2.0
58,2,49,190758,192277,192277,193288,193288,193889,193922,200422,200422,201022,201055,201089,204221,1519,1011,601,6500,600,395,0,600,2074,3166,3132,1474,187.9102085,13.46549574,1,5,5,200,1,1,51,10,5,2.0
58,2,50,204223,205743,205743,206748,206748,207356,207389,214889,214889,215493,215526,215561,218659,1520,1005,608,7500,604,523,0,600,1940,3133,3098,1340,202.3477135,14.43750503,1,29,-1,160,-1,-1,49,28,29,1.0
58,2,51,218662,220185,220185,221193,221193,221825,221857,228357,228357,228980,229012,229045,232104,1523,1008,632,6500,623,293,0,600,2121,3092,3059,1521,215.793371,13.44565748,1,4,3,200,1,1,51,7,4,2.0
58,2,52,232107,233634,233634,234642,234642,235270,235303,241303,241303,241934,241968,242002,245020,1527,1008,628,6000,631,-1,2501,0,505,3052,3018,-95,228.7086473,12.91527631,-1,8,-1,150,-1,-2,-1,7,8,
58,2,53,245023,246550,246550,247553,247553,248157,248189,256189,256189,256805,256837,256870,259971,1527,1003,604,8000,616,267,0,600,2183,3134,3101,1583,243.6598829,14.95123565,1,40,-26,190,-1,-1,49,14,40,1.0
58,2,54,259973,261502,261502,262506,262506,263111,263143,270143,270143,270743,270776,270809,273915,1529,1004,605,7000,600,435,0,600,2027,3139,3106,1427,257.6037894,13.94390648,1,7,3,160,1,1,51,10,7,2.0
58,2,55,273918,275439,275439,276447,276447,277054,277086,286086,286086,286713,286746,286780,289872,1521,1008,607,9000,627,902,0,600,1535,3126,3092,935,273.5605238,15.9567344,1,10,4,210,1,1,51,14,10,2.0
58,2,56,289874,291397,291397,292405,292405,293028,293061,301561,301561,302161,302195,302229,305327,1523,1008,623,8500,600,421,0,600,2025,3132,3098,1425,289.015707,15.4551832,1,10,-3,200,-1,-1,49,7,10,1.0
58,2,57,305329,306853,306853,307858,307858,308462,308495,315995,315995,316597,316630,316664,319775,1524,1005,604,7500,602,663,0,600,1802,3145,3111,1202,303.4635436,14.44783655,1,20,8,190,1,1,51,28,20,2.0
58,2,58,319778,321304,321304,322314,322314,322940,322973,331473,331473,332094,332126,332159,335238,1526,1010,626,8500,621,339,0,600,2078,3112,3079,1478,318.9273515,15.46380787,1,2,3,150,1,1,51,5,2,2.0
58,2,59,335241,336764,336764,337775,337775,338382,338415,345415,345415,346021,346054,346087,349178,1523,1011,607,7000,606,1297,0,600,1156,3124,3091,556,332.8670475,13.939696,1,40,-12,150,-1,-1,49,28,40,1.0
58,2,60,349181,350709,350709,351713,351713,352336,352368,358368,358368,359000,359032,359066,362127,1528,1004,623,6000,632,514,0,600,1899,3095,3061,1299,345.8153558,12.94830832,1,4,1,210,1,1,51,5,4,2.0
58,2,61,362129,363656,363656,364665,364665,365272,365306,374306,374306,374906,374940,374974,378091,1527,1009,607,9000,600,1741,0,600,716,3151,3117,116,361.7797481,15.96439234,1,20,-6,160,-1,-1,49,14,20,1.0
58,2,62,378093,379613,379613,380618,380618,381228,381261,388761,388761,389378,389410,389443,392540,1520,1005,610,7500,617,325,0,600,2123,3130,3097,1523,376.2289414,14.44919324,1,57,-37,190,-1,-1,49,20,57,1.0
58,2,63,392542,394066,394066,395070,395070,395675,395707,403707,403707,404323,404355,404388,407496,1524,1004,605,8000,616,370,0,600,2081,3141,3108,1481,391.1849082,14.95596686,1,57,-37,170,-1,-1,49,20,57,1.0
58,2,64,407499,409019,409019,410024,410024,410625,410658,417158,417158,417787,417819,417853,420940,1520,1005,601,6500,629,477,0,600,1968,3121,3087,1368,404.6288471,13.44393888,1,5,2,210,1,1,51,7,5,2.0
58,2,65,420943,422469,422469,423477,423477,424105,424137,433137,433137,433762,433795,433828,436881,1526,1008,628,9000,625,346,0,600,2067,3086,3053,1467,420.5698564,15.94100929,1,5,2,200,1,1,51,7,5,2.0
58,2,66,436883,438405,438405,439412,439412,440034,440066,448566,448566,449170,449202,449237,452341,1522,1007,622,8500,604,853,0,600,1592,3139,3104,992,436.0293148,15.45945847,1,11,-1,150,-1,-1,49,10,11,1.0
58,2,67,452344,453867,453867,454873,454873,455477,455510,463010,463010,463612,463645,463679,466780,1523,1006,604,7500,602,398,0,600,2067,3135,3101,1467,450.4686699,14.43935502,1,20,-10,180,-1,-1,49,10,20,1.0
58,2,68,466782,468307,468307,469311,469311,469929,469961,476461,476461,477080,477113,477147,480242,1525,1004,618,6500,619,580,0,600,1854,3129,3095,1254,463.9304518,13.46178188,1,4,1,210,1,1,51,5,4,2.0
58,2,69,480244,481767,481767,482769,482769,483370,483403,489403,489403,490022,490054,490088,493206,1523,1002,601,6000,619,445,0,600,2010,3152,3118,1410,476.8941169,12.96366518,1,56,-28,180,-1,-1,49,28,56,1.0
58,2,70,493208,494736,494736,495744,495744,496374,496406,503406,503406,504027,504059,504093,507151,1528,1008,630,7000,621,349,0,600,2064,3092,3058,1464,490.8396673,13.94555035,1,2,5,200,1,1,51,7,2,2.0
58,2,71,507154,508680,508680,509691,509691,510297,510330,518330,518330,518931,518964,518996,522090,1526,1011,606,8000,601,1229,0,600,1227,3126,3094,627,505.778744,14.93907673,0,11,-1,160,-1,1,51,10,11,2.0
58,2,72,522092,523620,523620,524626,524626,525234,525266,531266,531266,531884,531916,531950,535050,1528,1006,608,6000,618,195,0,600,2245,3134,3100,1645,518.7381894,12.95944536,1,56,-28,180,-1,-1,49,28,56,1.0
58,3,73,15998,17521,17521,18540,18540,19145,19178,25678,25678,26295,26327,26363,29452,1523,1019,605,6500,617,308,0,600,2128,3125,3089,1528,13.46589111,13.46589111,1,2,5,160,1,1,51,7,2,2.0
58,3,74,29457,30980,30980,31982,31982,32584,32616,41616,41616,42217,42250,42283,45390,1523,1002,602,9000,601,982,0,600,1490,3140,3107,890,29.40273663,15.93684552,1,10,-3,170,-1,-1,49,7,10,1.0
58,3,75,45393,46919,46919,47924,47924,48529,48562,55562,55562,56163,56197,56230,59337,1526,1005,605,7000,601,432,0,600,2031,3140,3107,1431,43.34964126,13.94690463,1,15,-1,170,-1,-1,49,14,15,1.0
58,3,76,59340,60868,60868,61875,61875,62481,62514,70014,70014,70617,70651,70684,73775,1528,1007,606,7500,603,483,0,600,1973,3124,3091,1373,57.78720324,14.43756198,1,40,-12,150,-1,-1,49,28,40,1.0
58,3,77,73778,75299,75299,76303,76303,76908,76940,85440,85440,86041,86075,86109,89232,1521,1004,605,8500,601,347,0,600,2122,3157,3123,1522,73.24360872,15.45640548,1,10,4,160,1,1,51,14,10,2.0
58,3,78,89235,90759,90759,91766,91766,92372,92404,98404,98404,99009,99042,99075,102167,1524,1007,606,6000,605,284,0,600,2174,3125,3092,1574,86.17909062,12.93548191,1,40,-20,170,-1,-1,49,20,40,1.0
58,3,79,102170,103694,103694,104701,104701,105302,105334,113334,113334,113965,113997,114031,117123,1524,1007,601,8000,631,257,0,600,2180,3126,3092,1580,101.135119,14.95602834,1,4,3,210,1,1,51,7,4,2.0
58,3,80,117126,118643,118643,119650,119650,120254,120287,126787,126787,127391,127424,127457,130566,1517,1007,604,6500,604,1144,0,600,1324,3142,3109,724,114.5778337,13.44271479,0,11,-1,200,-1,1,51,10,11,2.0
58,3,81,130568,132092,132092,133101,133101,133703,133735,139735,139735,140353,140386,140419,143502,1524,1009,602,6000,618,215,0,600,2232,3116,3083,1632,127.5140091,12.93617532,1,2,5,190,1,1,51,7,2,2.0
58,3,82,143505,145027,145027,146031,146031,146635,146668,155668,155668,156293,156326,156360,159447,1522,1004,604,9000,625,279,0,600,2166,3121,3087,1566,143.4588808,15.94487171,1,5,2,200,1,1,51,7,5,2.0
58,3,83,159450,160974,160974,161984,161984,162590,162622,169622,169622,170224,170257,170291,173403,1524,1010,606,7000,602,731,0,600,1727,3146,3112,1127,157.4155667,13.95668588,1,14,6,190,1,1,51,20,14,2.0
58,3,84,173405,174927,174927,175930,175930,176534,176567,184067,184067,184683,184715,184748,187847,1522,1003,604,7500,616,330,0,600,2125,3132,3099,1525,171.8598786,14.44431195,1,7,7,170,1,1,51,14,7,2.0
58,3,85,187850,189377,189377,190382,190382,190989,191021,199021,199021,199623,199655,199689,202804,1527,1005,607,8000,602,1018,0,600,1441,3149,3115,841,186.8167546,14.95687604,1,29,-1,150,-1,-1,49,28,29,1.0
58,3,86,202807,204332,204332,205337,205337,205941,205974,214474,214474,215106,215139,215172,218250,1525,1005,604,8500,632,500,0,600,1934,3111,3078,1334,202.262228,15.44547336,1,5,2,150,1,1,51,7,5,2.0
58,3,87,218253,219773,219773,220774,220774,221390,221422,228422,228422,229042,229074,229106,232185,1520,1001,616,7000,620,277,0,600,2166,3111,3079,1566,216.1968411,13.93461311,1,79,-51,160,-1,-1,49,28,79,1.0
58,3,88,232188,233712,233712,234720,234720,235329,235362,242862,242862,243463,243495,243528,246637,1524,1008,609,7500,601,437,0,600,2021,3142,3109,1421,230.6487779,14.45193674,1,14,6,210,1,1,51,20,14,2.0
58,3,89,246640,248167,248167,249171,249171,249776,249809,255809,255809,256440,256473,256505,259596,1527,1004,605,6000,631,543,0,600,1890,3123,3091,1290,243.6085996,12.95982174,1,40,-12,180,-1,-1,49,28,40,1.0
58,3,90,259600,261123,261123,262129,262129,262737,262770,270770,270770,271370,271402,271436,274558,1523,1006,608,8000,600,418,0,600,2045,3156,3122,1445,258.569621,14.96102142,0,14,-4,190,-1,1,51,10,14,2.0
58,3,91,274560,276082,276082,277088,277088,277706,277739,286239,286239,286839,286871,286904,289996,1522,1006,618,8500,600,128,0,600,2326,3125,3092,1726,274.0073204,15.4376994,1,10,-5,150,-1,-1,49,5,10,1.0
58,3,92,289999,291514,291514,292519,292519,293119,293152,302152,302152,302752,302785,302818,305934,1515,1005,600,9000,600,278,0,600,2202,3149,3116,1602,289.9461356,15.93881515,1,14,-9,190,-1,-1,49,5,14,1.0
58,3,93,305937,307464,307464,308470,308470,309077,309110,315610,315610,316211,316243,316277,319397,1527,1006,607,6500,601,282,0,600,2177,3154,3120,1577,303.4097409,13.46360536,1,7,7,160,1,1,51,14,7,2.0
58,3,94,319400,320927,320927,321933,321933,322549,322582,330582,330582,331183,331215,331248,334347,1527,1006,616,8000,601,331,0,600,2119,3132,3099,1519,318.3587623,14.94902132,1,4,1,190,1,1,51,5,4,2.0
58,3,95,334350,335872,335872,336880,336880,337488,337520,345020,345020,345621,345653,345687,348791,1522,1008,608,7500,601,1178,0,600,1283,3138,3104,683,332.8023784,14.44361613,0,14,6,210,1,-1,49,20,14,1.0
58,3,96,348793,350315,350315,351322,351322,351924,351956,358456,358456,359088,359120,359154,362232,1522,1007,602,6500,632,342,0,600,2095,3112,3078,1495,346.2439966,13.44161817,1,4,1,190,1,1,51,5,4,2.0
58,3,97,362235,363761,363761,364765,364765,365370,365402,374402,374402,375032,375065,375098,378194,1526,1004,605,9000,630,457,0,600,1978,3129,3096,1378,362.2060311,15.96203457,1,7,3,210,1,1,51,10,7,2.0
58,3,98,378197,379724,379724,380727,380727,381355,381387,389887,389887,390517,390549,390583,393655,1527,1003,628,8500,630,496,0,600,1916,3106,3072,1316,377.6668704,15.46083926,1,5,9,200,1,1,51,14,5,2.0
58,3,99,393658,395181,395181,396185,396185,396792,396824,402824,402824,403426,403459,403492,406614,1523,1004,607,6000,602,515,0,600,1949,3155,3122,1349,390.6259321,12.95906174,1,20,-10,210,-1,-1,49,10,20,1.0
58,3,100,406617,408135,408135,409140,409140,409745,409777,416777,416777,417408,417442,417476,420572,1518,1005,605,7000,631,230,0,600,2211,3130,3096,1611,404.5838897,13.95795759,1,10,18,210,1,1,51,28,10,2.0
58,3,101,420575,422100,422100,423109,423109,423710,423742,431242,431242,431844,431876,431910,435006,1525,1009,601,7500,602,419,0,600,2044,3130,3096,1444,419.0176519,14.43376225,1,14,-9,180,-1,-1,49,5,14,1.0
58,3,102,435009,436529,436529,437531,437531,438136,438169,444169,444169,444770,444802,444836,447956,1520,1002,605,6000,601,1127,0,600,1345,3154,3120,745,431.9676912,12.95003928,1,11,-1,160,-1,-1,49,10,11,1.0
58,3,103,447959,449486,449486,450492,450492,451122,451154,459654,459654,460286,460319,460353,463402,1527,1006,630,8500,632,536,0,600,1869,3083,3049,1269,447.4138478,15.44615652,1,14,-4,210,-1,-1,49,10,14,1.0
58,3,104,463405,464928,464928,465932,465932,466535,466568,473068,473068,473700,473732,473766,476860,1523,1004,603,6500,632,229,0,600,2209,3128,3094,1609,460.8709231,13.45707538,1,5,9,180,1,1,51,14,5,2.0
58,3,105,476862,478387,478387,479392,479392,480021,480053,488053,488053,488654,488686,488720,491816,1525,1005,629,8000,601,1164,0,600,1276,3130,3096,676,475.8275855,14.95666238,1,28,-8,160,-1,-1,49,20,28,1.0
58,3,106,491819,493345,493345,494351,494351,494953,494985,501985,501985,502614,502646,502679,505769,1526,1006,602,7000,629,872,0,600,1565,3123,3090,965,489.7802719,13.95268635,1,7,-2,180,-1,-1,49,5,7,1.0
58,3,107,505772,507297,507297,508302,508302,508907,508941,517941,517941,518572,518604,518636,521710,1525,1005,605,9000,631,1051,0,600,1383,3106,3074,783,505.7205251,15.9402532,0,29,-1,150,-1,1,51,28,29,2.0
58,3,108,521711,523232,523232,524239,524239,524847,524879,532379,532379,532983,533015,533048,536163,1521,1007,608,7500,604,601,0,600,1859,3148,3115,1259,520.1746879,14.45416282,1,40,-20,200,-1,-1,49,20,40,1.0
58,4,109,52050,53577,53577,54593,54593,55206,55238,64238,64238,64870,64904,64941,67996,1527,1016,613,9000,632,793,0,600,1619,3092,3055,1019,15.95850273,15.95850273,0,28,-8,150,-1,1,51,20,28,2.0
58,4,110,68001,69523,69523,70525,70525,71130,71162,77162,77162,77774,77807,77841,80948,1522,1002,605,6000,612,465,0,600,1994,3141,3107,1394,28.90844166,12.94993893,1,5,9,210,1,1,51,14,5,2.0
58,4,111,80951,82472,82472,83480,83480,84086,84119,92119,92119,92719,92751,92785,95888,1521,1008,606,8000,600,463,0,600,2002,3137,3103,1402,43.84844474,14.94000308,1,10,10,170,1,1,51,20,10,2.0
58,4,112,95891,97410,97410,98415,98415,99018,99051,106051,106051,106656,106689,106722,109842,1519,1005,603,7000,605,479,0,600,1989,3153,3120,1389,57.8026484,13.95420365,1,40,-20,190,-1,-1,49,20,40,1.0
58,4,113,109845,111373,111373,112375,112375,113000,113033,119533,119533,120133,120166,120200,123305,1528,1002,625,6500,600,465,0,600,1980,3139,3105,1380,71.2656393,13.4629909,1,10,-5,210,-1,-1,49,5,10,1.0
58,4,114,123308,124828,124828,125835,125835,126440,126473,133973,133973,134593,134626,134659,137764,1520,1007,605,7500,620,234,0,600,2214,3138,3105,1614,85.72464514,14.45900584,1,56,-28,200,-1,-1,49,28,56,1.0
58,4,115,137767,139293,139293,140299,140299,140929,140961,149461,149461,150080,150113,150146,153210,1526,1006,630,8500,619,357,0,600,2062,3097,3064,1462,101.1707691,15.44612398,1,2,5,190,1,1,51,7,2,2.0
58,4,116,153213,154741,154741,155748,155748,156377,156409,165409,165409,166023,166056,166089,169172,1528,1007,629,9000,614,478,0,600,1944,3116,3083,1344,117.1328944,15.96212527,1,4,3,200,1,1,51,7,4,2.0
58,4,117,169175,170699,170699,171705,171705,172311,172343,180843,180843,181445,181479,181512,184608,1524,1006,606,8500,602,682,0,600,1780,3129,3096,1180,132.5684325,15.43553811,0,15,-1,200,-1,1,51,14,15,2.0
58,4,118,184610,186136,186136,187137,187137,187759,187791,194291,194291,194913,194946,194979,198041,1526,1001,622,6500,622,810,0,600,1619,3095,3062,1019,146.0019525,13.43351996,1,4,1,150,1,1,51,5,4,2.0
58,4,119,198044,199570,199570,200573,200573,201174,201207,209207,209207,209832,209865,209899,212990,1526,1003,601,8000,625,454,0,600,1991,3125,3091,1391,160.9508674,14.94891494,1,7,3,210,1,1,51,10,7,2.0
58,4,120,212993,214515,214515,215519,215519,216150,216183,222183,222183,222812,222845,222879,225937,1522,1004,631,6000,629,260,0,600,2154,3092,3058,1554,173.8968351,12.94596772,1,10,-5,200,-1,-1,49,5,10,1.0
58,4,121,225939,227466,227466,228470,228470,229073,229106,236106,236106,236707,236739,236772,239877,1527,1004,603,7000,601,301,0,600,2164,3138,3105,1564,187.8373493,13.94051417,1,20,-6,190,-1,-1,49,14,20,1.0
58,4,122,239880,241405,241405,242410,242410,243017,243050,250550,250550,251154,251187,251220,254330,1525,1005,607,7500,604,375,0,600,2084,3143,3110,1484,202.2902052,14.45285586,1,28,-8,200,-1,-1,49,20,28,1.0
58,4,123,254332,255855,255855,256858,256858,257483,257516,263516,263516,264147,264179,264213,267291,1523,1003,625,6000,631,308,0,600,2110,3112,3078,1510,215.2513405,12.96113533,1,20,-6,180,-1,-1,49,14,20,1.0
58,4,124,267294,268821,268821,269824,269824,270449,270482,276982,276982,277603,277636,277669,280750,1527,1003,625,6500,621,341,0,600,2083,3114,3081,1483,228.7105901,13.45924963,1,3,2,150,1,1,51,5,3,2.0
58,4,125,280753,282277,282277,283284,283284,283892,283925,292425,292425,293043,293075,293110,296188,1524,1007,608,8500,618,272,0,600,2171,3113,3078,1571,244.1481657,15.43757554,1,79,-51,160,-1,-1,49,28,79,1.0
58,4,126,296190,297712,297712,298718,298718,299324,299356,307356,307356,307982,308014,308048,311153,1522,1006,606,8000,626,334,0,600,2106,3139,3105,1506,259.11286,14.96469429,1,7,13,190,1,1,51,20,7,2.0
58,4,127,311156,312677,312677,313683,313683,314287,314321,321821,321821,322423,322455,322488,325611,1521,1006,604,7500,602,451,0,600,2016,3156,3123,1416,273.5716045,14.45874456,1,20,8,180,1,1,51,28,20,2.0
58,4,128,325614,327136,327136,328143,328143,328744,328777,337777,337777,338402,338435,338468,341554,1522,1007,601,9000,625,376,0,600,2069,3119,3086,1469,289.5140428,15.9424383,1,79,-51,150,-1,-1,49,28,79,1.0
58,4,129,341557,343085,343085,344090,344090,344698,344730,351730,351730,352332,352365,352398,355502,1528,1005,608,7000,602,430,0,600,2027,3137,3104,1427,303.4621025,13.9480597,1,20,-10,190,-1,-1,49,10,20,1.0
58,4,130,355504,357028,357028,358031,358031,358654,358686,365186,365186,365810,365843,365877,368939,1524,1003,623,6500,624,294,0,600,2132,3096,3062,1532,316.8989141,13.43681162,1,5,5,150,1,1,51,10,5,2.0
58,4,131,368942,370466,370466,371472,371472,372080,372113,381113,381113,381730,381763,381796,384900,1524,1006,608,9000,617,270,0,600,2175,3137,3104,1575,332.8593591,15.96044494,1,56,-28,200,-1,-1,49,28,56,1.0
58,4,132,384903,386429,386429,387435,387435,388053,388085,396085,396085,396705,396737,396771,399846,1526,1006,618,8000,620,793,0,600,1637,3109,3075,1037,347.8057764,14.94641734,1,11,-1,160,-1,-1,49,10,11,1.0
58,4,133,399849,401372,401372,402376,402376,403006,403039,410539,410539,411159,411191,411223,414284,1523,1004,630,7500,620,868,0,600,1555,3093,3061,955,362.2434571,14.43768072,1,6,-1,170,-1,-1,49,5,6,1.0
58,4,134,414286,415787,415787,416791,416791,417392,417424,423424,423424,424057,424089,424122,427223,1501,1004,601,6000,633,592,0,600,1869,3134,3101,1269,375.1832297,12.93977255,1,10,-3,170,-1,-1,49,7,10,1.0
58,4,135,427226,428750,428750,429755,429755,430375,430408,438908,438908,439529,439561,439595,442672,1524,1005,620,8500,621,659,0,600,1771,3111,3077,1171,390.6314342,15.4482045,1,6,-1,210,-1,-1,49,5,6,1.0
58,4,136,442674,444199,444199,445204,445204,445822,445854,452854,452854,453454,453486,453520,456619,1525,1005,618,7000,600,880,0,600,1572,3133,3099,972,404.5783138,13.94687961,1,10,4,160,1,1,51,14,10,2.0
58,4,137,456622,458145,458145,459148,459148,459753,459786,468286,468286,468891,468923,468957,472063,1523,1003,605,8500,605,203,0,600,2261,3140,3106,1661,420.0220502,15.44373637,1,40,-12,200,-1,-1,49,28,40,1.0
58,4,138,472066,473587,473587,474592,474592,475223,475255,484255,484255,484877,484909,484943,488005,1521,1005,631,9000,622,738,0,600,1683,3096,3062,1083,435.9645258,15.94247567,1,4,3,190,1,1,51,7,4,2.0
58,4,139,488008,489534,489534,490538,490538,491159,491191,498191,498191,498816,498848,498882,501942,1526,1004,621,7000,625,161,0,600,2263,3094,3060,1663,449.9017875,13.93726169,1,4,6,180,1,1,51,10,4,2.0
58,4,140,501945,503467,503467,504474,504474,505093,505126,513126,513126,513758,513789,513823,516876,1522,1007,619,8000,632,541,0,600,1879,3087,3053,1279,464.8351353,14.93334774,1,40,-26,170,-1,-1,49,14,40,1.0
58,4,141,516878,518402,518402,519405,519405,520006,520039,526539,526539,527155,527187,527220,530310,1524,1003,601,6500,616,414,0,600,2042,3123,3090,1442,478.2693727,13.43423748,1,2,5,210,1,1,51,7,2,2.0
58,4,142,530313,531840,531840,532843,532843,533459,533491,540991,540991,541610,541643,541676,544752,1527,1003,616,7500,619,273,0,600,2162,3109,3076,1562,492.71115,14.44177729,1,57,-37,190,-1,-1,49,20,57,1.0
58,4,143,544755,546277,546277,547281,547281,547910,547942,553942,553942,554570,554603,554636,557692,1522,1004,629,6000,628,803,0,600,1614,3089,3056,1014,505.6513246,12.94017455,1,8,-1,190,-1,-1,49,7,8,1.0
58,4,144,557694,559216,559216,560247,560247,560873,560906,568406,568406,569020,569052,569084,572147,1522,1031,626,7500,614,457,0,600,1950,3095,3063,1350,520.1067618,14.45543724,1,5,5,200,1,1,51,10,5,2.0
58,5,145,17748,19273,19273,20289,20289,20905,20938,27438,27438,28039,28073,28110,31200,1525,1016,616,6500,601,538,0,600,1904,3127,3090,1304,13.46516937,13.46516937,1,4,1,190,1,1,51,5,4,2.0
58,5,146,31205,32731,32731,33734,33734,34353,34386,40386,40386,41016,41048,41082,44150,1526,1003,619,6000,630,232,0,600,2190,3102,3068,1590,26.41223341,12.94706404,1,20,-13,180,-1,-1,49,7,20,1.0
58,5,147,44153,45677,45677,46685,46685,47291,47325,55825,55825,56452,56485,56519,59586,1524,1008,606,8500,627,300,0,600,2135,3101,3067,1535,41.84931444,15.43708103,1,5,5,160,1,1,51,10,5,2.0
58,5,148,59589,61119,61119,62123,62123,62729,62761,71761,71761,72393,72426,72460,75538,1530,1004,606,9000,632,439,0,600,1989,3112,3078,1389,57.79962886,15.95031441,1,10,10,190,1,1,51,20,10,2.0
58,5,149,75540,77064,77064,78068,78068,78674,78706,86706,86706,87308,87340,87373,90492,1524,1004,606,8000,602,608,0,600,1856,3152,3119,1256,72.75431678,14.95468793,1,27,1,180,1,1,51,28,27,2.0
58,5,150,90495,92023,92023,93029,93029,93635,93667,101167,101167,101801,101833,101866,104953,1528,1006,606,7500,634,188,0,600,2238,3120,3087,1638,87.21533353,14.46101675,1,28,-14,170,-1,-1,49,14,28,1.0
58,5,151,104955,106477,106477,107483,107483,108104,108137,115137,115137,115759,115791,115824,118910,1522,1006,621,7000,622,442,0,600,1987,3119,3086,1387,101.1720276,13.95669402,1,5,2,160,1,1,51,7,5,2.0
58,5,152,118912,120436,120436,121441,121441,122058,122090,129590,129590,130222,130255,130289,133374,1524,1005,617,7500,632,249,0,600,2173,3119,3085,1573,115.63703,14.46500242,1,4,1,200,1,1,51,5,4,2.0
58,5,153,133377,134903,134903,135910,135910,136516,136548,142548,142548,143179,143211,143245,146333,1526,1007,606,6000,631,279,0,600,2151,3122,3088,1551,128.5950976,12.95806758,1,3,2,170,1,1,51,5,3,2.0
58,5,154,146336,147863,147863,148868,148868,149473,149507,158007,158007,158638,158671,158704,161800,1527,1005,605,8500,631,122,0,600,2310,3129,3096,1710,144.062292,15.46719445,1,20,-10,210,-1,-1,49,10,20,1.0
58,5,155,161803,163326,163326,164331,164331,164935,164967,173967,173967,174569,174601,174634,177741,1523,1005,604,9000,602,240,0,600,2226,3140,3107,1626,160.0033435,15.94105148,1,7,13,170,1,1,51,20,7,2.0
58,5,156,177744,179268,179268,180271,180271,180897,180930,187430,187430,188055,188088,188121,191191,1524,1003,626,6500,625,491,0,600,1931,3103,3070,1331,173.4532226,13.44987911,1,4,1,150,1,1,51,5,4,2.0
58,5,157,191193,192723,192723,193728,193728,194335,194369,201369,201369,201973,202006,202039,205141,1530,1005,607,7000,604,235,0,600,2219,3135,3102,1619,187.4027062,13.94948359,1,40,-20,150,-1,-1,49,20,40,1.0
58,5,158,205144,206665,206665,207671,207671,208276,208309,216309,216309,216911,216944,216977,220078,1521,1006,605,8000,602,686,0,600,1780,3134,3101,1180,202.3400077,14.93730147,1,20,-6,210,-1,-1,49,14,20,1.0
58,5,159,220081,221604,221604,222610,222610,223217,223249,231249,231249,231881,231914,231948,235035,1523,1006,607,8000,632,574,0,600,1858,3121,3087,1258,217.2971588,14.95715117,0,20,8,150,1,-1,49,28,20,1.0
58,5,160,235038,236565,236565,237572,237572,238173,238205,244205,244205,244806,244838,244872,247995,1527,1007,601,6000,601,1065,0,600,1399,3157,3123,799,230.2566551,12.95949629,1,6,1,190,1,1,51,7,6,2.0
58,5,161,247998,249520,249520,250524,250524,251129,251161,260161,260161,260793,260826,260860,263953,1522,1004,605,9000,632,421,0,600,2016,3127,3093,1416,246.2144991,15.95784398,1,10,10,150,1,1,51,20,10,2.0
58,5,162,263955,265478,265478,266482,266482,267089,267121,274621,274621,275252,275284,275317,278406,1523,1004,607,7500,631,607,0,600,1828,3122,3089,1228,260.6679375,14.45343837,1,9,1,170,1,1,51,10,9,2.0
58,5,163,278409,279930,279930,280935,280935,281542,281574,290074,290074,290691,290724,290757,293853,1521,1005,607,8500,617,161,0,600,2289,3129,3096,1689,276.114932,15.44699458,1,57,-37,190,-1,-1,49,20,57,1.0
58,5,164,293856,295379,295379,296383,296383,297003,297036,303536,303536,304152,304184,304218,307294,1523,1004,620,6500,616,694,0,600,1743,3110,3076,1143,289.5568148,13.44188276,1,10,-3,180,-1,-1,49,7,10,1.0
58,5,165,307297,308821,308821,309826,309826,310431,310463,317463,317463,318095,318129,318162,321236,1524,1005,605,7000,632,304,0,600,2130,3107,3074,1530,303.4975143,13.9406995,1,20,-6,210,-1,-1,49,14,20,1.0
58,5,166,321239,322759,322759,323765,323765,324371,324403,332403,332403,333008,333040,333074,336185,1520,1006,606,8000,605,371,0,600,2092,3145,3111,1492,318.4469241,14.94940976,1,40,-20,160,-1,-1,49,20,40,1.0
58,5,167,336187,337708,337708,338713,338713,339320,339353,346353,346353,346984,347016,347050,350143,1521,1005,607,7000,631,1105,0,600,1331,3127,3093,731,332.4051667,13.95824266,0,13,1,200,1,-1,49,14,13,1.0
58,5,168,350146,351666,351666,352671,352671,353278,353310,359810,359810,360441,360474,360507,363609,1520,1005,607,6500,631,589,0,600,1848,3135,3102,1248,345.870036,13.46486923,1,20,-13,170,-1,-1,49,7,20,1.0
58,5,169,363611,365131,365131,366136,366136,366739,366772,375772,375772,376392,376425,376459,379550,1520,1005,603,9000,620,256,0,600,2196,3125,3091,1596,361.8128085,15.9427725,1,79,-51,160,-1,-1,49,28,79,1.0
58,5,170,379553,381079,381079,382083,382083,382689,382722,388722,388722,389322,389354,389387,392500,1526,1004,606,6000,600,602,0,600,1862,3146,3113,1262,374.7621661,12.94935762,0,20,-6,160,-1,1,51,14,20,2.0
58,5,171,392503,394025,394025,395034,395034,395639,395671,404171,404171,404772,404805,404839,407945,1522,1009,605,8500,601,500,0,600,1963,3140,3106,1363,390.2068273,15.44466122,1,20,-10,150,-1,-1,49,10,20,1.0
58,5,172,407948,409474,409474,410481,410481,411085,411118,418618,418618,419248,419281,419314,422391,1526,1007,604,7500,630,365,0,600,2068,3110,3077,1468,404.6524221,14.4455948,1,3,2,170,1,1,51,5,3,2.0
58,5,173,422394,423918,423918,424926,424927,425531,425564,432064,432064,432666,432699,432732,435833,1524,1008,604,6500,602,911,0,600,1551,3134,3101,951,418.0949591,13.44253699,1,7,3,170,1,1,51,10,7,2.0
58,5,174,435836,437361,437361,438365,438365,438968,439001,447501,447501,448102,448134,448167,451292,1525,1004,603,8500,601,317,0,600,2150,3158,3125,1550,433.55317,15.45821087,1,28,-14,190,-1,-1,49,14,28,1.0
58,5,175,451295,452818,452818,453825,453825,454425,454457,462457,462457,463090,463123,463157,466230,1523,1007,600,8000,633,400,0,600,2037,3107,3073,1437,448.4918109,14.93864097,1,14,-9,190,-1,-1,49,5,14,1.0
58,5,176,466233,467759,467759,468768,468768,469373,469406,475406,475406,476010,476042,476075,479178,1526,1009,605,6000,604,747,0,600,1709,3136,3103,1109,461.4393815,12.94757061,0,40,-12,210,-1,1,51,28,40,2.0
58,5,177,479181,480702,480702,481708,481708,482315,482348,491348,491348,491953,491986,492019,495129,1521,1006,607,9000,605,301,0,600,2160,3143,3110,1560,477.389871,15.9504895,1,40,-12,170,-1,-1,49,28,40,1.0
58,5,178,495131,496659,496659,497663,497663,498271,498304,505304,505304,505926,505958,505992,509080,1528,1004,608,7000,622,89,0,600,2349,3122,3088,1749,491.341528,13.95165693,1,79,-51,160,-1,-1,49,28,79,1.0
58,5,179,509083,510607,510607,511608,511608,512212,512245,519745,519745,520347,520380,520414,523539,1524,1001,604,7500,602,418,0,600,2051,3159,3125,1451,505.8009214,14.45939337,1,14,-7,210,-1,-1,49,7,14,1.0
58,5,180,523542,525065,525065,526070,526070,526685,526717,533717,533717,534348,534381,534415,537505,1523,1005,615,7000,631,150,0,600,2276,3124,3090,1676,519.7662699,13.96534853,1,7,3,180,1,1,51,10,7,2.0
58,6,181,13820,15346,15346,16367,16367,16975,17008,25008,25008,25628,25660,25697,28773,1526,1021,608,8000,620,332,0,600,2093,3113,3076,1493,14.96597714,14.96597714,1,56,-28,190,-1,-1,49,28,56,1.0
58,6,182,28778,30306,30306,31309,31309,31917,31949,40449,40449,41078,41111,41144,44221,1528,1003,608,8500,629,240,0,600,2192,3110,3077,1592,30.41116844,15.44519129,1,4,6,170,1,1,51,10,4,2.0
58,6,183,44224,45752,45752,46759,46759,47364,47397,54897,54897,55530,55562,55597,58680,1528,1007,605,7500,633,316,0,600,2111,3118,3083,1511,44.87028849,14.45912005,1,13,1,210,1,1,51,14,13,2.0
58,6,184,58683,60207,60207,61215,61215,61820,61853,67853,67853,68453,68487,68520,71641,1524,1008,605,6000,600,221,0,600,2242,3154,3121,1642,57.83141086,12.96112238,1,28,-14,160,-1,-1,49,14,28,1.0
58,6,185,71644,73168,73168,74181,74181,74787,74821,81321,81321,81941,81973,82006,85078,1524,1013,606,6500,620,273,0,600,2164,3105,3072,1564,71.26877185,13.43736098,1,3,2,160,1,1,51,5,3,2.0
58,6,186,85081,86605,86605,87613,87613,88219,88251,95251,95251,95859,95891,95926,99019,1524,1008,606,7000,608,224,0,600,2230,3128,3093,1630,85.209327,13.94055516,1,40,-20,170,-1,-1,49,20,40,1.0
58,6,187,99022,100552,100552,101560,101560,102165,102199,111199,111199,111832,111864,111897,114953,1530,1008,605,9000,633,256,0,600,2168,3089,3056,1568,101.1435158,15.93418881,0,27,1,160,1,-1,49,28,27,1.0
58,6,188,114956,116479,116479,117487,117487,118091,118124,125124,125124,125756,125789,125823,128916,1523,1008,604,7000,632,323,0,600,2110,3127,3093,1510,115.1060702,13.9625544,1,9,1,160,1,1,51,10,9,2.0
58,6,189,128919,130437,130437,131444,131444,132047,132079,140079,140079,140683,140715,140750,143871,1518,1007,603,8000,604,382,0,600,2086,3156,3121,1486,130.06113,14.95505979,1,10,-3,180,-1,-1,49,7,10,1.0
58,6,190,143874,145399,145399,146407,146407,147014,147047,154547,154547,155176,155208,155241,158313,1525,1008,607,7500,629,689,0,600,1742,3105,3072,1142,144.5032668,14.4421368,1,20,-6,190,-1,-1,49,14,20,1.0
58,6,191,158316,159841,159841,160845,160845,161450,161484,170484,170484,171108,171140,171173,174276,1525,1004,605,9000,624,653,0,600,1789,3136,3103,1189,160.4658345,15.96256766,1,9,1,150,1,1,51,10,9,2.0
58,6,192,174278,175798,175798,176803,176803,177433,177465,183965,183965,184591,184623,184656,187717,1520,1005,630,6500,626,356,0,600,2063,3094,3061,1463,173.9081087,13.44227421,1,5,2,200,1,1,51,7,5,2.0
58,6,193,187720,189243,189243,190248,190248,190849,190881,196881,196881,197508,197541,197574,200665,1523,1005,601,6000,627,260,0,600,2184,3124,3091,1584,186.8553499,12.94724123,1,4,1,190,1,1,51,5,4,2.0
58,6,194,200668,202192,202192,203195,203195,203798,203831,212331,212331,212948,212981,213016,216122,1524,1003,603,8500,617,336,0,600,2117,3141,3106,1517,202.3129584,15.45760847,1,40,-20,160,-1,-1,49,20,40,1.0
58,6,195,216125,217648,217648,218656,218656,219260,219292,228292,228292,228906,228939,228972,232081,1523,1008,604,9000,614,334,0,600,2117,3142,3109,1517,218.271421,15.95846265,1,2,3,190,1,1,51,5,2,2.0
58,6,196,232084,233608,233608,234612,234612,235217,235250,241750,241750,242350,242382,242415,245517,1524,1004,605,6500,600,336,0,600,2131,3135,3102,1531,231.7069594,13.43553841,1,40,-12,150,-1,-1,49,28,40,1.0
58,6,197,245520,247041,247041,248043,248043,248649,248681,257182,257182,257814,257846,257880,260974,1521,1002,606,8501,632,257,0,600,2181,3128,3094,1581,247.1643759,15.45741651,1,7,7,180,1,1,51,14,7,2.0
58,6,198,260976,262501,262501,263505,263505,264110,264142,271642,271642,272274,272307,272340,275431,1525,1004,605,7500,632,580,0,600,1854,3124,3091,1254,261.6208914,14.45651547,1,14,6,160,1,1,51,20,14,2.0
58,6,199,275434,276956,276956,277959,277959,278565,278598,285598,285598,286199,286232,286267,289398,1522,1003,606,7000,601,781,0,600,1687,3166,3131,1087,275.5883563,13.96746492,1,14,-4,180,-1,-1,49,10,14,1.0
58,6,200,289401,290926,290926,291934,291934,292553,292586,300586,300586,301201,301234,301267,304336,1525,1008,619,8000,615,425,0,600,2008,3102,3069,1408,290.5270039,14.9386476,1,7,-2,190,-1,-1,49,5,7,1.0
58,6,201,304339,305865,305865,306870,306870,307474,307506,313506,313506,314135,314167,314200,317283,1526,1005,604,6000,629,472,0,600,1964,3116,3083,1364,303.4731235,12.94611961,1,4,6,180,1,1,51,10,4,2.0
58,6,202,317286,318810,318810,319815,319815,320421,320453,328453,328453,329056,329089,329123,332243,1524,1005,606,8000,603,423,0,600,2039,3154,3120,1439,318.433221,14.96009748,1,28,-8,150,-1,-1,49,20,28,1.0
58,6,203,332246,333764,333764,334769,334769,335375,335408,341408,341408,342040,342072,342105,345204,1518,1005,606,6000,632,297,0,600,2142,3132,3099,1542,331.393747,12.960526,1,14,6,160,1,1,51,20,14,2.0
58,6,204,345207,346733,346733,347738,347738,348342,348374,355874,355874,356503,356536,356569,359667,1526,1005,604,7500,629,228,0,600,2208,3131,3098,1608,345.8572831,14.46353605,1,14,14,210,1,1,51,28,14,2.0
58,6,205,359670,361194,361194,362200,362200,362805,362838,371838,371838,372439,372472,372506,375634,1524,1006,605,9000,601,647,0,600,1817,3162,3128,1217,361.8237547,15.96647166,1,14,-4,170,-1,-1,49,10,14,1.0
58,6,206,375637,377155,377155,378168,378168,378788,378821,387321,387321,387945,387977,388011,391090,1518,1013,620,8500,624,208,0,600,2217,3113,3079,1617,377.2800514,15.45629669,1,3,2,200,1,1,51,5,3,2.0
58,6,207,391092,392614,392614,393618,393618,394219,394251,401251,401251,401852,401885,401920,405040,1522,1004,601,7000,601,65,0,600,2407,3155,3120,1807,391.2296215,13.94957008,1,7,7,180,1,1,51,14,7,2.0
58,6,208,405042,406563,406563,407569,407569,408172,408204,414704,414704,415305,415339,415374,418482,1521,1006,603,6500,601,210,0,600,2259,3143,3108,1659,404.6723706,13.44274914,1,28,-14,180,-1,-1,49,14,28,1.0
58,6,209,418485,420009,420009,421014,421014,421617,421650,429150,429150,429751,429783,429817,432943,1524,1005,603,7500,601,842,0,600,1625,3160,3126,1025,419.1323809,14.46001024,1,14,-7,190,-1,-1,49,7,14,1.0
58,6,210,432946,434469,434469,435474,435474,436079,436111,443111,443111,443713,443746,443780,446878,1523,1005,605,7000,602,199,0,600,2266,3132,3098,1666,433.0673909,13.93500999,1,14,6,170,1,1,51,20,14,2.0
58,6,211,446879,448399,448399,449401,449401,450005,450039,458039,458039,458671,458704,458737,461813,1520,1002,604,8000,632,335,0,600,2107,3109,3076,1507,448.0033983,14.93600746,1,20,-13,190,-1,-1,49,7,20,1.0
58,6,212,461816,463342,463342,464345,464345,464972,465004,473504,473504,474123,474156,474189,477276,1526,1003,627,8500,619,255,0,600,2170,3120,3087,1570,463.4662099,15.4628116,1,2,5,160,1,1,51,7,2,2.0
58,6,213,477279,478797,478797,479803,479803,480421,480453,486453,486453,487075,487108,487142,490231,1518,1006,618,6000,622,414,0,600,2022,3123,3089,1422,476.4216943,12.9554844,1,3,2,190,1,1,51,5,3,2.0
58,6,214,490234,491764,491764,492768,492768,493373,493406,502406,502406,503028,503060,503094,506178,1530,1004,605,9000,622,319,0,600,2120,3118,3084,1520,492.3680981,15.94640378,1,4,3,160,1,1,51,7,4,2.0
58,6,215,506181,507701,507701,508706,508706,509314,509347,515847,515847,516448,516481,516515,519616,1520,1005,608,6500,601,491,0,600,1975,3135,3101,1375,505.8064451,13.438347,1,27,1,150,1,1,51,28,27,2.0
58,6,216,519620,521148,521148,522152,522152,522759,522792,530292,530292,530908,530941,530974,534064,1528,1004,607,7500,616,353,0,600,2092,3123,3090,1492,520.2539803,14.4475352,1,56,-28,150,-1,-1,49,28,56,1.0
59,1,1,59516,61046,61046,62050,62050,62667,62699,70699,70699,71331,71364,71400,74490,1530,1004,617,8000,632,725,0,600,1692,3126,3090,1092,15.00912881,15.00912881,1,7,-2,180,-1,-1,49,5,7,1.0
59,1,2,74539,76064,76064,77084,77084,77689,77722,83722,83722,84326,84360,84393,87477,1525,1020,605,6000,604,890,0,600,1556,3117,3084,956,27.94776841,12.93863959,1,28,-18,190,-1,-1,49,10,28,1.0
59,1,3,87480,89004,89004,90012,90012,90616,90648,99148,99148,99774,99807,99841,102915,1524,1008,604,8500,626,724,0,600,1714,3108,3074,1114,43.3861181,15.4383497,1,79,-51,210,-1,-1,49,28,79,1.0
59,1,4,102918,104444,104444,105452,105452,106080,106113,112613,112613,113213,113245,113278,116349,1526,1008,628,6500,600,459,0,600,1979,3104,3071,1379,56.82027149,13.43415339,1,10,-3,170,-1,-1,49,7,10,1.0
59,1,5,116352,117872,117872,118879,118879,119486,119518,127018,127018,127644,127676,127710,130801,1520,1007,607,7500,626,118,0,600,2322,3125,3091,1722,71.27320595,14.45293446,1,20,-6,200,-1,-1,49,14,20,1.0
59,1,6,130805,132332,132332,133337,133337,133946,133978,142978,142978,143610,143643,143676,146763,1527,1005,609,9000,632,478,0,600,1949,3120,3087,1349,87.23413585,15.9609299,1,10,18,190,1,1,51,28,10,2.0
59,1,7,146766,148294,148294,149299,149299,149920,149953,156953,156953,157581,157613,157646,160703,1528,1005,621,7000,628,378,0,600,2040,3090,3057,1440,101.173562,13.93942612,1,7,3,200,1,1,51,10,7,2.0
59,1,8,160706,162231,162231,163238,163238,163847,163879,171379,171379,172013,172046,172079,175143,1525,1007,609,7500,634,552,0,600,1873,3097,3064,1273,115.61373,14.44016805,1,29,-1,200,-1,-1,49,28,29,1.0
59,1,9,175145,176668,176668,177675,177675,178294,178326,186826,186826,187427,187460,187494,190606,1523,1007,619,8500,601,500,0,600,1950,3146,3112,1350,131.0766967,15.46296672,1,14,-9,160,-1,-1,49,5,14,1.0
59,1,10,190609,192135,192135,193143,193143,193748,193780,199780,199780,200382,200415,200449,203555,1526,1008,605,6000,602,428,0,600,2031,3140,3106,1431,144.0254979,12.94880114,1,28,-8,190,-1,-1,49,20,28,1.0
59,1,11,203557,205081,205081,206089,206089,206718,206751,215751,215751,216369,216402,216435,219504,1524,1008,629,9000,618,454,0,600,1967,3102,3069,1367,159.9747736,15.94927576,1,2,3,180,1,1,51,5,2,2.0
59,1,12,219507,221035,221035,222045,222045,222652,222684,229184,229184,229784,229816,229849,232966,1528,1010,607,6500,600,469,0,600,1986,3150,3117,1386,173.4361911,13.46141748,1,28,-14,150,-1,-1,49,14,28,1.0
59,1,13,232968,234490,234490,235495,235495,236103,236135,243135,243135,243737,243770,243803,246902,1522,1005,608,7000,602,744,0,600,1719,3132,3099,1119,187.3729271,13.93673596,1,20,8,180,1,1,51,28,20,2.0
59,1,14,246905,248435,248435,249444,249444,250049,250082,258082,258082,258707,258740,258773,261853,1530,1009,605,8000,625,500,0,600,1931,3113,3080,1331,202.3241722,14.95124509,1,7,3,190,1,1,51,10,7,2.0
59,1,15,261857,263379,263379,264385,264385,264992,265025,271525,271525,272140,272174,272207,275319,1522,1006,607,6500,615,401,0,600,2049,3145,3112,1449,215.7893698,13.46519762,1,57,-37,160,-1,-1,49,20,57,1.0
59,1,16,275322,276849,276849,277856,277856,278462,278494,287494,287494,288094,288126,288159,291265,1527,1007,606,9000,600,494,0,600,1966,3139,3106,1366,231.7355688,15.94619897,1,29,-1,180,-1,-1,49,28,29,1.0
59,1,17,291268,292796,292796,293804,293804,294433,294465,300465,300465,301084,301116,301149,304219,1528,1008,629,6000,619,492,0,600,1924,3103,3070,1324,244.6895339,12.95396508,1,7,-2,170,-1,-1,49,5,7,1.0
59,1,18,304222,305749,305749,306757,306757,307363,307395,315395,315395,315999,316031,316065,319178,1527,1008,606,8000,604,373,0,600,2082,3147,3113,1482,259.6484004,14.95886655,1,29,-1,190,-1,-1,49,28,29,1.0
59,1,19,319181,320702,320702,321709,321709,322314,322347,329347,329347,329949,329982,330016,333126,1521,1007,605,7000,602,269,0,600,2196,3144,3110,1596,273.5961827,13.94778227,1,28,-14,190,-1,-1,49,14,28,1.0
59,1,20,333128,334654,334654,335661,335661,336290,336323,344823,344823,345423,345455,345488,348565,1526,1007,629,8500,600,469,0,600,1969,3110,3077,1369,289.0353783,15.43919559,1,14,-9,180,-1,-1,49,5,14,1.0
59,1,21,348568,350092,350092,351099,351099,351732,351764,359264,359264,359879,359912,359946,363007,1524,1007,633,7500,615,444,0,600,1977,3095,3061,1377,303.4775509,14.44217263,1,4,3,210,1,1,51,7,4,2.0
59,1,22,363010,364536,364536,365542,365542,366148,366180,375180,375180,375780,375812,375845,378955,1526,1006,606,9000,600,276,0,600,2186,3143,3110,1586,319.4253741,15.94782325,1,20,-10,210,-1,-1,49,10,20,1.0
59,1,23,378957,380479,380479,381485,381485,382112,382145,388145,388145,388772,388805,388839,391895,1522,1006,627,6000,627,383,0,600,2035,3090,3056,1435,332.3651212,12.93974706,1,14,-7,190,-1,-1,49,7,14,1.0
59,1,24,391898,393426,393426,394432,394432,395039,395071,402571,402571,403174,403207,403241,406351,1528,1006,607,7500,603,371,0,600,2085,3144,3110,1485,346.8215245,14.45640331,1,40,-20,180,-1,-1,49,20,40,1.0
59,1,25,406354,407882,407882,408889,408889,409509,409541,416041,416041,416644,416676,416709,419798,1528,1007,620,6500,603,318,0,600,2124,3122,3089,1524,360.2684711,13.44694663,1,40,-26,180,-1,-1,49,14,40,1.0
59,1,26,419801,421326,421326,422334,422334,422938,422970,431470,431470,432071,432104,432137,435255,1525,1008,604,8500,601,831,0,600,1631,3151,3118,1031,375.7252201,15.45674896,1,28,-8,160,-1,-1,49,20,28,1.0
59,1,27,435258,436786,436786,437794,437794,438414,438446,446446,446446,447079,447111,447145,450190,1528,1008,620,8000,633,301,0,600,2110,3079,3045,1510,390.6602378,14.93501766,1,10,4,190,1,1,51,14,10,2.0
59,1,28,450193,451721,451721,452727,452727,453335,453369,460369,460369,460970,461003,461036,464154,1528,1006,608,7000,601,379,0,600,2078,3151,3118,1478,404.6249592,13.96472149,1,21,-1,150,-1,-1,49,20,21,1.0
59,1,29,464157,465684,465684,466687,466687,467315,467347,475847,475847,476461,476493,476528,479607,1527,1003,628,8500,614,332,0,600,2096,3114,3079,1496,420.077131,15.45217174,1,2,5,160,1,1,51,7,2,2.0
59,1,30,479610,481139,481139,482142,482142,482769,482802,488802,488802,489405,489437,489470,492542,1529,1003,627,6000,603,336,0,600,2102,3105,3072,1502,433.0118768,12.93474584,1,10,-5,180,-1,-1,49,5,10,1.0
59,1,31,492545,494069,494069,495079,495079,495685,495717,502217,502217,502847,502879,502913,505997,1524,1010,606,6500,630,275,0,600,2155,3118,3084,1555,446.467079,13.45520212,1,7,13,160,1,1,51,20,7,2.0
59,1,32,506000,507525,507525,508532,508532,509134,509167,516167,516167,516799,516831,516865,519953,1525,1007,602,7000,632,568,0,600,1866,3122,3088,1266,460.4242441,13.95716512,1,11,-1,170,-1,-1,49,10,11,1.0
59,1,33,519957,521481,521481,522489,522489,523091,523124,530624,530624,531241,531274,531308,534415,1524,1008,602,7500,617,364,0,600,2085,3141,3107,1485,474.885463,14.46121889,1,2,5,170,1,1,51,7,2,2.0
59,1,34,534418,535945,535945,536952,536952,537558,537592,546592,546592,547192,547224,547258,550382,1527,1007,606,9000,600,310,0,600,2150,3158,3124,1550,490.8527529,15.9672899,1,40,-26,200,-1,-1,49,14,40,1.0
59,1,35,550385,551914,551914,552922,552922,553526,553558,561558,561558,562162,562194,562227,565339,1529,1008,604,8000,604,370,0,600,2085,3145,3112,1485,505.809243,14.9564901,1,28,-18,160,-1,-1,49,10,28,1.0
59,1,36,565342,566870,566870,567874,567874,568475,568507,577007,577007,577624,577656,577690,580801,1528,1004,601,8500,617,274,0,600,2176,3145,3111,1576,521.2714783,15.46223535,1,2,5,180,1,1,51,7,2,2.0
59,2,37,6795,8326,8326,9337,9337,9943,9975,15975,15975,16582,16615,16652,19754,1531,1011,606,6000,607,609,0,600,1836,3139,3102,1236,12.9718644,12.9718644,1,40,-12,180,-1,-1,49,28,40,1.0
59,2,38,19758,21286,21286,22297,22297,22924,22957,30957,30957,31579,31612,31645,34720,1528,1011,627,8000,622,266,0,600,2146,3108,3075,1546,27.93698367,14.96511927,1,4,1,170,1,1,51,5,4,2.0
59,2,39,34723,36246,36246,37252,37252,37858,37890,44390,44390,45007,45039,45072,48180,1523,1006,606,6500,617,268,0,600,2180,3141,3108,1580,41.39651651,13.45953283,1,57,-37,160,-1,-1,49,20,57,1.0
59,2,40,48183,49711,49711,50721,50721,51327,51359,58359,58359,58969,59001,59034,62127,1528,1010,606,7000,610,222,0,600,2224,3126,3093,1624,55.3423635,13.945847,1,40,-26,150,-1,-1,49,14,40,1.0
59,2,41,62129,63655,63655,64662,64662,65266,65300,74300,74300,74902,74936,74971,78073,1526,1007,604,9000,602,291,0,600,2170,3137,3102,1570,71.28911094,15.94674743,0,27,1,150,1,-1,49,28,27,1.0
59,2,42,78076,79599,79599,80608,80608,81237,81269,89769,89769,90402,90434,90468,93511,1523,1009,629,8500,633,529,0,600,1877,3077,3043,1277,86.72736541,15.43825447,1,14,-7,170,-1,-1,49,7,14,1.0
59,2,43,93514,95042,95042,96049,96049,96658,96690,104190,104190,104808,104840,104873,107962,1528,1007,609,7500,618,309,0,600,2129,3122,3089,1529,101.1779523,14.45058694,1,79,-51,210,-1,-1,49,28,79,1.0
59,2,44,107965,109489,109489,110497,110497,111127,111159,119159,119159,119775,119807,119841,122927,1524,1008,630,8000,616,311,0,600,2111,3120,3086,1511,116.1434052,14.96545287,1,2,5,180,1,1,51,7,2,2.0
59,2,45,122929,124457,124457,125467,125467,126068,126101,132601,132601,133202,133235,133270,136387,1528,1010,601,6500,601,374,0,600,2086,3152,3117,1486,129.6030275,13.45962234,0,27,1,150,1,-1,49,28,27,1.0
59,2,46,136389,137913,137913,138922,138922,139526,139558,148058,148058,148689,148721,148754,151847,1524,1009,604,8500,631,417,0,600,2015,3126,3093,1415,145.0638267,15.46079911,1,7,3,200,1,1,51,10,7,2.0
59,2,47,151850,153371,153371,154378,154378,154982,155014,162514,162514,163142,163175,163209,166295,1521,1007,604,7500,628,375,0,600,2065,3120,3086,1465,159.5112081,14.44738147,0,7,7,210,1,-1,49,14,7,1.0
59,2,48,166298,167822,167822,168829,168829,169438,169471,175471,175471,176072,176104,176138,179234,1524,1007,609,6000,601,222,0,600,2237,3130,3096,1637,172.4496317,12.93842353,1,10,18,190,1,1,51,28,10,2.0
59,2,49,179236,180762,180762,181768,181768,182375,182408,191408,191408,192023,192056,192089,195182,1526,1006,607,9000,615,354,0,600,2092,3126,3093,1492,188.3980124,15.94838075,1,40,-26,180,-1,-1,49,14,40,1.0
59,2,50,195185,196715,196715,197723,197723,198329,198361,205361,205361,205979,206012,206046,209128,1530,1008,606,7000,618,663,0,600,1775,3116,3082,1175,202.3440981,13.94608567,0,13,1,180,1,-1,49,14,13,1.0
59,2,51,209130,210655,210655,211664,211664,212270,212303,219803,219803,220406,220439,220474,223565,1525,1009,606,7500,603,510,0,600,1947,3126,3091,1347,216.7816094,14.43751134,1,28,-18,170,-1,-1,49,10,28,1.0
59,2,52,223568,225092,225092,226097,226097,226702,226735,233235,233235,233835,233868,233901,237024,1524,1005,605,6500,600,353,0,600,2113,3156,3123,1513,230.2400508,13.45844134,1,40,-20,200,-1,-1,49,20,40,1.0
59,2,53,237026,238550,238550,239556,239556,240160,240192,247192,247192,247824,247858,247893,250990,1524,1006,604,7000,632,324,0,600,2110,3132,3097,1510,244.2059767,13.96592599,0,7,3,210,1,-1,49,10,7,1.0
59,2,54,250992,252522,252522,253530,253530,254157,254190,263190,263190,263807,263840,263873,266946,1530,1008,627,9000,617,272,0,600,2146,3106,3073,1546,260.1617282,15.95575149,0,6,1,160,1,-1,49,7,6,1.0
59,2,55,266949,268475,268475,269486,269486,270090,270122,276122,276122,276728,276762,276795,279900,1526,1011,604,6000,606,294,0,600,2159,3138,3105,1559,273.1153272,12.95359894,1,28,-18,210,-1,-1,49,10,28,1.0
59,2,56,279902,281429,281429,282434,282434,283054,283087,291087,291087,291705,291737,291770,294853,1527,1005,620,8000,618,574,0,600,1856,3116,3083,1256,288.0689026,14.95357543,1,3,2,180,1,1,51,5,3,2.0
59,2,57,294855,296382,296382,297387,297387,297993,298025,306525,306525,307130,307163,307196,310305,1527,1005,606,8500,605,430,0,600,2027,3142,3109,1427,303.5207308,15.4518282,1,40,-20,180,-1,-1,49,20,40,1.0
59,2,58,310308,311832,311832,312840,312840,313469,313502,322002,322002,322633,322666,322700,325742,1524,1008,629,8500,631,335,0,600,2073,3076,3042,1473,318.9580119,15.43728111,1,20,-13,190,-1,-1,49,7,20,1.0
59,2,59,325745,327268,327268,328276,328276,328908,328941,336941,336941,337557,337590,337624,340679,1523,1008,632,8000,616,220,0,600,2201,3089,3055,1601,333.8943136,14.93630172,1,2,3,170,1,1,51,5,2,2.0
59,2,60,340681,342207,342207,343214,343214,343819,343852,352852,352852,353453,353485,353519,356632,1526,1007,605,9000,601,398,0,600,2063,3147,3113,1463,349.847309,15.95299533,1,57,-37,200,-1,-1,49,20,57,1.0
59,2,61,356635,358160,358160,359169,359169,359788,359821,367321,367321,367938,367970,368003,371092,1525,1009,619,7500,617,442,0,600,1988,3122,3089,1388,364.3083314,14.46102241,1,2,3,170,1,1,51,5,2,2.0
59,2,62,371095,372624,372624,373630,373630,374234,374267,381267,381267,381869,381902,381937,385047,1529,1006,604,7000,602,308,0,600,2151,3145,3110,1551,378.2627735,13.95444212,1,14,-4,200,-1,-1,49,10,14,1.0
59,2,63,385050,386577,386577,387579,387579,388185,388218,394218,394218,394819,394851,394885,398004,1527,1002,606,6000,601,443,0,600,2021,3153,3119,1421,391.2198238,12.95705031,1,13,1,210,1,1,51,14,13,2.0
59,2,64,398007,399534,399534,400545,400545,401175,401208,407708,407708,408331,408363,408397,411465,1527,1011,630,6500,623,292,0,600,2117,3102,3068,1517,404.6802405,13.4604167,1,4,1,170,1,1,51,5,4,2.0
59,2,65,411467,412993,412993,414002,414002,414610,414642,423642,423642,424246,424278,424312,427404,1526,1009,608,9000,604,282,0,600,2171,3126,3092,1571,420.6205231,15.94028256,1,40,-20,150,-1,-1,49,20,40,1.0
59,2,66,427407,428933,428933,429937,429937,430563,430595,439095,439095,439713,439745,439779,442853,1526,1004,626,8500,618,364,0,600,2062,3108,3074,1462,436.0690952,15.44857211,1,4,3,160,1,1,51,7,4,2.0
59,2,67,442856,444382,444382,445393,445393,445998,446031,453531,453531,454134,454166,454199,457304,1526,1011,605,7500,603,429,0,600,2026,3138,3105,1426,450.5191517,14.45005656,0,14,14,160,1,-1,49,28,14,1.0
59,2,68,457306,458834,458834,459839,459839,460446,460479,467479,467479,468110,468142,468175,471264,1528,1005,607,7000,631,807,0,600,1622,3122,3089,1022,464.480201,13.96104923,0,10,4,190,1,-1,49,14,10,1.0
59,2,69,471267,472792,472792,473800,473800,474406,474440,480940,480940,481559,481592,481625,484717,1525,1008,606,6500,619,514,0,600,1928,3125,3092,1328,477.9325412,13.4523402,1,5,5,200,1,1,51,10,5,2.0
59,2,70,484720,486246,486246,487254,487254,487859,487891,493891,493891,494524,494557,494590,497659,1526,1008,605,6000,633,289,0,600,2139,3102,3069,1539,490.8744799,12.94193878,0,10,10,180,1,-1,49,20,10,1.0
59,2,71,497662,499193,499193,500203,500203,500830,500862,508862,508862,509462,509494,509528,512602,1531,1010,627,8000,600,363,0,600,2069,3108,3074,1469,505.8176356,14.94315563,1,10,-5,210,-1,-1,49,5,10,1.0
59,2,72,512605,514133,514133,515138,515138,515765,515798,524298,524298,524921,524954,524987,528051,1528,1005,627,8500,623,518,0,600,1899,3097,3064,1299,521.266538,15.44890239,1,5,2,170,1,1,51,7,5,2.0
59,3,73,9391,10918,10918,11938,11938,12550,12583,21083,21083,21707,21739,21775,24852,1527,1020,612,8500,624,943,0,600,1474,3113,3077,874,15.47295499,15.47295499,1,5,5,160,1,1,51,10,5,2.0
59,3,74,24856,26387,26387,27397,27397,28021,28053,34553,34553,35172,35204,35238,38307,1531,1010,624,6500,619,845,0,600,1571,3103,3069,971,28.92627488,13.45331989,0,3,2,200,1,-1,49,5,3,1.0
59,3,75,38310,39837,39837,40842,40842,41464,41496,47496,47496,48112,48145,48177,51253,1527,1005,622,6000,616,399,0,600,2031,3108,3076,1431,41.87213544,12.94586056,1,3,2,180,1,1,51,5,3,2.0
59,3,76,51254,52780,52780,53786,53786,54415,54448,61448,61448,62079,62111,62145,65187,1526,1006,629,7000,631,111,0,600,2297,3076,3042,1697,55.80655582,13.93442039,0,10,-5,180,-1,1,51,5,10,2.0
59,3,77,65190,66714,66714,67719,67719,68328,68360,75860,75860,76486,76519,76553,79643,1524,1005,609,7500,626,222,0,600,2214,3124,3090,1614,70.26246582,14.45591,1,5,9,170,1,1,51,14,5,2.0
59,3,78,79646,81169,81169,82177,82177,82800,82832,91832,91832,92463,92495,92528,95589,1523,1008,623,9000,631,1296,0,600,1119,3094,3061,519,86.20852828,15.94606246,0,14,-7,170,-1,1,51,7,14,2.0
59,3,79,95591,97122,97122,98130,98130,98755,98788,106788,106788,107389,107422,107457,110539,1531,1008,625,8000,601,922,0,600,1513,3117,3082,913,101.1589444,14.95041607,0,10,-5,190,-1,1,51,5,10,2.0
59,3,80,110542,112065,112065,113074,113074,113677,113710,121710,121710,122334,122366,122400,125494,1523,1009,603,8000,624,540,0,600,1901,3128,3094,1301,116.1133886,14.95444423,1,4,6,180,1,1,51,10,4,2.0
59,3,81,125497,127024,127024,128029,128029,128630,128662,135162,135162,135779,135812,135845,138957,1527,1005,601,6500,617,272,0,600,2178,3145,3112,1578,129.5764195,13.46303091,1,4,3,180,1,1,51,7,4,2.0
59,3,82,138960,140485,140485,141493,141493,142099,142131,150631,150631,151236,151268,151301,154402,1525,1008,606,8500,605,392,0,600,2064,3134,3101,1464,145.0212473,15.44482783,0,15,-1,190,-1,1,51,14,15,2.0
59,3,83,154405,155931,155931,156939,156939,157546,157578,164578,164578,165208,165240,165274,168352,1526,1008,607,7000,630,144,0,600,2285,3112,3078,1685,158.9713003,13.95005295,1,7,13,150,1,1,51,20,7,2.0
59,3,84,168355,169877,169877,170884,170884,171488,171520,180520,180520,181120,181153,181186,184317,1522,1007,604,9000,600,451,0,600,2016,3164,3131,1416,174.9362556,15.96495534,0,21,-1,180,-1,1,51,20,21,2.0
59,3,85,184320,185847,185847,186850,186850,187457,187489,194989,194989,195607,195639,195673,198780,1527,1003,607,7500,618,1016,0,600,1429,3141,3107,829,189.3992564,14.46300078,0,56,-28,160,-1,1,51,28,56,2.0
59,3,86,198783,200308,200308,201315,201315,201918,201951,207951,207951,208556,208588,208621,211720,1525,1007,603,6000,605,64,0,600,2396,3132,3099,1796,202.3392165,12.93996011,1,40,-26,200,-1,-1,49,14,40,1.0
59,3,87,211723,213249,213249,214255,214255,214887,214920,223420,223420,224044,224077,224111,227164,1526,1006,632,8500,624,284,0,600,2128,3087,3053,1528,217.7838084,15.44459187,1,5,2,160,1,1,51,7,5,2.0
59,3,88,227167,228692,228692,229700,229700,230303,230335,237335,237335,237964,237996,238029,241112,1525,1008,603,7000,629,516,0,600,1919,3116,3083,1319,231.7316877,13.94787931,1,7,3,180,1,1,51,10,7,2.0
59,3,89,241115,242642,242642,243648,243648,244255,244287,253287,253287,253890,253923,253956,257077,1527,1006,607,9000,603,286,0,600,2171,3154,3121,1571,247.6970779,15.96539019,1,28,-8,180,-1,-1,49,20,28,1.0
59,3,90,257081,258608,258608,259616,259616,260240,260273,267773,267773,268403,268435,268469,271539,1527,1008,624,7500,630,360,0,600,2051,3104,3070,1451,262.158464,14.46138614,0,6,-1,200,-1,1,51,5,6,2.0
59,3,91,271542,273068,273068,274079,274079,274710,274743,281243,281243,281844,281877,281911,284980,1526,1011,631,6500,601,365,0,600,2066,3103,3069,1466,275.5991727,13.44070867,1,14,-7,170,-1,-1,49,7,14,1.0
59,3,92,284983,286506,286506,287512,287512,288137,288169,294169,294169,294791,294824,294858,297937,1523,1006,625,6000,622,433,0,600,1991,3113,3079,1391,288.5563535,12.95718079,0,14,6,150,1,-1,49,20,14,1.0
59,3,93,297940,299467,299467,300477,300477,301096,301128,309128,309128,309754,309786,309820,312891,1527,1010,619,8000,626,387,0,600,2031,3105,3071,1431,303.5100865,14.95373304,1,7,7,160,1,1,51,14,7,2.0
59,3,94,312894,314421,314421,315433,315433,316035,316068,325068,325068,325669,325702,325736,328857,1527,1012,602,9000,601,410,0,600,2048,3155,3121,1448,319.4756388,15.96555231,0,10,-3,190,-1,1,51,7,10,2.0
59,3,95,328859,330382,330382,331395,331395,332004,332036,339036,339036,339667,339699,339732,342789,1523,1013,609,7000,631,1224,0,600,1200,3090,3057,600,333.4080887,13.93244985,0,57,-37,180,-1,1,51,20,57,2.0
59,3,96,342792,344314,344314,345321,345321,345950,345982,354482,354482,355082,355114,355148,358225,1522,1007,629,8500,600,497,0,600,1945,3111,3077,1345,348.844055,15.43596631,0,20,-13,210,-1,1,51,7,20,2.0
59,3,97,358228,359755,359755,360764,360764,361372,361405,367905,367905,368509,368541,368575,371664,1527,1009,608,6500,604,477,0,600,1975,3123,3089,1375,362.2834305,13.43937549,0,40,-12,190,-1,1,51,28,40,2.0
59,3,98,371667,373194,373194,374198,374198,374802,374834,382334,382334,382937,382970,383003,386105,1527,1004,604,7500,603,397,0,600,2065,3135,3102,1465,376.7238893,14.44045885,0,29,-1,190,-1,1,51,28,29,2.0
59,3,99,386108,387626,387626,388635,388635,389255,389287,395287,395287,395887,395920,395954,399064,1518,1009,620,6000,600,952,0,600,1501,3144,3110,901,389.6828436,12.95895424,1,14,-9,200,-1,-1,49,5,14,1.0
59,3,100,399067,400593,400593,401601,401601,402208,402240,410240,410240,410848,410882,410916,414008,1526,1008,607,8000,608,1000,0,600,1451,3126,3092,851,404.6271338,14.94429022,0,40,-12,180,-1,1,51,28,40,2.0
59,3,101,414011,415539,415539,416547,416547,417151,417184,423184,423184,423787,423819,423852,426953,1528,1008,604,6000,603,489,0,600,1968,3134,3101,1368,417.5722096,12.94507584,0,15,-1,200,-1,1,51,14,15,2.0
59,3,102,426956,428482,428482,429488,429488,430095,430128,439128,439128,439731,439763,439796,442919,1526,1006,607,9000,603,252,0,600,2206,3156,3123,1606,433.5379648,15.96575512,1,11,-1,150,-1,-1,49,10,11,1.0
59,3,103,442922,444449,444449,445458,445458,446065,446097,454597,454597,455197,455229,455263,458369,1527,1009,607,8500,600,364,0,600,2093,3140,3106,1493,448.9877142,15.44974949,1,40,-12,160,-1,-1,49,28,40,1.0
59,3,104,458372,459898,459898,460907,460907,461515,461548,469548,469548,470180,470213,470246,473333,1526,1009,608,8000,632,276,0,600,2149,3120,3087,1549,463.9517333,14.96401904,1,10,18,170,1,1,51,28,10,2.0
59,3,105,473336,474862,474862,475873,475873,476474,476507,483507,483507,484140,484172,484205,487294,1526,1011,601,7000,633,318,0,600,2111,3122,3089,1511,477.9134099,13.96167664,1,28,-18,170,-1,-1,49,10,28,1.0
59,3,106,487297,488822,488822,489828,489828,490437,490469,497969,497969,498573,498606,498639,501746,1525,1006,609,7500,604,367,0,600,2089,3140,3107,1489,492.3646836,14.45127372,1,10,4,160,1,1,51,14,10,2.0
59,3,107,501749,503275,503275,504282,504282,504890,504923,511423,511423,512023,512056,512089,515210,1526,1007,608,6500,600,344,0,600,2115,3154,3121,1515,505.8288832,13.46419955,1,28,-8,180,-1,-1,49,20,28,1.0
59,3,108,515212,516739,516739,517744,517744,518349,518381,526881,526881,527507,527540,527574,530652,1527,1005,605,8500,626,400,0,600,2037,3112,3078,1437,521.2703561,15.44147289,1,5,5,200,1,1,51,10,5,2.0
59,4,109,44667,46167,46168,47194,47194,47797,47830,53830,53830,54435,54468,54503,57632,1500,1026,603,6000,605,280,0,600,2186,3164,3129,1586,12.99981919,12.99981919,1,20,-6,200,-1,-1,49,14,20,1.0
59,4,110,57678,59201,59201,60218,60218,60842,60874,69374,69374,69996,70029,70062,73124,1523,1017,624,8500,622,578,0,600,1836,3095,3062,1236,28.4465476,15.44672842,0,7,-2,190,-1,1,51,5,7,2.0
59,4,111,73127,74650,74650,75654,75654,76256,76288,83788,83788,84391,84423,84457,87573,1523,1004,602,7500,603,313,0,600,2155,3150,3116,1555,42.89614187,14.44959426,1,28,-18,160,-1,-1,49,10,28,1.0
59,4,112,87576,89102,89102,90106,90106,90728,90760,97760,97760,98377,98410,98443,101529,1526,1004,622,7000,617,476,0,600,1955,3119,3086,1355,56.85132166,13.9551798,1,4,1,190,1,1,51,5,4,2.0
59,4,113,101531,103058,103058,104061,104061,104684,104717,113717,113717,114343,114375,114408,117475,1527,1003,623,9000,626,304,0,600,2117,3100,3067,1517,72.79773035,15.94640868,1,20,-10,190,-1,-1,49,10,20,1.0
59,4,114,117478,118999,118999,120005,120005,120623,120656,128656,128656,129270,129304,129336,132440,1521,1006,618,8000,614,2050,0,600,391,3136,3104,-209,87.76281012,14.96507977,0,15,-1,200,-1,1,51,14,15,2.0
59,4,115,132443,133969,133969,134974,134974,135581,135613,142113,142113,142714,142747,142781,145896,1526,1005,607,6500,601,279,0,600,2182,3149,3115,1582,101.2181102,13.45530004,1,20,8,180,1,1,51,28,20,2.0
59,4,116,145899,147420,147420,148430,148430,149053,149085,155585,155585,156199,156231,156264,159338,1521,1010,623,6500,614,238,0,600,2194,3107,3074,1594,114.6606817,13.44257158,1,2,5,210,1,1,51,7,2,2.0
59,4,117,159341,160864,160864,161869,161869,162489,162522,169522,169522,170122,170154,170188,173301,1523,1005,620,7000,600,182,0,600,2270,3147,3113,1670,128.6231295,13.96244778,0,14,-4,190,-1,1,51,10,14,2.0
59,4,118,173304,174824,174824,175830,175830,176435,176468,184468,184468,185085,185118,185151,188257,1520,1006,605,8000,617,108,0,600,2344,3139,3106,1744,143.5794279,14.95629841,1,57,-37,170,-1,-1,49,20,57,1.0
59,4,119,188260,189785,189785,190791,190791,191417,191450,198950,198950,199566,199599,199632,202702,1525,1006,626,7500,616,626,0,600,1801,3103,3070,1201,158.0244022,14.44497425,1,3,2,190,1,1,51,5,3,2.0
59,4,120,202705,204229,204229,205238,205238,205842,205876,211876,211876,212477,212510,212543,215650,1524,1009,604,6000,601,660,0,600,1802,3140,3107,1202,170.9721504,12.94774819,0,14,14,150,1,-1,49,28,14,1.0
59,4,121,215653,217174,217174,218178,218178,218780,218812,227312,227312,227944,227976,228009,231096,1521,1004,602,8500,632,476,0,600,1965,3120,3087,1365,186.418343,15.44619261,0,21,-1,200,-1,1,51,20,21,2.0
59,4,122,231099,232620,232620,233621,233621,234225,234258,243258,243258,243891,243924,243958,247061,1521,1001,604,9000,633,494,0,600,1947,3137,3103,1347,202.3833296,15.96498666,0,20,8,160,1,-1,49,28,20,1.0
59,4,123,247064,248587,248587,249594,249594,250200,250232,258732,258732,259334,259367,259401,262521,1523,1007,606,8500,602,512,0,600,1950,3154,3120,1350,217.8435914,15.46026178,1,40,-26,170,-1,-1,49,14,40,1.0
59,4,124,262524,264044,264044,265046,265046,265647,265680,273680,273680,274282,274314,274347,277469,1520,1002,601,8000,602,677,0,600,1798,3155,3122,1198,232.7919197,14.94832829,1,20,-10,160,-1,-1,49,10,20,1.0
59,4,125,277472,278992,278992,279997,279997,280601,280633,287133,287133,287759,287791,287824,290923,1520,1005,604,6500,626,619,0,600,1826,3132,3099,1226,246.2449346,13.45301489,1,7,3,190,1,1,51,10,7,2.0
59,4,126,290926,292453,292453,293457,293457,294066,294099,303099,303099,303730,303762,303796,306875,1527,1004,609,9000,631,437,0,600,1992,3113,3079,1392,262.197115,15.95218045,1,29,-1,170,-1,-1,49,28,29,1.0
59,4,127,306878,308401,308401,309404,309404,310010,310042,317542,317542,318173,318205,318239,321332,1523,1003,606,7500,631,843,0,600,1594,3127,3093,994,276.6541081,14.45699303,1,21,-1,170,-1,-1,49,20,21,1.0
59,4,128,321335,322853,322853,323859,323859,324462,324494,331494,331494,332112,332144,332177,335269,1518,1006,603,7000,618,680,0,600,1775,3125,3092,1175,290.5919765,13.9378684,0,14,-4,160,-1,1,51,10,14,2.0
59,4,129,335272,336798,336798,337802,337802,338406,338439,344439,344439,345041,345073,345106,348225,1526,1004,604,6000,602,1058,0,600,1406,3152,3119,806,303.5476571,12.95568064,1,28,-14,200,-1,-1,49,14,28,1.0
59,4,130,348229,349750,349750,350752,350752,351358,351390,358890,358890,359491,359523,359556,362660,1521,1002,606,7500,601,564,0,600,1906,3137,3104,1306,317.9818053,14.43414823,1,14,6,160,1,1,51,20,14,2.0
59,4,131,362663,364188,364188,365193,365193,365796,365829,373829,373829,374429,374462,374496,377604,1525,1005,603,8000,600,924,0,600,1543,3142,3108,943,332.9255799,14.94377458,1,20,-6,200,-1,-1,49,14,20,1.0
59,4,132,377606,379127,379127,380131,380131,380762,380794,387794,387794,388410,388442,388478,391546,1521,1004,631,7000,616,358,0,600,2070,3104,3068,1470,346.8685056,13.94292567,1,4,3,200,1,1,51,7,4,2.0
59,4,133,391549,393074,393074,394082,394082,394682,394715,401215,401215,401836,401868,401901,405008,1525,1008,600,6500,621,697,0,600,1749,3140,3107,1149,360.3298284,13.46132283,1,8,-1,170,-1,-1,49,7,8,1.0
59,4,134,405011,406534,406534,407542,407542,408163,408196,416696,416696,417310,417343,417377,420450,1523,1008,621,8500,614,461,0,600,1973,3107,3073,1373,375.771863,15.44203458,1,2,3,180,1,1,51,5,2,2.0
59,4,135,420453,421975,421975,422978,422978,423582,423615,429615,429615,430217,430250,430284,433395,1522,1003,604,6000,602,403,0,600,2066,3145,3111,1466,388.7166022,12.9447392,0,29,-1,180,-1,1,51,28,29,2.0
59,4,136,433398,434922,434922,435932,435932,436538,436570,445570,445570,446197,446230,446263,449342,1524,1010,606,9000,627,723,0,600,1710,3112,3079,1110,404.6642244,15.94762222,1,10,10,150,1,1,51,20,10,2.0
59,4,137,449345,450867,450867,451875,451875,452492,452524,461524,461524,462124,462156,462190,465287,1522,1008,617,9000,600,617,0,600,1836,3131,3097,1236,420.6094054,15.94518098,1,10,-3,210,-1,-1,49,7,10,1.0
59,4,138,465290,466812,466812,467818,467818,468440,468472,476472,476472,477091,477123,477157,480252,1522,1006,622,8000,619,452,0,600,1979,3129,3095,1379,435.5737258,14.96432037,1,4,1,170,1,1,51,5,4,2.0
59,4,139,480255,481779,481779,482790,482790,483408,483440,489940,489940,490557,490590,490623,493711,1524,1011,618,6500,617,353,0,600,2077,3121,3088,1477,449.0332203,13.45949454,1,2,3,170,1,1,51,5,2,2.0
59,4,140,493714,495236,495236,496239,496239,496845,496877,504377,504377,504978,505010,505044,508158,1522,1003,606,7500,601,440,0,600,2028,3148,3114,1428,463.4802868,14.44706653,1,29,-1,170,-1,-1,49,28,29,1.0
59,4,141,508161,509683,509683,510688,510688,511292,511325,518325,518325,518928,518961,518994,522097,1522,1005,604,7000,603,361,0,600,2105,3136,3103,1505,477.4197663,13.93947942,0,21,-1,190,-1,1,51,20,21,2.0
59,4,142,522101,523625,523625,524630,524630,525237,525270,531270,531270,531889,531922,531956,535063,1524,1005,607,6000,619,401,0,600,2044,3141,3107,1444,490.3847228,12.96495652,0,7,7,160,1,-1,49,14,7,1.0
59,4,143,535066,536587,536587,537596,537596,538220,538252,546752,546752,547384,547416,547450,550517,1521,1009,624,8500,632,460,0,600,1954,3101,3067,1354,505.8385384,15.45381558,1,20,-13,210,-1,-1,49,7,20,1.0
59,4,144,550520,552041,552041,553045,553045,553668,553701,560701,560701,561302,561334,561368,564452,1521,1004,623,7000,601,475,0,600,1976,3118,3084,1376,519.7738025,13.93526413,0,14,-7,150,-1,1,51,7,14,2.0
59,5,145,31306,32832,32832,33851,33851,34467,34500,42000,42000,42607,42640,42675,45753,1526,1019,616,7500,607,298,0,600,2134,3113,3078,1534,14.45940022,14.45940022,1,79,-51,170,-1,-1,49,28,79,1.0
59,5,146,45758,47285,47285,48290,48290,48891,48924,57924,57924,58540,58573,58607,61715,1527,1005,601,9000,616,431,0,600,2020,3142,3108,1420,30.42006701,15.96066679,1,2,5,200,1,1,51,7,2,2.0
59,5,147,61718,63238,63238,64247,64247,64852,64885,71885,71885,72517,72549,72582,75661,1520,1009,605,7000,632,633,0,600,1801,3112,3079,1201,44.36494995,13.94488294,1,20,-13,200,-1,-1,49,7,20,1.0
59,5,148,75663,77183,77183,78186,78186,78789,78822,84822,84822,85422,85456,85490,88619,1520,1003,603,6000,600,458,0,600,2016,3163,3129,1416,57.32426368,12.95931373,0,20,-6,160,-1,1,51,14,20,2.0
59,5,149,88623,90146,90146,91153,91153,91760,91793,100293,100293,100893,100926,100959,104084,1523,1007,607,8500,600,743,0,600,1720,3158,3125,1120,72.78853131,15.46426763,1,7,13,200,1,1,51,20,7,2.0
59,5,150,104087,105610,105610,106615,106615,107224,107257,115257,115257,115858,115891,115924,119022,1523,1005,609,8000,601,484,0,600,1978,3131,3098,1378,87.72658776,14.93805644,1,40,-12,160,-1,-1,49,28,40,1.0
59,5,151,119025,120545,120545,121552,121552,122158,122190,128690,128690,129317,129350,129383,132487,1520,1007,606,6500,627,268,0,600,2172,3137,3104,1572,101.1911667,13.46457893,1,5,9,180,1,1,51,14,5,2.0
59,5,152,132490,134014,134014,135020,135020,135627,135660,143660,143660,144260,144293,144327,147446,1524,1006,607,8000,600,772,0,600,1691,3153,3119,1091,116.150217,14.95905035,1,10,4,160,1,1,51,14,10,2.0
59,5,153,147449,148970,148970,149979,149979,150584,150617,157117,157117,157749,157782,157816,160899,1521,1009,605,6500,632,862,0,600,1571,3117,3083,971,129.6035731,13.45335602,0,7,13,190,1,-1,49,20,7,1.0
59,5,154,160902,162425,162425,163433,163433,164040,164073,170073,170073,170674,170708,170741,173834,1523,1008,607,6000,601,516,0,600,1945,3126,3093,1345,142.5382755,12.93470241,1,29,-1,170,-1,-1,49,28,29,1.0
59,5,155,173837,175359,175359,176369,176369,176974,177007,186007,186007,186627,186659,186692,189783,1522,1010,605,9000,620,743,0,600,1700,3124,3091,1100,158.4870805,15.94880502,1,4,1,160,1,1,51,5,4,2.0
59,5,156,189785,191309,191309,192314,192314,192918,192950,200450,200450,201079,201111,201144,204229,1524,1005,604,7500,629,376,0,600,2062,3118,3085,1462,172.9339053,14.44682485,1,14,-9,190,-1,-1,49,5,14,1.0
59,5,157,204232,205754,205754,206758,206758,207361,207393,215893,215893,216493,216527,216560,219671,1522,1004,603,8500,600,600,0,600,1871,3144,3111,1271,188.3753535,15.44144815,0,14,-7,150,-1,1,51,7,14,2.0
59,5,158,219674,221197,221197,222203,222203,222808,222840,229840,229840,230472,230504,230538,233622,1523,1006,605,7000,632,342,0,600,2092,3118,3084,1492,202.3265895,13.95123602,1,28,-8,200,-1,-1,49,20,28,1.0
59,5,159,233625,235150,235150,236153,236153,236775,236807,243307,243307,243927,243959,243994,247062,1525,1003,622,6500,620,361,0,600,2069,3103,3068,1469,215.7660873,13.4394978,1,4,1,210,1,1,51,5,4,2.0
59,5,160,247065,248588,248588,249592,249592,250197,250230,259230,259230,259858,259891,259923,263008,1523,1004,605,9000,628,507,0,600,1933,3117,3085,1333,231.7122118,15.94612451,1,7,3,190,1,1,51,10,7,2.0
59,5,161,263011,264538,264538,265541,265541,266147,266179,273679,273679,274310,274343,274377,277468,1527,1003,606,7500,631,419,0,600,2014,3125,3091,1414,246.1721053,14.45989353,0,7,7,200,1,-1,49,14,7,1.0
59,5,162,277471,278996,278996,280000,280000,280631,280663,289163,289163,289795,289827,289860,292911,1525,1004,631,8500,632,314,0,600,2094,3084,3051,1494,261.6150813,15.442976,1,10,-5,150,-1,-1,49,5,10,1.0
59,5,163,292914,294436,294436,295444,295444,296050,296083,303083,303083,303698,303730,303764,306856,1522,1008,606,7000,615,391,0,600,2058,3126,3092,1458,275.5601641,13.94508274,1,10,10,160,1,1,51,20,10,2.0
59,5,164,306859,308379,308379,309385,309385,309985,310017,316017,316017,316620,316652,316686,319806,1520,1006,600,6000,603,349,0,600,2122,3154,3120,1522,288.5099521,12.94978803,1,14,-9,210,-1,-1,49,5,14,1.0
59,5,165,319809,321332,321332,322338,322338,322970,323003,331003,331003,331636,331669,331703,334748,1523,1006,632,8000,633,304,0,600,2102,3079,3045,1502,303.4522766,14.94232448,1,7,-2,180,-1,-1,49,5,7,1.0
59,5,166,334751,336274,336274,337275,337275,337878,337910,344410,344410,345011,345043,345077,348204,1523,1001,603,6500,601,584,0,600,1888,3161,3127,1288,316.9077731,13.45549652,1,20,-10,180,-1,-1,49,10,20,1.0
59,5,167,348207,349729,349729,350732,350732,351337,351370,359870,359870,360472,360506,360539,363663,1522,1003,605,8500,602,291,0,600,2177,3157,3124,1577,332.3672604,15.45948731,1,20,8,160,1,1,51,28,20,2.0
59,5,168,363665,365190,365190,366195,366195,366823,366856,373856,373856,374485,374517,374550,377603,1525,1005,628,7000,629,349,0,600,2064,3086,3053,1464,346.3072371,13.93997665,1,5,5,160,1,1,51,10,5,2.0
59,5,169,377606,379129,379129,380134,380134,380739,380772,389772,389772,390372,390405,390438,393520,1523,1005,605,9000,600,-1,2501,0,566,3115,3082,-34,362.2244575,15.91722045,-1,14,14,200,1,-2,-1,28,14,
59,5,170,393523,395044,395044,396048,396048,396668,396700,404700,404700,405300,405332,405366,408464,1521,1004,620,8000,600,877,0,600,1578,3132,3098,978,377.1679705,14.943513,0,14,-4,180,-1,1,51,10,14,2.0
59,5,171,408467,409989,409989,410995,410995,411597,411629,419129,419129,419731,419763,419796,422923,1522,1006,602,7500,602,326,0,600,2142,3160,3127,1542,391.6272924,14.45932186,0,8,-1,150,-1,1,51,7,8,2.0
59,5,172,422926,424446,424446,425457,425457,426063,426095,432095,432095,432697,432729,432762,435868,1520,1011,606,6000,602,369,0,600,2092,3139,3106,1492,404.5713963,12.94410395,1,21,-1,190,-1,-1,49,20,21,1.0
59,5,173,435870,437393,437393,438394,438394,438997,439029,446529,446529,447161,447193,447226,450313,1523,1001,603,7500,632,252,0,600,2189,3120,3087,1589,419.0172023,14.44580598,1,7,13,170,1,1,51,20,7,2.0
59,5,174,450316,451839,451839,452844,452844,453449,453483,462483,462483,463115,463147,463181,466263,1523,1005,605,9000,632,312,0,600,2123,3116,3082,1523,434.9672383,15.95003604,1,7,7,160,1,1,51,14,7,2.0
59,5,175,466266,467791,467791,468799,468799,469404,469436,477436,477436,478038,478070,478104,481210,1525,1008,605,8000,602,822,0,600,1638,3140,3106,1038,449.912693,14.94545461,0,40,-12,180,-1,1,51,28,40,2.0
59,5,176,481211,482738,482738,483746,483746,484365,484397,490397,490397,491025,491058,491092,494148,1527,1008,619,6000,628,548,0,600,1870,3090,3056,1270,462.8518478,12.93915487,1,7,3,170,1,1,51,10,7,2.0
59,5,177,494151,495672,495672,496679,496679,497285,497318,504318,504318,504950,504982,505016,508114,1521,1007,606,7000,632,425,0,600,2009,3132,3098,1409,476.8173697,13.96552186,0,15,-1,150,-1,1,51,14,15,2.0
59,5,178,508117,509641,509641,510646,510646,511247,511280,517780,517780,518412,518445,518477,521563,1524,1005,601,6500,632,314,0,600,2124,3118,3086,1524,490.2680129,13.45064326,1,5,2,200,1,1,51,7,5,2.0
59,5,179,521567,523091,523091,524099,524099,524703,524736,533236,533236,533851,533883,533917,537022,1524,1008,604,8500,615,303,0,600,2146,3139,3105,1546,505.7251919,15.45717896,1,2,5,200,1,1,51,7,2,2.0
59,5,180,537024,538546,538546,539550,539550,540176,540209,549209,549209,549827,549859,549892,552960,1522,1004,626,9000,618,360,0,600,2070,3101,3068,1470,521.6636886,15.93849672,1,4,6,160,1,1,51,10,4,2.0
59,6,181,40596,42118,42118,43137,43137,43743,43775,51275,51275,51890,51922,51958,55043,1522,1019,606,7500,615,272,0,600,2166,3121,3085,1566,14.4599089,14.4599089,1,4,1,180,1,1,51,5,4,2.0
59,6,182,55048,56571,56571,57574,57574,58179,58211,66711,66711,67315,67348,67382,70493,1523,1003,605,8500,604,1082,0,600,1383,3145,3111,783,29.90729667,15.44738777,1,40,-26,180,-1,-1,49,14,40,1.0
59,6,183,70495,72013,72013,73020,73020,73635,73668,82668,82668,83299,83332,83365,86444,1518,1007,615,9000,631,311,0,600,2118,3112,3079,1518,45.85921977,15.9519231,1,10,4,200,1,1,51,14,10,2.0
59,6,184,86447,87968,87968,88971,88971,89573,89607,95607,95607,96222,96254,96287,99385,1521,1003,602,6000,615,361,0,600,2098,3131,3098,1498,58.8005311,12.94131133,1,5,5,160,1,1,51,10,5,2.0
59,6,185,99389,100912,100912,101914,101914,102520,102552,109052,109052,109653,109685,109718,112851,1523,1002,606,6500,601,258,0,600,2210,3166,3133,1610,72.26510882,13.46457772,0,10,-3,150,-1,1,51,7,10,2.0
59,6,186,112854,114375,114375,115381,115381,115988,116022,123022,123022,123654,123687,123720,126788,1521,1006,607,7000,632,429,0,600,2005,3101,3068,1405,86.20290008,13.93779126,1,10,10,200,1,1,51,20,10,2.0
59,6,187,126791,128315,128315,129318,129318,129925,129958,137958,137958,138558,138591,138624,141753,1524,1003,607,8000,600,333,0,600,2133,3162,3129,1533,101.1678427,14.96494266,0,29,-1,180,-1,1,51,28,29,2.0
59,6,188,141756,143279,143279,144283,144283,144887,144919,150919,150919,151545,151577,151610,154697,1523,1004,604,6000,626,278,0,600,2165,3120,3087,1565,114.1117665,12.94392374,1,4,3,190,1,1,51,7,4,2.0
59,6,189,154700,156225,156225,157232,157232,157839,157872,164872,164872,165488,165520,165554,168650,1525,1007,607,7000,616,290,0,600,2155,3130,3096,1555,128.0640355,13.95226905,1,5,9,210,1,1,51,14,5,2.0
59,6,190,168652,170175,170175,171179,171179,171783,171815,179315,179315,179942,179974,180008,183105,1523,1004,604,7500,627,295,0,600,2147,3131,3097,1547,142.5194004,14.45536483,0,40,-12,170,-1,1,51,28,40,2.0
59,6,191,183107,184631,184631,185631,185631,186231,186264,194264,194264,194865,194898,194931,198048,1524,1000,600,8000,601,446,0,600,2029,3150,3117,1429,157.4622082,14.94280784,0,14,-4,170,-1,1,51,10,14,2.0
59,6,192,198051,199571,199571,200576,200576,201182,201214,209714,209714,210335,210368,210402,213502,1520,1005,606,8500,621,363,0,600,2085,3134,3100,1485,172.9167998,15.45459156,1,7,7,180,1,1,51,14,7,2.0
59,6,193,213505,215030,215030,216037,216037,216640,216673,225673,225673,226306,226338,226371,229465,1525,1007,603,9000,633,610,0,600,1822,3127,3094,1222,188.8791098,15.96231006,1,40,-20,180,-1,-1,49,20,40,1.0
59,6,194,229468,230993,230993,231999,231999,232602,232634,239134,239134,239734,239767,239801,242918,1525,1006,603,6500,600,215,0,600,2251,3151,3117,1651,202.3318622,13.45275242,0,40,-20,180,-1,1,51,20,40,2.0
59,6,195,242921,244445,244445,245449,245449,246054,246086,254086,254086,254711,254743,254776,257870,1524,1004,605,8000,625,421,0,600,2021,3127,3094,1421,217.2850456,14.95318335,1,7,3,150,1,1,51,10,7,2.0
59,6,196,257874,259398,259398,260404,260404,261009,261041,270041,270041,270641,270674,270707,273820,1524,1006,605,9000,600,372,0,600,2093,3146,3113,1493,233.2342487,15.94920311,0,21,-1,160,-1,1,51,20,21,2.0
59,6,197,273823,275345,275345,276351,276351,276955,276988,282988,282988,283588,283621,283654,286769,1522,1006,604,6000,600,281,0,600,2187,3148,3115,1587,246.183494,12.9492453,1,28,-8,210,-1,-1,49,20,28,1.0
59,6,198,286772,288295,288295,289300,289300,289900,289933,296933,296933,297565,297598,297631,300707,1523,1005,600,7000,632,337,0,600,2103,3109,3076,1503,260.1209941,13.93750015,1,10,-5,170,-1,-1,49,5,10,1.0
59,6,199,300710,302235,302235,303241,303241,303848,303880,311380,311380,312010,312042,312075,315165,1525,1006,607,7500,630,256,0,600,2176,3123,3090,1576,274.5792703,14.45827618,1,14,6,190,1,1,51,20,14,2.0
59,6,200,315168,316690,316690,317692,317692,318296,318328,324828,324828,325446,325479,325512,328600,1522,1002,604,6500,618,321,0,600,2133,3121,3088,1533,288.0133131,13.43404275,1,56,-28,150,-1,-1,49,28,56,1.0
59,6,201,328602,330121,330121,331124,331124,331728,331760,340260,340260,340890,340922,340956,344039,1519,1003,604,8500,630,317,0,600,2127,3117,3083,1527,303.4528067,15.43949359,1,10,4,190,1,1,51,14,10,2.0
59,6,202,344042,345565,345565,346569,346569,347200,347233,355233,355233,355854,355887,355920,358983,1523,1004,631,8000,621,259,0,600,2162,3096,3063,1562,318.3972192,14.94441253,1,4,1,200,1,1,51,5,4,2.0
59,6,203,358986,360506,360506,361511,361511,362114,362147,369147,369147,369764,369796,369830,372940,1520,1005,603,7000,617,247,0,600,2208,3144,3110,1608,332.3535932,13.95637405,1,5,2,190,1,1,51,7,5,2.0
59,6,204,372941,374458,374458,375463,375463,376065,376098,383598,383598,384217,384251,384284,387390,1517,1005,602,7500,619,240,0,600,2217,3139,3106,1617,346.8045358,14.4509425,1,79,-51,200,-1,-1,49,28,79,1.0
59,6,205,387393,388911,388911,389917,389917,390547,390579,396579,396579,397198,397230,397263,400343,1518,1006,630,6000,619,283,0,600,2144,3113,3080,1544,359.7568286,12.95229286,1,4,1,150,1,1,51,5,4,2.0
59,6,206,400346,401870,401870,402877,402877,403481,403514,410014,410014,410632,410664,410698,413804,1524,1007,604,6500,618,243,0,600,2204,3140,3106,1604,373.2178531,13.4610245,1,10,4,190,1,1,51,14,10,2.0
59,6,207,413807,415325,415325,416331,416331,416934,416967,425967,425967,426582,426614,426647,429757,1518,1006,603,9000,615,369,0,600,2089,3143,3110,1489,389.1713622,15.95350911,1,56,-28,150,-1,-1,49,28,56,1.0
59,6,208,429760,431280,431280,432286,432286,432893,432926,441426,441426,442044,442077,442110,445193,1520,1006,607,8500,618,602,0,600,1847,3116,3083,1247,404.606875,15.43551274,0,14,-4,210,-1,1,51,10,14,2.0
59,6,209,445196,446719,446719,447728,447728,448334,448366,457366,457366,457999,458032,458065,461157,1523,1009,606,9000,633,290,0,600,2139,3125,3092,1539,420.5711986,15.96432368,1,40,-12,210,-1,-1,49,28,40,1.0
59,6,210,461160,462681,462681,463683,463683,464313,464345,471845,471845,472446,472478,472511,475601,1521,1002,630,7500,601,153,0,600,2293,3123,3090,1693,435.0152957,14.44409702,1,14,-9,180,-1,-1,49,5,14,1.0
59,6,211,475604,477124,477124,478131,478131,478735,478768,485268,485268,485885,485917,485951,489061,1520,1007,604,6500,617,247,0,600,2205,3144,3110,1605,448.4751473,13.45985164,1,2,5,180,1,1,51,7,2,2.0
59,6,212,489064,490587,490587,491593,491593,492201,492233,500233,500233,500835,500869,500902,504012,1523,1006,608,8000,602,435,0,600,2026,3143,3110,1426,463.4256468,14.95049952,0,20,-10,180,-1,1,51,10,20,2.0
59,6,213,504015,505538,505538,506544,506544,507161,507194,514195,514195,514827,514860,514894,517980,1523,1006,617,7001,632,245,0,600,2176,3120,3086,1576,477.393637,13.96799022,0,10,-3,200,-1,1,51,7,10,2.0
59,6,214,517982,519501,519501,520508,520508,521140,521172,529672,529672,530293,530326,530359,533422,1519,1007,632,8500,621,291,0,600,2130,3096,3063,1530,492.8362538,15.44261679,1,4,3,200,1,1,51,7,4,2.0
59,6,215,533425,534948,534948,535953,535953,536560,536593,542593,542593,543193,543225,543259,546380,1523,1005,607,6000,600,349,0,600,2116,3155,3121,1516,505.7933086,12.9570548,0,14,-4,200,-1,1,51,10,14,2.0
59,6,216,546383,547904,547904,548910,548910,549514,549547,556547,556547,557163,557195,557228,560319,1521,1006,604,7000,616,216,0,600,2237,3124,3091,1637,519.7325497,13.93924105,1,3,2,160,1,1,51,5,3,2.0
60,1,1,59101,60631,60631,61661,61661,62269,62301,70301,70301,70907,70939,70977,74061,1530,1030,608,8000,606,1107,0,600,1319,3122,3084,719,14.99802163,14.99802163,0,13,1,190,1,-1,49,14,13,1.0
60,1,2,74119,75638,75638,76649,76649,77254,77286,83786,83786,84403,84436,84469,87583,1519,1011,605,6500,617,634,0,600,1814,3147,3114,1214,28.46419923,13.46617759,1,56,-28,180,-1,-1,49,28,56,1.0
60,1,3,87585,89107,89107,90110,90110,90717,90749,99249,99249,99850,99882,99915,103042,1522,1003,607,8500,601,481,0,600,1986,3160,3127,1386,43.92334661,15.45914738,1,14,6,190,1,1,51,20,14,2.0
60,1,4,103045,104572,104572,105578,105578,106185,106217,113717,113717,114318,114350,114383,117480,1527,1006,607,7500,601,448,0,600,2011,3130,3097,1411,58.36129547,14.43794886,1,40,-20,150,-1,-1,49,20,40,1.0
60,1,5,117483,119007,119007,120011,120011,120615,120648,129648,129648,130279,130311,130344,133417,1524,1004,604,9000,631,367,0,600,2070,3106,3073,1470,74.29839302,15.93709755,1,10,18,170,1,1,51,28,10,2.0
60,1,6,133419,134939,134939,135950,135950,136552,136585,142585,142585,143187,143221,143255,146373,1520,1011,602,6000,602,279,0,600,2186,3152,3118,1586,87.25485325,12.95646024,1,14,6,160,1,1,51,20,14,2.0
60,1,7,146376,147904,147904,148915,148915,149517,149550,156550,156550,157178,157210,157244,160331,1528,1011,602,7000,628,1322,0,600,1109,3121,3087,509,101.2121051,13.95725189,1,6,1,210,1,1,51,7,6,2.0
60,1,8,160334,161862,161862,162872,162872,163479,163512,169512,169512,170112,170145,170178,173271,1528,1010,607,6000,600,1067,0,600,1388,3126,3093,788,114.1527873,12.94068211,0,27,1,170,1,-1,49,28,27,1.0
60,1,9,173274,174799,174799,175804,175804,176406,176439,184939,184939,185569,185601,185634,188719,1525,1005,602,8500,630,762,0,600,1676,3118,3085,1076,129.5999692,15.44718195,1,5,2,210,1,1,51,7,5,2.0
60,1,10,188722,190242,190242,191247,191247,191851,191884,198384,198384,199016,199049,199082,202154,1520,1005,604,6500,632,522,0,600,1917,3105,3072,1317,143.0349654,13.43499623,1,7,3,180,1,1,51,10,7,2.0
60,1,11,202157,203676,203676,204681,204681,205286,205320,212320,212320,212920,212952,212986,216109,1519,1005,605,7000,600,1093,0,600,1378,3157,3123,778,156.9907684,13.95580299,1,20,-6,160,-1,-1,49,14,20,1.0
60,1,12,216112,217637,217637,218641,218641,219245,219277,226777,226777,227395,227428,227461,230568,1525,1004,604,7500,618,598,0,600,1851,3140,3107,1251,171.4488475,14.45807909,1,2,5,190,1,1,51,7,2,2.0
60,1,13,230571,232090,232090,233091,233091,233692,233724,242724,242724,243357,243390,243424,246506,1519,1001,601,9000,633,566,0,600,1880,3116,3082,1280,187.3868955,15.93804801,1,10,-5,150,-1,-1,49,5,10,1.0
60,1,14,246509,248030,248030,249037,249037,249642,249675,257675,257675,258302,258334,258368,261471,1521,1007,605,8000,627,555,0,600,1885,3137,3103,1285,202.3525681,14.96567253,1,4,6,200,1,1,51,10,4,2.0
60,1,15,261474,262998,262998,263999,263999,264604,264636,271636,271636,272269,272302,272335,275423,1524,1001,605,7000,633,576,0,600,1861,3121,3088,1261,216.3043616,13.95179352,1,28,-14,200,-1,-1,49,14,28,1.0
60,1,16,275426,276950,276950,277952,277952,278558,278590,287590,287590,288210,288243,288277,291381,1524,1002,606,9000,620,686,0,600,1762,3138,3104,1162,232.2618615,15.9574999,1,79,-51,160,-1,-1,49,28,79,1.0
60,1,17,291384,292907,292907,293911,293911,294517,294550,300550,300550,301178,301210,301244,304341,1523,1004,606,6000,628,547,0,600,1892,3131,3097,1292,245.2220669,12.96020542,1,14,-7,180,-1,-1,49,7,14,1.0
60,1,18,304344,305870,305870,306879,306879,307484,307516,314016,314016,314646,314678,314711,317790,1526,1009,605,6500,630,1667,0,600,763,3112,3079,163,258.6708653,13.44879839,1,7,3,180,1,1,51,10,7,2.0
60,1,19,317793,319314,319314,320319,320319,320919,320951,329451,329451,330075,330107,330140,333230,1521,1005,600,8500,624,281,0,600,2169,3123,3090,1569,274.1106394,15.43977414,1,3,2,160,1,1,51,5,3,2.0
60,1,20,333232,334760,334760,335765,335765,336367,336399,344399,344399,345032,345064,345097,348185,1528,1005,602,8000,633,1644,0,600,788,3121,3088,188,289.0661522,14.95551279,0,14,6,150,1,-1,49,20,14,1.0
60,1,21,348188,349713,349713,350718,350718,351322,351355,358855,358855,359486,359519,359553,362625,1525,1005,604,7500,631,392,0,600,2043,3106,3072,1443,303.5064299,14.4402777,1,13,1,210,1,1,51,14,13,2.0
60,1,22,362628,364154,364154,365157,365157,365787,365819,373319,373319,373943,373975,374009,377070,1526,1003,630,7500,624,556,0,600,1861,3095,3061,1261,317.9512668,14.44483684,1,14,-9,190,-1,-1,49,5,14,1.0
60,1,23,377073,378594,378594,379597,379597,380200,380232,388732,388732,389361,389393,389426,392526,1521,1003,603,8500,629,362,0,600,2082,3133,3100,1482,333.4066373,15.45537055,1,4,3,180,1,1,51,7,4,2.0
60,1,24,392529,394049,394049,395053,395053,395659,395691,402191,402191,402805,402837,402870,405980,1520,1004,606,6500,614,369,0,600,2087,3143,3110,1487,346.8602697,13.45363236,1,14,14,180,1,1,51,28,14,2.0
60,1,25,405982,407508,407508,408514,408514,409116,409148,418148,418148,418777,418809,418843,421937,1526,1006,602,9000,629,488,0,600,1949,3128,3094,1349,362.8174999,15.95723019,1,5,2,190,1,1,51,7,5,2.0
60,1,26,421940,423460,423460,424467,424467,425076,425108,431108,431108,431709,431743,431776,434904,1520,1007,609,6000,601,1198,0,600,1265,3161,3128,665,375.7853807,12.96788083,1,20,-6,180,-1,-1,49,14,20,1.0
60,1,27,434907,436433,436433,437440,437440,438043,438075,445075,445075,445675,445707,445740,448855,1526,1007,603,7000,600,307,0,600,2157,3148,3115,1557,389.7355409,13.9501602,1,28,-18,150,-1,-1,49,10,28,1.0
60,1,28,448857,450384,450384,451392,451392,451998,452031,460031,460031,460631,460665,460699,463793,1527,1008,606,8000,600,581,0,600,1878,3128,3094,1278,404.6741449,14.938604,1,14,14,180,1,1,51,28,14,2.0
60,1,29,463796,465318,465318,466318,466318,466927,466959,474959,474959,475559,475593,475627,478731,1522,1000,609,8000,600,330,0,600,2139,3138,3104,1539,419.6117909,14.937646,1,10,10,200,1,1,51,20,10,2.0
60,1,30,478734,480260,480260,481266,481267,481869,481902,488402,488402,489026,489058,489091,492195,1526,1006,602,6500,624,686,0,600,1756,3137,3104,1156,433.0759582,13.46416728,1,4,1,180,1,1,51,5,4,2.0
60,1,31,492198,493719,493719,494729,494729,495349,495381,502881,502881,503505,503539,503572,506634,1521,1010,620,7500,624,419,0,600,2006,3095,3062,1406,447.51435,14.43839185,1,3,2,210,1,1,51,5,3,2.0
60,1,32,506637,508161,508161,509166,509166,509768,509801,516801,516801,517424,517457,517490,520591,1524,1005,602,7000,623,489,0,600,1957,3134,3101,1357,461.4714365,13.95708644,1,3,2,210,1,1,51,5,3,2.0
60,1,33,520594,522114,522114,523121,523121,523727,523760,529760,529760,530390,530422,530457,533528,1520,1007,606,6000,630,1302,0,600,1135,3106,3071,535,474.4085388,12.93710237,1,7,3,210,1,1,51,10,7,2.0
60,1,34,533531,535054,535054,536059,536059,536679,536711,545711,545711,546336,546368,546401,549472,1523,1005,620,9000,625,1662,0,600,765,3104,3071,165,490.3523402,15.9438014,1,10,4,170,1,1,51,14,10,2.0
60,1,35,549475,550995,550995,552005,552005,552608,552641,561141,561141,561769,561801,561835,564910,1520,1010,603,8500,628,634,0,600,1805,3109,3075,1205,505.7908008,15.43846056,1,4,6,180,1,1,51,10,4,2.0
60,1,36,564913,566437,566437,567440,567440,568044,568077,574077,574077,574708,574740,574774,577871,1524,1003,604,6000,631,298,0,600,2140,3131,3097,1540,518.7516577,12.96085695,1,10,10,180,1,1,51,20,10,2.0
60,2,37,29327,30850,30850,31868,31868,32482,32517,39517,39517,40151,40184,40220,43290,1523,1018,614,7000,634,483,0,600,1928,3106,3070,1328,13.97483088,13.97483088,1,14,-7,160,-1,-1,49,7,14,1.0
60,2,38,43294,44821,44821,45829,45829,46434,46466,54966,54966,55574,55606,55641,58754,1527,1008,605,8500,608,509,0,600,1943,3148,3113,1343,29.43721417,15.46238329,1,40,-20,170,-1,-1,49,20,40,1.0
60,2,39,58757,60276,60276,61278,61278,61879,61911,68411,68411,69041,69074,69108,72213,1519,1002,601,6500,630,948,0,600,1500,3139,3105,900,42.89617532,13.45896115,1,4,1,170,1,1,51,5,4,2.0
60,2,40,72216,73740,73740,74744,74744,75346,75379,82879,82879,83510,83542,83577,86673,1524,1004,602,7500,631,448,0,600,1991,3131,3096,1391,57.35615413,14.45997881,1,7,-2,160,-1,-1,49,5,7,1.0
60,2,41,86676,88194,88194,89200,89200,89801,89833,97833,97833,98451,98483,98517,101618,1518,1006,601,8000,618,984,0,600,1473,3135,3101,873,72.30157468,14.94542055,1,2,3,200,1,1,51,5,2,2.0
60,2,42,101621,103142,103142,104144,104144,104746,104778,113778,113778,114407,114440,114474,117573,1521,1002,602,9000,629,1622,0,600,824,3133,3099,224,88.2568488,15.95527412,1,7,3,210,1,1,51,10,7,2.0
60,2,43,117576,119101,119101,120106,120106,120707,120739,126739,126739,127355,127388,127422,130508,1525,1005,601,6000,616,441,0,600,2012,3120,3086,1412,101.1915455,12.93469668,1,79,-51,190,-1,-1,49,28,79,1.0
60,2,44,130511,132031,132031,133033,133033,133636,133668,142668,142668,143284,143316,143350,146465,1520,1002,603,9000,616,738,0,600,1721,3149,3115,1121,117.1481404,15.95659494,1,57,-37,160,-1,-1,49,20,57,1.0
60,2,45,146468,147988,147988,148992,148992,149598,149630,155630,155630,156260,156293,156326,159415,1520,1004,606,6000,630,579,0,600,1861,3122,3089,1261,130.0979559,12.94981545,1,7,7,190,1,1,51,14,7,2.0
60,2,46,159418,160942,160942,161949,161949,162556,162588,169588,169588,170219,170252,170286,173359,1524,1007,607,7000,631,1051,0,600,1380,3107,3073,780,144.0414842,13.94352837,1,13,1,190,1,1,51,14,13,2.0
60,2,47,173360,174883,174883,175888,175888,176490,176522,185022,185022,185623,185655,185689,188803,1523,1005,602,8500,601,1057,0,600,1412,3148,3114,812,159.4862988,15.44481454,0,27,1,160,1,-1,49,28,27,1.0
60,2,48,188806,190328,190328,191333,191333,191936,191969,199469,199469,200084,200116,200149,203264,1522,1005,603,7500,615,343,0,600,2112,3148,3115,1512,173.9469478,14.46064901,1,4,3,170,1,1,51,7,4,2.0
60,2,49,203267,204791,204791,205798,205798,206403,206436,212936,212936,213539,213572,213605,216716,1524,1007,605,6500,603,499,0,600,1962,3144,3111,1362,187.3991159,13.4521681,1,14,14,200,1,1,51,28,14,2.0
60,2,50,216719,218243,218243,219249,219249,219853,219885,227885,227885,228485,228518,228551,231659,1524,1006,604,8000,600,406,0,600,2060,3141,3108,1460,202.3423577,14.94324179,1,7,7,160,1,1,51,14,7,2.0
60,2,51,231662,233187,233187,234191,234191,234793,234825,243825,243825,244436,244469,244502,247593,1525,1004,602,9000,611,777,0,600,1681,3124,3091,1081,218.2762962,15.93393849,1,56,-28,190,-1,-1,49,28,56,1.0
60,2,52,247596,249119,249119,250124,250124,250727,250759,257759,257759,258389,258422,258454,261555,1523,1005,603,7000,630,1462,0,600,977,3133,3101,377,232.2386225,13.96232633,1,10,-3,170,-1,-1,49,7,10,1.0
60,2,53,261558,263080,263080,264089,264089,264690,264723,272223,272223,272854,272888,272921,276016,1522,1009,601,7500,631,1004,0,600,1433,3128,3095,833,246.6992073,14.46058483,1,6,1,190,1,1,51,7,6,2.0
60,2,54,276018,277538,277538,278542,278542,279162,279194,287694,287694,288294,288328,288361,291470,1520,1004,620,8500,600,829,0,600,1627,3142,3109,1027,262.1528258,15.4536185,1,20,-10,190,-1,-1,49,10,20,1.0
60,2,55,291473,292998,292998,294002,294002,294607,294640,300640,300640,301273,301305,301338,304418,1525,1004,605,6000,633,761,0,600,1672,3113,3080,1072,275.1007057,12.94787988,1,20,-6,170,-1,-1,49,14,20,1.0
60,2,56,304421,305949,305949,306957,306957,307560,307593,314093,314093,314714,314746,314779,317873,1528,1008,603,6500,621,581,0,600,1859,3127,3094,1259,288.5562092,13.45550345,1,3,2,170,1,1,51,5,3,2.0
60,2,57,317876,319399,319399,320406,320406,321006,321039,329039,329039,329656,329690,329723,332818,1523,1007,600,8000,617,615,0,600,1838,3128,3095,1238,303.5007088,14.94449963,1,3,2,170,1,1,51,5,3,2.0
60,2,58,332821,334347,334347,335350,335350,335956,335990,343990,343990,344590,344623,344657,347754,1526,1003,606,8000,600,1234,0,600,1231,3131,3097,631,318.4365738,14.93586502,1,27,1,210,1,1,51,28,27,2.0
60,2,59,347756,349278,349278,350280,350280,350885,350918,358418,358418,359035,359068,359101,362199,1522,1002,605,7500,617,426,0,600,2028,3131,3098,1428,332.8819461,14.44537234,1,79,-51,160,-1,-1,49,28,79,1.0
60,2,60,362202,363726,363727,364733,364733,365351,365383,371883,371883,372483,372516,372549,375656,1524,1006,618,6500,600,659,0,600,1793,3140,3107,1193,346.3392312,13.45728503,1,10,4,180,1,1,51,14,10,2.0
60,2,61,375659,377184,377184,378190,378190,378798,378831,385831,385831,386432,386465,386499,389614,1525,1006,608,7000,601,1514,0,600,946,3149,3115,346,360.2966467,13.95741552,0,14,6,170,1,-1,49,20,14,1.0
60,2,62,389617,391139,391139,392142,392142,392747,392780,401280,401280,401910,401942,401975,405074,1522,1003,605,8500,630,262,0,600,2178,3132,3099,1578,375.7565462,15.45989955,1,7,13,170,1,1,51,20,7,2.0
60,2,63,405077,406601,406601,407608,407608,408211,408243,414243,414243,414875,414909,414942,418015,1524,1007,603,6000,632,688,0,600,1746,3106,3073,1146,388.6976903,12.94114408,1,7,3,180,1,1,51,10,7,2.0
60,2,64,418018,419540,419540,420544,420544,421148,421180,430180,430180,430808,430840,430873,433960,1522,1004,604,9000,628,477,0,600,1965,3120,3087,1365,404.6422819,15.94459154,1,5,2,210,1,1,51,7,5,2.0
60,2,65,433963,435485,435485,436488,436488,437090,437122,446122,446122,446724,446757,446791,449906,1522,1003,602,9000,602,1217,0,600,1254,3149,3115,654,420.5889193,15.94663741,1,14,-4,170,-1,-1,49,10,14,1.0
60,2,66,449909,451431,451431,452441,452441,453045,453079,461579,461579,462181,462213,462247,465371,1522,1010,604,8500,602,932,0,600,1530,3158,3124,930,436.0536236,15.46470429,0,13,1,150,1,-1,49,14,13,1.0
60,2,67,465374,466895,466895,467902,467902,468507,468540,475540,475540,476145,476177,476211,479330,1521,1007,605,7000,605,1452,0,600,1010,3153,3119,410,450.0125097,13.95888611,1,14,-4,200,-1,-1,49,10,14,1.0
60,2,68,479333,480855,480855,481856,481856,482476,482508,490508,490508,491124,491156,491191,494267,1522,1001,620,8000,616,1015,0,600,1426,3111,3076,826,464.9496841,14.93717439,1,6,1,150,1,1,51,7,6,2.0
60,2,69,494270,495795,495795,496804,496804,497411,497443,503443,503443,504071,504103,504136,507204,1525,1009,607,6000,628,324,0,600,2107,3101,3068,1507,477.8868762,12.93719217,1,5,5,190,1,1,51,10,5,2.0
60,2,70,507207,508733,508733,509738,509738,510346,510378,516878,516878,517510,517544,517578,520657,1526,1005,608,6500,632,990,0,600,1439,3113,3079,839,491.339186,13.45230973,0,19,1,180,1,-1,49,20,19,1.0
60,2,71,520659,522184,522184,523190,523190,523818,523851,531351,531351,531983,532016,532049,535111,1525,1006,628,7500,632,745,0,600,1664,3095,3062,1064,505.7931405,14.45395451,1,10,-5,150,-1,-1,49,5,10,1.0
60,2,72,535113,536636,536636,537642,537642,538250,538282,545282,545282,545915,545947,545981,549067,1523,1006,608,7000,633,1090,0,600,1340,3120,3086,740,519.7499009,13.95676038,1,10,10,180,1,1,51,20,10,2.0
60,3,73,17275,18802,18802,19818,19818,20430,20463,28963,28963,29579,29612,29647,32735,1527,1016,612,8500,616,571,0,600,1858,3123,3088,1258,15.47254785,15.47254785,1,2,3,210,1,1,51,5,2,2.0
60,3,74,32740,34266,34266,35266,35266,35873,35905,43405,43405,44007,44040,44074,47193,1526,1000,607,7500,602,737,0,600,1728,3153,3119,1128,29.92895023,14.45640238,1,20,-6,150,-1,-1,49,14,20,1.0
60,3,75,47197,48722,48722,49731,49731,50337,50370,57370,57370,58001,58033,58066,61128,1525,1009,606,7000,631,512,0,600,1917,3095,3062,1317,43.86320393,13.9342537,1,10,10,200,1,1,51,20,10,2.0
60,3,76,61131,62656,62656,63665,63665,64293,64325,72325,72325,72955,72988,73021,76089,1525,1009,628,8000,630,1076,0,600,1332,3101,3068,732,58.82437638,14.96117246,1,11,-1,210,-1,-1,49,10,11,1.0
60,3,77,76091,77610,77610,78614,78614,79234,79266,88266,88266,88869,88902,88936,92027,1519,1004,620,9000,603,708,0,600,1746,3125,3091,1146,74.76248677,15.93811039,1,10,-3,160,-1,-1,49,7,10,1.0
60,3,78,92030,93559,93559,94565,94565,95172,95205,101205,101205,101806,101839,101872,104974,1529,1006,607,6000,601,1270,0,600,1187,3135,3102,587,87.70869114,12.94620437,0,20,8,190,1,-1,49,28,20,1.0
60,3,79,104977,106501,106501,107509,107509,108117,108149,114649,114649,115259,115291,115326,118419,1524,1008,608,6500,610,939,0,600,1511,3128,3093,911,101.1544938,13.44580267,1,40,-12,210,-1,-1,49,28,40,1.0
60,3,80,118422,119945,119945,120955,120955,121558,121590,129090,129090,129723,129755,129788,132868,1523,1010,603,7500,633,503,0,600,1928,3113,3080,1328,115.6023782,14.4478844,1,28,-18,190,-1,-1,49,10,28,1.0
60,3,81,132870,134396,134396,135398,135398,135999,136031,142031,142031,142662,142696,142729,145818,1526,1002,601,6000,631,738,0,600,1702,3122,3089,1102,128.5536175,12.95123934,1,10,-5,180,-1,-1,49,5,10,1.0
60,3,82,145821,147348,147348,148352,148352,148957,148989,155489,155489,156121,156154,156187,159254,1527,1004,605,6500,632,654,0,600,1778,3100,3067,1178,141.9887861,13.4351686,1,7,3,160,1,1,51,10,7,2.0
60,3,83,159257,160776,160776,161783,161783,162392,162424,171424,171424,172053,172087,172120,175192,1519,1007,609,9000,629,495,0,600,1941,3105,3072,1341,157.926905,15.93811882,1,7,7,210,1,1,51,14,7,2.0
60,3,84,175195,176717,176717,177723,177723,178330,178363,186863,186863,187490,187524,187557,190644,1522,1006,607,8500,627,640,0,600,1798,3120,3087,1198,173.3794895,15.45258457,1,7,7,210,1,1,51,14,7,2.0
60,3,85,190647,192174,192174,193182,193182,193786,193818,200818,200818,201427,201460,201493,204585,1527,1008,604,7000,609,708,0,600,1744,3125,3092,1144,187.3196361,13.94014661,1,40,-26,210,-1,-1,49,14,40,1.0
60,3,86,204588,206116,206116,207121,207121,207724,207757,215757,215757,216358,216392,216425,219528,1528,1005,603,8000,601,754,0,600,1709,3136,3103,1109,202.2630455,14.94340934,1,14,14,190,1,1,51,28,14,2.0
60,3,87,219531,221054,221054,222056,222056,222688,222720,231720,231720,232338,232371,232405,235467,1523,1002,632,9000,618,416,0,600,2009,3096,3062,1409,218.2015428,15.93849732,1,2,3,150,1,1,51,5,2,2.0
60,3,88,235469,236994,236994,237996,237996,238602,238635,244635,244635,245252,245285,245320,248404,1525,1002,606,6000,617,503,0,600,1947,3119,3084,1347,231.1387009,12.93715812,1,56,-28,210,-1,-1,49,28,56,1.0
60,3,89,248407,249931,249931,250933,250933,251538,251571,260071,260071,260702,260735,260767,263853,1524,1002,605,8500,631,1024,0,600,1414,3118,3086,814,246.587571,15.44887012,1,10,4,170,1,1,51,14,10,2.0
60,3,90,263856,265377,265377,266383,266383,266989,267021,274021,274021,274653,274685,274718,277787,1521,1006,606,7000,632,621,0,600,1814,3102,3069,1214,260.5216301,13.93405903,1,10,10,150,1,1,51,20,10,2.0
60,3,91,277790,279312,279312,280319,280319,280923,280956,288956,288956,289571,289603,289637,292735,1522,1007,604,8000,615,327,0,600,2125,3132,3098,1525,275.4700427,14.94841266,1,2,3,180,1,1,51,5,2,2.0
60,3,92,292738,294259,294259,295269,295269,295874,295907,303407,303407,304007,304040,304074,307172,1521,1010,605,7500,600,1073,0,600,1391,3132,3098,791,289.9068389,14.4367962,1,14,6,210,1,1,51,20,14,2.0
60,3,93,307175,308695,308695,309699,309699,310303,310335,316835,316835,317436,317469,317503,320630,1520,1004,604,6500,601,482,0,600,1989,3161,3127,1389,303.3649777,13.45813876,1,20,-13,200,-1,-1,49,7,20,1.0
60,3,94,320633,322155,322155,323163,323163,323794,323826,332326,332326,332945,332977,333010,336071,1522,1008,631,8500,619,802,0,600,1618,3094,3061,1018,318.8059229,15.44094519,1,6,-1,190,-1,-1,49,5,6,1.0
60,3,95,336074,337601,337601,338613,338613,339216,339249,346749,346749,347349,347383,347416,350533,1527,1012,603,7500,600,1090,0,600,1368,3150,3117,768,333.2674054,14.46148255,1,21,-1,170,-1,-1,49,20,21,1.0
60,3,96,350536,352061,352061,353066,353066,353671,353704,361704,361704,362337,362371,362405,365473,1525,1005,605,8000,633,1332,0,600,1100,3102,3068,500,348.2073788,14.93997334,1,11,-1,190,-1,-1,49,10,11,1.0
60,3,97,365476,366996,366996,368001,368001,368603,368636,375636,375636,376254,376287,376320,379414,1520,1005,602,7000,618,352,0,600,2103,3127,3094,1503,362.1483161,13.94093736,1,3,2,170,1,1,51,5,3,2.0
60,3,98,379417,380941,380941,381949,381949,382555,382587,389087,389087,389695,389727,389760,392870,1524,1008,606,6500,608,559,0,600,1895,3143,3110,1295,375.6043689,13.45605281,1,40,-26,190,-1,-1,49,14,40,1.0
60,3,99,392872,394398,394398,395404,395404,396006,396038,405038,405038,405663,405695,405728,408806,1526,1006,602,9000,625,821,0,600,1620,3111,3078,1020,391.540469,15.93610007,1,4,3,200,1,1,51,7,4,2.0
60,3,100,408809,410325,410325,411331,411331,411934,411966,417966,417966,418589,418623,418656,421772,1516,1006,603,6000,623,536,0,600,1916,3149,3116,1316,404.5061536,12.96568458,1,4,3,200,1,1,51,7,4,2.0
60,3,101,421774,423299,423299,424308,424308,424910,424943,432443,432443,433043,433076,433110,436234,1525,1009,602,7500,600,672,0,600,1792,3158,3124,1192,418.9683154,14.46216179,1,10,10,210,1,1,51,20,10,2.0
60,3,102,436237,437755,437755,438762,438762,439370,439404,445904,445904,446505,446538,446571,449674,1518,1007,608,6500,601,493,0,600,1973,3136,3103,1373,432.4083167,13.44000136,1,10,18,180,1,1,51,28,10,2.0
60,3,103,449677,451198,451198,452203,452203,452807,452841,461841,461841,462458,462490,462525,465640,1521,1005,604,9000,617,573,0,600,1880,3150,3115,1280,448.3745124,15.96619568,1,57,-37,160,-1,-1,49,20,57,1.0
60,3,104,465643,467165,467166,468169,468170,468774,468806,474806,474806,475411,475444,475478,478606,1522,1003,604,6000,605,415,0,600,2051,3162,3128,1451,461.3401593,12.96564692,1,28,-18,170,-1,-1,49,10,28,1.0
60,3,105,478609,480138,480138,481142,481142,481746,481779,488779,488779,489379,489412,489445,492543,1529,1004,604,7000,600,1525,0,600,938,3131,3098,338,475.2773102,13.93715089,1,10,-3,170,-1,-1,49,7,10,1.0
60,3,106,492546,494072,494072,495080,495080,495683,495717,504217,504217,504821,504854,504888,507991,1526,1008,603,8500,604,1629,0,600,830,3137,3103,230,490.7248791,15.44756888,0,20,8,150,1,-1,49,28,20,1.0
60,3,107,507993,509519,509519,510520,510520,511135,511167,519167,519167,519770,519803,519837,522938,1526,1001,615,8000,603,421,0,600,2034,3135,3101,1434,505.673145,14.94826591,1,20,-13,210,-1,-1,49,7,20,1.0
60,3,108,522942,524471,524471,525480,525480,526089,526122,533622,533622,534254,534286,534320,537374,1529,1009,609,7500,632,1351,0,600,1070,3088,3054,470,520.1083956,14.43525057,1,14,-4,200,-1,-1,49,10,14,1.0
60,4,109,51355,52875,52875,53891,53891,54522,54554,62054,62054,62677,62709,62744,65822,1520,1016,631,7500,623,626,0,600,1784,3113,3078,1184,14.47961211,14.47961211,1,2,3,190,1,1,51,5,2,2.0
60,4,110,65827,67349,67349,68357,68357,68962,68995,75995,75995,76596,76628,76661,79790,1522,1008,605,7000,601,939,0,600,1525,3162,3129,925,28.4457213,13.96610919,1,28,-8,210,-1,-1,49,20,28,1.0
60,4,111,79793,81315,81316,82317,82317,82918,82950,89450,89450,90075,90107,90141,93249,1522,1001,601,6500,625,333,0,600,2118,3142,3108,1518,41.90447241,13.45875111,1,4,6,160,1,1,51,10,4,2.0
60,4,112,93252,94781,94781,95786,95786,96388,96422,104922,104922,105539,105571,105605,108707,1529,1005,602,8500,617,554,0,600,1893,3136,3102,1293,57.36229083,15.45781843,1,2,3,190,1,1,51,5,2,2.0
60,4,113,108710,110231,110231,111238,111238,111841,111873,120873,120873,121475,121508,121541,124642,1521,1007,603,9000,602,558,0,600,1909,3134,3101,1309,73.29796751,15.93567668,1,57,-37,200,-1,-1,49,20,57,1.0
60,4,114,124645,126169,126169,127173,127173,127778,127812,135812,135812,136418,136451,136486,139604,1524,1004,605,8000,606,700,0,600,1761,3153,3118,1161,88.25935242,14.96138491,1,56,-28,160,-1,-1,49,28,56,1.0
60,4,115,139607,141131,141131,142139,142139,142745,142778,148778,148778,149378,149410,149444,152538,1524,1008,606,6000,600,611,0,600,1851,3128,3094,1251,101.1938773,12.93452491,1,40,-20,170,-1,-1,49,20,40,1.0
60,4,116,152541,154061,154061,155066,155066,155673,155705,164205,164205,164824,164856,164889,167994,1520,1005,607,8500,619,331,0,600,2118,3138,3105,1518,116.6498304,15.45595306,1,57,-37,200,-1,-1,49,20,57,1.0
60,4,117,167997,169521,169521,170527,170527,171129,171163,177163,177163,177764,177797,177830,180951,1524,1006,602,6000,601,1518,0,600,949,3154,3121,349,129.6067357,12.95690533,1,10,-3,160,-1,-1,49,7,10,1.0
60,4,118,180954,182478,182478,183478,183478,184082,184115,191615,191615,192246,192279,192313,195393,1524,1000,604,7500,631,1150,0,600,1291,3114,3080,691,144.0490219,14.4422862,0,15,-1,200,-1,1,51,14,15,2.0
60,4,119,195396,196924,196924,197928,197928,198533,198565,206565,206565,207165,207197,207230,210354,1528,1004,605,8000,600,483,0,600,1980,3157,3124,1380,159.0101866,14.96116462,1,14,-7,210,-1,-1,49,7,14,1.0
60,4,120,210357,211880,211880,212886,212886,213489,213523,220523,220523,221155,221188,221221,224292,1523,1006,603,7000,632,981,0,600,1455,3104,3071,855,172.9471657,13.93697912,1,10,18,180,1,1,51,28,10,2.0
60,4,121,224295,225810,225810,226815,226815,227420,227453,236453,236453,237053,237086,237119,240230,1515,1005,605,9000,600,502,0,600,1973,3144,3111,1373,188.8853936,15.93822791,1,10,4,150,1,1,51,14,10,2.0
60,4,122,240233,241758,241758,242765,242765,243372,243404,249904,249904,250523,250556,250589,253668,1525,1007,607,6500,619,142,0,600,2300,3112,3079,1700,202.3234214,13.43802782,1,10,18,190,1,1,51,28,10,2.0
60,4,123,253671,255197,255197,256207,256207,256815,256846,264346,264346,264975,265008,265042,268106,1526,1010,608,7500,629,262,0,600,2165,3098,3064,1565,216.7615285,14.43810707,1,5,9,180,1,1,51,14,5,2.0
60,4,124,268109,269635,269635,270641,270641,271273,271305,280305,280305,280938,280970,281005,284068,1526,1006,632,9000,633,522,0,600,1881,3098,3063,1281,232.7237713,15.96224286,1,7,7,210,1,1,51,14,7,2.0
60,4,125,284071,285597,285597,286607,286607,287212,287244,293744,293744,294344,294378,294411,297518,1526,1010,605,6500,600,695,0,600,1764,3140,3107,1164,246.1735759,13.4498046,1,14,-7,170,-1,-1,49,7,14,1.0
60,4,126,297521,299047,299047,300056,300056,300657,300689,307689,307689,308318,308351,308385,311461,1526,1009,601,7000,629,694,0,600,1741,3110,3076,1141,260.1159658,13.94238987,1,4,1,210,1,1,51,5,4,2.0
60,4,127,311464,312985,312985,313991,313991,314596,314629,322629,322629,323236,323268,323302,326404,1521,1006,605,8000,607,588,0,600,1873,3136,3102,1273,275.0591702,14.94320442,1,57,-37,150,-1,-1,49,20,57,1.0
60,4,128,326407,327928,327928,328931,328931,329552,329584,335584,335584,336203,336235,336269,339365,1521,1003,621,6000,619,286,0,600,2150,3130,3096,1550,288.0205407,12.96137045,1,2,3,180,1,1,51,5,2,2.0
60,4,129,339368,340893,340893,341901,341901,342504,342538,351038,351038,351640,351673,351707,354819,1525,1008,603,8500,602,599,0,600,1863,3146,3112,1263,303.4739383,15.45339761,1,20,-10,200,-1,-1,49,10,20,1.0
60,4,130,354822,356349,356349,357355,357355,357960,357993,366993,366993,367621,367655,367688,370763,1527,1006,605,9000,628,308,0,600,2126,3108,3075,1526,319.4179663,15.94402801,1,5,9,150,1,1,51,14,5,2.0
60,4,131,370766,372287,372287,373288,373288,373896,373928,381928,381928,382549,382581,382616,385726,1521,1001,608,8000,621,534,0,600,1915,3145,3110,1315,334.3811825,14.96321622,1,79,-51,150,-1,-1,49,28,79,1.0
60,4,132,385729,387254,387254,388263,388263,388863,388895,397395,397395,398027,398060,398093,401186,1525,1009,600,8500,632,544,0,600,1890,3126,3093,1290,349.8408958,15.45971332,1,10,-5,150,-1,-1,49,5,10,1.0
60,4,133,401189,402717,402717,403723,403723,404329,404361,410861,410861,411483,411515,411548,414625,1528,1006,606,6500,622,306,0,600,2132,3110,3077,1532,363.2800456,13.43914974,1,4,6,200,1,1,51,10,4,2.0
60,4,134,414627,416149,416149,417154,417154,417784,417817,424817,424817,425447,425480,425514,428573,1522,1005,630,7000,630,643,0,600,1770,3093,3059,1170,377.2282494,13.94820383,1,7,-2,180,-1,-1,49,5,7,1.0
60,4,135,428576,430104,430104,431114,431114,431720,431753,439253,439253,439853,439886,439919,443027,1528,1010,606,7500,600,663,0,600,1793,3141,3108,1193,391.6817073,14.45345788,1,7,13,200,1,1,51,20,7,2.0
60,4,136,443030,444560,444560,445566,445566,446169,446202,452202,452202,452833,452866,452899,455980,1530,1006,603,6000,631,665,0,600,1765,3114,3081,1165,404.6350106,12.95330329,1,14,-4,190,-1,-1,49,10,14,1.0
60,4,137,455983,457503,457503,458506,458506,459111,459144,468144,468144,468744,468776,468811,471941,1520,1003,605,9000,600,362,0,600,2110,3165,3130,1510,420.5960788,15.96106819,1,20,-13,200,-1,-1,49,7,20,1.0
60,4,138,471944,473467,473467,474474,474474,475081,475114,482614,482614,483215,483248,483282,486376,1523,1007,607,7500,601,1261,0,600,1201,3128,3094,601,435.0306652,14.43458639,1,20,8,180,1,1,51,28,20,2.0
60,4,139,486379,487900,487900,488907,488907,489508,489540,495540,495540,496142,496174,496208,499322,1521,1007,601,6000,602,475,0,600,1994,3148,3114,1394,447.9766052,12.94594008,1,20,-13,150,-1,-1,49,7,20,1.0
60,4,140,499325,500847,500847,501855,501855,502460,502493,510993,510993,511626,511658,511691,514760,1522,1008,605,8500,633,1693,0,600,739,3102,3069,139,463.4150236,15.43841837,1,20,-6,200,-1,-1,49,14,20,1.0
60,4,141,514761,516287,516287,517289,517289,517918,517951,525951,525951,526582,526616,526649,529721,1526,1002,629,8000,631,270,0,600,2142,3105,3072,1542,478.3763724,14.96134875,1,5,5,150,1,1,51,10,5,2.0
60,4,142,529724,531252,531252,532258,532258,532861,532893,539893,539893,540493,540525,540558,543662,1528,1006,603,7000,600,362,0,600,2101,3137,3104,1501,492.3167622,13.9403898,1,14,-7,210,-1,-1,49,7,14,1.0
60,4,143,543665,545191,545191,546200,546200,546806,546840,553340,553340,553941,553975,554008,557118,1526,1009,606,6500,601,1220,0,600,1238,3143,3110,638,505.7728318,13.45606969,1,29,-1,200,-1,-1,49,28,29,1.0
60,4,144,557121,558641,558641,559646,559646,560251,560283,567783,567783,568411,568445,568478,571565,1520,1005,605,7500,628,283,0,600,2159,3120,3087,1559,520.2195747,14.44674288,1,5,5,170,1,1,51,10,5,2.0
60,5,145,17457,18988,18988,20003,20003,20628,20660,27160,27160,27779,27812,27848,30918,1531,1015,625,6500,619,352,0,600,2058,3106,3070,1458,13.47298209,13.47298209,1,2,5,210,1,1,51,7,2,2.0
60,5,146,30923,32452,32452,33457,33457,34061,34094,41594,41594,42199,42231,42264,45365,1529,1005,604,7500,605,497,0,600,1960,3134,3101,1360,27.91835503,14.44537294,1,40,-20,210,-1,-1,49,20,40,1.0
60,5,147,45368,46891,46891,47900,47900,48501,48535,54535,54535,55156,55188,55222,58303,1523,1009,601,6000,621,287,0,600,2159,3115,3081,1559,40.85628792,12.93793289,1,5,5,150,1,1,51,10,5,2.0
60,5,148,58306,59830,59830,60837,60837,61444,61476,70476,70476,71085,71118,71152,74268,1524,1007,607,9000,609,536,0,600,1917,3150,3116,1317,56.82056159,15.96427366,1,40,-12,180,-1,-1,49,28,40,1.0
60,5,149,74271,75793,75793,76796,76796,77399,77431,85931,85931,86531,86564,86598,89724,1522,1003,603,8500,600,1357,0,600,1115,3160,3126,515,72.27706974,15.45650815,1,14,-4,150,-1,-1,49,10,14,1.0
60,5,150,89727,91255,91255,92259,92259,92861,92893,100893,100893,101495,101527,101560,104687,1528,1004,602,8000,602,750,0,600,1714,3160,3127,1114,87.239202,14.96213226,1,10,-3,150,-1,-1,49,7,10,1.0
60,5,151,104689,106215,106215,107215,107215,107819,107852,114852,114852,115479,115511,115544,118620,1526,1000,604,7000,627,1666,0,600,777,3109,3076,177,101.1725667,13.93336471,1,21,-1,190,-1,-1,49,20,21,1.0
60,5,152,118623,120147,120148,121158,121158,121763,121796,129797,129797,130425,130458,130491,133584,1524,1010,605,8001,628,284,0,600,2148,3126,3093,1548,116.1362253,14.9636586,1,5,2,180,1,1,51,7,5,2.0
60,5,153,133587,135104,135104,136110,136110,136742,136775,142775,142775,143393,143425,143458,146535,1517,1006,632,6000,618,537,0,600,1890,3110,3077,1290,129.0874836,12.95125832,1,3,2,150,1,1,51,5,3,2.0
60,5,154,146538,148060,148060,149063,149063,149682,149714,158714,158714,159338,159370,159404,162479,1522,1003,619,9000,624,915,0,600,1517,3109,3075,917,145.0321134,15.94462981,1,5,2,190,1,1,51,7,5,2.0
60,5,155,162482,164007,164007,165010,165010,165616,165650,174150,174150,174779,174811,174845,177925,1525,1003,606,8500,629,499,0,600,1938,3114,3080,1338,160.4771829,15.44506948,1,14,14,160,1,1,51,28,14,2.0
60,5,156,177928,179450,179450,180455,180455,181060,181092,187592,187592,188207,188241,188276,191380,1522,1005,605,6500,615,496,0,600,1957,3139,3104,1357,173.9324411,13.45525815,1,79,-51,150,-1,-1,49,28,79,1.0
60,5,157,191383,192905,192905,193908,193908,194513,194546,202046,202046,202648,202681,202714,205830,1522,1003,605,7500,602,568,0,600,1900,3149,3116,1300,188.3822987,14.44985764,0,29,-1,170,-1,1,51,28,29,2.0
60,5,158,205833,207356,207356,208367,208367,208975,209008,216008,216008,216609,216642,216675,219784,1523,1011,608,7000,601,299,0,600,2158,3142,3109,1558,202.3363114,13.95401267,1,14,6,190,1,1,51,20,14,2.0
60,5,159,219787,221309,221309,222313,222313,222917,222949,229949,229949,230565,230597,230631,233737,1522,1004,604,7000,616,692,0,600,1762,3140,3106,1162,216.2890273,13.95271595,1,3,2,170,1,1,51,5,3,2.0
60,5,160,233740,235263,235263,236264,236264,236866,236898,245398,245398,246025,246057,246092,249196,1523,1001,602,8500,627,335,0,600,2112,3139,3104,1512,231.7482311,15.45920373,1,4,3,190,1,1,51,7,4,2.0
60,5,161,249199,250721,250721,251730,251730,252330,252363,258863,258863,259478,259512,259545,262650,1522,1009,600,6500,615,429,0,600,2025,3138,3105,1425,245.2024905,13.45425947,1,3,2,200,1,1,51,5,3,2.0
60,5,162,262652,264176,264176,265181,265181,265787,265819,274819,274819,275422,275455,275488,278606,1524,1005,606,9000,603,509,0,600,1953,3151,3118,1353,261.1581492,15.95565864,1,40,-26,190,-1,-1,49,14,40,1.0
60,5,163,278609,280129,280129,281136,281136,281738,281770,287770,287770,288372,288405,288438,291561,1520,1007,602,6000,602,1000,0,600,1469,3156,3123,869,274.113649,12.95549983,1,20,-13,170,-1,-1,49,7,20,1.0
60,5,164,291564,293084,293084,294087,294087,294692,294726,302226,302226,302828,302861,302895,306015,1520,1003,605,7500,602,538,0,600,1932,3154,3120,1332,288.566968,14.45331896,1,40,-12,200,-1,-1,49,28,40,1.0
60,5,165,306018,307545,307545,308550,308550,309152,309185,317185,317185,317808,317841,317875,320963,1527,1005,602,8000,623,608,0,600,1835,3122,3088,1235,303.5153044,14.94833642,1,4,6,170,1,1,51,10,4,2.0
60,5,166,320966,322491,322491,323497,323497,324103,324135,330135,330135,330761,330793,330826,333907,1525,1006,606,6000,626,446,0,600,1991,3114,3081,1391,316.4594186,12.9441142,1,5,9,200,1,1,51,14,5,2.0
60,5,167,333910,335433,335433,336438,336438,337069,337101,344601,344601,345216,345248,345282,348357,1523,1005,631,7500,615,564,0,600,1862,3109,3075,1262,330.9089565,14.44953791,1,2,3,160,1,1,51,5,2,2.0
60,5,168,348360,349886,349886,350894,350894,351503,351536,360536,360536,361168,361201,361234,364319,1526,1008,609,9000,632,668,0,600,1757,3118,3085,1157,346.8714856,15.96252914,1,21,-1,170,-1,-1,49,20,21,1.0
60,5,169,364322,365843,365843,366850,366850,367453,367485,374485,374485,375085,375119,375153,378271,1521,1007,603,7000,600,583,0,600,1886,3152,3118,1286,360.8222386,13.95075296,1,20,-10,190,-1,-1,49,10,20,1.0
60,5,170,378272,379797,379797,380800,380800,381419,381451,387951,387951,388578,388610,388644,391708,1525,1003,619,6500,627,424,0,600,2002,3098,3064,1402,374.2602474,13.43800883,1,5,9,210,1,1,51,14,5,2.0
60,5,171,391711,393232,393232,394238,394238,394868,394901,402901,402901,403501,403535,403568,406656,1521,1006,630,8000,600,1122,0,600,1321,3121,3088,721,389.2081279,14.94788048,1,10,-5,210,-1,-1,49,5,10,1.0
60,5,172,406659,408183,408183,409188,409188,409795,409827,418327,418327,418943,418975,419009,422123,1524,1005,607,8500,616,730,0,600,1718,3148,3114,1118,404.6745785,15.46645062,1,29,-1,200,-1,-1,49,28,29,1.0
60,5,173,422125,423650,423650,424653,424653,425260,425294,434294,434294,434911,434944,434978,438069,1525,1003,607,9000,617,228,0,600,2220,3125,3091,1620,420.6208887,15.94631014,1,7,7,180,1,1,51,14,7,2.0
60,5,174,438072,439597,439597,440601,440601,441206,441238,448238,448238,448855,448887,448920,452034,1525,1004,605,7000,617,338,0,600,2111,3147,3114,1511,434.5866287,13.96574003,1,57,-37,150,-1,-1,49,20,57,1.0
60,5,175,452037,453565,453565,454569,454569,455174,455206,461706,461706,462335,462368,462402,465476,1528,1004,605,6500,629,498,0,600,1936,3108,3074,1336,448.0285554,13.44192669,1,10,10,160,1,1,51,20,10,2.0
60,5,176,465479,467002,467002,468012,468012,468612,468645,476145,476145,476746,476779,476813,479920,1523,1010,600,7500,601,367,0,600,2099,3141,3107,1499,462.4720105,14.44345514,1,28,-18,180,-1,-1,49,10,28,1.0
60,5,177,479923,481441,481441,482447,482447,483051,483085,491585,491585,492187,492220,492254,495372,1518,1006,604,8500,602,992,0,600,1478,3152,3118,878,477.9235744,15.45156389,1,20,-6,170,-1,-1,49,14,20,1.0
60,5,178,495375,496903,496903,497913,497913,498515,498547,504547,504547,505173,505205,505239,508313,1528,1010,602,6000,626,663,0,600,1771,3108,3074,1171,490.8647248,12.94115041,1,10,-5,170,-1,-1,49,5,10,1.0
60,5,179,508315,509836,509836,510840,510840,511460,511493,519493,519493,520125,520158,520192,523265,1521,1004,620,8000,632,1563,0,600,860,3107,3073,260,505.816669,14.95194419,1,11,-1,170,-1,-1,49,10,11,1.0
60,5,180,523268,524786,524786,525791,525791,526395,526427,533427,533427,534058,534091,534124,537230,1518,1005,604,7000,631,469,0,600,1973,3139,3106,1373,519.7820125,13.96534346,1,7,7,160,1,1,51,14,7,2.0
60,6,181,28331,29860,29860,30877,30877,31503,31536,40536,40536,41161,41193,41228,44292,1529,1017,626,9000,625,540,0,600,1863,3099,3064,1263,15.97265814,15.97265814,1,4,1,190,1,1,51,5,4,2.0
60,6,182,44297,45818,45818,46824,46824,47426,47459,55459,55459,56073,56106,56139,59256,1521,1006,602,8000,614,570,0,600,1887,3150,3117,1287,30.93484344,14.9621853,1,3,2,170,1,1,51,5,3,2.0
60,6,183,59259,60781,60781,61784,61784,62390,62422,68922,68922,69522,69554,69588,72702,1522,1003,606,6500,600,898,0,600,1571,3148,3114,971,44.38058825,13.44574481,1,29,-1,210,-1,-1,49,28,29,1.0
60,6,184,72704,74228,74228,75233,75233,75839,75871,82871,82871,83502,83535,83569,86655,1524,1005,606,7000,631,1187,0,600,1247,3120,3086,647,58.33412147,13.95353322,1,20,-6,190,-1,-1,49,14,20,1.0
60,6,185,86658,88184,88184,89191,89191,89822,89855,98355,98355,98956,98988,99022,102092,1526,1007,631,8500,601,594,0,600,1841,3104,3070,1241,73.77063108,15.43650961,1,10,-5,150,-1,-1,49,5,10,1.0
60,6,186,102094,103616,103616,104624,104624,105230,105263,112763,112763,113364,113396,113429,116524,1522,1008,606,7500,601,912,0,600,1551,3128,3095,951,88.20280847,14.43217739,1,28,-8,150,-1,-1,49,20,28,1.0
60,6,187,116527,118052,118052,119057,119057,119662,119695,125695,125695,126298,126331,126364,129475,1525,1005,605,6000,603,435,0,600,2027,3144,3111,1427,101.1537528,12.95094431,1,20,8,180,1,1,51,28,20,2.0
60,6,188,129478,131001,131001,132007,132007,132610,132642,141142,141142,141768,141802,141835,144927,1523,1006,603,8500,626,351,0,600,2091,3125,3092,1491,116.6059031,15.45215032,1,7,3,210,1,1,51,10,7,2.0
60,6,189,144929,146455,146455,147461,147461,148065,148099,155599,155599,156200,156233,156266,159377,1526,1006,604,7500,601,503,0,600,1960,3144,3111,1360,131.0565593,14.45065622,1,28,-18,180,-1,-1,49,10,28,1.0
60,6,190,159380,160902,160902,161907,161907,162508,162541,168541,168541,169141,169173,169206,172323,1522,1005,601,6000,600,762,0,600,1710,3150,3117,1110,144.0016499,12.94509057,1,10,-3,160,-1,-1,49,7,10,1.0
60,6,191,172326,173854,173854,174861,174862,175465,175498,183498,183498,184115,184148,184181,187286,1528,1007,603,8000,617,1661,0,600,784,3138,3105,184,158.9649767,14.96332682,1,14,-4,170,-1,-1,49,10,14,1.0
60,6,192,187289,188807,188807,189812,189812,190444,190476,197476,197476,198108,198142,198177,201226,1518,1005,632,7000,632,1639,0,600,774,3084,3049,174,172.9045321,13.93955536,1,10,4,160,1,1,51,14,10,2.0
60,6,193,201228,202748,202748,203754,203754,204360,204392,213392,213392,213992,214025,214058,217163,1520,1006,606,9000,600,1437,0,600,1031,3138,3105,431,188.8417812,15.93724913,1,11,-1,210,-1,-1,49,10,11,1.0
60,6,194,217166,218695,218695,219703,219703,220308,220341,226841,226841,227472,227504,227538,230621,1529,1008,605,6500,631,437,0,600,1990,3117,3083,1390,202.3001909,13.45840968,1,10,4,180,1,1,51,14,10,2.0
60,6,195,230624,232147,232147,233152,233152,233752,233784,241284,241284,241902,241935,241968,245066,1523,1005,600,7500,618,391,0,600,2063,3131,3098,1463,216.7445549,14.44436402,1,2,3,210,1,1,51,5,2,2.0
60,6,196,245069,246591,246591,247597,247597,248199,248232,254732,254732,255334,255366,255400,258533,1522,1006,602,6500,602,1103,0,600,1365,3167,3133,765,230.2115513,13.46699636,1,10,-3,190,-1,-1,49,7,10,1.0
60,6,197,258536,260059,260059,261060,261060,261666,261700,270200,270200,270823,270855,270889,273994,1523,1001,606,8500,623,592,0,600,1855,3139,3105,1255,245.6729353,15.46138401,1,28,-8,180,-1,-1,49,20,28,1.0
60,6,198,273996,275519,275519,276522,276522,277131,277164,284164,284164,284767,284800,284834,287944,1523,1003,609,7000,603,1016,0,600,1446,3144,3110,846,259.6227302,13.94979496,1,40,-12,150,-1,-1,49,28,40,1.0
60,6,199,287947,289471,289471,290478,290478,291081,291113,297113,297113,297715,297748,297781,300883,1524,1007,603,6000,602,655,0,600,1809,3135,3102,1209,272.5615168,12.93878662,1,40,-12,160,-1,-1,49,28,40,1.0
60,6,200,300886,302408,302408,303412,303412,304016,304049,312049,312049,312649,312681,312715,315832,1522,1004,604,8000,600,381,0,600,2089,3151,3117,1489,287.5104539,14.94893702,1,20,-6,190,-1,-1,49,14,20,1.0
60,6,201,315835,317359,317359,318366,318366,318971,319003,328003,328003,328608,328642,328675,331794,1524,1007,605,9000,605,1351,0,600,1108,3152,3119,508,303.4726901,15.96223623,0,15,-1,210,-1,1,51,14,15,2.0
60,6,202,331797,333316,333316,334323,334323,334925,334957,342957,342957,343574,343607,343640,346749,1519,1007,602,8000,617,373,0,600,2082,3142,3109,1482,318.4275447,14.95485464,1,2,5,170,1,1,51,7,2,2.0
60,6,203,346752,348278,348278,349283,349283,349883,349915,357415,357415,358015,358047,358081,361189,1526,1005,600,7500,600,1016,0,600,1453,3142,3108,853,332.8670344,14.43948967,1,10,-5,170,-1,-1,49,5,10,1.0
60,6,204,361191,362715,362715,363723,363723,364343,364375,371375,371375,371979,372012,372045,375121,1524,1008,620,7000,604,337,0,600,2107,3109,3076,1507,346.7998627,13.93282831,1,28,-18,150,-1,-1,49,10,28,1.0
60,6,205,375124,376647,376647,377654,377654,378261,378293,387293,387293,387894,387926,387960,391055,1523,1007,607,9000,601,681,0,600,1781,3129,3095,1181,362.7339335,15.93407078,1,14,14,170,1,1,51,28,14,2.0
60,6,206,391058,392585,392585,393593,393593,394196,394229,400229,400229,400859,400891,400925,404016,1527,1008,603,6000,630,1615,0,600,817,3125,3091,217,375.6941341,12.9602006,0,8,-1,200,-1,1,51,7,8,2.0
60,6,207,404019,405543,405543,406548,406548,407150,407182,413682,413682,414300,414333,414367,417467,1524,1005,602,6500,618,523,0,600,1928,3134,3100,1328,389.1458999,13.45176579,1,10,-3,180,-1,-1,49,7,10,1.0
60,6,208,417470,419000,419000,420007,420007,420614,420647,429147,429147,429771,429804,429838,432917,1530,1007,607,8500,624,243,0,600,2189,3113,3079,1589,404.5953736,15.44947372,1,7,13,150,1,1,51,20,7,2.0
60,6,209,432920,434446,434446,435454,435454,436059,436091,445091,445091,445691,445723,445756,448877,1526,1008,605,9000,600,546,0,600,1915,3154,3121,1315,420.5554977,15.96012406,1,28,-8,150,-1,-1,49,20,28,1.0
60,6,210,448880,450399,450399,451405,451405,452011,452043,460043,460043,460645,460678,460711,463837,1519,1006,606,8000,602,709,0,600,1758,3159,3126,1158,435.5157591,14.96026148,1,40,-20,160,-1,-1,49,20,40,1.0
60,6,211,463840,465367,465367,466373,466373,466977,467010,474010,474010,474640,474673,474707,477794,1527,1006,604,7000,630,1288,0,600,1145,3121,3087,545,449.4719714,13.95621223,0,8,-1,150,-1,1,51,7,8,2.0
60,6,212,477796,479319,479319,480322,480322,480954,480987,486987,486987,487615,487648,487682,490750,1523,1003,632,6000,628,493,0,600,1921,3102,3068,1321,462.4288312,12.95685983,1,10,10,190,1,1,51,20,10,2.0
60,6,213,490753,492277,492277,493285,493285,493887,493920,501420,501420,502052,502084,502117,505183,1524,1008,602,7500,632,850,0,600,1584,3099,3066,984,476.8607949,14.43196373,1,20,-10,190,-1,-1,49,10,20,1.0
60,6,214,505185,506708,506708,507715,507715,508321,508353,516854,516854,517455,517488,517520,520629,1523,1007,606,8501,601,663,0,600,1799,3141,3109,1199,492.3075577,15.44676277,1,10,4,160,1,1,51,14,10,2.0
60,6,215,520631,522155,522155,523163,523163,523770,523802,530302,530302,530912,530945,530978,534094,1524,1008,607,6500,610,733,0,600,1718,3149,3116,1118,505.7720839,13.46452619,1,56,-28,180,-1,-1,49,28,56,1.0
60,6,216,534097,535623,535623,536626,536626,537259,537291,544291,544291,544915,544947,544981,548035,1526,1003,633,7000,624,319,0,600,2095,3088,3054,1495,519.7137351,13.94165126,1,3,2,170,1,1,51,5,3,2.0
61,1,1,68517,70044,70044,71068,71068,71671,71704,78704,78704,79326,79359,79394,82478,1527,1024,603,7000,622,715,0,600,1709,3119,3084,1109,13.99987162,13.99987162,1,4,6,190,1,1,51,10,4,2.0
61,1,2,82530,84054,84054,85068,85068,85672,85704,91704,91704,92336,92368,92403,95489,1524,1014,604,6000,632,739,0,600,1687,3121,3086,1087,26.95995674,12.96008511,1,7,7,190,1,1,51,14,7,2.0
61,1,3,95492,97013,97013,98019,98019,98622,98655,107155,107155,107756,107789,107822,110948,1521,1006,603,8500,601,1166,0,600,1303,3159,3126,703,42.41946326,15.45950652,1,40,-12,190,-1,-1,49,28,40,1.0
61,1,4,110951,112477,112477,113486,113486,114088,114121,121621,121621,122247,122279,122312,125392,1526,1009,602,7500,626,767,0,600,1670,3113,3080,1070,56.86282096,14.4433577,1,4,1,160,1,1,51,5,4,2.0
61,1,5,125395,126918,126918,127924,127924,128529,128562,137562,137562,138164,138197,138230,141349,1523,1006,605,9000,602,833,0,600,1631,3152,3119,1031,72.82038286,15.9575619,1,20,-10,170,-1,-1,49,10,20,1.0
61,1,6,141352,142878,142878,143884,143884,144487,144520,151020,151020,151653,151685,151718,154808,1526,1006,603,6500,633,672,0,600,1760,3123,3090,1160,86.27887563,13.45849277,1,20,-13,160,-1,-1,49,7,20,1.0
61,1,7,154811,156332,156332,157338,157338,157967,158000,166000,166000,166632,166664,166697,169764,1521,1006,629,8000,632,1266,0,600,1146,3100,3067,546,101.2349778,14.95610215,1,4,1,200,1,1,51,5,4,2.0
61,1,8,169767,171289,171289,172294,172294,172924,172956,180456,180456,181058,181090,181123,184219,1522,1005,630,7500,602,742,0,600,1699,3129,3096,1099,115.6903055,14.45532768,1,28,-18,190,-1,-1,49,10,28,1.0
61,1,9,184222,185748,185748,186754,186754,187355,187387,193387,193387,193989,194021,194055,197160,1526,1006,601,6000,602,653,0,600,1812,3139,3105,1212,128.6313147,12.94100927,1,10,10,160,1,1,51,20,10,2.0
61,1,10,197163,198689,198689,199695,199695,200299,200331,207331,207331,207931,207964,207999,211114,1526,1006,604,7000,600,1027,0,600,1437,3150,3115,837,142.5850841,13.95376939,1,7,13,180,1,1,51,20,7,2.0
61,1,11,211117,212645,212645,213646,213646,214253,214285,223285,223285,223886,223918,223952,227078,1528,1001,607,9000,601,712,0,600,1751,3160,3126,1151,158.5489521,15.96386798,1,28,-14,210,-1,-1,49,14,28,1.0
61,1,12,227081,228601,228601,229602,229602,230204,230236,238736,238736,239369,239403,239436,242525,1520,1001,602,8500,633,1579,0,600,865,3122,3089,265,173.9957633,15.44681119,1,19,1,190,1,1,51,20,19,2.0
61,1,13,242528,244047,244047,245048,245048,245655,245688,253688,253688,254291,254323,254356,257459,1519,1001,607,8000,603,554,0,600,1916,3136,3103,1316,188.9297143,14.93395102,1,7,13,180,1,1,51,20,7,2.0
61,1,14,257462,258993,258993,260002,260002,260634,260666,267166,267166,267798,267830,267864,270904,1531,1009,632,6500,632,1402,0,600,994,3074,3040,394,202.3752668,13.44555245,1,4,1,170,1,1,51,5,4,2.0
61,1,15,270907,272436,272436,273443,273443,274075,274109,280609,280609,281235,281268,281301,284340,1529,1007,632,6500,626,620,0,600,1786,3072,3039,1186,215.8109337,13.43566692,1,3,2,180,1,1,51,5,3,2.0
61,1,16,284343,285872,285872,286880,286880,287489,287523,293523,293523,294156,294189,294223,297290,1529,1008,609,6000,633,518,0,600,1903,3101,3067,1303,228.7610206,12.95008688,1,10,18,170,1,1,51,28,10,2.0
61,1,17,297293,298817,298817,299818,299818,300422,300455,308455,308455,309055,309088,309125,312245,1524,1001,604,8000,600,1352,0,600,1119,3157,3120,519,243.7158161,14.95479549,1,6,1,170,1,1,51,7,6,2.0
61,1,18,312247,313771,313771,314774,314774,315401,315434,323934,323934,324556,324589,324622,327681,1524,1003,627,8500,622,548,0,600,1876,3092,3059,1276,259.1516575,15.4358414,1,4,3,180,1,1,51,7,4,2.0
61,1,19,327684,329208,329208,330212,330212,330832,330865,337865,337865,338468,338500,338535,341633,1524,1004,620,7000,603,875,0,600,1574,3133,3098,974,273.1037275,13.95207007,1,14,-9,190,-1,-1,49,5,14,1.0
61,1,20,341636,343155,343155,344164,344164,344769,344802,353802,353802,354403,354435,354469,357590,1519,1009,605,9000,601,871,0,600,1595,3155,3121,995,289.061052,15.95732443,1,10,18,150,1,1,51,28,10,2.0
61,1,21,357593,359119,359119,360125,360125,360730,360763,368263,368263,368892,368924,368957,372041,1526,1006,605,7500,629,574,0,600,1860,3117,3084,1260,303.5113025,14.45025051,1,5,2,200,1,1,51,7,5,2.0
61,1,22,372044,373571,373571,374578,374578,375184,375217,381217,381217,381819,381852,381885,384985,1527,1007,606,6000,602,712,0,600,1746,3133,3100,1146,316.4555447,12.94424217,1,28,-8,180,-1,-1,49,20,28,1.0
61,1,23,384987,386511,386511,387518,387518,388125,388158,395658,395658,396273,396305,396339,399445,1524,1007,607,7500,615,726,0,600,1721,3140,3106,1121,330.9151678,14.45962314,1,4,3,170,1,1,51,7,4,2.0
61,1,24,399448,400973,400973,401980,401980,402587,402620,410620,410620,411233,411265,411299,414396,1525,1007,607,8000,613,1235,0,600,1213,3131,3097,613,345.8669088,14.951741,1,40,-12,150,-1,-1,49,28,40,1.0
61,1,25,414399,415922,415922,416928,416928,417536,417569,426069,426069,426672,426704,426738,429851,1523,1006,608,8500,603,406,0,600,2054,3147,3113,1454,361.3215693,15.45466049,1,7,7,200,1,1,51,14,7,2.0
61,1,26,429854,431381,431381,432388,432388,432991,433024,440024,440024,440655,440688,440721,443790,1527,1007,603,7000,631,428,0,600,2004,3102,3069,1404,375.260812,13.93924275,1,7,3,170,1,1,51,10,7,2.0
61,1,27,443793,445313,445313,446319,446319,446923,446955,455955,455955,456588,456620,456653,459740,1520,1006,604,9000,633,607,0,600,1830,3120,3087,1230,391.2102447,15.94943265,1,10,10,180,1,1,51,20,10,2.0
61,1,28,459743,461268,461268,462275,462275,462884,462916,469416,469416,470047,470079,470113,473180,1525,1007,609,6500,631,788,0,600,1640,3101,3067,1040,404.6506362,13.4403915,1,5,9,150,1,1,51,14,5,2.0
61,1,29,473183,474706,474706,475713,475713,476317,476350,483350,483350,483952,483985,484018,487125,1523,1007,604,7000,602,1247,0,600,1217,3140,3107,617,418.5957565,13.94512031,1,14,-4,180,-1,-1,49,10,14,1.0
61,1,30,487128,488653,488653,489657,489657,490265,490298,498298,498298,498931,498964,498997,502064,1525,1004,608,8000,633,1689,0,600,741,3100,3067,141,433.5346904,14.93893387,1,10,18,190,1,1,51,28,10,2.0
61,1,31,502067,503590,503590,504590,504590,505196,505229,511729,511729,512332,512365,512400,515510,1523,1000,606,6500,603,1830,0,600,638,3145,3110,38,446.980012,13.44532161,1,27,1,150,1,1,51,28,27,2.0
61,1,32,515511,517038,517038,518044,518044,518649,518681,526181,526181,526782,526814,526848,529945,1527,1006,605,7500,601,1556,0,600,905,3131,3097,305,461.4148011,14.43478908,1,20,-6,170,-1,-1,49,14,20,1.0
61,1,33,529948,531469,531469,532475,532475,533079,533113,539113,539113,539713,539746,539779,542895,1521,1006,604,6000,600,443,0,600,2026,3149,3116,1426,474.3651628,12.95036171,1,7,3,170,1,1,51,10,7,2.0
61,1,34,542898,544418,544418,545424,545424,546028,546061,555061,555061,555661,555693,555727,558835,1520,1006,604,9000,600,1375,0,600,1095,3142,3108,495,490.3048401,15.9396773,1,6,1,180,1,1,51,7,6,2.0
61,1,35,558838,560364,560364,561368,561368,561975,562008,570508,570508,571110,571142,571175,574268,1526,1004,607,8500,602,772,0,600,1689,3126,3093,1089,505.738095,15.4332549,1,28,-14,180,-1,-1,49,14,28,1.0
61,1,36,574271,575795,575795,576799,576799,577418,577450,586450,586450,587074,587106,587139,590203,1524,1004,619,9000,624,1168,0,600,1261,3097,3064,661,521.6727433,15.93464835,1,14,-9,180,-1,-1,49,5,14,1.0
61,2,37,36178,37705,37705,38723,38723,39330,39362,46862,46862,47484,47516,47551,50638,1527,1018,607,7500,622,435,0,600,1991,3122,3087,1391,14.47192641,14.47192641,1,4,3,160,1,1,51,7,4,2.0
61,2,38,50643,52168,52168,53173,53173,53798,53831,62331,62331,62948,62980,63014,66091,1525,1005,625,8500,617,561,0,600,1867,3111,3077,1267,29.92270248,15.45077607,1,3,2,170,1,1,51,5,3,2.0
61,2,39,66093,67623,67623,68625,68625,69229,69261,75261,75261,75893,75925,75958,79028,1530,1002,604,6000,632,754,0,600,1678,3103,3070,1078,42.85996204,12.93725956,1,14,-4,170,-1,-1,49,10,14,1.0
61,2,40,79031,80553,80553,81561,81561,82170,82203,91203,91203,91803,91835,91868,94990,1522,1008,609,9000,600,472,0,600,1989,3155,3122,1389,58.82221749,15.96225545,1,28,-18,160,-1,-1,49,10,28,1.0
61,2,41,94993,96518,96518,97525,97525,98132,98164,106164,106164,106791,106824,106857,109933,1525,1007,607,8000,627,623,0,600,1811,3109,3076,1211,73.76499057,14.94277308,1,4,3,210,1,1,51,7,4,2.0
61,2,42,109936,111463,111464,112471,112471,113079,113111,119611,119611,120215,120248,120281,123375,1527,1007,608,6500,604,1718,0,600,736,3127,3094,136,87.20723599,13.44224542,1,40,-12,170,-1,-1,49,28,40,1.0
61,2,43,123378,124903,124903,125910,125910,126517,126549,133549,133549,134149,134181,134214,137325,1525,1007,607,7000,600,1669,0,600,792,3144,3111,192,101.1572385,13.9500025,1,14,6,160,1,1,51,20,14,2.0
61,2,44,137327,138853,138853,139862,139862,140467,140499,148499,148499,149100,149132,149165,152267,1526,1009,605,8000,601,618,0,600,1841,3135,3102,1241,116.098569,14.94133051,1,40,-12,150,-1,-1,49,28,40,1.0
61,2,45,152270,153794,153794,154801,154801,155407,155440,164440,164440,165040,165073,165106,168203,1524,1007,606,9000,600,612,0,600,1851,3130,3097,1251,132.0355308,15.93696182,1,40,-26,190,-1,-1,49,14,40,1.0
61,2,46,168206,169733,169733,170739,170739,171342,171375,177875,177875,178499,178531,178563,181666,1527,1006,603,6500,624,390,0,600,2050,3135,3103,1450,145.4982115,13.46268065,1,5,9,180,1,1,51,14,5,2.0
61,2,47,181669,183195,183195,184203,184203,184831,184863,192363,192363,192963,192995,193029,196111,1526,1008,628,7500,600,1373,0,600,1065,3116,3082,465,159.9429006,14.44468907,1,6,-1,200,-1,-1,49,5,6,1.0
61,2,48,196114,197638,197638,198646,198646,199255,199287,206287,206287,206912,206944,206978,210058,1524,1008,609,7000,625,595,0,600,1839,3114,3080,1239,173.890243,13.94734247,1,10,18,180,1,1,51,28,10,2.0
61,2,49,210061,211586,211586,212596,212596,213203,213236,221736,221736,222336,222370,222403,225504,1525,1010,607,8500,600,1073,0,600,1385,3134,3101,785,189.3362153,15.44597223,1,14,14,190,1,1,51,28,14,2.0
61,2,50,225507,227033,227033,228038,228038,228642,228674,234674,234674,235307,235340,235374,238455,1526,1005,604,6000,633,1665,0,600,767,3115,3081,167,202.2869811,12.95076582,0,14,-4,170,-1,1,51,10,14,2.0
61,2,51,238458,239989,239989,240998,240998,241602,241635,249635,249635,250265,250297,250331,253414,1531,1009,604,8000,630,663,0,600,1763,3117,3083,1163,217.2458029,14.95882185,1,28,-18,210,-1,-1,49,10,28,1.0
61,2,52,253417,254936,254936,255941,255941,256547,256579,262579,262579,263211,263243,263277,266369,1519,1005,606,6000,632,1198,0,600,1240,3126,3092,640,230.2009866,12.95518363,1,28,-8,200,-1,-1,49,20,28,1.0
61,2,53,266372,267900,267900,268908,268908,269513,269545,276545,276545,277165,277198,277231,280314,1528,1008,605,7000,620,338,0,600,2101,3116,3083,1501,244.1456102,13.94462368,1,5,9,190,1,1,51,14,5,2.0
61,2,54,280317,281839,281839,282850,282850,283454,283486,289986,289986,290618,290652,290686,293758,1522,1011,604,6500,632,693,0,600,1738,3106,3072,1138,257.5896553,13.44404509,1,20,-10,150,-1,-1,49,10,20,1.0
61,2,55,293761,295286,295286,296294,296294,296900,296932,305432,305432,306035,306067,306100,309196,1525,1008,606,8500,603,581,0,600,1877,3129,3096,1277,273.0278129,15.43815759,1,20,-6,210,-1,-1,49,14,20,1.0
61,2,56,309199,310725,310725,311730,311730,312336,312368,319868,319868,320501,320533,320566,323660,1526,1005,606,7500,633,710,0,600,1720,3127,3094,1120,287.4920606,14.46424768,1,10,10,180,1,1,51,20,10,2.0
61,2,57,323663,325183,325183,326188,326188,326796,326828,335828,335828,336434,336466,336499,339600,1520,1005,608,9000,606,587,0,600,1874,3134,3101,1274,303.432164,15.94010341,1,56,-28,170,-1,-1,49,28,56,1.0
61,2,58,339603,341124,341124,342131,342131,342737,342769,351269,351269,351870,351902,351935,355043,1521,1007,606,8500,601,2214,0,600,251,3141,3108,-349,318.8750763,15.44291231,0,15,-1,210,-1,1,51,14,15,2.0
61,2,59,355046,356568,356568,357573,357573,358176,358208,364708,364708,365339,365372,365405,368506,1522,1005,603,6500,631,328,0,600,2111,3134,3101,1511,332.3373049,13.46222863,1,14,6,160,1,1,51,20,14,2.0
61,2,60,368508,370032,370032,371037,371037,371643,371675,380675,380675,381294,381326,381359,384438,1524,1005,606,9000,619,831,0,600,1615,3112,3079,1015,348.2699137,15.9326088,1,57,-37,160,-1,-1,49,20,57,1.0
61,2,61,384441,385965,385965,386967,386967,387574,387606,393606,393606,394226,394259,394292,397401,1524,1002,607,6000,620,595,0,600,1852,3142,3109,1252,361.2322388,12.96232506,1,4,6,180,1,1,51,10,4,2.0
61,2,62,397404,398926,398926,399931,399931,400559,400592,408592,408592,409225,409258,409291,412338,1522,1005,628,8000,633,700,0,600,1712,3080,3047,1112,376.1698871,14.9376483,1,14,-9,150,-1,-1,49,5,14,1.0
61,2,63,412341,413866,413866,414873,414873,415480,415513,423013,423013,423646,423678,423712,426803,1525,1007,607,7500,633,546,0,600,1882,3125,3091,1282,390.6349662,14.46507911,1,7,13,210,1,1,51,20,7,2.0
61,2,64,426806,428326,428326,429332,429332,429934,429966,436966,436966,437575,437607,437640,440757,1520,1006,602,7000,609,379,0,600,2084,3150,3117,1484,404.5883249,13.95335865,1,79,-51,190,-1,-1,49,28,79,1.0
61,2,65,440759,442281,442281,443286,443286,443908,443941,452441,452441,453058,453091,453124,456219,1522,1005,622,8500,617,651,0,600,1783,3128,3095,1183,420.0508298,15.46250496,1,2,3,200,1,1,51,5,2,2.0
61,2,66,456222,457748,457748,458753,458753,459380,459413,465913,465913,466539,466571,466604,469657,1526,1005,627,6500,626,280,0,600,2136,3086,3053,1536,433.488297,13.43746719,1,6,-1,170,-1,-1,49,5,6,1.0
61,2,67,469660,471183,471183,472192,472192,472793,472825,478825,478825,479444,479476,479509,482599,1523,1009,601,6000,619,705,0,600,1743,3123,3090,1143,446.4300784,12.94178134,1,8,-1,210,-1,-1,49,7,8,1.0
61,2,68,482602,484127,484127,485133,485133,485765,485797,493797,493797,494417,494449,494482,497558,1525,1006,632,8000,620,307,0,600,2110,3109,3076,1510,461.3892558,14.95917744,1,14,-7,190,-1,-1,49,7,14,1.0
61,2,69,497561,499081,499081,500090,500090,500721,500754,508254,508254,508886,508919,508954,511995,1520,1009,631,7500,632,301,0,600,2107,3076,3041,1507,475.8254169,14.43616113,1,14,-7,170,-1,-1,49,7,14,1.0
61,2,70,511996,513518,513518,514524,514524,515153,515186,524186,524186,524813,524845,524878,527949,1522,1006,629,9000,627,392,0,600,2024,3104,3071,1424,491.7801308,15.95471383,1,4,3,150,1,1,51,7,4,2.0
61,2,71,527952,529469,529469,530475,530475,531081,531113,538113,538113,538715,538748,538781,541889,1517,1006,606,7000,602,2150,0,600,319,3141,3108,-281,505.7201088,13.93997805,0,10,4,200,1,-1,49,14,10,1.0
61,2,72,541892,543415,543415,544423,544423,545053,545086,553086,553086,553709,553742,553776,556841,1523,1008,630,8000,623,684,0,600,1732,3099,3065,1132,520.6727352,14.95262637,1,14,-9,150,-1,-1,49,5,14,1.0
61,3,73,37630,39157,39157,40176,40176,40786,40819,48819,48819,49444,49477,49513,52598,1527,1019,610,8000,625,398,0,600,2021,3121,3085,1421,14.97996074,14.97996074,1,79,-51,170,-1,-1,49,28,79,1.0
61,3,74,52603,54128,54128,55137,55137,55745,55779,64779,64779,65397,65429,65464,68546,1525,1009,608,9000,618,438,0,600,2002,3117,3082,1402,30.92625963,15.94629889,1,40,-20,190,-1,-1,49,20,40,1.0
61,3,75,68549,70052,70052,71064,71064,71674,71707,78207,78207,78807,78840,78873,81987,1503,1012,610,6500,600,1576,0,600,899,3147,3114,299,44.36742953,13.44116989,1,29,-1,180,-1,-1,49,28,29,1.0
61,3,76,81990,83512,83512,84516,84516,85120,85152,92152,92152,92772,92805,92838,95947,1522,1004,604,7000,620,564,0,600,1886,3142,3109,1286,58.3271271,13.95969758,1,2,3,160,1,1,51,5,2,2.0
61,3,77,95950,97472,97472,98476,98476,99084,99117,105117,105117,105750,105783,105816,108909,1522,1004,608,6000,633,1942,0,600,491,3126,3093,-109,71.28914087,12.96201376,1,21,-1,150,-1,-1,49,20,21,1.0
61,3,78,108912,110438,110438,111441,111441,112051,112083,119583,119583,120203,120235,120268,123355,1526,1003,610,7500,620,1220,0,600,1221,3120,3087,621,85.73485273,14.44571186,1,11,-1,170,-1,-1,49,10,11,1.0
61,3,79,123358,124887,124887,125891,125891,126496,126528,135028,135028,135661,135693,135726,138815,1529,1004,605,8500,633,495,0,600,1934,3122,3089,1334,101.1953353,15.4604826,1,20,-13,170,-1,-1,49,7,20,1.0
61,3,80,138819,140339,140339,141343,141343,141946,141979,148979,148979,149580,149612,149647,152769,1520,1004,603,7000,601,998,0,600,1474,3157,3122,874,115.1492114,13.95387607,1,10,-5,160,-1,-1,49,5,10,1.0
61,3,81,152772,154297,154297,155305,155305,155913,155947,163447,163447,164049,164081,164115,167211,1525,1008,608,7500,602,1783,0,600,674,3130,3096,74,129.5909725,14.44176115,1,14,-4,150,-1,-1,49,10,14,1.0
61,3,82,167214,168742,168742,169750,169750,170359,170391,178891,178891,179492,179526,179560,182679,1528,1008,609,8500,601,1324,0,600,1130,3153,3119,530,145.0586499,15.46767736,0,29,-1,160,-1,1,51,28,29,2.0
61,3,83,182682,184205,184205,185210,185210,185816,185848,192348,192348,192950,192983,193018,196103,1523,1005,606,6500,602,-1,2501,0,563,3120,3085,-37,158.4824032,13.42375329,-1,29,-1,160,-1,-2,-1,28,29,
61,3,84,196105,197635,197635,198642,198642,199247,199279,208279,208279,208909,208942,208976,212061,1530,1007,605,9000,630,281,0,600,2147,3119,3085,1547,174.4402731,15.95786988,0,8,-1,180,-1,1,51,7,8,2.0
61,3,85,212063,213581,213581,214588,214588,215209,215241,221241,221241,221864,221896,221930,225024,1518,1007,621,6000,623,589,0,600,1842,3128,3094,1242,187.4033211,12.963048,1,2,3,210,1,1,51,5,2,2.0
61,3,86,225027,226549,226549,227555,227555,228159,228191,236191,236191,236813,236845,236878,239968,1522,1006,604,8000,622,355,0,600,2091,3123,3090,1491,202.3479312,14.94461012,1,7,7,200,1,1,51,14,7,2.0
61,3,87,239971,241495,241495,242501,242501,243105,243139,251139,251139,251740,251773,251807,254923,1524,1006,604,8000,601,1092,0,600,1373,3150,3116,773,217.302206,14.95427476,1,28,-14,190,-1,-1,49,14,28,1.0
61,3,88,254926,256450,256450,257459,257459,258063,258096,264096,264096,264699,264732,264766,267867,1524,1009,604,6000,603,1462,0,600,998,3135,3101,398,230.2466386,12.94443262,1,20,-6,170,-1,-1,49,14,20,1.0
61,3,89,267869,269396,269396,270404,270404,271008,271040,280040,280040,280640,280674,280708,283811,1527,1008,604,9000,600,954,0,600,1507,3137,3103,907,246.1906743,15.94403575,1,7,3,200,1,1,51,10,7,2.0
61,3,90,283814,285337,285337,286339,286339,286942,286974,294474,294474,295094,295127,295160,298252,1523,1002,603,7500,620,352,0,600,2100,3125,3092,1500,260.631752,14.44107768,1,2,5,150,1,1,51,7,2,2.0
61,3,91,298255,299783,299783,300790,300790,301394,301426,307926,307926,308528,308560,308594,311680,1528,1007,604,6500,602,-1,2501,0,558,3120,3086,-42,274.0593545,13.42760245,-1,28,-14,180,-1,-2,-1,14,28,
61,3,92,311683,313207,313207,314209,314209,314815,314847,323347,323347,323965,323997,324031,327123,1524,1002,606,8500,618,516,0,600,1934,3126,3092,1334,289.5029032,15.44354876,1,40,-20,160,-1,-1,49,20,40,1.0
61,3,93,327126,328647,328647,329652,329652,330257,330289,337289,337289,337891,337923,337956,341085,1521,1005,605,7000,602,492,0,600,1975,3162,3129,1375,303.4640642,13.96116094,1,57,-37,190,-1,-1,49,20,57,1.0
61,3,94,341088,342614,342614,343623,343623,344230,344262,351762,351762,352366,352399,352434,355526,1526,1009,607,7500,604,318,0,600,2136,3127,3092,1536,317.9053335,14.44126934,0,8,-1,180,-1,1,51,7,8,2.0
61,3,95,355529,357051,357051,358056,358056,358663,358695,364695,364695,365327,365359,365392,368465,1522,1005,607,6000,632,662,0,600,1772,3106,3073,1172,330.84379,12.93845653,1,10,-3,150,-1,-1,49,7,10,1.0
61,3,96,368467,369989,369989,370995,370995,371596,371629,380629,380629,381229,381261,381295,384423,1522,1006,601,9000,600,555,0,600,1916,3162,3128,1316,346.8020291,15.95823904,1,20,-6,210,-1,-1,49,14,20,1.0
61,3,97,384426,385949,385949,386952,386952,387552,387585,396085,396085,396702,396734,396767,399887,1523,1003,600,8500,617,577,0,600,1880,3153,3120,1280,362.2660546,15.46402558,1,2,3,150,1,1,51,5,2,2.0
61,3,98,399890,401414,401414,402420,402420,403028,403060,409560,409560,410180,410212,410247,413343,1524,1006,608,6500,620,1327,0,600,1115,3131,3096,515,375.7226311,13.45657648,1,40,-12,170,-1,-1,49,28,40,1.0
61,3,99,413346,414870,414870,415879,415879,416487,416519,424519,424519,425138,425170,425203,428293,1524,1009,608,8000,619,355,0,600,2085,3123,3090,1485,390.6726366,14.95000551,1,56,-28,180,-1,-1,49,28,56,1.0
61,3,100,428296,429819,429819,430825,430825,431451,431483,438483,438483,439098,439130,439163,442253,1523,1006,626,7000,615,352,0,600,2078,3123,3090,1478,404.6323448,13.95970812,1,3,2,170,1,1,51,5,3,2.0
61,3,101,442256,443778,443778,444781,444781,445403,445435,452935,452935,453538,453570,453604,456701,1522,1003,622,7500,603,286,0,600,2164,3131,3097,1564,419.0798433,14.44749857,1,20,-10,190,-1,-1,49,10,20,1.0
61,3,102,456704,458231,458231,459242,459242,459845,459877,468877,468877,469480,469514,469547,472643,1527,1011,603,9000,603,355,0,600,2101,3129,3096,1501,435.0218501,15.94200675,1,5,5,190,1,1,51,10,5,2.0
61,3,103,472646,474172,474172,475177,475177,475780,475812,482812,482812,483417,483449,483484,486593,1526,1005,603,7000,605,1798,0,600,663,3144,3109,63,448.9723254,13.95047532,1,28,-14,190,-1,-1,49,14,28,1.0
61,3,104,486596,488122,488122,489131,489131,489737,489769,495769,495769,496369,496403,496436,499544,1526,1009,606,6000,600,266,0,600,2193,3141,3108,1593,461.9228984,12.95057296,1,7,13,180,1,1,51,20,7,2.0
61,3,105,499547,501071,501071,502080,502080,502686,502718,510718,510718,511335,511367,511403,514509,1524,1009,606,8000,617,395,0,600,2049,3142,3106,1449,476.8879889,14.96509056,1,40,-20,210,-1,-1,49,20,40,1.0
61,3,106,514511,516041,516041,517047,517047,517652,517686,526186,526186,526804,526836,526869,529946,1530,1006,605,8500,618,337,0,600,2104,3110,3077,1504,492.3247479,15.43675901,1,3,2,150,1,1,51,5,3,2.0
61,3,107,529949,531472,531472,532476,532476,533082,533114,539614,539614,540247,540279,540315,543392,1523,1004,606,6500,633,366,0,600,2068,3113,3077,1468,505.7704233,13.4456754,1,20,-10,170,-1,-1,49,10,20,1.0
61,3,108,543394,544922,544922,545930,545930,546537,546569,553569,553569,554169,554202,554237,557353,1528,1008,607,7000,600,407,0,600,2050,3151,3116,1450,519.732259,13.96183566,1,10,-3,190,-1,-1,49,7,10,1.0
61,4,109,49070,50599,50599,51612,51612,52223,52256,61256,61256,61858,61891,61927,65016,1529,1013,611,9000,602,313,0,600,2132,3125,3089,1532,15.95808143,15.95808143,1,40,-26,190,-1,-1,49,14,40,1.0
61,4,110,65021,66544,66544,67547,67547,68164,68197,76697,76697,77315,77348,77381,80473,1523,1003,617,8500,618,1067,0,600,1372,3125,3092,772,31.41338771,15.45530628,1,14,-7,150,-1,-1,49,7,14,1.0
61,4,111,80476,82002,82002,83007,83007,83612,83645,90645,90645,91277,91309,91342,94409,1526,1005,605,7000,632,583,0,600,1849,3100,3067,1249,45.34942017,13.93603246,1,40,-20,180,-1,-1,49,20,40,1.0
61,4,112,94412,95941,95941,96950,96950,97580,97612,105612,105612,106212,106244,106278,109365,1529,1009,630,8000,600,708,0,600,1724,3121,3087,1124,60.30540389,14.95598372,1,6,-1,180,-1,-1,49,5,6,1.0
61,4,113,109368,110891,110891,111894,111894,112512,112544,120044,120044,120673,120705,120738,123810,1523,1003,618,7500,629,462,0,600,1965,3105,3072,1365,74.7504567,14.44505281,1,14,-4,150,-1,-1,49,10,14,1.0
61,4,114,123813,125340,125340,126343,126343,126947,126980,132980,132980,133600,133633,133666,136775,1527,1003,604,6000,620,758,0,600,1688,3142,3109,1088,87.71566991,12.96521321,1,4,1,190,1,1,51,5,4,2.0
61,4,115,136778,138307,138307,139312,139312,139917,139951,146451,146451,147084,147118,147152,150226,1529,1005,605,6500,633,430,0,600,1998,3108,3074,1398,101.1664478,13.45077788,1,20,-6,190,-1,-1,49,14,20,1.0
61,4,116,150229,151749,151749,152756,152756,153364,153396,159396,159396,160029,160061,160094,163168,1520,1007,608,6000,633,338,0,600,2094,3107,3074,1494,114.1082779,12.94183015,1,10,4,210,1,1,51,14,10,2.0
61,4,117,163171,164691,164691,165696,165696,166302,166334,174334,174334,174948,174980,175013,178119,1520,1005,606,8000,614,525,0,600,1930,3139,3106,1330,129.0593526,14.95107471,1,40,-20,210,-1,-1,49,20,40,1.0
61,4,118,178122,179651,179651,180659,180659,181265,181298,188798,188798,189398,189431,189465,192583,1529,1008,606,7500,600,635,0,600,1822,3152,3118,1222,143.5231851,14.46383242,1,14,14,210,1,1,51,28,14,2.0
61,4,119,192586,194112,194112,195122,195122,195748,195780,202280,202280,202882,202914,202949,206047,1526,1010,626,6500,602,259,0,600,2177,3133,3098,1577,156.9872001,13.46401504,1,14,-9,200,-1,-1,49,5,14,1.0
61,4,120,206050,207578,207578,208587,208588,209218,209250,216250,216250,216879,216911,216944,219987,1528,1009,630,7000,629,696,0,600,1708,3076,3043,1108,170.9274647,13.94026463,1,6,-1,160,-1,-1,49,5,6,1.0
61,4,121,219990,221515,221515,222518,222518,223124,223156,232156,232156,232757,232789,232823,235945,1525,1003,606,9000,601,384,0,600,2081,3156,3122,1481,186.8855118,15.95804707,1,8,-1,200,-1,-1,49,7,8,1.0
61,4,122,235948,237471,237471,238480,238480,239085,239117,247617,247617,248218,248250,248283,251385,1523,1009,605,8500,601,978,0,600,1484,3135,3102,884,202.32557,15.44005821,1,20,-13,180,-1,-1,49,7,20,1.0
61,4,123,251389,252919,252919,253924,253924,254532,254564,263064,263064,263665,263699,263732,266837,1530,1005,608,8500,601,1987,0,600,469,3138,3105,-131,217.7776735,15.45210352,1,29,-1,160,-1,-1,49,28,29,1.0
61,4,124,266840,268363,268363,269367,269367,269996,270029,278029,278029,278656,278688,278721,281794,1523,1004,629,8000,627,269,0,600,2148,3106,3073,1548,232.7340388,14.95636523,1,5,5,210,1,1,51,10,5,2.0
61,4,125,281797,283322,283322,284331,284331,284963,284995,293995,293995,294628,294660,294693,297741,1525,1009,632,9000,633,399,0,600,2002,3081,3048,1402,248.6811911,15.94715232,1,20,-13,190,-1,-1,49,7,20,1.0
61,4,126,297743,299266,299266,300273,300273,300877,300909,308409,308409,309040,309072,309105,312199,1523,1007,604,7500,631,298,0,600,2137,3127,3094,1537,263.1393439,14.45815285,1,7,13,210,1,1,51,20,7,2.0
61,4,127,312202,313724,313724,314729,314729,315337,315369,322369,322369,322969,323002,323035,326157,1522,1005,608,7000,600,317,0,600,2148,3155,3122,1548,277.0971056,13.95776169,1,20,-10,180,-1,-1,49,10,20,1.0
61,4,128,326160,327684,327684,328694,328694,329321,329354,335354,335354,335972,336004,336037,339097,1524,1010,627,6000,618,1456,0,600,965,3093,3060,365,290.0371868,12.94008111,1,7,-2,210,-1,-1,49,5,7,1.0
61,4,129,339100,340625,340625,341630,341630,342236,342269,348769,348769,349370,349402,349435,352544,1525,1005,606,6500,601,468,0,600,1995,3142,3109,1395,303.4839127,13.44672591,1,15,-1,170,-1,-1,49,14,15,1.0
61,4,130,352547,354068,354068,355072,355072,355704,355737,363737,363737,364363,364395,364427,367494,1521,1004,632,8000,626,486,0,600,1931,3099,3067,1331,318.4342316,14.95031892,1,20,-13,160,-1,-1,49,7,20,1.0
61,4,131,367497,369022,369022,370026,370026,370632,370665,376665,376665,377298,377331,377364,380442,1525,1004,606,6000,633,1733,0,600,699,3111,3078,99,331.3823048,12.94807325,0,14,14,160,1,-1,49,28,14,1.0
61,4,132,380445,381974,381974,382983,382983,383588,383621,392621,392621,393223,393255,393288,396397,1529,1009,605,9000,602,261,0,600,2194,3142,3109,1594,347.3369102,15.95460534,1,10,10,150,1,1,51,20,10,2.0
61,4,133,396400,397926,397927,398929,398929,399534,399567,407067,407067,407669,407702,407735,410836,1526,1002,605,7500,602,337,0,600,2128,3134,3101,1528,361.7760764,14.43916621,1,28,-8,180,-1,-1,49,20,28,1.0
61,4,134,410839,412363,412363,413369,413369,413973,414005,420505,420505,421106,421139,421173,424279,1524,1006,604,6500,601,911,0,600,1554,3140,3106,954,375.2191285,13.44305213,1,14,-4,190,-1,-1,49,10,14,1.0
61,4,135,424282,425805,425805,426814,426814,427443,427475,434475,434475,435102,435135,435169,438231,1523,1009,629,7000,627,1686,0,600,726,3096,3062,126,389.1712878,13.95215927,1,21,-1,190,-1,-1,49,20,21,1.0
61,4,136,438234,439758,439758,440763,440763,441369,441402,449902,449902,450519,450552,450585,453667,1524,1005,606,8500,617,374,0,600,2074,3115,3082,1474,404.6067344,15.43544663,1,4,6,190,1,1,51,10,4,2.0
61,4,137,453670,455200,455200,456207,456207,456807,456839,463839,463839,464459,464492,464525,467627,1530,1007,600,7000,620,397,0,600,2046,3135,3102,1446,418.566554,13.95981962,1,2,3,180,1,1,51,5,2,2.0
61,4,138,467629,469152,469152,470157,470157,470762,470796,477296,477296,477929,477961,477994,481075,1523,1005,605,6500,633,1122,0,600,1312,3114,3081,712,432.0150986,13.44854456,1,10,-3,160,-1,-1,49,7,10,1.0
61,4,139,481078,482600,482600,483605,483605,484209,484242,491742,491742,492343,492375,492409,495515,1522,1005,604,7500,601,428,0,600,2040,3140,3106,1440,446.4540171,14.4389185,1,20,8,210,1,1,51,28,20,2.0
61,4,140,495517,497045,497045,498053,498053,498660,498692,506692,506692,507309,507343,507378,510475,1528,1008,607,8000,617,330,0,600,2110,3132,3097,1510,461.4150231,14.96100604,1,56,-28,160,-1,-1,49,28,56,1.0
61,4,141,510478,512003,512003,513010,513010,513618,513650,522150,522150,522782,522813,522847,525938,1525,1007,608,8500,632,1100,0,600,1328,3125,3091,728,476.8770785,15.46205535,1,11,-1,190,-1,-1,49,10,11,1.0
61,4,142,525940,527464,527464,528470,528470,529077,529109,535109,535109,535709,535742,535776,538886,1524,1006,607,6000,600,1504,0,600,959,3144,3110,359,489.8253582,12.94827968,1,29,-1,150,-1,-1,49,28,29,1.0
61,4,143,538889,540412,540412,541416,541416,542022,542054,551054,551054,551671,551703,551736,554844,1523,1004,606,9000,617,439,0,600,2011,3141,3108,1411,505.7841059,15.95874772,1,40,-26,160,-1,-1,49,14,40,1.0
61,4,144,554847,556369,556369,557375,557375,557981,558014,564514,564514,565116,565149,565182,568292,1522,1006,606,6500,602,339,0,600,2125,3143,3110,1525,519.2314447,13.44733886,1,28,-14,200,-1,-1,49,14,28,1.0
61,5,145,9091,10614,10614,11632,11632,12236,12268,19768,19768,20368,20400,20435,23540,1523,1018,604,7500,600,324,0,600,2131,3140,3105,1531,14.46206891,14.46206891,1,20,-13,200,-1,-1,49,7,20,1.0
61,5,146,23545,25072,25072,26083,26083,26690,26722,35722,35722,36355,36388,36423,39492,1527,1011,607,9000,633,1269,0,600,1153,3104,3069,553,30.41216754,15.95009863,1,7,3,160,1,1,51,10,7,2.0
61,5,147,39495,41018,41018,42022,42022,42627,42660,48660,48660,49263,49295,49329,52433,1523,1004,605,6000,603,367,0,600,2098,3138,3104,1498,43.35284111,12.94067357,1,28,-18,180,-1,-1,49,10,28,1.0
61,5,148,52436,53963,53963,54971,54971,55579,55613,62613,62613,63240,63273,63307,66377,1527,1008,608,7000,627,305,0,600,2125,3104,3070,1525,57.29705887,13.94421776,1,4,3,170,1,1,51,7,4,2.0
61,5,149,66380,67903,67903,68909,68909,69514,69546,76046,76046,76679,76711,76745,79820,1523,1006,605,6500,633,758,0,600,1675,3109,3075,1075,70.7401996,13.44314073,1,6,-1,150,-1,-1,49,5,6,1.0
61,5,150,79824,81349,81349,82349,82349,82969,83001,91501,91501,92103,92136,92171,95288,1525,1000,620,8500,602,2291,0,600,162,3152,3117,-438,86.20808429,15.46788469,1,7,3,160,1,1,51,10,7,2.0
61,5,151,95291,96817,96817,97822,97822,98429,98461,106461,106461,107062,107094,107129,110246,1526,1005,607,8000,601,408,0,600,2053,3152,3117,1453,101.1655796,14.9574953,1,14,-9,150,-1,-1,49,5,14,1.0
61,5,152,110249,111772,111772,112776,112776,113380,113412,119412,119412,120044,120077,120111,123189,1523,1004,604,6000,632,273,0,600,2164,3112,3078,1564,114.1090777,12.94349813,1,7,13,150,1,1,51,20,7,2.0
61,5,153,123192,124722,124722,125731,125731,126334,126367,133367,133367,133968,134000,134034,137154,1530,1009,603,7000,601,316,0,600,2141,3154,3120,1541,128.0740634,13.96498569,1,10,18,170,1,1,51,28,10,2.0
61,5,154,137157,138683,138683,139689,139689,140293,140325,148325,148325,148950,148983,149017,152092,1526,1006,604,8000,625,625,0,600,1814,3109,3075,1214,143.0116448,14.9375814,1,3,2,200,1,1,51,5,3,2.0
61,5,155,152095,153616,153616,154619,154619,155227,155259,163759,163759,164386,164418,164451,167554,1521,1003,608,8500,627,297,0,600,2144,3136,3103,1544,158.4742547,15.46260984,1,4,6,170,1,1,51,10,4,2.0
61,5,156,167557,169082,169082,170088,170088,170694,170727,179727,179727,180353,180386,180421,183519,1525,1006,606,9000,626,352,0,600,2085,3133,3098,1485,174.4388564,15.96460177,1,7,13,150,1,1,51,20,7,2.0
61,5,157,183522,185047,185047,186051,186051,186656,186690,193190,193190,193791,193823,193857,196962,1525,1004,605,6500,601,459,0,600,2006,3139,3105,1406,187.8819119,13.44305545,1,28,-14,210,-1,-1,49,14,28,1.0
61,5,158,196965,198490,198490,199499,199499,200105,200139,207639,207639,208258,208290,208323,211424,1525,1009,606,7500,619,1302,0,600,1139,3134,3101,539,202.3432003,14.46128841,1,6,-1,200,-1,-1,49,5,6,1.0
61,5,159,211426,212947,212947,213951,213951,214560,214592,221592,221592,222221,222253,222287,225379,1521,1004,609,7000,629,244,0,600,2193,3126,3092,1593,216.2984436,13.9552433,1,5,9,160,1,1,51,14,5,2.0
61,5,160,225382,226907,226907,227915,227915,228521,228554,235054,235054,235655,235688,235722,238818,1525,1008,606,6500,601,1713,0,600,747,3130,3096,147,229.738044,13.43960046,0,10,4,180,1,-1,49,14,10,1.0
61,5,161,238821,240344,240344,241351,241351,241957,241989,250489,250489,251122,251154,251188,254257,1523,1007,606,8500,633,398,0,600,2033,3103,3069,1433,245.1770888,15.43904476,1,7,13,180,1,1,51,20,7,2.0
61,5,162,254260,255786,255786,256791,256791,257398,257430,264930,264930,265551,265583,265617,268721,1526,1005,607,7500,621,360,0,600,2081,3138,3104,1481,259.6405527,14.46346386,1,2,5,160,1,1,51,7,2,2.0
61,5,163,268723,270246,270246,271251,271251,271857,271891,279891,279891,280493,280525,280559,283675,1523,1005,606,8000,602,1639,0,600,825,3150,3116,225,274.5944221,14.95386944,0,14,6,200,1,-1,49,20,14,1.0
61,5,164,283678,285199,285199,286202,286202,286804,286837,292837,292837,293455,293487,293522,296611,1521,1003,602,6000,618,382,0,600,2074,3124,3089,1474,287.5308849,12.93646279,1,40,-20,210,-1,-1,49,20,40,1.0
61,5,165,296614,298140,298140,299146,299146,299750,299783,308783,308783,309384,309417,309451,312567,1526,1006,604,9000,601,536,0,600,1927,3150,3116,1327,303.4856581,15.95477319,1,7,3,200,1,1,51,10,7,2.0
61,5,166,312570,314096,314096,315101,315101,315707,315740,322740,322740,323368,323401,323435,326520,1526,1005,606,7000,628,1870,0,600,565,3119,3085,-35,317.439696,13.9540379,1,4,1,210,1,1,51,5,4,2.0
61,5,167,326523,328051,328051,329059,329059,329665,329698,335698,335698,336298,336331,336364,339460,1528,1008,606,6000,600,2206,0,600,252,3129,3096,-348,330.3799097,12.94021371,1,15,-1,170,-1,-1,49,14,15,1.0
61,5,168,339463,340991,340991,341999,341999,342603,342637,350137,350137,350765,350797,350831,353914,1528,1008,604,7500,628,244,0,600,2188,3117,3083,1588,344.8331761,14.45326644,1,4,3,190,1,1,51,7,4,2.0
61,5,169,353917,355444,355444,356452,356452,357057,357089,365589,365589,366190,366224,366259,369369,1527,1008,605,8500,601,372,0,600,2087,3145,3110,1487,360.2887322,15.4555561,1,29,-1,210,-1,-1,49,28,29,1.0
61,5,170,369372,370900,370900,371908,371908,372516,372548,379048,379048,379682,379715,379749,382817,1528,1008,608,6500,634,1106,0,600,1316,3102,3068,716,373.7366952,13.44796296,1,29,-1,200,-1,-1,49,28,29,1.0
61,5,171,382820,384345,384345,385353,385353,385957,385989,393989,393989,394610,394642,394675,397761,1525,1008,604,8000,621,210,0,600,2232,3119,3086,1632,388.6799113,14.94321607,1,2,5,160,1,1,51,7,2,2.0
61,5,172,397764,399293,399293,400299,400299,400906,400939,409939,409939,410540,410572,410606,413719,1529,1006,607,9000,601,2187,0,600,270,3147,3113,-330,404.6386255,15.95871427,0,10,18,170,1,-1,49,28,10,1.0
61,5,173,413722,415246,415246,416257,416257,416862,416894,424894,424894,425514,425546,425580,428667,1524,1011,605,8000,620,278,0,600,2162,3121,3087,1562,419.5862335,14.94760796,1,2,3,180,1,1,51,5,2,2.0
61,5,174,428670,430195,430195,431200,431200,431806,431838,437838,437838,438440,438472,438505,441600,1525,1005,606,6000,602,836,0,600,1626,3128,3095,1026,432.5197126,12.93347911,1,20,8,160,1,1,51,28,20,2.0
61,5,175,441603,443135,443135,444144,444144,444774,444807,451807,451807,452407,452440,452474,455554,1532,1009,630,7000,600,1797,0,600,632,3114,3080,32,446.4730396,13.95332701,0,20,-6,160,-1,1,51,14,20,2.0
61,5,176,455557,457081,457081,458083,458083,458688,458720,467720,467720,468344,468378,468412,471494,1524,1002,605,9000,624,278,0,600,2167,3116,3082,1567,462.4121913,15.93915174,1,28,-8,180,-1,-1,49,20,28,1.0
61,5,177,471495,473006,473006,474015,474015,474621,474654,483154,483154,483754,483786,483822,486942,1511,1009,606,8500,600,308,0,600,2166,3156,3120,1566,477.8615957,15.44940432,1,20,-10,210,-1,-1,49,10,20,1.0
61,5,178,486945,488469,488469,489474,489474,490081,490113,497613,497613,498213,498245,498280,501402,1524,1005,607,7500,600,704,0,600,1760,3157,3122,1160,492.3209012,14.45930552,1,10,-3,180,-1,-1,49,7,10,1.0
61,5,179,501405,502932,502932,503937,503937,504541,504573,511073,511073,511674,511707,511742,514846,1527,1005,604,6500,601,2472,0,600,-9,3139,3104,-609,505.7642851,13.44338392,0,20,8,190,1,-1,49,28,20,1.0
61,5,180,514846,516366,516366,517376,517376,517982,518017,525017,525017,525618,525650,525684,528788,1520,1010,606,7000,601,262,0,600,2201,3138,3104,1601,519.7066631,13.94237801,1,40,-26,160,-1,-1,49,14,40,1.0
61,6,181,30833,32360,32360,33378,33378,33989,34022,40522,40522,41124,41157,41194,44284,1527,1018,611,6500,602,178,0,600,2264,3127,3090,1664,13.46320259,13.46320259,1,14,-7,180,-1,-1,49,7,14,1.0
61,6,182,44289,45818,45818,46823,46823,47429,47462,53462,53462,54079,54111,54145,57249,1529,1005,606,6000,617,233,0,600,2210,3138,3104,1610,26.42610625,12.96290365,1,7,3,210,1,1,51,10,7,2.0
61,6,183,57252,58781,58781,59787,59787,60393,60427,67427,67427,68027,68060,68094,71208,1529,1006,606,7000,600,380,0,600,2079,3148,3114,1479,40.3857535,13.95964725,1,7,7,190,1,1,51,14,7,2.0
61,6,184,71211,72734,72734,73738,73738,74346,74380,82880,82880,83489,83521,83555,86654,1523,1004,608,8500,609,299,0,600,2157,3133,3099,1557,55.83141232,15.44565882,1,57,-37,200,-1,-1,49,20,57,1.0
61,6,185,86657,88185,88185,89190,89190,89794,89826,98826,98826,99426,99458,99493,102589,1528,1005,604,9000,600,1719,0,600,744,3131,3096,144,71.7666697,15.93525738,0,15,-1,180,-1,1,51,14,15,2.0
61,6,186,102592,104120,104120,105123,105123,105727,105760,113260,113260,113862,113894,113928,117043,1528,1003,604,7500,602,316,0,600,2147,3149,3115,1547,86.22063256,14.45396286,1,28,-8,150,-1,-1,49,20,28,1.0
61,6,187,117046,118569,118569,119575,119575,120176,120208,128208,128208,128811,128844,128878,132001,1523,1006,601,8000,603,1354,0,600,1113,3157,3123,513,101.1776707,14.95703815,1,14,-4,210,-1,-1,49,10,14,1.0
61,6,188,132003,133527,133527,134530,134530,135134,135167,144167,144167,144772,144805,144838,147935,1524,1003,604,9000,605,748,0,600,1716,3130,3097,1116,117.1115964,15.93392571,1,56,-28,200,-1,-1,49,28,56,1.0
61,6,189,147938,149457,149457,150462,150462,151066,151098,157598,157598,158201,158235,158270,161390,1519,1005,604,6500,603,1388,0,600,1081,3155,3120,481,130.5667415,13.45514506,1,20,-6,150,-1,-1,49,14,20,1.0
61,6,190,161393,162911,162911,163913,163913,164530,164562,172062,172062,172694,172728,172761,175843,1518,1002,617,7500,632,573,0,600,1858,3115,3082,1258,145.0199061,14.45316458,1,6,-1,170,-1,-1,49,5,6,1.0
61,6,191,175845,177366,177366,178377,178377,178984,179016,186016,186016,186642,186675,186708,189798,1521,1011,607,7000,626,1643,0,600,792,3123,3090,192,158.9753085,13.95540242,1,7,3,160,1,1,51,10,7,2.0
61,6,192,189801,191324,191324,192332,192332,192938,192971,198971,198971,199598,199631,199664,202733,1523,1008,606,6000,627,396,0,600,2040,3102,3069,1440,171.9103935,12.93508501,1,5,5,190,1,1,51,10,5,2.0
61,6,193,202736,204265,204265,205275,205275,205883,205916,214416,214416,215017,215049,215084,218184,1529,1010,608,8500,601,1559,0,600,893,3135,3100,293,187.3606124,15.45021887,1,20,8,210,1,1,51,28,20,2.0
61,6,194,218186,219704,219704,220711,220711,221315,221347,229347,229347,229965,229997,230030,233142,1518,1007,604,8000,618,374,0,600,2079,3145,3112,1479,202.3192362,14.95862386,1,57,-37,190,-1,-1,49,20,57,1.0
61,6,195,233145,234667,234667,235672,235672,236301,236333,243833,243833,244436,244468,244502,247598,1522,1005,629,7500,603,1682,0,600,759,3130,3096,159,216.7745989,14.45536264,1,10,-5,200,-1,-1,49,5,10,1.0
61,6,196,247601,249126,249126,250135,250135,250742,250775,257776,257776,258377,258411,258445,261541,1525,1009,607,7001,601,709,0,600,1748,3130,3096,1148,230.7180533,13.94345444,0,15,-1,210,-1,1,51,14,15,2.0
61,6,197,261543,263066,263066,264075,264075,264682,264714,272714,272714,273345,273377,273412,276501,1523,1009,607,8000,631,416,0,600,2014,3124,3089,1414,245.6779371,14.95988381,1,40,-20,160,-1,-1,49,20,40,1.0
61,6,198,276504,278027,278027,279030,279030,279639,279672,288172,288172,288777,288810,288843,291966,1523,1003,609,8500,605,319,0,600,2141,3156,3123,1541,261.1423231,15.464386,1,56,-28,160,-1,-1,49,28,56,1.0
61,6,199,291969,293490,293490,294494,294495,295100,295132,301632,301632,302266,302298,302331,305406,1521,1004,605,6500,634,1538,0,600,898,3108,3075,298,274.5830678,13.44074469,1,14,-7,190,-1,-1,49,7,14,1.0
61,6,200,305409,306936,306936,307944,307944,308547,308579,317579,317579,318199,318232,318265,321369,1527,1008,603,9000,620,394,0,600,2048,3137,3104,1448,290.5457195,15.96265172,1,8,-1,150,-1,-1,49,7,8,1.0
61,6,201,321371,322894,322894,323896,323896,324500,324532,330532,330532,331135,331167,331201,334329,1523,1002,604,6000,603,2269,0,600,199,3162,3128,-401,303.5054954,12.95977593,1,29,-1,190,-1,-1,49,28,29,1.0
61,6,202,334331,335854,335854,336862,336862,337469,337502,344502,344502,345124,345157,345191,348264,1523,1008,607,7000,622,274,0,600,2166,3107,3073,1566,317.4406892,13.9351938,1,2,5,170,1,1,51,7,2,2.0
61,6,203,348267,349794,349794,350802,350802,351406,351438,357438,357438,358041,358074,358107,361224,1527,1008,604,6000,603,540,0,600,1918,3150,3117,1318,330.4002955,12.95960627,1,20,8,210,1,1,51,28,20,2.0
61,6,204,361226,362748,362748,363756,363756,364362,364394,372394,372394,373009,373042,373077,376174,1522,1008,606,8000,615,324,0,600,2125,3132,3097,1525,345.3507506,14.95045513,1,57,-37,170,-1,-1,49,20,57,1.0
61,6,205,376177,377702,377702,378706,378706,379310,379342,388342,388342,388969,389002,389036,392127,1525,1004,604,9000,627,997,0,600,1443,3125,3091,843,361.3034074,15.9526568,1,14,-9,200,-1,-1,49,5,14,1.0
61,6,206,392130,393656,393656,394660,394660,395266,395298,402798,402798,403409,403441,403475,406591,1526,1004,606,7500,611,1351,0,600,1102,3150,3116,502,375.7677714,14.464364,1,56,-28,210,-1,-1,49,28,56,1.0
61,6,207,406594,408120,408120,409126,409126,409731,409764,418264,418264,418879,418912,418946,422032,1526,1006,605,8500,615,283,0,600,2165,3120,3086,1565,391.2088811,15.44110962,1,57,-37,150,-1,-1,49,20,57,1.0
61,6,208,422035,423556,423556,424564,424564,425168,425202,431702,431702,432321,432353,432387,435468,1521,1008,604,6500,619,155,0,600,2293,3115,3081,1693,404.6439603,13.43507928,1,4,3,150,1,1,51,7,4,2.0
61,6,209,435469,436983,436983,437994,437994,438610,438642,447142,447142,447774,447807,447840,450921,1514,1011,616,8500,632,865,0,600,1562,3114,3081,962,420.0976255,15.45366513,1,7,-2,210,-1,-1,49,5,7,1.0
61,6,210,450923,452446,452446,453451,453451,454069,454102,463102,463102,463718,463750,463783,466878,1523,1005,618,9000,616,518,0,600,1920,3128,3095,1320,436.0545135,15.95688808,1,4,6,150,1,1,51,10,4,2.0
61,6,211,466881,468406,468406,469409,469409,470015,470047,477547,477547,478176,478208,478242,481324,1525,1003,606,7500,629,344,0,600,2093,3116,3082,1493,450.5005578,14.44604425,1,5,9,160,1,1,51,14,5,2.0
61,6,212,481327,482855,482855,483862,483862,484465,484497,490497,490497,491098,491130,491165,494264,1528,1007,603,6000,601,328,0,600,2133,3134,3099,1533,463.4401447,12.9395869,1,20,-13,200,-1,-1,49,7,20,1.0
61,6,213,494267,495790,495790,496795,496795,497426,497458,503958,503958,504584,504616,504649,507699,1523,1005,631,6500,626,1156,0,600,1259,3083,3050,659,476.8757354,13.43559068,1,7,-2,190,-1,-1,49,5,7,1.0
61,6,214,507702,509229,509229,510236,510236,510840,510872,517873,517873,518474,518506,518539,521657,1527,1007,604,7001,601,1480,0,600,980,3151,3118,380,490.8333265,13.95759113,1,20,-6,180,-1,-1,49,14,20,1.0
61,6,215,521659,523179,523181,524184,524184,524817,524850,532850,532850,533483,533515,533549,536622,1520,1003,633,8000,633,1270,0,600,1141,3107,3073,541,505.798371,14.96504445,0,10,-5,150,-1,1,51,5,10,2.0
61,6,216,536625,538154,538154,539161,539161,539769,539802,547302,547302,547904,547937,547972,551067,1529,1007,608,7500,602,292,0,600,2162,3130,3095,1562,520.243362,14.44499103,1,28,-18,180,-1,-1,49,10,28,1.0
62,1,1,68103,69635,69635,70666,70666,71280,71312,78812,78812,79443,79476,79512,82577,1532,1031,614,7500,631,437,0,600,1955,3101,3065,1355,14.51227585,14.51227585,1,7,-2,210,-1,-1,49,5,7,1.0
62,1,2,82637,84159,84159,85176,85176,85784,85816,94816,94816,95434,95468,95501,98593,1522,1017,608,9000,618,478,0,600,1957,3125,3092,1357,30.47009811,15.95782227,1,56,-28,190,-1,-1,49,28,56,1.0
62,1,3,98596,100120,100120,101124,101124,101726,101758,107758,107758,108380,108412,108446,111539,1524,1004,602,6000,622,931,0,600,1517,3127,3093,917,43.4156159,12.94551779,0,4,1,160,1,-1,49,5,4,1.0
62,1,4,111542,113067,113067,114073,114073,114680,114713,123213,123213,123843,123876,123909,126995,1525,1006,607,8500,630,1023,0,600,1409,3119,3086,809,58.87184975,15.45623384,1,14,14,210,1,1,51,28,14,2.0
62,1,5,126998,128523,128523,129531,129531,130137,130169,136669,136669,137287,137320,137354,140459,1525,1008,606,6500,618,1469,0,600,974,3139,3105,374,72.33558453,13.46373478,1,57,-37,180,-1,-1,49,20,57,1.0
62,1,6,140462,141986,141986,142992,142992,143596,143629,151629,151629,152251,152283,152317,155412,1524,1006,604,8000,622,611,0,600,1833,3129,3095,1233,87.28877593,14.9531914,1,7,7,150,1,1,51,14,7,2.0
62,1,7,155415,156940,156940,157945,157945,158551,158585,165585,165585,166187,166219,166254,169361,1525,1005,606,7000,602,501,0,600,1961,3142,3107,1361,101.238004,13.94922803,1,7,3,200,1,1,51,10,7,2.0
62,1,8,169364,170887,170887,171894,171894,172513,172546,181046,181046,181646,181680,181715,184821,1523,1007,619,8500,600,464,0,600,1987,3141,3106,1387,116.6978115,15.45980757,1,28,-18,160,-1,-1,49,10,28,1.0
62,1,9,184824,186353,186353,187357,187357,187962,187994,194994,194994,195624,195657,195691,198783,1529,1004,605,7000,630,484,0,600,1948,3126,3092,1348,130.6597936,13.96198212,1,5,5,150,1,1,51,10,5,2.0
62,1,10,198786,200309,200309,201311,201311,201920,201952,210952,210952,211583,211617,211652,214752,1523,1002,609,9000,631,581,0,600,1854,3135,3100,1254,146.6289054,15.96911179,1,5,9,210,1,1,51,14,5,2.0
62,1,11,214755,216276,216276,217280,217280,217897,217930,224430,224430,225049,225081,225115,228212,1521,1004,617,6500,619,488,0,600,1951,3131,3097,1351,160.0882206,13.45931516,1,2,3,180,1,1,51,5,2,2.0
62,1,12,228215,229739,229739,230747,230747,231354,231386,238886,238886,239500,239532,239566,242676,1524,1008,607,7500,614,566,0,600,1881,3144,3110,1281,174.5526168,14.46439625,1,57,-37,150,-1,-1,49,20,57,1.0
62,1,13,242679,244202,244202,245206,245206,245809,245841,251841,251841,252474,252507,252542,255625,1523,1004,603,6000,633,766,0,600,1671,3118,3083,1071,187.50153,12.94891312,1,14,-7,170,-1,-1,49,7,14,1.0
62,1,14,255628,257154,257154,258161,258161,258767,258800,266800,266800,267401,267434,267470,270563,1526,1007,606,8000,601,678,0,600,1782,3129,3093,1182,202.4399003,14.93837034,1,9,1,200,1,1,51,10,9,2.0
62,1,15,270566,272094,272094,273099,273099,273705,273737,282237,282237,282855,282887,282922,286002,1528,1005,606,8500,618,959,0,600,1484,3115,3080,884,217.8784554,15.43855507,1,57,-37,180,-1,-1,49,20,57,1.0
62,1,16,286005,287527,287527,288531,288531,289136,289169,295169,295169,295800,295832,295865,298951,1522,1004,605,6000,631,1677,0,600,761,3119,3086,161,230.8270382,12.94858284,0,6,1,160,1,-1,49,7,6,1.0
62,1,17,298954,300476,300476,301483,301484,302105,302137,310137,310137,310769,310803,310837,313903,1522,1007,621,8000,632,427,0,600,1991,3100,3066,1391,245.7791842,14.95214601,1,10,-5,160,-1,-1,49,5,10,1.0
62,1,18,313906,315429,315429,316435,316435,317037,317069,324069,324069,324696,324728,324760,327853,1523,1006,602,7000,627,869,0,600,1573,3125,3093,973,259.7295173,13.95033308,1,4,1,160,1,1,51,5,4,2.0
62,1,19,327856,329384,329384,330391,330391,330996,331028,337528,337528,338160,338193,338227,341311,1528,1007,605,6500,632,381,0,600,2047,3118,3084,1447,273.1873691,13.4578518,1,10,-3,160,-1,-1,49,7,10,1.0
62,1,20,341314,342842,342842,343848,343848,344454,344486,351986,351986,352619,352653,352688,355765,1528,1006,606,7500,633,528,0,600,1899,3112,3077,1299,287.6413732,14.45400415,1,4,6,210,1,1,51,10,4,2.0
62,1,21,355768,357295,357295,358299,358299,358904,358936,367936,367936,368536,368569,368602,371719,1527,1004,605,9000,600,444,0,600,2020,3150,3117,1420,303.5945119,15.95313866,1,10,10,180,1,1,51,20,10,2.0
62,1,22,371721,373243,373243,374248,374248,374871,374903,382403,382403,383005,383037,383071,386159,1522,1005,623,7500,602,543,0,600,1905,3122,3088,1305,318.0349827,14.44047076,1,7,7,190,1,1,51,14,7,2.0
62,1,23,386162,387685,387685,388691,388691,389298,389331,395331,395331,395963,395995,396028,399111,1523,1006,607,6000,632,960,0,600,1472,3116,3083,872,330.9873384,12.95235575,1,19,1,190,1,1,51,20,19,2.0
62,1,24,399114,400637,400637,401645,401645,402252,402284,409284,409284,409886,409918,409952,413059,1523,1008,607,7000,602,721,0,600,1739,3141,3107,1139,344.9353258,13.94798736,1,28,-8,170,-1,-1,49,20,28,1.0
62,1,25,413062,414588,414588,415595,415595,416203,416235,424235,424235,424837,424869,424903,428019,1526,1007,608,8000,602,634,0,600,1823,3150,3116,1223,359.8952913,14.95996548,1,20,8,200,1,1,51,28,20,2.0
62,1,26,428022,429547,429547,430555,430555,431160,431193,440193,440193,440822,440855,440889,443984,1525,1008,605,9000,629,908,0,600,1525,3129,3095,925,375.8595676,15.96427631,1,4,6,210,1,1,51,10,4,2.0
62,1,27,443987,445507,445507,446513,446513,447120,447153,455653,455653,456268,456300,456335,459449,1520,1006,607,8500,615,570,0,600,1882,3149,3114,1282,391.3247268,15.46515927,1,40,-26,210,-1,-1,49,14,40,1.0
62,1,28,459452,460976,460976,461983,461983,462590,462622,469122,469122,469722,469755,469788,472893,1524,1007,607,6500,600,924,0,600,1538,3138,3105,938,404.7693101,13.4445833,0,40,-12,190,-1,1,51,28,40,2.0
62,1,29,472896,474421,474421,475425,475425,476044,476076,482576,482576,483178,483211,483245,486339,1525,1004,619,6500,602,486,0,600,1964,3128,3094,1364,418.2143961,13.44508595,1,5,2,170,1,1,51,7,5,2.0
62,1,30,486342,487864,487864,488864,488864,489472,489506,498506,498506,499139,499171,499206,502296,1522,1000,608,9000,633,317,0,600,2120,3125,3090,1520,434.1723121,15.95791599,1,79,-51,200,-1,-1,49,28,79,1.0
62,1,31,502299,503823,503823,504830,504830,505433,505466,511466,511466,512067,512100,512134,515240,1524,1007,603,6000,601,727,0,600,1738,3140,3106,1138,447.115957,12.94364489,1,20,8,210,1,1,51,28,20,2.0
62,1,32,515243,516770,516770,517779,517779,518383,518414,526914,526914,527535,527567,527599,530676,1527,1009,604,8500,621,233,0,600,2206,3109,3077,1606,462.5519855,15.43602854,1,40,-26,160,-1,-1,49,14,40,1.0
62,1,33,530679,532208,532208,533212,533212,533815,533848,541848,541848,542480,542512,542545,545634,1529,1004,603,8000,632,413,0,600,2019,3122,3089,1419,477.5100769,14.95809137,1,40,-26,160,-1,-1,49,14,40,1.0
62,1,34,545637,547164,547164,548171,548171,548774,548806,556306,556306,556906,556938,556973,560099,1527,1007,603,7500,600,350,0,600,2113,3161,3126,1513,491.9750562,14.46497936,1,14,-9,190,-1,-1,49,5,14,1.0
62,1,35,560102,561630,561630,562635,562635,563239,563272,570272,570272,570873,570906,570941,574055,1528,1005,604,7000,601,632,0,600,1830,3149,3114,1230,505.9306124,13.9555561,1,10,-3,200,-1,-1,49,7,10,1.0
62,1,36,574058,575583,575583,576590,576590,577196,577229,585729,585729,586360,586392,586426,589513,1525,1007,606,8500,631,546,0,600,1885,3121,3087,1285,521.3890656,15.4584533,1,4,3,150,1,1,51,7,4,2.0
62,2,37,25096,26626,26626,27641,27641,28249,28282,34282,34282,34912,34946,34982,38067,1530,1015,608,6000,630,532,0,600,1885,3121,3085,1285,12.9831397,12.9831397,1,4,6,190,1,1,51,10,4,2.0
62,2,38,38072,39600,39600,40605,40605,41205,41237,50237,50237,50863,50896,50929,54019,1528,1005,600,9000,626,450,0,600,1991,3123,3090,1391,28.93342969,15.95028999,1,3,2,190,1,1,51,5,3,2.0
62,2,39,54022,55546,55546,56552,56552,57155,57187,64187,64187,64788,64819,64854,67956,1524,1006,603,7000,601,358,0,600,2108,3137,3102,1508,42.87028995,13.93686027,1,4,6,160,1,1,51,10,4,2.0
62,2,40,67959,69481,69481,70485,70485,71107,71139,79639,79639,80265,80298,80332,83404,1522,1004,622,8500,626,725,0,600,1701,3106,3072,1101,58.31799586,15.4477059,1,14,-7,190,-1,-1,49,7,14,1.0
62,2,41,83407,84932,84932,85941,85941,86546,86578,94578,94578,95178,95210,95243,98352,1525,1009,605,8000,600,273,0,600,2188,3142,3109,1588,73.26592235,14.94792649,1,28,-18,200,-1,-1,49,10,28,1.0
62,2,42,98355,99880,99880,100888,100888,101496,101529,108029,108029,108662,108694,108728,111801,1525,1008,608,6500,633,334,0,600,2092,3107,3073,1492,86.71533722,13.44941487,1,20,-13,200,-1,-1,49,7,20,1.0
62,2,43,111804,113329,113329,114339,114339,114944,114976,122476,122476,123077,123109,123143,126251,1525,1010,605,7500,601,1310,0,600,1149,3142,3108,549,101.1652547,14.44991752,1,27,1,190,1,1,51,28,27,2.0
62,2,44,126254,127776,127776,128781,128781,129383,129416,136416,136416,137045,137077,137111,140215,1522,1005,602,7000,629,397,0,600,2045,3138,3104,1445,115.1288268,13.96357205,1,4,6,200,1,1,51,10,4,2.0
62,2,45,140218,141744,141744,142751,142751,143384,143416,149916,149916,150535,150568,150601,153673,1526,1007,633,6500,619,787,0,600,1628,3105,3072,1028,128.5866937,13.45786687,1,4,1,200,1,1,51,5,4,2.0
62,2,46,153676,155200,155200,156204,156204,156808,156840,162840,162840,163456,163489,163522,166607,1524,1004,604,6000,616,178,0,600,2274,3118,3085,1674,141.5209005,12.93420687,1,57,-37,180,-1,-1,49,20,57,1.0
62,2,47,166610,168138,168138,169144,169144,169747,169779,177779,177779,178385,178417,178451,181572,1528,1006,603,8000,606,834,0,600,1623,3155,3121,1023,156.4864069,14.96550642,0,20,-6,200,-1,1,51,14,20,2.0
62,2,48,181575,183094,183094,184100,184100,184700,184732,193732,193732,194335,194368,194403,197531,1519,1006,600,9000,603,583,0,600,1889,3163,3128,1289,172.4444839,15.95807691,1,4,1,170,1,1,51,5,4,2.0
62,2,49,197534,199060,199060,200065,200065,200669,200701,209201,209201,209817,209849,209884,212968,1526,1005,604,8500,616,182,0,600,2267,3119,3084,1667,187.8819191,15.43743525,1,40,-26,170,-1,-1,49,14,40,1.0
62,2,50,212971,214499,214499,215504,215504,216112,216145,223645,223645,224269,224301,224335,227411,1528,1005,608,7500,624,568,0,600,1867,3110,3076,1267,202.3249104,14.44299126,1,13,1,190,1,1,51,14,13,2.0
62,2,51,227414,228934,228934,229937,229937,230545,230577,239077,239077,239707,239741,239774,242850,1520,1003,608,8500,630,269,0,600,2170,3109,3076,1570,217.7638255,15.43891518,1,10,18,180,1,1,51,28,10,2.0
62,2,52,242853,244381,244381,245387,245387,246015,246047,254047,254047,254650,254682,254716,257814,1528,1006,628,8000,603,292,0,600,2143,3132,3098,1543,232.7275353,14.96370977,1,14,-9,200,-1,-1,49,5,14,1.0
62,2,53,257817,259345,259345,260351,260351,260958,260991,269991,269991,270591,270624,270657,273770,1528,1006,607,9000,600,926,0,600,1533,3146,3113,933,248.6832716,15.95573631,1,14,14,200,1,1,51,28,14,2.0
62,2,54,273771,275300,275300,276305,276305,276937,276970,283970,283970,284571,284603,284636,287729,1529,1005,632,7000,601,481,0,600,1952,3126,3093,1352,262.6427866,13.95951496,1,9,1,160,1,1,51,10,9,2.0
62,2,55,287732,289254,289254,290261,290261,290864,290896,297396,297396,298015,298047,298080,301182,1522,1007,603,6500,619,556,0,600,1893,3135,3102,1293,276.0956908,13.45290421,1,2,5,150,1,1,51,7,2,2.0
62,2,56,301184,302711,302711,303718,303718,304348,304380,311880,311880,312508,312540,312573,315636,1527,1007,630,7500,628,973,0,600,1435,3096,3063,835,290.5491902,14.45349938,1,20,-13,180,-1,-1,49,7,20,1.0
62,2,57,315638,317165,317165,318171,318171,318774,318806,324806,324806,325438,325471,325504,328576,1527,1006,603,6000,632,328,0,600,2104,3105,3072,1504,303.4898999,12.94070973,1,10,-5,180,-1,-1,49,5,10,1.0
62,2,58,328579,330102,330102,331108,331108,331712,331744,339744,339744,340344,340376,340409,343515,1523,1006,604,8000,600,627,0,600,1840,3139,3106,1240,318.4285249,14.93862498,1,10,4,160,1,1,51,14,10,2.0
62,2,59,343518,345043,345043,346050,346050,346656,346688,352688,352688,353292,353324,353357,356465,1525,1007,606,6000,604,400,0,600,2058,3141,3108,1458,331.379049,12.95052414,1,28,-8,160,-1,-1,49,20,28,1.0
62,2,60,356468,357992,357992,358996,358996,359602,359634,366134,366134,366734,366766,366799,369909,1524,1004,606,6500,600,595,0,600,1871,3143,3110,1271,344.8227632,13.4437142,1,10,10,150,1,1,51,20,10,2.0
62,2,61,369912,371439,371439,372445,372445,373049,373081,381581,381581,382195,382229,382262,385370,1527,1006,604,8500,614,246,0,600,2203,3141,3108,1603,360.2838121,15.46104884,1,57,-37,190,-1,-1,49,20,57,1.0
62,2,62,385373,386899,386899,387908,387908,388517,388550,395550,395550,396153,396185,396220,399309,1526,1009,609,7000,603,1289,0,600,1164,3124,3089,564,374.2223367,13.93852463,1,27,1,200,1,1,51,28,27,2.0
62,2,63,399312,400832,400832,401838,401838,402446,402478,409978,409978,410606,410640,410673,413771,1520,1006,608,7500,628,945,0,600,1493,3131,3098,893,388.6842356,14.46189895,1,14,6,150,1,1,51,20,14,2.0
62,2,64,413773,415294,415294,416301,416301,416905,416937,425937,425937,426540,426573,426607,429715,1521,1007,604,9000,603,561,0,600,1904,3142,3108,1304,404.6278706,15.94363495,1,28,-14,200,-1,-1,49,14,28,1.0
62,2,65,429718,431244,431244,432249,432249,432853,432886,441886,441886,442487,442519,442553,445649,1526,1005,604,9000,601,1361,0,600,1103,3130,3096,503,420.5622706,15.93440004,1,10,-5,160,-1,-1,49,5,10,1.0
62,2,66,445652,447174,447174,448184,448184,448790,448822,456322,456322,456955,456988,457022,460106,1522,1010,606,7500,633,669,0,600,1760,3118,3084,1160,435.0188444,14.45657377,1,28,-18,190,-1,-1,49,10,28,1.0
62,2,67,460109,461626,461626,462633,462633,463239,463272,470272,470272,470878,470911,470945,474073,1517,1007,606,7000,606,453,0,600,2011,3162,3128,1411,448.9853477,13.96650329,1,56,-28,200,-1,-1,49,28,56,1.0
62,2,68,474074,475595,475595,476601,476601,477228,477261,485761,485761,486364,486396,486429,489516,1521,1006,627,8500,603,1676,0,600,767,3120,3087,167,464.4294913,15.44414363,1,14,-7,200,-1,-1,49,7,14,1.0
62,2,69,489519,491042,491042,492048,492048,492657,492689,498689,498689,499304,499336,499370,502475,1523,1006,609,6000,615,233,0,600,2214,3139,3105,1614,477.3879696,12.95847831,1,56,-28,170,-1,-1,49,28,56,1.0
62,2,70,502478,504005,504005,505008,505008,505628,505661,512162,512162,512764,512796,512830,515916,1527,1003,620,6501,602,1029,0,600,1418,3120,3086,818,490.8291353,13.44116568,0,20,-6,150,-1,1,51,14,20,2.0
62,2,71,515919,517446,517446,518456,518456,519087,519120,527120,527120,527724,527757,527790,530857,1527,1010,631,8000,604,267,0,600,2161,3100,3067,1561,505.7705861,14.94145075,1,14,-7,200,-1,-1,49,7,14,1.0
62,2,72,530860,532384,532384,533389,533389,533998,534030,542530,542530,543131,543163,543197,546292,1524,1005,609,8500,601,648,0,600,1813,3129,3095,1213,521.2051753,15.43458929,1,10,10,150,1,1,51,20,10,2.0
62,3,73,18253,19780,19780,20802,20802,21413,21447,29947,29947,30559,30591,30626,33724,1527,1022,611,8500,612,223,0,600,2205,3133,3098,1605,15.48311619,15.48311619,1,57,-37,210,-1,-1,49,20,57,1.0
62,3,74,33729,35252,35252,36256,36256,36864,36897,45897,45897,46528,46560,46593,49688,1523,1004,608,9000,631,224,0,600,2210,3128,3095,1610,31.44495728,15.96184109,1,10,4,160,1,1,51,14,10,2.0
62,3,75,49690,51211,51211,52214,52214,52833,52865,59865,59865,60495,60527,60561,63649,1521,1003,619,7000,630,1029,0,600,1398,3122,3088,798,45.4061158,13.96115853,1,6,-1,200,-1,-1,49,5,6,1.0
62,3,76,63651,65170,65170,66180,66180,66801,66834,72834,72834,73463,73496,73529,76605,1519,1010,621,6000,629,499,0,600,1922,3109,3076,1322,58.36180481,12.955689,1,4,1,200,1,1,51,5,4,2.0
62,3,77,76608,78134,78134,79139,79139,79746,79779,87279,87279,87906,87938,87971,91043,1526,1005,607,7500,627,1400,0,600,1035,3105,3072,435,72.79986234,14.43805754,1,8,-1,180,-1,-1,49,7,8,1.0
62,3,78,91046,92575,92575,93580,93580,94184,94217,102217,102217,102835,102867,102900,105982,1529,1005,604,8000,618,408,0,600,2036,3115,3082,1436,87.73875372,14.93889138,1,7,7,180,1,1,51,14,7,2.0
62,3,79,105985,107504,107504,108511,108511,109115,109147,115647,115647,116279,116312,116346,119417,1519,1007,604,6500,632,559,0,600,1879,3105,3071,1279,101.1741292,13.43537551,1,14,-7,190,-1,-1,49,7,14,1.0
62,3,80,119420,120947,120947,121955,121955,122556,122589,130089,130089,130713,130746,130779,133856,1527,1008,601,7500,624,921,0,600,1519,3110,3077,919,115.6122772,14.43814794,0,6,-1,200,-1,1,51,5,6,2.0
62,3,81,133859,135380,135380,136383,136383,136986,137018,145018,145018,145619,145652,145686,148795,1521,1003,603,8000,601,270,0,600,2202,3143,3109,1602,130.5516932,14.93941603,1,20,-13,170,-1,-1,49,7,20,1.0
62,3,82,148798,150317,150317,151319,151319,151926,151958,160458,160458,161083,161116,161150,164257,1519,1002,607,8500,625,396,0,600,2051,3141,3107,1451,146.0139869,15.46229372,1,79,-51,210,-1,-1,49,28,79,1.0
62,3,83,164260,165784,165784,166792,166792,167398,167430,173430,173430,174034,174066,174100,177216,1524,1008,606,6000,604,214,0,600,2244,3150,3116,1644,158.9726328,12.95864586,1,28,-18,180,-1,-1,49,10,28,1.0
62,3,84,177219,178746,178746,179754,179755,180365,180397,189397,189397,189999,190032,190065,193176,1527,1008,610,9000,602,597,0,600,1856,3144,3111,1256,174.9330069,15.96037411,1,56,-28,160,-1,-1,49,28,56,1.0
62,3,85,193179,194709,194709,195714,195714,196314,196347,202847,202847,203467,203500,203534,206640,1530,1005,600,6500,620,466,0,600,1979,3140,3106,1379,188.3965078,13.46350093,1,3,2,170,1,1,51,5,3,2.0
62,3,86,206643,208167,208167,209173,209173,209779,209812,216812,216812,217432,217464,217498,220604,1524,1006,606,7000,620,427,0,600,2017,3140,3106,1417,202.3607953,13.96428746,1,40,-26,200,-1,-1,49,14,40,1.0
62,3,87,220607,222108,222108,223118,223118,223725,223757,229757,229757,230357,230389,230423,233538,1501,1010,607,6000,600,503,0,600,1979,3149,3115,1379,215.2941014,12.93330613,1,5,5,150,1,1,51,10,5,2.0
62,3,88,233541,235068,235068,236075,236075,236682,236714,243214,243214,243829,243862,243896,246998,1527,1007,607,6500,615,1201,0,600,1243,3136,3102,643,228.7542224,13.46012097,0,40,-12,170,-1,1,51,28,40,2.0
62,3,89,247001,248529,248529,249538,249538,250142,250174,259175,259175,259809,259841,259875,262955,1528,1009,604,9001,634,435,0,600,1989,3114,3080,1389,244.7114884,15.95726597,1,40,-20,160,-1,-1,49,20,40,1.0
62,3,90,262958,264486,264486,265488,265488,266110,266142,274642,274642,275246,275280,275315,278395,1528,1002,622,8500,604,565,0,600,1879,3115,3080,1279,260.1512069,15.43971859,1,7,7,150,1,1,51,14,7,2.0
62,3,91,278398,279924,279924,280932,280932,281534,281567,289067,289067,289690,289722,289756,292856,1526,1008,602,7500,623,1299,0,600,1142,3134,3100,542,274.6127397,14.46153281,1,3,2,200,1,1,51,5,3,2.0
62,3,92,292859,294387,294387,295394,295394,295999,296032,303032,303032,303635,303667,303701,306809,1528,1007,605,7000,603,695,0,600,1762,3142,3108,1162,288.5653667,13.95262697,0,28,-8,180,-1,1,51,20,28,2.0
62,3,93,306812,308337,308337,309343,309343,309949,309982,317982,317982,318584,318617,318651,321758,1525,1006,606,8000,602,199,0,600,2262,3141,3107,1662,303.5144251,14.94905837,1,10,10,170,1,1,51,20,10,2.0
62,3,94,321761,323290,323290,324297,324297,324902,324935,333935,333935,334541,334573,334608,337697,1529,1007,605,9000,606,671,0,600,1782,3124,3089,1182,319.4537085,15.93928343,1,28,-8,150,-1,-1,49,20,28,1.0
62,3,95,337700,339228,339228,340237,340237,340842,340875,346875,346875,347476,347508,347542,350642,1528,1009,605,6000,601,386,0,600,2071,3134,3100,1471,332.3979061,12.94419757,1,20,-10,200,-1,-1,49,10,20,1.0
62,3,96,350645,352169,352169,353175,353175,353780,353813,360313,360313,360929,360962,360997,364090,1524,1006,605,6500,616,253,0,600,2196,3128,3093,1596,345.8462322,13.44832608,1,40,-26,210,-1,-1,49,14,40,1.0
62,3,97,364093,365619,365619,366626,366626,367245,367277,374777,374777,375403,375435,375468,378550,1526,1007,619,7500,626,301,0,600,2121,3115,3082,1521,360.3060458,14.4598136,1,10,18,150,1,1,51,28,10,2.0
62,3,98,378552,380078,380078,381085,381085,381694,381727,389727,389727,390332,390365,390399,393510,1526,1007,609,8000,605,1052,0,600,1401,3145,3111,801,375.2657473,14.95970149,0,20,-10,200,-1,1,51,10,20,2.0
62,3,99,393513,395038,395038,396044,396044,396652,396684,405184,405184,405785,405818,405853,408948,1525,1006,608,8500,601,290,0,600,2170,3130,3095,1570,390.7045886,15.43884135,1,4,6,200,1,1,51,10,4,2.0
62,3,100,408951,410472,410472,411477,411477,412083,412115,419115,419115,419746,419779,419813,422889,1521,1005,606,7000,631,10,0,600,2427,3110,3076,1827,404.6450714,13.94048281,1,28,-18,200,-1,-1,49,10,28,1.0
62,3,101,422891,424415,424415,425423,425423,426026,426058,432058,432058,432658,432690,432724,435832,1524,1008,603,6000,600,560,0,600,1905,3142,3108,1305,417.5879551,12.94288368,1,20,-6,150,-1,-1,49,14,20,1.0
62,3,102,435835,437359,437359,438363,438363,438982,439015,448015,448015,448626,448658,448690,451766,1524,1004,619,9000,611,1404,0,600,1038,3108,3076,438,433.5224296,15.93447447,1,2,3,170,1,1,51,5,2,2.0
62,3,103,451769,453298,453298,454307,454307,454913,454945,462945,462945,463564,463597,463630,466704,1529,1009,606,8000,619,1240,0,600,1197,3107,3074,597,448.4602478,14.93781826,1,5,2,170,1,1,51,7,5,2.0
62,3,104,466707,468237,468237,469242,469242,469846,469879,476379,476379,476995,477027,477060,480166,1530,1005,604,6500,616,333,0,600,2112,3139,3106,1512,461.9222227,13.46197489,1,2,5,170,1,1,51,7,2,2.0
62,3,105,480169,481692,481692,482696,482696,483303,483335,491835,491835,492435,492468,492502,495617,1523,1004,607,8500,600,1149,0,600,1317,3149,3115,717,477.3730928,15.45087009,0,28,-8,200,-1,1,51,20,28,2.0
62,3,106,495620,497151,497151,498159,498159,498769,498802,506302,506302,506919,506951,506986,510076,1531,1008,610,7500,617,129,0,600,2305,3125,3090,1705,491.8309751,14.45788224,1,56,-28,160,-1,-1,49,28,56,1.0
62,3,107,510078,511599,511599,512604,512604,513207,513239,520239,520239,520840,520871,520905,524028,1521,1005,603,7000,601,740,0,600,1730,3157,3123,1130,505.7843427,13.95336769,1,14,-7,210,-1,-1,49,7,14,1.0
62,3,108,524030,525558,525558,526567,526567,527173,527206,533206,533206,533812,533844,533878,536977,1528,1009,606,6000,606,99,0,600,2352,3133,3099,1752,518.7333692,12.94902642,1,56,-28,190,-1,-1,49,28,56,1.0
62,4,109,28229,29758,29758,30777,30777,31390,31424,37424,37424,38052,38085,38120,41195,1529,1019,613,6000,628,294,0,600,2117,3110,3075,1517,12.97892289,12.97892289,1,14,6,160,1,1,51,20,14,2.0
62,4,110,41200,42730,42730,43738,43738,44346,44378,51378,51378,52003,52035,52068,55141,1530,1008,608,7000,625,487,0,600,1942,3106,3073,1342,26.92312136,13.94419847,1,5,9,170,1,1,51,14,5,2.0
62,4,111,55144,56669,56669,57674,57674,58274,58307,66807,66807,67436,67468,67501,70588,1525,1005,600,8500,629,246,0,600,2195,3120,3087,1595,42.36950915,15.44638779,1,5,5,190,1,1,51,10,5,2.0
62,4,112,70591,72113,72113,73117,73117,73746,73778,80278,80278,80880,80914,80947,84032,1522,1004,629,6500,602,1154,0,600,1289,3118,3085,689,55.81402043,13.44451128,0,7,-2,160,-1,1,51,5,7,2.0
62,4,113,84035,85553,85553,86559,86559,87162,87194,94694,94694,95319,95353,95386,98482,1518,1006,603,7500,625,684,0,600,1764,3129,3096,1164,70.26383609,14.44981566,1,4,6,200,1,1,51,10,4,2.0
62,4,114,98485,100010,100010,101012,101012,101616,101649,109649,109649,110254,110287,110321,113421,1525,1002,604,8000,605,326,0,600,2138,3134,3100,1538,85.20265937,14.93882327,1,28,-18,180,-1,-1,49,10,28,1.0
62,4,115,113424,114953,114953,115963,115963,116568,116600,125600,125600,126231,126263,126296,129368,1529,1010,605,9000,631,399,0,600,2026,3105,3072,1426,101.1500718,15.94741239,1,10,4,200,1,1,51,14,10,2.0
62,4,116,129371,130895,130895,131900,131900,132504,132536,141036,141036,141663,141696,141729,144810,1524,1005,604,8500,627,245,0,600,2195,3114,3081,1595,116.5915563,15.4414845,1,10,10,170,1,1,51,20,10,2.0
62,4,117,144813,146336,146336,147343,147343,147952,147984,155984,155984,156584,156616,156649,159736,1523,1007,609,8000,600,-1,2501,0,560,3120,3087,-40,131.5175667,14.92601042,-1,40,-12,150,-1,-2,-1,28,40,
62,4,118,159739,161267,161267,162277,162277,162878,162910,170410,170410,171036,171069,171102,174200,1528,1010,601,7500,626,1109,0,600,1326,3131,3098,726,145.9811053,14.4635386,0,5,2,190,1,-1,49,7,5,1.0
62,4,119,174203,175723,175723,176724,176724,177355,177387,183887,183887,184506,184538,184572,187665,1520,1001,631,6500,619,359,0,600,2070,3127,3093,1470,159.4462196,13.46511437,1,4,3,190,1,1,51,7,4,2.0
62,4,120,187667,189190,189190,190196,190196,190800,190832,196832,196832,197456,197488,197522,200614,1523,1006,604,6000,624,579,0,600,1864,3126,3092,1264,172.3954428,12.94922321,1,4,6,170,1,1,51,10,4,2.0
62,4,121,200617,202138,202138,203146,203147,203777,203809,210809,210809,211436,211468,211502,214574,1521,1008,630,7000,627,429,0,600,1985,3106,3072,1385,186.3553345,13.95989165,1,4,1,160,1,1,51,5,4,2.0
62,4,122,214577,216102,216102,217111,217111,217740,217773,226773,226773,227403,227435,227468,230534,1525,1009,629,9000,630,588,0,600,1819,3099,3066,1219,202.3158698,15.96053533,1,5,2,200,1,1,51,7,5,2.0
62,4,123,230537,232060,232060,233065,233065,233697,233729,240229,240229,240830,240863,240897,243977,1523,1005,632,6500,601,435,0,600,2004,3114,3080,1404,215.7581436,13.44227374,1,10,-5,210,-1,-1,49,5,10,1.0
62,4,124,243979,245504,245504,246513,246513,247137,247169,254669,254669,255269,255302,255336,258428,1525,1009,624,7500,600,445,0,600,1997,3126,3092,1397,230.2096775,14.45153397,1,40,-26,180,-1,-1,49,14,40,1.0
62,4,125,258430,259959,259959,260966,260966,261567,261600,269600,269600,270202,270234,270267,273366,1529,1007,601,8000,602,1269,0,600,1192,3132,3099,592,245.1477061,14.93802861,0,14,-7,150,-1,1,51,7,14,2.0
62,4,126,273369,274891,274891,275895,275895,276500,276533,285033,285033,285634,285667,285701,288833,1522,1004,605,8500,601,359,0,600,2109,3166,3132,1509,260.6140368,15.46633062,1,20,-6,190,-1,-1,49,14,20,1.0
62,4,127,288836,290361,290361,291363,291363,291991,292024,301024,301024,301641,301673,301706,304772,1525,1002,628,9000,617,651,0,600,1777,3099,3066,1177,276.5533726,15.93933587,1,4,1,190,1,1,51,5,4,2.0
62,4,128,304775,306305,306305,307312,307312,307916,307948,314948,314948,315582,315615,315649,318717,1530,1007,604,7000,634,686,0,600,1739,3102,3068,1139,290.4986527,13.94528002,1,27,1,200,1,1,51,28,27,2.0
62,4,129,318720,320242,320242,321247,321247,321848,321880,327880,327880,328480,328512,328545,331662,1522,1005,601,6000,600,765,0,600,1707,3150,3117,1107,303.4434921,12.94483945,0,19,1,180,1,-1,49,20,19,1.0
62,4,130,331665,333190,333190,334197,334197,334804,334838,342838,342838,343463,343495,343529,346604,1525,1007,607,8000,625,529,0,600,1907,3109,3075,1307,318.3851782,14.94168611,1,7,13,160,1,1,51,20,7,2.0
62,4,131,346607,348107,348107,349112,349112,349722,349754,356254,356254,356871,356903,356937,360048,1500,1005,610,6500,617,465,0,600,2003,3145,3111,1403,331.8286324,13.44345414,1,7,13,210,1,1,51,20,7,2.0
62,4,132,360050,361577,361577,362585,362585,363186,363218,369218,369218,369836,369868,369902,373003,1527,1008,601,6000,618,786,0,600,1660,3135,3101,1060,344.7840426,12.95541025,1,2,5,170,1,1,51,7,2,2.0
62,4,133,373006,374533,374533,375537,375537,376137,376170,384670,384670,385297,385330,385363,388465,1527,1004,600,8500,627,783,0,600,1659,3135,3102,1059,360.24665,15.46260742,1,20,8,150,1,1,51,28,20,2.0
62,4,134,388468,389997,389997,391002,391002,391603,391636,399136,399136,399765,399797,399830,402931,1529,1005,601,7500,629,683,0,600,1753,3134,3101,1153,374.7113579,14.46470784,1,14,-7,170,-1,-1,49,7,14,1.0
62,4,135,402933,404458,404458,405464,405464,406071,406105,415105,415105,415737,415770,415804,418882,1525,1006,607,9000,632,627,0,600,1803,3112,3078,1203,390.663393,15.95203512,1,14,14,150,1,1,51,28,14,2.0
62,4,136,418885,420414,420414,421420,421420,422025,422058,429058,429058,429661,429693,429726,432837,1529,1006,605,7000,603,338,0,600,2119,3144,3111,1519,404.6182295,13.95483648,1,40,-12,180,-1,-1,49,28,40,1.0
62,4,137,432840,434363,434363,435370,435370,436000,436032,443532,443532,444154,444187,444221,447280,1523,1007,630,7500,622,483,0,600,1935,3093,3059,1335,419.0607102,14.44248077,0,14,-9,180,-1,1,51,5,14,2.0
62,4,138,447283,448808,448808,449820,449820,450423,450455,459455,459455,460078,460110,460144,463232,1525,1012,603,9000,623,703,0,600,1734,3122,3088,1134,435.0132676,15.95255736,1,4,6,180,1,1,51,10,4,2.0
62,4,139,463235,464759,464759,465763,465763,466396,466428,474928,474928,475550,475582,475615,478686,1524,1004,633,8500,622,688,0,600,1729,3104,3071,1129,450.4664644,15.45319683,1,2,3,190,1,1,51,5,2,2.0
62,4,140,478689,480210,480210,481215,481215,481821,481853,487853,487853,488454,488487,488521,491642,1521,1005,606,6000,601,1485,0,600,982,3155,3121,382,463.4234821,12.95701766,1,28,-8,200,-1,-1,49,20,28,1.0
62,4,141,491645,493172,493172,494177,494177,494783,494816,502816,502816,503448,503480,503513,506592,1527,1005,606,8000,632,306,0,600,2124,3112,3079,1524,478.3730615,14.9495794,1,28,-14,160,-1,-1,49,14,28,1.0
62,4,142,506595,508122,508122,509130,509130,509737,509770,516770,516770,517385,517418,517451,520542,1527,1008,607,7000,615,384,0,600,2059,3124,3091,1459,492.3231577,13.95009622,1,56,-28,160,-1,-1,49,28,56,1.0
62,4,143,520544,522072,522072,523077,523077,523683,523716,530216,530216,530820,530853,530887,534004,1528,1005,606,6500,604,601,0,600,1856,3151,3117,1256,505.7851561,13.46199839,0,20,-6,170,-1,1,51,14,20,2.0
62,4,144,534007,535537,535537,536543,536543,537148,537181,545181,545181,545800,545832,545865,548969,1530,1006,605,8000,619,463,0,600,1977,3137,3104,1377,520.7498935,14.96473738,1,5,5,180,1,1,51,10,5,2.0
62,5,145,25331,26860,26860,27880,27880,28482,28515,35515,35515,36134,36167,36202,39303,1529,1020,602,7000,619,547,0,600,1883,3136,3101,1283,13.98452591,13.98452591,1,4,1,190,1,1,51,5,4,2.0
62,5,146,39308,40835,40835,41840,41840,42472,42505,50505,50505,51137,51170,51204,54253,1527,1005,632,8000,632,306,0,600,2098,3083,3049,1498,28.93241202,14.94788611,1,10,-3,200,-1,-1,49,7,10,1.0
62,5,147,54255,55777,55777,56785,56785,57417,57450,64950,64950,65570,65602,65636,68707,1522,1008,632,7500,620,528,0,600,1890,3105,3071,1290,43.38682088,14.45440886,1,4,3,200,1,1,51,7,4,2.0
62,5,148,68710,70235,70235,71242,71242,71849,71882,80382,80382,80986,81019,81053,84162,1525,1007,607,8500,604,1599,0,600,858,3143,3109,258,58.84115862,15.45433774,1,40,-12,210,-1,-1,49,28,40,1.0
62,5,149,84165,85694,85694,86699,86699,87305,87337,93837,93837,94437,94469,94503,97625,1529,1005,606,6500,600,871,0,600,1589,3156,3122,989,72.30418613,13.46302751,0,21,-1,180,-1,1,51,20,21,2.0
62,5,150,97628,99152,99152,100162,100162,100764,100797,106797,106797,107399,107432,107465,110572,1524,1010,602,6000,602,333,0,600,2129,3140,3107,1529,85.25096237,12.94677623,1,20,-13,200,-1,-1,49,7,20,1.0
62,5,151,110574,112098,112098,113104,113104,113725,113757,122757,122757,123380,123412,123446,126537,1524,1006,621,9000,623,118,0,600,2308,3125,3091,1708,101.2159773,15.96501492,1,14,-9,210,-1,-1,49,5,14,1.0
62,5,152,126540,128068,128068,129073,129073,129675,129710,137210,137210,137827,137859,137893,140996,1528,1005,602,7500,617,400,0,600,2048,3137,3103,1448,115.6750933,14.45911597,1,5,5,180,1,1,51,10,5,2.0
62,5,153,140999,142523,142523,143529,143529,144137,144169,152669,152669,153269,153301,153334,156458,1524,1006,608,8500,600,608,0,600,1854,3157,3124,1254,131.1369377,15.4618444,1,14,14,150,1,1,51,28,14,2.0
62,5,154,156461,157988,157988,158991,158991,159611,159644,168644,168644,169264,169296,169329,172422,1527,1003,620,9000,620,579,0,600,1851,3126,3093,1251,147.1010338,15.9640961,1,4,6,180,1,1,51,10,4,2.0
62,5,155,172425,173950,173950,174957,174958,175561,175593,181593,181593,182219,182252,182285,185366,1525,1007,603,6000,626,1124,0,600,1315,3114,3081,715,160.0449405,12.94390677,1,5,5,190,1,1,51,10,5,2.0
62,5,156,185369,186893,186893,187897,187897,188528,188561,196561,196561,197179,197211,197245,200304,1524,1004,631,8000,618,390,0,600,2033,3093,3059,1433,174.9832614,14.93832092,1,10,-3,180,-1,-1,49,7,10,1.0
62,5,157,200306,201829,201829,202835,202835,203440,203472,210472,210472,211098,211131,211164,214241,1523,1006,605,7000,626,236,0,600,2204,3110,3077,1604,188.9195666,13.93630518,1,7,13,170,1,1,51,20,7,2.0
62,5,158,214243,215765,215765,216772,216772,217395,217427,223927,223927,224558,224590,224623,227687,1522,1007,623,6500,631,198,0,600,2219,3097,3064,1619,202.3662573,13.44669065,1,14,-9,150,-1,-1,49,5,14,1.0
62,5,159,227690,229210,229210,230217,230217,230825,230858,236858,236858,237484,237516,237550,240632,1520,1007,608,6000,626,280,0,600,2159,3116,3082,1559,215.3107456,12.94448837,1,20,-6,200,-1,-1,49,14,20,1.0
62,5,160,240635,242159,242159,243167,243167,243769,243802,250302,250302,250922,250954,250988,254071,1524,1008,602,6500,620,348,0,600,2098,3117,3083,1498,228.7502479,13.43950222,1,4,6,160,1,1,51,10,4,2.0
62,5,161,254074,255600,255600,256610,256610,257216,257250,266250,266250,266882,266915,266948,270028,1526,1010,606,9000,632,444,0,600,1982,3113,3080,1382,244.70761,15.9573621,1,10,4,210,1,1,51,14,10,2.0
62,5,162,270031,271553,271553,272557,272557,273163,273196,280196,280196,280828,280861,280894,283963,1522,1004,606,7000,632,557,0,600,1879,3102,3069,1279,258.6419163,13.93430632,1,14,-4,200,-1,-1,49,10,14,1.0
62,5,163,283966,285488,285488,286495,286495,287117,287149,294649,294649,295263,295295,295329,298416,1522,1007,622,7500,614,1450,0,600,985,3121,3087,385,273.0954163,14.45349998,1,6,-1,170,-1,-1,49,5,6,1.0
62,5,164,298419,299945,299945,300950,300950,301558,301591,309591,309591,310193,310225,310259,313365,1526,1005,608,8000,602,237,0,600,2222,3140,3106,1622,288.0431912,14.94777491,1,28,-14,200,-1,-1,49,14,28,1.0
62,5,165,313367,314887,314887,315889,315889,316497,316530,325030,325030,325643,325675,325709,328814,1520,1002,608,8500,613,104,0,600,2353,3139,3105,1753,303.493037,15.4498458,1,56,-28,170,-1,-1,49,28,56,1.0
62,5,166,328817,330340,330340,331344,331344,331960,331993,339493,339493,340118,340150,340184,343256,1523,1004,616,7500,625,621,0,600,1811,3106,3072,1211,317.934561,14.44152398,0,15,-1,170,-1,1,51,14,15,2.0
62,5,167,343259,344780,344780,345786,345786,346390,346423,352923,352923,353527,353559,353592,356700,1521,1006,604,6500,604,233,0,600,2232,3141,3108,1632,331.3789378,13.44437687,1,20,-10,160,-1,-1,49,10,20,1.0
62,5,168,356703,358230,358230,359239,359239,359843,359875,368375,368375,369003,369036,369069,372145,1527,1009,604,8500,628,272,0,600,2160,3109,3076,1560,346.8237607,15.44482287,1,28,-8,180,-1,-1,49,20,28,1.0
62,5,169,372148,373672,373672,374677,374677,375281,375314,381314,381314,381933,381965,381998,385095,1524,1005,604,6000,619,100,0,600,2348,3130,3097,1748,359.7742098,12.9504491,1,79,-51,190,-1,-1,49,28,79,1.0
62,5,170,385098,386621,386621,387626,387626,388248,388280,397280,397280,397899,397932,397966,401057,1523,1005,622,9000,619,389,0,600,2042,3125,3091,1442,375.7356296,15.9614198,1,4,3,180,1,1,51,7,4,2.0
62,5,171,401060,402584,402584,403589,403589,404195,404227,412227,412227,412828,412861,412895,416009,1524,1005,606,8000,601,151,0,600,2313,3148,3114,1713,390.6880881,14.95245851,1,40,-12,190,-1,-1,49,28,40,1.0
62,5,172,416012,417533,417533,418538,418538,419143,419176,426176,426176,426776,426808,426841,429955,1521,1005,605,7000,600,962,0,600,1507,3147,3114,907,404.6336439,13.94555576,0,21,-1,200,-1,1,51,20,21,2.0
62,5,173,429958,431482,431482,432487,432487,433094,433128,441628,441628,442253,442285,442319,445398,1524,1005,607,8500,625,439,0,600,2000,3113,3079,1400,420.0766779,15.44303405,1,7,7,190,1,1,51,14,7,2.0
62,5,174,445401,446926,446926,447930,447930,448531,448563,454563,454563,455195,455227,455261,458342,1525,1004,601,6000,632,206,0,600,2232,3115,3081,1632,433.020654,12.94397608,1,10,-3,190,-1,-1,49,7,10,1.0
62,5,175,458345,459870,459870,460879,460879,461483,461515,468515,468515,469115,469147,469180,472304,1525,1009,604,7000,600,194,0,600,2268,3157,3124,1668,446.9823957,13.96174164,1,40,-12,210,-1,-1,49,28,40,1.0
62,5,176,472306,473829,473829,474832,474832,475436,475468,481968,481968,482571,482603,482636,485745,1523,1003,604,6500,603,733,0,600,1734,3142,3109,1134,460.423634,13.4412383,1,40,-20,160,-1,-1,49,20,40,1.0
62,5,177,485748,487275,487275,488279,488279,488909,488941,496941,496941,497565,497598,497632,500709,1527,1004,630,8000,624,632,0,600,1783,3111,3077,1183,475.3879461,14.96431217,1,6,-1,210,-1,-1,49,5,6,1.0
62,5,178,500712,502239,502239,503247,503247,503853,503885,512885,512885,513503,513537,513570,516659,1527,1008,606,9000,618,354,0,600,2087,3122,3089,1487,491.3382837,15.9503376,1,7,13,150,1,1,51,20,7,2.0
62,5,179,516662,518186,518186,519190,519190,519794,519827,527327,527327,527958,527991,528026,531127,1524,1004,604,7500,631,294,0,600,2143,3136,3101,1543,505.8055953,14.46731152,1,7,7,180,1,1,51,14,7,2.0
62,5,180,531130,532648,532648,533654,533654,534279,534311,541811,541811,542440,542474,542508,545591,1518,1006,625,7500,629,1125,0,600,1297,3117,3083,697,520.2693421,14.46374683,1,10,-5,180,-1,-1,49,5,10,1.0
62,6,181,26842,28369,28369,29385,29385,30000,30034,37034,37034,37637,37669,37705,40784,1527,1016,615,7000,603,264,0,600,2175,3115,3079,1575,13.95467978,13.95467978,1,40,-12,160,-1,-1,49,28,40,1.0
62,6,182,40789,42316,42316,43325,43325,43942,43974,50474,50474,51079,51111,51144,54243,1527,1009,617,6500,605,815,0,600,1627,3132,3099,1027,27.41128699,13.45660722,0,15,-1,170,-1,1,51,14,15,2.0
62,6,183,54246,55771,55771,56775,56775,57407,57440,65440,65440,66064,66096,66129,69190,1525,1004,632,8000,624,350,0,600,2065,3094,3061,1465,42.35849747,14.94721048,1,5,2,170,1,1,51,7,5,2.0
62,6,184,69193,70719,70719,71721,71721,72350,72382,79882,79882,80485,80517,80551,83630,1526,1002,629,7500,603,280,0,600,2160,3113,3079,1560,56.79886216,14.44036468,1,20,-13,210,-1,-1,49,7,20,1.0
62,6,185,83633,85159,85159,86163,86163,86768,86801,95801,95801,96404,96436,96469,99596,1526,1004,605,9000,603,1328,0,600,1134,3160,3127,534,72.76461237,15.96575022,1,10,4,180,1,1,51,14,10,2.0
62,6,186,99599,101120,101120,102129,102129,102729,102762,108762,108762,109380,109413,109446,112537,1521,1009,600,6000,618,579,0,600,1873,3124,3091,1273,85.70567318,12.9410608,1,2,3,200,1,1,51,5,2,2.0
62,6,187,112540,114067,114067,115076,115076,115682,115715,124215,124215,124825,124857,124891,128002,1527,1009,606,8500,610,441,0,600,2007,3145,3111,1407,101.1713622,15.46568904,1,4,6,190,1,1,51,10,4,2.0
62,6,188,128006,129526,129526,130535,130535,131141,131174,138674,138674,139307,139339,139373,142455,1520,1009,606,7500,633,377,0,600,2055,3116,3082,1455,115.6233051,14.4519429,1,40,-20,180,-1,-1,49,20,40,1.0
62,6,189,142458,143980,143980,144984,144984,145589,145621,152121,152121,152745,152778,152812,155890,1522,1004,605,6500,624,436,0,600,2009,3112,3078,1409,129.0586128,13.43530771,1,5,5,210,1,1,51,10,5,2.0
62,6,190,155893,157418,157418,158424,158424,159028,159061,167061,167061,167686,167718,167752,170838,1525,1006,604,8000,625,410,0,600,2030,3120,3086,1430,144.0059228,14.94730993,1,5,5,210,1,1,51,10,5,2.0
62,6,191,170841,172359,172359,173363,173363,173984,174017,181017,181017,181617,181649,181683,184788,1518,1004,621,7000,600,495,0,600,1962,3139,3105,1362,157.9558062,13.94988347,1,10,4,190,1,1,51,14,10,2.0
62,6,192,184791,186316,186316,187322,187322,187929,187962,196462,196462,197073,197105,197138,200251,1525,1006,607,8500,611,1315,0,600,1136,3146,3113,536,173.4187376,15.46293138,1,40,-20,170,-1,-1,49,20,40,1.0
62,6,193,200254,201779,201779,202783,202783,203413,203446,212446,212446,213065,213097,213130,216189,1525,1004,630,9000,619,641,0,600,1781,3092,3059,1181,189.3571453,15.93840771,1,2,3,160,1,1,51,5,2,2.0
62,6,194,216192,217720,217720,218727,218727,219331,219363,225363,225363,225978,226011,226045,229125,1528,1007,604,6000,615,1057,0,600,1389,3114,3080,789,202.2929662,12.93582091,1,5,2,170,1,1,51,7,5,2.0
62,6,195,229128,230647,230647,231652,231652,232258,232290,238290,238290,238923,238955,238989,242075,1519,1005,606,6000,633,574,0,600,1863,3120,3086,1263,215.2429069,12.94994072,1,14,14,180,1,1,51,28,14,2.0
62,6,196,242078,243600,243600,244611,244611,245232,245264,253264,253264,253885,253918,253952,257012,1522,1011,621,8000,621,258,0,600,2167,3094,3060,1567,230.1806966,14.93778964,1,2,3,170,1,1,51,5,2,2.0
62,6,197,257016,258538,258538,259543,259543,260146,260178,267678,267678,268279,268312,268345,271464,1522,1005,603,7500,601,1611,0,600,858,3152,3119,258,244.6322604,14.4515638,0,11,-1,180,-1,1,51,10,11,2.0
62,6,198,271467,272991,272991,273994,273994,274602,274634,283134,283134,283765,283797,283830,286928,1524,1003,608,8500,631,1559,0,600,875,3131,3098,275,260.0963682,15.46410785,1,10,10,160,1,1,51,20,10,2.0
62,6,199,286931,288457,288457,289460,289460,290079,290112,299112,299112,299741,299773,299807,302886,1526,1003,619,9000,629,277,0,600,2146,3113,3079,1546,276.0535399,15.95717165,1,4,6,200,1,1,51,10,4,2.0
62,6,200,302889,304412,304412,305422,305422,306026,306059,313059,313059,313692,313724,313757,316832,1523,1010,604,7000,633,498,0,600,1932,3108,3075,1332,289.9998111,13.94627117,1,29,-1,200,-1,-1,49,28,29,1.0
62,6,201,316835,318359,318359,319365,319365,319970,320002,326502,326502,327130,327163,327196,330277,1524,1006,605,6500,628,383,0,600,2054,3114,3081,1454,303.4450227,13.44521162,1,5,9,200,1,1,51,14,5,2.0
62,6,202,330280,331795,331795,332799,332799,333406,333439,340439,340439,341058,341091,341124,344223,1515,1004,607,7000,619,194,0,600,2261,3132,3099,1661,317.3907984,13.94577575,1,57,-37,180,-1,-1,49,20,57,1.0
62,6,203,344226,345755,345755,346761,346761,347364,347397,353897,353897,354525,354557,354590,357672,1529,1006,603,6500,628,962,0,600,1472,3115,3082,872,330.8396787,13.44888027,1,5,2,170,1,1,51,7,5,2.0
62,6,204,357675,359198,359198,360202,360202,360808,360840,369840,369840,370443,370475,370509,373615,1523,1004,606,9000,603,365,0,600,2099,3140,3106,1499,346.7827088,15.94303014,1,40,-26,190,-1,-1,49,14,40,1.0
62,6,205,373618,375140,375140,376145,376145,376751,376783,385283,385283,385888,385921,385955,389054,1522,1005,606,8500,605,129,0,600,2333,3133,3099,1733,362.2220595,15.43935064,1,40,-20,170,-1,-1,49,20,40,1.0
62,6,206,389057,390581,390581,391588,391588,392194,392226,399726,399726,400343,400376,400409,403501,1524,1007,606,7500,617,618,0,600,1828,3125,3092,1228,376.6685979,14.44653847,1,5,5,180,1,1,51,10,5,2.0
62,6,207,403504,405033,405033,406039,406039,406658,406691,412691,412691,413293,413326,413359,416447,1529,1006,619,6000,602,89,0,600,2355,3121,3088,1755,389.6149119,12.94631396,1,14,-9,190,-1,-1,49,5,14,1.0
62,6,208,416450,417977,417977,418984,418984,419591,419624,427624,427624,428225,428258,428292,431401,1527,1007,607,8000,601,927,0,600,1531,3143,3109,931,404.5689377,14.95402584,1,10,18,150,1,1,51,28,10,2.0
62,6,209,431404,432924,432924,433926,433926,434534,434566,443066,443066,443669,443702,443735,446857,1520,1002,608,8500,603,218,0,600,2249,3155,3122,1649,420.0249447,15.45600693,1,56,-28,210,-1,-1,49,28,56,1.0
62,6,210,446860,448387,448387,449396,449396,449998,450030,458030,458030,458650,458682,458715,461799,1527,1009,602,8000,620,121,0,600,2321,3117,3084,1721,434.9670997,14.94215501,1,79,-51,180,-1,-1,49,28,79,1.0
62,6,211,461802,463332,463332,464339,464339,464942,464974,471974,471974,472594,472626,472660,475751,1530,1007,603,7000,620,417,0,600,2023,3125,3091,1423,448.918454,13.95135436,1,2,5,180,1,1,51,7,2,2.0
62,6,212,475754,477277,477277,478283,478283,478889,478921,487921,487921,488523,488556,488589,491708,1523,1006,606,9000,602,863,0,600,1600,3152,3119,1000,464.8756757,15.95722167,1,10,4,170,1,1,51,14,10,2.0
62,6,213,491711,493236,493236,494243,494243,494843,494876,502376,502376,502992,503025,503059,506150,1525,1007,600,7500,616,641,0,600,1811,3125,3091,1211,479.3179021,14.44222643,1,6,-1,160,-1,-1,49,5,6,1.0
62,6,214,506153,507681,507681,508688,508688,509293,509326,515826,515826,516428,516460,516493,519587,1528,1007,605,6500,602,1193,0,600,1265,3127,3094,665,492.755567,13.43766488,0,14,6,190,1,-1,49,20,14,1.0
62,6,215,519590,521113,521113,522119,522119,522741,522774,528774,528774,529405,529438,529471,532531,1523,1006,622,6000,631,315,0,600,2103,3093,3060,1503,505.6986035,12.94303646,1,10,-5,190,-1,-1,49,5,10,1.0
62,6,216,532534,534058,534058,535067,535067,535692,535724,544224,544224,544824,544856,544889,547981,1524,1009,625,8500,600,126,0,600,2316,3125,3092,1716,521.1478743,15.44927082,1,20,-13,200,-1,-1,49,7,20,1.0
63,1,1,69339,70870,70870,71870,71870,72489,72521,79021,79021,79626,79658,79694,82805,1531,1000,619,6500,605,709,0,600,1736,3147,3111,1136,13.50568138,13.50568138,0,8,-1,160,-1,1,51,7,8,2.0
63,1,2,82864,84387,84387,85408,85408,86016,86048,92048,92048,92665,92697,92731,95825,1523,1021,608,6000,617,607,0,600,1824,3128,3094,1224,26.46878995,12.96310857,1,57,-37,190,-1,-1,49,20,57,1.0
63,1,3,95828,97354,97354,98360,98360,98963,98996,107496,107496,108128,108161,108194,111270,1526,1006,603,8500,632,15,0,600,2418,3109,3076,1818,41.91361041,15.44482046,1,20,-13,190,-1,-1,49,7,20,1.0
63,1,4,111273,112796,112796,113805,113805,114411,114443,123443,123443,124071,124103,124136,127233,1523,1009,606,9000,628,520,0,600,1914,3130,3097,1314,57.87697483,15.96336442,1,5,5,170,1,1,51,10,5,2.0
63,1,5,127236,128765,128765,129774,129774,130378,130413,138413,138413,139037,139070,139103,142192,1529,1009,604,8000,624,249,0,600,2185,3122,3089,1585,72.83574937,14.95877454,1,4,1,170,1,1,51,5,4,2.0
63,1,6,142195,143719,143719,144727,144727,145333,145365,152365,152365,152965,152997,153031,156128,1524,1008,606,7000,600,615,0,600,1847,3131,3097,1247,86.77140966,13.93566029,1,10,4,160,1,1,51,14,10,2.0
63,1,7,156130,157653,157653,158656,158656,159263,159295,166795,166795,167408,167440,167474,170579,1523,1003,607,7500,613,203,0,600,2251,3139,3105,1651,101.2227426,14.45133297,1,79,-51,150,-1,-1,49,28,79,1.0
63,1,8,170582,172109,172109,173112,173112,173718,173751,181751,181751,182351,182384,182419,185528,1527,1003,606,8000,600,886,0,600,1578,3144,3109,978,116.1712649,14.94852226,1,28,-14,180,-1,-1,49,14,28,1.0
63,1,9,185531,187046,187046,188056,188056,188659,188691,194691,194691,195317,195350,195384,198465,1515,1010,603,6000,626,338,0,600,2108,3115,3081,1508,129.1075939,12.93632899,1,5,9,170,1,1,51,14,5,2.0
63,1,10,198467,199993,199993,200999,200999,201605,201637,208137,208137,208754,208786,208820,211906,1526,1006,606,6500,617,247,0,600,2198,3120,3086,1598,142.5494147,13.44182081,1,56,-28,160,-1,-1,49,28,56,1.0
63,1,11,211909,213432,213432,214435,214435,215042,215075,223575,223575,224178,224210,224243,227367,1523,1003,607,8500,603,673,0,600,1791,3157,3124,1191,158.0106046,15.46118987,0,20,-6,160,-1,1,51,14,20,2.0
63,1,12,227370,228897,228897,229908,229908,230534,230566,238066,238066,238697,238729,238762,241822,1527,1011,626,7500,631,1001,0,600,1404,3093,3060,804,172.4657285,14.45512397,0,6,-1,190,-1,1,51,5,6,2.0
63,1,13,241825,243350,243350,244357,244357,244982,245015,254015,254015,254632,254665,254699,257757,1525,1007,625,9000,617,512,0,600,1914,3092,3058,1314,188.4006797,15.93495121,1,2,3,160,1,1,51,5,2,2.0
63,1,14,257760,259286,259286,260293,260293,260901,260933,267933,267933,268534,268567,268600,271721,1526,1007,608,7000,601,1059,0,600,1399,3154,3121,799,202.3647454,13.96406566,1,20,8,160,1,1,51,28,20,2.0
63,1,15,271724,273251,273251,274257,274257,274865,274898,280898,280898,281515,281549,281583,284673,1527,1006,608,6000,617,96,0,600,2346,3124,3090,1746,215.3161612,12.95141584,1,56,-28,210,-1,-1,49,28,56,1.0
63,1,16,284676,286205,286205,287207,287207,287813,287846,296846,296846,297447,297480,297513,300623,1529,1002,606,9000,601,823,0,600,1639,3143,3110,1039,231.2662412,15.95007995,0,20,-6,210,-1,1,51,14,20,2.0
63,1,17,300626,302149,302149,303156,303156,303759,303792,310792,310792,311392,311426,311459,314569,1523,1007,603,7000,600,1084,0,600,1383,3143,3110,783,245.2117475,13.94550634,0,14,-4,180,-1,1,51,10,14,2.0
63,1,18,314571,316096,316096,317100,317100,317703,317736,326236,326236,326868,326901,326934,330007,1525,1004,603,8500,632,1273,0,600,1163,3106,3073,563,260.6501646,15.43841705,0,21,-1,150,-1,1,51,20,21,2.0
63,1,19,330010,331531,331531,332536,332536,333141,333174,340674,340674,341277,341309,341342,344453,1521,1005,605,7500,603,469,0,600,1997,3144,3111,1397,275.096374,14.44620939,1,20,-10,180,-1,-1,49,10,20,1.0
63,1,20,344456,345983,345983,346991,346991,347595,347627,355627,355627,356251,356283,356316,359393,1527,1008,604,8000,624,212,0,600,2225,3110,3077,1625,290.0367814,14.94040748,1,4,3,160,1,1,51,7,4,2.0
63,1,21,359396,360923,360923,361929,361929,362560,362592,369092,369092,369717,369750,369783,372858,1527,1006,631,6500,625,141,0,600,2270,3108,3075,1670,303.5013181,13.46453668,1,7,-2,200,-1,-1,49,5,7,1.0
63,1,22,372861,374390,374390,375395,375395,375999,376032,383032,383032,383633,383665,383700,386820,1529,1005,604,7000,601,900,0,600,1561,3155,3120,961,317.4635311,13.96221296,0,21,-1,190,-1,1,51,20,21,2.0
63,1,23,386823,388346,388346,389352,389352,389956,389989,397989,397989,398591,398623,398656,401757,1523,1006,604,8000,602,909,0,600,1556,3134,3101,956,332.4004863,14.93695519,1,28,-18,200,-1,-1,49,10,28,1.0
63,1,24,401760,403285,403285,404290,404290,404895,404927,413927,413927,414533,414565,414598,417697,1525,1005,605,9000,606,225,0,600,2234,3132,3099,1634,348.3403802,15.93989397,1,40,-26,170,-1,-1,49,14,40,1.0
63,1,25,417700,419227,419227,420233,420233,420837,420870,426870,426870,427487,427520,427553,430654,1527,1006,604,6000,617,201,0,600,2245,3134,3101,1645,361.2965867,12.95620642,1,4,3,190,1,1,51,7,4,2.0
63,1,26,430657,432181,432181,433185,433185,433785,433818,440318,440318,440946,440978,441012,444100,1524,1004,600,6500,628,1417,0,600,1027,3122,3088,427,374.7430531,13.44646644,1,4,1,150,1,1,51,5,4,2.0
63,1,27,444103,445627,445627,446635,446635,447236,447268,455768,455768,456370,456402,456436,459553,1524,1008,601,8500,602,316,0,600,2149,3151,3117,1549,390.1956343,15.45258116,1,14,-4,150,-1,-1,49,10,14,1.0
63,1,28,459556,461078,461078,462084,462084,462713,462745,470245,470245,470861,470893,470926,474008,1522,1006,629,7500,616,184,0,600,2243,3115,3082,1643,404.6511675,14.4555332,1,2,3,170,1,1,51,5,2,2.0
63,1,29,474011,475536,475536,476539,476539,477145,477178,483678,483678,484295,484328,484361,487464,1525,1003,606,6500,617,227,0,600,2222,3136,3103,1622,418.1067386,13.45557117,1,79,-51,210,-1,-1,49,28,79,1.0
63,1,30,487467,488989,488989,489995,489995,490613,490645,499145,499145,499745,499777,499810,502900,1522,1006,618,8500,600,1351,0,600,1103,3123,3090,503,433.5425665,15.43582784,0,14,-7,170,-1,1,51,7,14,2.0
63,1,31,502903,504431,504431,505435,505435,506042,506075,514075,514075,514679,514711,514745,517851,1528,1004,607,8000,604,1114,0,600,1343,3140,3106,743,448.4934007,14.95083423,1,7,3,180,1,1,51,10,7,2.0
63,1,32,517854,519376,519376,520408,520408,521034,521066,528566,528566,529198,529231,529265,532286,1522,1032,626,7500,632,870,0,600,1518,3055,3021,918,462.9282853,14.43488461,1,28,-8,180,-1,-1,49,20,28,1.0
63,1,33,532288,533812,533812,534819,534819,535427,535461,541461,541461,542079,542112,542146,545244,1524,1007,608,6000,618,104,0,600,2339,3132,3098,1739,475.8870933,12.95880799,1,79,-51,180,-1,-1,49,28,79,1.0
63,1,34,545247,546769,546769,547773,547773,548383,548415,557415,557415,558017,558049,558083,561204,1522,1004,610,9000,602,544,0,600,1918,3155,3121,1318,491.8466019,15.95950863,0,28,-8,190,-1,1,51,20,28,2.0
63,1,35,561207,562734,562734,563741,563741,564345,564378,571378,571378,572007,572039,572073,575161,1527,1007,604,7000,629,89,0,600,2344,3122,3088,1744,505.8038444,13.95724247,1,10,10,170,1,1,51,20,10,2.0
63,1,36,575164,576689,576689,577695,577695,578298,578330,585830,585830,586449,586482,586517,589606,1525,1006,603,7500,619,124,0,600,2323,3124,3089,1723,520.248525,14.44468064,1,2,5,180,1,1,51,7,2,2.0
63,2,37,30272,31799,31799,32817,32817,33431,33464,41464,41464,42065,42098,42135,45220,1527,1018,614,8000,601,199,0,600,2241,3122,3085,1641,14.9609964,14.9609964,1,28,-18,160,-1,-1,49,10,28,1.0
63,2,38,45225,46751,46751,47756,47756,48364,48396,55896,55896,56514,56547,56581,59663,1526,1005,608,7500,618,76,0,600,2367,3116,3082,1767,29.40197644,14.44098004,1,57,-37,200,-1,-1,49,20,57,1.0
63,2,39,59666,61194,61194,62197,62197,62804,62836,69836,69836,70444,70477,70511,73610,1528,1003,607,7000,608,96,0,600,2358,3133,3099,1758,43.34863334,13.9466569,1,40,-20,190,-1,-1,49,20,40,1.0
63,2,40,73613,75142,75142,76151,76151,76757,76789,83289,83289,83916,83949,83982,87066,1529,1009,606,6500,627,147,0,600,2282,3117,3084,1682,56.80513388,13.45650054,1,4,6,170,1,1,51,10,4,2.0
63,2,41,87069,88596,88596,89605,89605,90213,90246,99246,99246,99846,99879,99912,103011,1527,1009,608,9000,600,422,0,600,2034,3132,3099,1434,72.75003119,15.94489731,1,7,13,170,1,1,51,20,7,2.0
63,2,42,103014,104543,104543,105546,105546,106146,106178,112178,112178,112782,112814,112848,115951,1529,1003,600,6000,604,36,0,600,2428,3137,3103,1828,85.68980492,12.93977373,1,10,-5,150,-1,-1,49,5,10,1.0
63,2,43,115954,117478,117478,118485,118485,119092,119126,127626,127626,128229,128261,128295,131415,1524,1007,607,8500,603,258,0,600,2201,3154,3120,1601,101.1536449,15.46383995,1,28,-14,150,-1,-1,49,14,28,1.0
63,2,44,131418,132943,132943,133948,133948,134557,134589,142089,142089,142692,142725,142759,145855,1525,1005,609,7500,603,1170,0,600,1288,3130,3096,688,115.5940177,14.44037282,1,13,1,160,1,1,51,14,13,2.0
63,2,45,145858,147380,147380,148390,148390,148997,149029,156029,156029,156630,156664,156698,159819,1522,1010,607,7000,601,677,0,600,1783,3155,3121,1183,129.5580472,13.9640295,1,14,-7,200,-1,-1,49,7,14,1.0
63,2,46,159822,161344,161344,162352,162352,162958,162990,169490,169490,170090,170122,170158,173276,1522,1008,606,6500,600,118,0,600,2346,3154,3118,1746,143.0144775,13.45643032,1,7,7,150,1,1,51,14,7,2.0
63,2,47,173279,174800,174800,175810,175810,176414,176447,185447,185447,186065,186097,186130,189222,1521,1010,604,9000,618,347,0,600,2100,3125,3092,1500,158.9609774,15.94649989,1,5,2,150,1,1,51,7,5,2.0
63,2,48,189225,190725,190725,191734,191734,192339,192371,200371,200371,201004,201036,201070,204181,1500,1009,605,8000,633,1573,0,600,880,3145,3111,280,173.9197312,14.95875374,0,19,1,170,1,-1,49,20,19,1.0
63,2,49,204184,205706,205706,206712,206712,207318,207351,215851,215851,216485,216518,216551,219630,1522,1006,606,8500,634,1023,0,600,1409,3112,3079,809,189.3689049,15.44917379,1,10,-3,170,-1,-1,49,7,10,1.0
63,2,50,219633,221155,221155,222161,222161,222768,222801,228801,228801,229423,229457,229490,232579,1522,1006,607,6000,622,26,0,600,2417,3122,3089,1817,202.3177707,12.9488658,1,4,6,200,1,1,51,10,4,2.0
63,2,51,232582,234109,234109,235115,235115,235721,235754,243254,243254,243887,243919,243954,247041,1527,1006,606,7500,633,90,0,600,2338,3122,3087,1738,216.7789914,14.46122061,1,14,14,150,1,1,51,28,14,2.0
63,2,52,247043,248562,248562,249568,249568,250172,250205,259206,259206,259838,259870,259904,262955,1519,1006,604,9001,632,-1,2501,0,537,3085,3051,-63,232.6937116,15.91472029,-1,7,7,160,1,-2,-1,14,7,
63,2,53,262958,264485,264485,265490,265490,266100,266133,273133,273133,273753,273785,273819,276892,1527,1005,610,7000,620,269,0,600,2169,3107,3073,1569,246.6300358,13.93632416,1,56,-28,170,-1,-1,49,28,56,1.0
63,2,54,276895,278417,278417,279425,279425,280053,280087,288087,288087,288689,288721,288754,291847,1522,1008,628,8000,602,1102,0,600,1338,3126,3093,738,261.5851486,14.95511282,1,7,-2,160,-1,-1,49,5,7,1.0
63,2,55,291850,293378,293378,294384,294384,294990,295022,301522,301522,302124,302156,302190,305301,1528,1006,606,6500,602,210,0,600,2248,3145,3111,1648,275.038965,13.4538164,1,20,-10,160,-1,-1,49,10,20,1.0
63,2,56,305304,306824,306824,307831,307831,308459,308491,314491,314491,315111,315144,315177,318252,1520,1007,628,6000,620,334,0,600,2091,3108,3075,1491,287.9906967,12.95173166,1,2,3,170,1,1,51,5,2,2.0
63,2,57,318255,319776,319776,320782,320782,321386,321418,329918,329918,330519,330551,330584,333705,1521,1006,604,8500,601,448,0,600,2020,3154,3121,1420,303.4435777,15.45288101,1,10,-3,170,-1,-1,49,7,10,1.0
63,2,58,333708,335230,335230,336237,336237,336841,336873,344873,344873,345474,345506,345539,348640,1522,1007,604,8000,601,170,0,600,2296,3134,3101,1696,318.3780528,14.93447507,1,20,-10,170,-1,-1,49,10,20,1.0
63,2,59,348643,350163,350163,351166,351166,351794,351826,360326,360326,360927,360959,360993,364076,1520,1003,628,8500,601,83,0,600,2365,3117,3083,1765,333.8144562,15.43640342,1,40,-26,150,-1,-1,49,14,40,1.0
63,2,60,364079,365607,365607,366613,366613,367222,367254,373254,373254,373872,373905,373938,377038,1528,1006,609,6000,618,64,0,600,2375,3133,3100,1775,346.775848,12.96139177,1,56,-28,170,-1,-1,49,28,56,1.0
63,2,61,377041,378563,378563,379564,379564,380167,380200,387200,387200,387800,387832,387866,390988,1522,1001,603,7000,600,50,0,600,2424,3156,3122,1824,360.7264957,13.95064769,1,20,-13,170,-1,-1,49,7,20,1.0
63,2,62,390991,392521,392521,393526,393527,394133,394166,403166,403166,403769,403801,403835,406941,1530,1005,606,9000,603,661,0,600,1795,3140,3106,1195,376.679637,15.95314138,1,14,14,160,1,1,51,28,14,2.0
63,2,63,406944,408464,408464,409469,409469,410069,410102,417602,417602,418215,418247,418281,421403,1520,1005,600,7500,613,189,0,600,2273,3156,3122,1673,391.1406645,14.46102744,1,4,1,170,1,1,51,5,4,2.0
63,2,64,421405,422921,422921,423925,423925,424530,424562,431062,431062,431693,431725,431758,434850,1516,1004,605,6500,631,451,0,600,1993,3125,3092,1393,404.5882393,13.44757481,1,20,8,170,1,1,51,28,20,2.0
63,2,65,434853,436376,436376,437380,437380,437985,438017,444517,444517,445150,445184,445217,448285,1523,1004,605,6500,633,234,0,600,2201,3101,3068,1601,418.0234686,13.43522936,1,6,1,190,1,1,51,7,6,2.0
63,2,66,448288,449814,449814,450818,450818,451440,451473,458473,458473,459106,459139,459173,462225,1526,1004,622,7000,633,635,0,600,1780,3086,3052,1180,431.963349,13.93988041,1,7,-2,210,-1,-1,49,5,7,1.0
63,2,67,462228,463755,463755,464762,464762,465370,465403,472903,472903,473534,473566,473601,476677,1527,1007,608,7500,631,684,0,600,1743,3111,3076,1143,446.4145606,14.45121152,1,10,10,190,1,1,51,20,10,2.0
63,2,68,476679,478206,478206,479213,479213,479816,479849,487849,487849,488473,488505,488538,491625,1527,1007,603,8000,624,219,0,600,2220,3120,3087,1620,461.3632441,14.94868349,1,7,13,160,1,1,51,20,7,2.0
63,2,69,491628,493154,493154,494160,494160,494764,494796,500796,500796,501398,501430,501464,504587,1526,1006,604,6000,602,1129,0,600,1333,3157,3123,733,474.3253169,12.96207283,1,27,1,210,1,1,51,28,27,2.0
63,2,70,504590,506110,506110,507118,507118,507742,507775,516275,516275,516895,516927,516961,520054,1520,1008,624,8500,620,380,0,600,2048,3127,3093,1448,489.7921746,15.46685768,1,3,2,190,1,1,51,5,3,2.0
63,2,71,520057,521582,521582,522583,522583,523192,523225,532225,532225,532857,532889,532922,536010,1525,1001,609,9000,632,442,0,600,1991,3121,3088,1391,505.7482553,15.95608076,1,40,-26,200,-1,-1,49,14,40,1.0
63,2,72,536013,537538,537538,538547,538547,539153,539185,548185,548185,548786,548819,548854,551956,1525,1009,606,9000,601,626,0,600,1833,3137,3102,1233,521.6938213,15.94556601,1,9,1,180,1,1,51,10,9,2.0
63,3,73,31382,32908,32908,33928,33928,34536,34569,41069,41069,41680,41712,41748,44826,1526,1020,608,6500,611,1074,0,600,1361,3114,3078,761,13.45626187,13.45626187,1,56,-28,200,-1,-1,49,28,56,1.0
63,3,74,44831,46354,46354,47361,47361,47979,48011,55511,55511,56136,56168,56201,59266,1523,1007,618,7500,625,197,0,600,2230,3098,3065,1630,27.89436973,14.43810786,1,4,6,160,1,1,51,10,4,2.0
63,3,75,59268,60794,60794,61800,61800,62420,62453,68453,68453,69083,69117,69151,72224,1526,1006,620,6000,630,138,0,600,2280,3107,3073,1680,40.85239481,12.95802508,1,5,2,180,1,1,51,7,5,2.0
63,3,76,72227,73754,73754,74763,74763,75389,75421,83421,83421,84024,84056,84091,87174,1527,1009,626,8000,603,298,0,600,2137,3118,3083,1537,55.80275019,14.95035538,1,20,-10,200,-1,-1,49,10,20,1.0
63,3,77,87177,88705,88705,89713,89713,90320,90353,98853,98853,99453,99485,99519,102638,1528,1008,607,8500,600,321,0,600,2136,3153,3119,1536,71.26653469,15.4637845,1,14,14,150,1,1,51,28,14,2.0
63,3,78,102641,104164,104164,105171,105171,105801,105834,112834,112834,113436,113469,113503,116599,1523,1007,630,7000,602,648,0,600,1790,3130,3096,1190,85.22772155,13.96118685,1,6,-1,170,-1,-1,49,5,6,1.0
63,3,79,116602,118122,118122,119126,119126,119732,119764,128764,128764,129366,129398,129431,132559,1520,1004,606,9000,602,646,0,600,1822,3161,3128,1222,101.1875978,15.95987628,0,21,-1,180,-1,1,51,20,21,2.0
63,3,80,132562,134089,134089,135096,135096,135701,135733,143733,143733,144333,144366,144399,147502,1527,1007,605,8000,600,848,0,600,1613,3136,3103,1013,116.1303869,14.94278905,0,20,-6,210,-1,1,51,14,20,2.0
63,3,81,147505,149033,149033,150037,150037,150639,150671,158171,158171,158794,158827,158861,161964,1528,1004,602,7500,623,238,0,600,2205,3137,3103,1605,130.5921092,14.46172236,1,3,2,160,1,1,51,5,3,2.0
63,3,82,161966,163490,163490,164496,164496,165099,165132,171132,171132,171752,171784,171818,174916,1524,1006,603,6000,620,227,0,600,2220,3132,3098,1620,143.5440669,12.95195767,1,2,3,170,1,1,51,5,2,2.0
63,3,83,174919,176443,176443,177450,177450,178077,178109,185109,185109,185741,185773,185808,188878,1524,1007,627,7000,632,260,0,600,2150,3105,3070,1550,157.5063609,13.96229402,1,14,-9,200,-1,-1,49,5,14,1.0
63,3,84,188881,190408,190408,191413,191413,192022,192054,201054,201054,201657,201689,201722,204815,1527,1005,609,9000,603,162,0,600,2294,3126,3093,1694,173.4428789,15.93651793,1,14,-7,180,-1,-1,49,7,14,1.0
63,3,85,204817,206339,206339,207348,207348,207951,207984,216484,216484,217085,217117,217152,220269,1522,1009,603,8500,601,930,0,600,1535,3152,3117,935,188.8966935,15.4538146,0,15,-1,150,-1,1,51,14,15,2.0
63,3,86,220272,221797,221797,222802,222802,223408,223441,229941,229941,230541,230575,230609,233706,1525,1005,606,6500,600,98,0,600,2366,3131,3097,1766,202.3339624,13.4372689,1,7,13,150,1,1,51,20,7,2.0
63,3,87,233709,235239,235239,236247,236247,236851,236884,245384,245384,245996,246028,246063,249166,1530,1008,604,8500,612,334,0,600,2112,3138,3103,1512,217.7937826,15.45982023,1,40,-20,170,-1,-1,49,20,40,1.0
63,3,88,249169,250694,250694,251698,251698,252302,252335,259337,259337,259938,259971,260004,263099,1525,1004,604,7002,601,1364,0,600,1100,3128,3095,500,231.7271396,13.93335706,1,28,-14,170,-1,-1,49,14,28,1.0
63,3,89,263101,264624,264624,265629,265629,266232,266264,272264,272264,272881,272913,272948,276049,1523,1005,603,6000,617,360,0,600,2092,3136,3101,1492,244.6768375,12.94969784,1,57,-37,190,-1,-1,49,20,57,1.0
63,3,90,276052,277580,277580,278586,278586,279195,279227,287227,287227,287828,287861,287896,291011,1528,1006,609,8000,601,570,0,600,1886,3150,3115,1286,259.6389401,14.96210266,0,11,-1,210,-1,1,51,10,11,2.0
63,3,91,291013,292540,292540,293545,293545,294177,294209,300709,300709,301326,301358,301392,304451,1527,1005,632,6500,617,642,0,600,1777,3093,3059,1177,273.0792539,13.44031375,1,40,-26,150,-1,-1,49,14,40,1.0
63,3,92,304454,305976,305976,306981,306981,307585,307618,315118,315118,315739,315771,315805,318917,1522,1005,604,7500,621,208,0,600,2240,3146,3112,1640,287.5446973,14.46544344,1,2,5,160,1,1,51,7,2,2.0
63,3,93,318920,320446,320446,321451,321451,322057,322089,331089,331089,331690,331722,331755,334868,1526,1005,606,9000,601,1280,0,600,1182,3146,3113,582,303.4961982,15.95150082,1,11,-1,200,-1,-1,49,10,11,1.0
63,3,94,334871,336397,336397,337403,337403,338007,338040,344540,344540,345170,345202,345235,348329,1526,1006,604,6500,630,645,0,600,1789,3127,3094,1189,316.9564867,13.46028853,1,5,2,200,1,1,51,7,5,2.0
63,3,95,348331,349854,349854,350857,350857,351484,351517,359517,359517,360118,360151,360185,363284,1523,1003,627,8000,601,455,0,600,1991,3133,3099,1391,331.9121257,14.95563898,1,14,-7,170,-1,-1,49,7,14,1.0
63,3,96,363287,364811,364811,365819,365819,366448,366480,372480,372480,373107,373140,373173,376247,1524,1008,629,6000,627,458,0,600,1954,3107,3074,1354,344.8746794,12.96255378,1,3,2,160,1,1,51,5,3,2.0
63,3,97,376250,377777,377777,378783,378783,379388,379420,387920,387920,388533,388565,388598,391707,1527,1006,605,8500,613,434,0,600,2015,3142,3109,1415,360.3347016,15.46002213,1,40,-26,190,-1,-1,49,14,40,1.0
63,3,98,391710,393239,393239,394247,394247,394873,394906,402406,402406,403017,403049,403082,406144,1529,1008,626,7500,611,194,0,600,2232,3095,3062,1632,374.7717059,14.43700431,1,40,-12,150,-1,-1,49,28,40,1.0
63,3,99,406147,407671,407671,408678,408678,409283,409316,416316,416316,416924,416956,416990,420091,1524,1007,605,7000,608,262,0,600,2194,3135,3101,1594,388.7190547,13.9473488,1,56,-28,160,-1,-1,49,28,56,1.0
63,3,100,420094,421624,421624,422632,422632,423237,423269,432269,432269,432870,432903,432936,436025,1530,1008,605,9000,601,1096,0,600,1360,3122,3089,760,404.6524253,15.93337062,0,15,-1,190,-1,1,51,14,15,2.0
63,3,101,436027,437556,437556,438564,438564,439183,439216,445216,445216,445835,445867,445900,448976,1529,1008,619,6000,619,200,0,600,2225,3109,3076,1625,417.6036082,12.95118289,1,2,3,190,1,1,51,5,2,2.0
63,3,102,448979,450504,450504,451509,451509,452139,452172,460172,460172,460793,460826,460859,463941,1525,1005,630,8000,621,209,0,600,2210,3115,3082,1610,432.5684269,14.96481874,1,4,6,180,1,1,51,10,4,2.0
63,3,103,463944,465463,465463,466465,466465,467074,467106,476106,476106,476706,476738,476772,479890,1519,1002,609,9000,600,84,0,600,2386,3152,3118,1786,448.518317,15.9498901,1,40,-12,150,-1,-1,49,28,40,1.0
63,3,104,479894,481415,481415,482420,482420,483027,483059,490059,490059,490673,490706,490739,493828,1521,1005,607,7000,614,56,0,600,2397,3122,3089,1797,462.4552671,13.93695007,1,57,-37,150,-1,-1,49,20,57,1.0
63,3,105,493831,495354,495354,496357,496357,496965,496998,503498,503498,504099,504131,504164,507290,1523,1003,608,6500,601,254,0,600,2211,3159,3126,1611,475.9175825,13.46231541,1,5,2,150,1,1,51,7,5,2.0
63,3,106,507293,508817,508817,509821,509821,510427,510459,518960,518960,519572,519605,519638,522738,1524,1004,606,8501,612,616,0,600,1837,3133,3100,1237,491.3652905,15.44770801,1,40,-12,210,-1,-1,49,28,40,1.0
63,3,107,522741,524268,524268,525269,525269,525874,525907,533407,533407,534008,534041,534075,537179,1527,1001,605,7500,601,259,0,600,2207,3138,3104,1607,505.8065725,14.441282,1,7,13,160,1,1,51,20,7,2.0
63,3,108,537182,538709,538709,539716,539716,540319,540352,546852,546852,547455,547489,547522,550630,1527,1007,603,6500,603,203,0,600,2257,3141,3108,1657,519.2577819,13.45120941,1,28,-18,180,-1,-1,49,10,28,1.0
63,4,109,44590,46114,46114,47133,47133,47739,47772,56272,56272,56873,56907,56944,60044,1524,1019,606,8500,601,837,0,600,1613,3137,3100,1013,15.46648431,15.46648431,1,7,-2,170,-1,-1,49,5,7,1.0
63,4,110,60049,61571,61571,62574,62574,63180,63212,69212,69212,69836,69869,69902,73005,1522,1003,606,6000,624,192,0,600,2253,3136,3103,1653,28.42542549,12.95894118,1,14,-7,160,-1,-1,49,7,14,1.0
63,4,111,73008,74538,74538,75549,75549,76155,76188,83188,83188,83819,83852,83886,86956,1530,1011,606,7000,631,39,0,600,2383,3104,3070,1783,42.37635646,13.95093096,1,14,14,180,1,1,51,28,14,2.0
63,4,112,86958,88481,88481,89488,89488,90093,90125,99125,99125,99725,99757,99790,102912,1523,1007,605,9000,600,86,0,600,2379,3155,3122,1779,58.33257373,15.95621727,1,40,-20,190,-1,-1,49,20,40,1.0
63,4,113,102915,104443,104443,105451,105451,106052,106084,112584,112584,113184,113216,113249,116366,1528,1008,601,6500,600,373,0,600,2090,3150,3117,1490,71.7861822,13.45360847,1,20,8,210,1,1,51,28,20,2.0
63,4,114,116369,117892,117892,118900,118900,119505,119537,127037,127037,127669,127703,127736,130818,1523,1008,605,7500,632,1287,0,600,1145,3115,3082,545,86.23860636,14.45242416,1,6,1,160,1,1,51,7,6,2.0
63,4,115,130821,132343,132343,133347,133347,133952,133986,141986,141986,142588,142621,142654,145764,1522,1004,605,8000,602,275,0,600,2192,3143,3110,1592,101.1838888,14.94528244,1,28,-14,200,-1,-1,49,14,28,1.0
63,4,116,145767,147296,147296,148304,148304,148910,148943,155443,155443,156044,156076,156111,159216,1529,1008,606,6500,601,982,0,600,1474,3140,3105,874,114.6363193,13.45243049,1,10,4,190,1,1,51,14,10,2.0
63,4,117,159219,160743,160743,161749,161749,162352,162385,170885,170885,171486,171518,171553,174664,1524,1006,603,8500,601,206,0,600,2260,3146,3111,1660,130.0844591,15.44813985,1,10,-5,160,-1,-1,49,5,10,1.0
63,4,118,174667,176192,176192,177197,177197,177805,177837,183837,183837,184452,184485,184518,187617,1525,1005,608,6000,615,353,0,600,2094,3132,3099,1494,143.037345,12.95288583,1,7,7,170,1,1,51,14,7,2.0
63,4,119,187620,189150,189150,190155,190155,190759,190792,198792,198792,199394,199426,199459,202566,1530,1005,604,8000,602,528,0,600,1931,3140,3107,1331,157.9858494,14.94850448,1,7,3,200,1,1,51,10,7,2.0
63,4,120,202569,204094,204094,205101,205101,205702,205735,212735,212735,213336,213368,213403,216531,1525,1007,601,7000,601,1165,0,600,1301,3163,3128,701,171.9510819,13.9652325,1,7,-2,190,-1,-1,49,5,7,1.0
63,4,121,216534,218061,218061,219066,219066,219668,219700,227200,227200,227832,227865,227899,230975,1527,1005,602,7500,632,849,0,600,1585,3110,3076,985,186.3947524,14.44367051,1,7,-2,200,-1,-1,49,5,7,1.0
63,4,122,230978,232505,232505,233511,233511,234115,234149,243149,243149,243773,243805,243838,246913,1527,1006,604,9000,624,1020,0,600,1419,3108,3075,819,202.3334024,15.93864999,1,4,3,150,1,1,51,7,4,2.0
63,4,123,246916,248437,248437,249442,249442,250046,250079,257079,257079,257680,257713,257747,260865,1521,1005,604,7000,601,1606,0,600,863,3152,3118,263,216.2849479,13.95154542,0,14,6,190,1,-1,49,20,14,1.0
63,4,124,260868,262394,262394,263402,263402,264007,264040,271540,271540,272156,272189,272224,275307,1526,1008,605,7500,616,212,0,600,2233,3118,3083,1633,230.7272183,14.44227043,1,40,-12,190,-1,-1,49,28,40,1.0
63,4,125,275310,276836,276836,277842,277842,278447,278479,287479,287479,288096,288129,288163,291272,1526,1006,605,9000,617,500,0,600,1946,3143,3109,1346,246.6921528,15.96493446,1,2,3,210,1,1,51,5,2,2.0
63,4,126,291275,292798,292798,293806,293806,294417,294449,300449,300449,301049,301082,301117,304228,1523,1008,611,6000,600,1082,0,600,1376,3146,3111,776,259.6476676,12.95551482,1,20,8,180,1,1,51,28,20,2.0
63,4,127,304231,305755,305755,306764,306764,307368,307401,315901,315901,316528,316561,316596,319679,1524,1009,604,8500,627,1674,0,600,762,3118,3083,162,275.0990626,15.45139505,1,20,-13,180,-1,-1,49,7,20,1.0
63,4,128,319682,321209,321209,322214,322214,322819,322852,329352,329352,329954,329987,330021,333147,1527,1005,605,6500,602,193,0,600,2268,3160,3126,1668,288.566284,13.46722141,1,5,5,150,1,1,51,10,5,2.0
63,4,129,333150,334674,334674,335682,335682,336285,336317,344317,344317,344919,344951,344985,348090,1524,1008,603,8000,602,494,0,600,1969,3139,3105,1369,303.5096999,14.94341587,1,10,10,170,1,1,51,20,10,2.0
63,4,130,348093,349613,349613,350615,350615,351223,351256,360256,360256,360865,360897,360929,364023,1520,1002,608,9000,609,1198,0,600,1263,3126,3094,663,319.4430199,15.93331999,0,20,-10,210,-1,1,51,10,20,2.0
63,4,131,364026,365555,365555,366561,366561,367166,367198,374198,374198,374800,374833,374866,377974,1529,1006,605,7000,602,237,0,600,2221,3141,3108,1621,333.3931637,13.95014383,1,14,6,180,1,1,51,20,14,2.0
63,4,132,377976,379502,379502,380508,380508,381134,381166,387166,387166,387783,387815,387848,390910,1526,1006,626,6000,617,92,0,600,2333,3095,3062,1733,346.3299315,12.93676775,1,40,-26,170,-1,-1,49,14,40,1.0
63,4,133,390913,392437,392437,393443,393443,394047,394079,402579,402579,403180,403212,403246,406349,1524,1006,604,8500,601,392,0,600,2073,3137,3103,1473,361.7683491,15.43841765,1,28,-18,180,-1,-1,49,10,28,1.0
63,4,134,406352,407878,407878,408883,408883,409489,409521,417521,417521,418145,418177,418210,421295,1526,1005,606,8000,624,1054,0,600,1385,3118,3085,785,376.7143642,14.94601502,1,2,5,160,1,1,51,7,2,2.0
63,4,135,421298,422824,422824,423832,423832,424437,424470,431970,431970,432596,432628,432662,435749,1526,1008,605,7500,626,248,0,600,2187,3121,3087,1587,391.1689812,14.45461709,1,5,2,200,1,1,51,7,5,2.0
63,4,136,435752,437275,437275,438279,438279,438885,438917,445417,445417,446051,446084,446117,449191,1523,1004,606,6500,634,366,0,600,2067,3107,3074,1467,404.6106634,13.44168219,1,7,7,150,1,1,51,14,7,2.0
63,4,137,449194,450720,450720,451725,451725,452328,452360,458860,458860,459460,459492,459527,462651,1526,1005,603,6500,600,194,0,600,2272,3159,3124,1672,418.0701025,13.45943902,1,10,18,210,1,1,51,28,10,2.0
63,4,138,462654,464177,464177,465182,465182,465799,465832,471832,471832,472436,472469,472503,475587,1523,1005,617,6000,604,572,0,600,1879,3118,3084,1279,431.0062693,12.93616686,1,20,-10,150,-1,-1,49,10,20,1.0
63,4,139,475590,477115,477115,478120,478120,478726,478758,486258,486258,486875,486907,486940,490044,1525,1005,606,7500,617,1082,0,600,1365,3137,3104,765,445.4637453,14.45747601,1,56,-28,210,-1,-1,49,28,56,1.0
63,4,140,490047,491569,491569,492572,492572,493192,493224,500224,500224,500825,500858,500893,504004,1522,1003,620,7000,601,1017,0,600,1437,3146,3111,837,459.4231774,13.95943209,1,28,-14,210,-1,-1,49,14,28,1.0
63,4,141,504007,505533,505533,506538,506538,507144,507176,515676,515676,516280,516313,516347,519464,1526,1005,606,8500,604,534,0,600,1925,3151,3117,1325,474.8835295,15.46035211,0,14,-4,180,-1,1,51,10,14,2.0
63,4,142,519467,520988,520988,521995,521995,522600,522633,530633,530633,531235,531267,531301,534425,1521,1007,605,8000,602,807,0,600,1658,3158,3124,1058,489.8439961,14.96046662,1,14,6,200,1,1,51,20,14,2.0
63,4,143,534428,535949,535949,536954,536954,537584,537617,546617,546617,547245,547278,547311,550382,1521,1005,630,9000,628,815,0,600,1601,3104,3071,1001,505.8008438,15.9568477,1,4,1,190,1,1,51,5,4,2.0
63,4,144,550385,551909,551909,552918,552918,553527,553559,561059,561059,561660,561692,561727,564828,1524,1009,609,7500,601,492,0,600,1965,3136,3101,1365,520.2477551,14.44691124,1,14,6,210,1,1,51,20,14,2.0
63,5,145,17186,18709,18709,19729,19729,20337,20370,29370,29370,29971,30003,30039,33145,1523,1020,608,9000,601,97,0,600,2351,3142,3106,1751,15.97198849,15.97198849,1,7,3,200,1,1,51,10,7,2.0
63,5,146,33150,34674,34674,35680,35680,36286,36319,43819,43819,44420,44453,44486,47591,1524,1006,606,7500,601,209,0,600,2254,3138,3105,1654,30.41669113,14.44470264,1,20,8,180,1,1,51,28,20,2.0
63,5,147,47594,49115,49116,50119,50119,50724,50756,58756,58756,59359,59392,59425,62544,1521,1003,605,8000,603,670,0,600,1798,3152,3119,1198,45.36911016,14.95241904,1,28,-14,150,-1,-1,49,14,28,1.0
63,5,148,62547,64072,64072,65078,65078,65686,65719,72719,72719,73333,73365,73398,76489,1525,1006,608,7000,614,24,0,600,2423,3124,3091,1823,59.31389326,13.9447831,1,40,-20,160,-1,-1,49,20,40,1.0
63,5,149,76491,78014,78014,79021,79021,79641,79674,86174,86174,86801,86833,86867,89938,1523,1007,620,6500,627,718,0,600,1705,3105,3071,1105,72.76340064,13.44950738,1,4,6,190,1,1,51,10,4,2.0
63,5,150,89941,91461,91461,92467,92467,93074,93106,101606,101606,102218,102251,102284,105387,1520,1006,607,8500,612,625,0,600,1830,3136,3103,1230,88.21246835,15.44906771,1,40,-12,180,-1,-1,49,28,40,1.0
63,5,151,105390,106917,106917,107926,107926,108532,108564,114564,114564,115195,115228,115261,118349,1527,1009,606,6000,631,121,0,600,2306,3121,3088,1706,101.1746093,12.96214093,1,5,9,170,1,1,51,14,5,2.0
63,5,152,118352,119877,119877,120882,120882,121513,121545,128545,128545,129146,129179,129211,132304,1525,1005,631,7000,601,248,0,600,2190,3125,3093,1590,115.1291001,13.95449083,1,7,7,190,1,1,51,14,7,2.0
63,5,153,132307,133835,133835,134838,134838,135471,135503,144503,144503,145134,145166,145199,148248,1528,1003,633,9000,631,731,0,600,1674,3082,3049,1074,131.0730572,15.94395709,1,6,1,210,1,1,51,7,6,2.0
63,5,154,148251,149776,149776,150782,150782,151386,151418,157418,157418,158018,158050,158085,161211,1525,1006,604,6000,600,575,0,600,1890,3161,3126,1290,144.0358376,12.9627804,1,28,-8,210,-1,-1,49,20,28,1.0
63,5,155,161214,162739,162739,163746,163746,164350,164382,170882,170882,171484,171516,171550,174650,1525,1007,604,6500,602,330,0,600,2132,3134,3100,1532,157.475322,13.43948444,1,10,4,170,1,1,51,14,10,2.0
63,5,156,174653,176175,176175,177177,177177,177809,177842,186342,186342,186943,186975,187008,190090,1522,1002,632,8500,601,184,0,600,2259,3115,3082,1659,172.9145765,15.43925451,1,20,-13,170,-1,-1,49,7,20,1.0
63,5,157,190093,191612,191612,192616,192616,193223,193255,200755,200755,201386,201419,201451,204553,1519,1004,607,7500,631,556,0,600,1883,3134,3102,1283,187.3780082,14.46343162,1,4,6,150,1,1,51,10,4,2.0
63,5,158,204556,206083,206083,207092,207092,207694,207726,215726,215726,216359,216392,216426,219488,1527,1009,602,8000,633,224,0,600,2205,3096,3062,1605,202.3123811,14.93437292,1,10,-5,180,-1,-1,49,5,10,1.0
63,5,159,219491,221011,221011,222013,222013,222634,222666,231166,231166,231798,231831,231865,234934,1520,1002,621,8500,632,362,0,600,2063,3103,3069,1463,217.7588644,15.44648332,1,10,-5,210,-1,-1,49,5,10,1.0
63,5,160,234937,236465,236465,237470,237470,238076,238108,244108,244108,244740,244773,244808,247895,1528,1005,606,6000,632,575,0,600,1854,3122,3087,1254,230.7195483,12.9606839,1,28,-14,190,-1,-1,49,14,28,1.0
63,5,161,247898,249420,249420,250421,250421,251044,251077,257577,257577,258192,258225,258257,261329,1522,1001,623,6500,615,365,0,600,2074,3104,3072,1474,244.1538884,13.43434007,1,2,3,180,1,1,51,5,2,2.0
63,5,162,261332,262856,262856,263858,263858,264489,264521,273521,273521,274138,274171,274204,277280,1524,1002,631,9000,617,598,0,600,1828,3109,3076,1228,260.1047181,15.95082971,1,2,3,150,1,1,51,5,2,2.0
63,5,163,277283,278808,278808,279816,279816,280421,280454,287954,287954,288586,288619,288652,291721,1525,1008,605,7500,632,297,0,600,2133,3102,3069,1533,274.545542,14.44082394,1,10,18,200,1,1,51,28,10,2.0
63,5,164,291724,293246,293246,294251,294251,294853,294886,302886,302886,303508,303541,303574,306669,1522,1005,602,8000,622,1752,0,600,697,3128,3095,97,289.4938012,14.94825918,1,14,-4,200,-1,-1,49,10,14,1.0
63,5,165,306672,308201,308201,309207,309207,309816,309848,316848,316848,317475,317507,317541,320607,1529,1006,609,7000,627,230,0,600,2199,3100,3066,1599,303.4309469,13.93714565,1,79,-51,200,-1,-1,49,28,79,1.0
63,5,166,320609,322132,322132,323137,323137,323755,323787,332287,332287,332921,332953,332987,336046,1523,1005,618,8500,634,344,0,600,2076,3093,3059,1476,318.8705594,15.43961251,0,14,-7,150,-1,1,51,7,14,2.0
63,5,167,336049,337572,337572,338579,338579,339182,339215,346215,346215,346818,346851,346884,350001,1523,1007,603,7000,603,832,0,600,1632,3150,3117,1032,332.8258572,13.95529785,0,27,1,170,1,-1,49,28,27,1.0
63,5,168,350004,351529,351529,352535,352535,353166,353198,359698,359698,360320,360353,360386,363439,1525,1006,631,6500,622,275,0,600,2141,3086,3053,1541,346.2638698,13.43801264,1,4,1,150,1,1,51,5,4,2.0
63,5,169,363442,364967,364967,365974,365974,366581,366613,375613,375613,376213,376245,376278,379391,1525,1007,607,9000,600,725,0,600,1736,3146,3113,1136,362.2157787,15.95190885,1,19,1,160,1,1,51,20,19,2.0
63,5,170,379394,380918,380918,381924,381924,382525,382557,388557,388557,389160,389193,389227,392354,1524,1006,601,6000,603,654,0,600,1812,3161,3127,1212,375.1780851,12.96230637,1,28,-8,150,-1,-1,49,20,28,1.0
63,5,171,392356,393877,393877,394882,394882,395487,395519,403519,403519,404119,404151,404184,407286,1521,1005,605,8000,600,523,0,600,1946,3135,3102,1346,390.1104329,14.93234783,1,20,-10,170,-1,-1,49,10,20,1.0
63,5,172,407289,408821,408821,409824,409824,410429,410462,417962,417962,418564,418596,418630,421746,1532,1003,605,7500,602,180,0,600,2278,3150,3116,1678,404.5708296,14.46039671,1,20,-13,160,-1,-1,49,7,20,1.0
63,5,173,421749,423274,423274,424279,424279,424901,424934,431434,431434,432034,432067,432101,435213,1525,1005,622,6500,600,2056,0,600,392,3146,3112,-208,418.0376041,13.46677451,1,7,-2,190,-1,-1,49,5,7,1.0
63,5,174,435216,436740,436740,437746,437746,438351,438384,444384,444384,445016,445048,445082,448159,1524,1006,605,6000,632,10,0,600,2423,3111,3077,1823,430.9829981,12.94539394,1,14,6,180,1,1,51,20,14,2.0
63,5,175,448162,449685,449685,450689,450689,451320,451353,459853,459853,460483,460515,460548,463593,1523,1004,631,8500,630,143,0,600,2269,3078,3045,1669,446.41711,15.43411194,1,5,2,150,1,1,51,7,5,2.0
63,5,176,463595,465121,465121,466123,466123,466750,466782,474282,474282,474898,474931,474964,478058,1526,1002,627,7500,616,449,0,600,1980,3127,3094,1380,460.8826511,14.46554108,1,4,6,200,1,1,51,10,4,2.0
63,5,177,478061,479589,479589,480594,480594,481201,481233,490233,490233,490834,490867,490900,494018,1528,1005,607,9000,601,318,0,600,2141,3151,3118,1541,476.8423556,15.95970451,1,7,13,150,1,1,51,20,7,2.0
63,5,178,494021,495544,495544,496553,496553,497158,497191,504191,504191,504822,504855,504889,507972,1523,1009,605,7000,631,341,0,600,2091,3117,3083,1491,490.7962329,13.95387728,1,79,-51,150,-1,-1,49,28,79,1.0
63,5,179,507975,509501,509501,510508,510508,511110,511144,519144,519144,519770,519803,519836,522912,1526,1007,602,8000,626,307,0,600,2132,3109,3076,1532,505.7357366,14.93950372,1,4,3,150,1,1,51,7,4,2.0
63,5,180,522914,524438,524438,525443,525443,526049,526081,533081,533081,533681,533713,533746,536851,1524,1005,606,7000,600,498,0,600,1967,3138,3105,1367,519.6749085,13.93917193,1,20,-6,160,-1,-1,49,14,20,1.0
63,6,181,29002,30526,30526,31543,31543,32156,32188,39688,39688,40321,40353,40390,43444,1524,1017,613,7500,633,81,0,600,2332,3091,3054,1732,14.45534154,14.45534154,1,14,14,160,1,1,51,28,14,2.0
63,6,182,43449,44975,44975,45982,45982,46591,46624,53124,53124,53725,53757,53792,56898,1526,1007,609,6500,601,41,0,600,2416,3141,3106,1816,27.90738901,13.45204747,1,10,18,210,1,1,51,28,10,2.0
63,6,183,56901,58423,58423,59429,59429,60060,60092,66092,66092,66723,66756,66789,69836,1522,1006,631,6000,631,922,0,600,1488,3080,3047,888,40.84484325,12.93745423,1,7,-2,200,-1,-1,49,5,7,1.0
63,6,184,69839,71360,71360,72364,72364,72967,73000,80000,80000,80604,80636,80669,83788,1521,1004,603,7000,604,570,0,600,1898,3152,3119,1298,54.79729694,13.95245369,1,56,-28,200,-1,-1,49,28,56,1.0
63,6,185,83791,85317,85317,86327,86327,86954,86986,95486,95486,96112,96144,96178,99243,1526,1010,627,8500,626,392,0,600,2019,3099,3065,1419,70.25169043,15.45439349,1,2,3,150,1,1,51,5,2,2.0
63,6,186,99246,100773,100773,101778,101778,102407,102440,110440,110440,111043,111075,111110,114203,1527,1005,629,8000,603,222,0,600,2214,3128,3093,1614,85.21188915,14.96019872,1,10,-5,210,-1,-1,49,5,10,1.0
63,6,187,114206,115734,115734,116740,116740,117373,117405,126405,126405,127024,127056,127090,130155,1528,1006,633,9000,619,325,0,600,2089,3099,3065,1489,101.1644275,15.95253837,1,10,10,150,1,1,51,20,10,2.0
63,6,188,130157,131684,131684,132690,132690,133296,133330,140830,140830,141432,141464,141498,144593,1527,1006,606,7500,602,1002,0,600,1457,3129,3095,857,115.6015641,14.43713661,0,13,1,180,1,-1,49,14,13,1.0
63,6,189,144596,146121,146121,147126,147126,147731,147764,154764,154764,155365,155397,155431,158553,1525,1005,605,7000,601,319,0,600,2145,3156,3122,1545,129.5615805,13.96001641,1,28,-14,210,-1,-1,49,14,28,1.0
63,6,190,158556,160080,160080,161089,161089,161695,161728,170728,170728,171329,171361,171395,174511,1524,1009,606,9000,601,864,0,600,1596,3150,3116,996,145.5199145,15.95833396,1,14,14,150,1,1,51,28,14,2.0
63,6,191,174514,176040,176040,177044,177044,177647,177680,186180,186180,186781,186814,186848,189954,1526,1004,603,8500,601,205,0,600,2261,3140,3106,1661,160.9623645,15.44245003,1,28,-14,210,-1,-1,49,14,28,1.0
63,6,192,189957,191484,191484,192491,192491,193122,193155,199655,199655,200287,200319,200353,203389,1527,1007,631,6500,632,292,0,600,2111,3070,3036,1511,174.3973561,13.43499159,1,4,1,180,1,1,51,5,4,2.0
63,6,193,203392,204913,204913,205918,205918,206522,206554,212554,212554,213173,213206,213239,216327,1521,1005,604,6000,619,641,0,600,1810,3121,3088,1210,187.3355411,12.93818501,1,57,-37,210,-1,-1,49,20,57,1.0
63,6,194,216330,217855,217855,218864,218864,219468,219501,227501,227501,228104,228137,228172,231285,1525,1009,604,8000,603,1474,0,600,985,3148,3113,385,202.2931696,14.9576285,0,10,10,150,1,-1,49,20,10,1.0
63,6,195,231288,232809,232809,233815,233815,234418,234451,242951,242951,243554,243586,243621,246747,1521,1006,603,8500,603,639,0,600,1828,3161,3126,1228,217.7553711,15.4622015,1,10,-3,180,-1,-1,49,7,10,1.0
63,6,196,246750,248274,248274,249280,249280,249887,249920,256420,256420,257021,257053,257087,260196,1524,1006,607,6500,601,562,0,600,1900,3143,3109,1300,231.2045937,13.4492226,1,14,-4,210,-1,-1,49,10,14,1.0
63,6,197,260199,261725,261725,262735,262735,263342,263374,269374,269374,269991,270024,270058,273130,1526,1010,607,6000,617,527,0,600,1913,3106,3072,1313,244.1382323,12.93363852,1,57,-37,170,-1,-1,49,20,57,1.0
63,6,198,273133,274660,274660,275665,275665,276271,276303,283803,283803,284406,284438,284472,287569,1527,1005,606,7500,603,388,0,600,2071,3131,3097,1471,258.5769989,14.43876662,1,10,10,210,1,1,51,20,10,2.0
63,6,199,287571,289096,289096,290102,290102,290729,290762,298762,298762,299374,299406,299440,302524,1525,1006,627,8000,612,535,0,600,1895,3118,3084,1295,273.5329525,14.95595359,1,40,-26,180,-1,-1,49,14,40,1.0
63,6,200,302527,304051,304051,305055,305055,305659,305692,314692,314692,315307,315340,315375,318463,1524,1004,604,9000,615,897,0,600,1556,3123,3088,956,289.471082,15.93812956,1,40,-26,160,-1,-1,49,14,40,1.0
63,6,201,318466,319987,319987,320993,320993,321625,321658,328658,328658,329258,329292,329325,332429,1521,1006,632,7000,600,1597,0,600,844,3137,3104,244,303.4370757,13.96599371,1,14,-9,160,-1,-1,49,5,14,1.0
63,6,202,332432,333956,333956,334962,334962,335566,335598,344598,344598,345225,345257,345290,348369,1524,1006,604,9000,627,335,0,600,2104,3112,3079,1504,319.377074,15.93999824,1,5,2,210,1,1,51,7,5,2.0
63,6,203,348372,349897,349897,350901,350901,351517,351550,360050,360050,360650,360683,360716,363828,1525,1004,616,8500,600,1016,0,600,1439,3145,3112,839,334.8362954,15.45922144,1,5,2,170,1,1,51,7,5,2.0
63,6,204,363831,365353,365353,366358,366358,366965,366997,374497,374497,375099,375131,375164,378285,1522,1005,607,7500,602,189,0,600,2275,3154,3121,1675,349.2931497,14.45685433,1,20,-13,180,-1,-1,49,7,20,1.0
63,6,205,378288,379810,379810,380815,380815,381421,381455,387455,387455,388087,388120,388155,391233,1522,1005,606,6000,632,302,0,600,2133,3113,3078,1533,362.2411347,12.94798495,0,27,1,180,1,-1,49,28,27,1.0
63,6,206,391236,392762,392762,393771,393771,394378,394410,402410,402410,403013,403045,403078,406167,1526,1009,607,8000,603,220,0,600,2235,3122,3089,1635,377.1757698,14.93463509,1,10,4,200,1,1,51,14,10,2.0
63,6,207,406170,407690,407690,408696,408696,409301,409333,415833,415833,416453,416486,416521,419617,1520,1006,605,6500,620,778,0,600,1671,3131,3096,1071,390.6252624,13.44949261,1,79,-51,170,-1,-1,49,28,79,1.0
63,6,208,419620,421149,421149,422155,422155,422758,422790,429790,429790,430418,430451,430485,433556,1529,1006,603,7000,628,328,0,600,2106,3105,3071,1506,404.5642695,13.9390071,1,4,3,190,1,1,51,7,4,2.0
63,6,209,433559,435088,435088,436092,436092,436699,436732,443232,443232,443834,443866,443901,447005,1529,1004,607,6500,602,658,0,600,1800,3139,3104,1200,418.0131061,13.44883657,1,14,-4,180,-1,-1,49,10,14,1.0
63,6,210,447008,448530,448530,449533,449533,450140,450172,458672,458672,459275,459308,459344,462444,1522,1003,607,8500,603,937,0,600,1528,3136,3100,928,433.4521502,15.43904416,1,28,-18,150,-1,-1,49,10,28,1.0
63,6,211,462447,463976,463976,464982,464982,465589,465622,474622,474622,475254,475286,475320,478386,1529,1006,607,9000,632,363,0,600,2063,3100,3066,1463,449.3943348,15.94218454,1,5,5,190,1,1,51,10,5,2.0
63,6,212,478389,479910,479910,480915,480915,481521,481553,487553,487553,488154,488187,488222,491334,1521,1005,606,6000,601,41,0,600,2426,3147,3112,1826,462.3421365,12.94780173,1,28,-18,210,-1,-1,49,10,28,1.0
63,6,213,491337,492861,492861,493868,493868,494472,494504,502004,502004,502618,502651,502684,505787,1524,1007,604,7500,614,210,0,600,2241,3136,3103,1641,476.7948349,14.45269839,1,7,3,180,1,1,51,10,7,2.0
63,6,214,505789,507310,507310,508317,508317,508945,508978,515979,515979,516611,516644,516679,519732,1521,1007,628,7001,632,1061,0,600,1350,3088,3053,750,490.7408388,13.94600387,1,10,-5,190,-1,-1,49,5,10,1.0
63,6,215,519736,521263,521263,522270,522270,522874,522905,530905,530905,531506,531538,531571,534657,1527,1007,604,8000,601,-1,2501,0,560,3119,3086,-40,505.6651969,14.92435811,-1,10,10,190,1,-2,-1,20,10,
63,6,216,534660,536184,536184,537191,537191,537796,537829,545329,545329,545950,545983,546016,549115,1524,1007,605,7500,621,1497,0,600,946,3132,3099,346,520.1224719,14.45727501,1,6,1,170,1,1,51,7,6,2.0
64,1,1,72603,74131,74131,75151,75151,75763,75796,83796,83796,84419,84451,84487,87556,1528,1020,612,8000,623,1231,0,600,1186,3105,3069,586,14.96663709,14.96663709,0,9,1,200,1,-1,49,10,9,1.0
64,1,2,87562,89091,89091,90094,90094,90696,90728,96728,96728,97352,97385,97419,100507,1529,1003,602,6000,624,737,0,600,1705,3122,3088,1105,27.91562645,12.94898936,1,10,-5,160,-1,-1,49,5,10,1.0
64,1,3,100510,102035,102035,103037,103037,103642,103674,111174,111174,111775,111808,111842,114947,1525,1002,605,7500,601,916,0,600,1551,3139,3105,951,42.35549993,14.43987348,1,28,-8,190,-1,-1,49,20,28,1.0
64,1,4,114950,116473,116473,117478,117478,118085,118117,124617,124617,125249,125283,125316,128413,1523,1005,607,6500,632,651,0,600,1782,3130,3097,1182,55.82100666,13.46550673,1,4,6,170,1,1,51,10,4,2.0
64,1,5,128416,129945,129945,130951,130952,131557,131590,140590,140590,141191,141223,141256,144354,1529,1006,605,9000,601,554,0,600,1905,3131,3098,1305,71.76171307,15.94070642,1,14,14,170,1,1,51,28,14,2.0
64,1,6,144357,145879,145879,146890,146890,147496,147528,156028,156028,156660,156693,156727,159801,1522,1011,606,8500,632,558,0,600,1871,3108,3074,1271,87.20919959,15.44748652,1,20,-10,210,-1,-1,49,10,20,1.0
64,1,7,159804,161330,161330,162336,162336,162940,162973,169973,169973,170592,170624,170657,173755,1526,1006,604,7000,619,682,0,600,1763,3131,3098,1163,101.1632514,13.95405176,1,2,5,190,1,1,51,7,2,2.0
64,1,8,173758,175290,175290,176298,176298,176930,176962,185962,185962,186565,186598,186633,189695,1532,1008,632,9000,603,811,0,600,1614,3097,3062,1014,117.1029109,15.93965952,1,28,-8,160,-1,-1,49,20,28,1.0
64,1,9,189698,191221,191221,192224,192224,192826,192859,200859,200859,201488,201520,201554,204633,1523,1003,602,8000,629,664,0,600,1779,3113,3079,1179,132.0410347,14.93812383,1,4,3,170,1,1,51,7,4,2.0
64,1,10,204636,206162,206162,207171,207171,207801,207833,214333,214333,214963,214995,215028,218095,1526,1009,630,6500,630,816,0,600,1589,3100,3067,989,145.5033661,13.46233139,1,4,1,210,1,1,51,5,4,2.0
64,1,11,218098,219624,219624,220631,220631,221260,221293,227293,227293,227895,227927,227961,231053,1526,1007,629,6000,602,835,0,600,1601,3126,3092,1001,158.4608834,12.9575173,1,4,1,190,1,1,51,5,4,2.0
64,1,12,231056,232585,232585,233594,233594,234199,234231,241231,241231,241847,241880,241915,245005,1529,1009,605,7000,616,610,0,600,1831,3125,3090,1231,172.412606,13.95172261,1,40,-26,170,-1,-1,49,14,40,1.0
64,1,13,245007,246530,246530,247561,247561,248163,248196,255696,255696,256298,256331,256366,259470,1523,1031,602,7500,602,649,0,600,1793,3139,3104,1193,186.8777815,14.46517554,1,7,13,170,1,1,51,20,7,2.0
64,1,14,259471,260973,260973,261980,261980,262604,262636,271136,271136,271760,271793,271826,274925,1502,1007,624,8500,624,648,0,600,1795,3132,3099,1195,202.3326165,15.45483497,1,4,1,160,1,1,51,5,4,2.0
64,1,15,274927,276453,276453,277460,277460,278077,278110,286610,286610,287211,287244,287278,290363,1526,1007,617,8500,601,703,0,600,1746,3119,3085,1146,217.7706379,15.43802138,1,14,-9,160,-1,-1,49,5,14,1.0
64,1,16,290365,291890,291890,292893,292893,293496,293528,299528,299528,300160,300193,300228,303305,1525,1003,603,6000,632,566,0,600,1871,3112,3077,1271,230.7129602,12.94232226,1,14,-4,170,-1,-1,49,10,14,1.0
64,1,17,303308,304835,304835,305840,305840,306464,306496,315496,315496,316129,316161,316196,319245,1527,1005,624,9000,633,535,0,600,1876,3084,3049,1276,246.6529641,15.94000397,1,6,1,170,1,1,51,7,6,2.0
64,1,18,319248,320770,320770,321778,321778,322383,322417,328917,328917,329517,329549,329584,332692,1522,1008,605,6500,600,692,0,600,1773,3143,3108,1173,260.0989761,13.44601201,1,14,14,180,1,1,51,28,14,2.0
64,1,19,332695,334220,334220,335228,335228,335833,335865,343865,343865,344469,344501,344536,347656,1525,1008,605,8000,604,834,0,600,1624,3155,3120,1024,275.0632253,14.96424919,1,10,4,150,1,1,51,14,10,2.0
64,1,20,347659,349188,349188,350195,350195,350804,350836,358336,358336,358937,358970,359003,362093,1529,1007,609,7500,601,478,0,600,1976,3123,3090,1376,289.5006349,14.43740963,1,10,10,200,1,1,51,20,10,2.0
64,1,21,362096,363625,363625,364632,364632,365237,365270,372270,372270,372871,372904,372938,376046,1529,1007,605,7000,601,785,0,600,1673,3142,3108,1073,303.4531396,13.95250462,1,9,1,170,1,1,51,10,9,2.0
64,1,22,376049,377571,377571,378581,378581,379187,379219,385719,385719,386320,386353,386386,389482,1522,1010,606,6500,601,516,0,600,1945,3129,3096,1345,316.8900399,13.43690035,1,40,-20,170,-1,-1,49,20,40,1.0
64,1,23,389485,391011,391011,392043,392043,392650,392683,398683,398683,399316,399349,399384,402450,1526,1032,607,6000,633,583,0,600,1819,3101,3066,1219,329.8578544,12.96781447,1,14,14,180,1,1,51,28,14,2.0
64,1,24,402453,403980,403980,404990,404990,405619,405651,412651,412651,413251,413285,413319,416390,1527,1010,629,7000,600,528,0,600,1906,3105,3071,1306,343.7976453,13.93979091,1,28,-14,180,-1,-1,49,14,28,1.0
64,1,25,416393,417921,417921,418930,418930,419534,419568,428568,428568,429168,429200,429234,432358,1528,1009,604,9000,600,613,0,600,1846,3158,3124,1246,359.7658515,15.96820623,1,40,-26,150,-1,-1,49,14,40,1.0
64,1,26,432361,433893,433893,434900,434900,435506,435538,443538,443538,444138,444170,444204,447301,1532,1007,606,8000,600,650,0,600,1805,3131,3097,1205,374.708068,14.94221649,1,5,2,190,1,1,51,7,5,2.0
64,1,27,447304,448829,448829,449837,449837,450444,450476,457976,457976,458578,458610,458643,461745,1525,1008,607,7500,602,847,0,600,1611,3135,3102,1011,389.1523005,14.44423253,0,7,7,160,1,-1,49,14,7,1.0
64,1,28,461748,463273,463273,464278,464278,464883,464915,473415,473415,474049,474081,474115,477180,1525,1005,605,8500,634,650,0,600,1781,3099,3065,1181,404.5876345,15.43533392,1,10,-3,190,-1,-1,49,7,10,1.0
64,1,29,477183,478714,478714,479720,479720,480323,480355,488855,488855,489486,489519,489553,492640,1531,1006,603,8500,631,572,0,600,1857,3121,3087,1257,420.0476219,15.45998748,1,4,3,170,1,1,51,7,4,2.0
64,1,30,492643,494167,494167,495173,495173,495778,495810,503310,503310,503912,503945,503980,507093,1524,1006,605,7500,602,922,0,600,1541,3148,3113,941,434.500339,14.45271707,0,7,3,210,1,-1,49,10,7,1.0
64,1,31,507096,508628,508628,509632,509632,510239,510272,516272,516272,516889,516921,516953,520033,1532,1004,607,6000,617,435,0,600,2005,3112,3080,1405,447.440095,12.93975595,1,56,-28,150,-1,-1,49,28,56,1.0
64,1,32,520035,521559,521559,522568,522568,523171,523203,530203,530203,530806,530838,530872,533998,1524,1009,603,7000,603,967,0,600,1494,3160,3126,894,461.4051093,13.96501432,1,14,6,170,1,1,51,20,14,2.0
64,1,33,534000,535525,535525,536529,536529,537137,537170,543670,543670,544286,544318,544353,547445,1525,1004,608,6500,616,97,0,600,2350,3127,3092,1750,474.8521019,13.4469926,1,40,-12,190,-1,-1,49,28,40,1.0
64,1,34,547448,548970,548970,549975,549975,550607,550640,559640,559640,560241,560273,560307,563394,1522,1005,632,9000,601,1093,0,600,1347,3121,3087,747,490.8007712,15.94866932,1,20,-6,160,-1,-1,49,14,20,1.0
64,1,35,563397,564922,564922,565928,565928,566534,566566,574566,574566,575185,575217,575251,578341,1525,1006,606,8000,619,606,0,600,1838,3124,3090,1238,505.7483647,14.9475935,1,79,-51,190,-1,-1,49,28,79,1.0
64,1,36,578344,579870,579870,580877,580877,581480,581513,590013,590013,590633,590665,590700,593794,1526,1007,603,8500,620,814,0,600,1630,3129,3094,1030,521.2005834,15.45221864,1,2,3,180,1,1,51,5,2,2.0
64,2,37,29398,30925,30925,31942,31942,32551,32583,41583,41583,42185,42217,42254,45341,1527,1017,609,9000,602,407,0,600,2038,3124,3087,1438,15.95542441,15.95542441,1,14,-9,210,-1,-1,49,5,14,1.0
64,2,38,45346,46873,46873,47881,47881,48486,48519,56019,56019,56620,56652,56685,59780,1527,1008,605,7500,601,811,0,600,1648,3128,3095,1048,30.39266258,14.43723816,1,13,1,160,1,1,51,14,13,2.0
64,2,39,59782,61306,61306,62312,62312,62917,62950,71450,71450,72083,72116,72151,75228,1524,1006,605,8500,633,729,0,600,1703,3112,3077,1103,45.84096033,15.44829776,1,14,-7,160,-1,-1,49,7,14,1.0
64,2,40,75231,76758,76758,77764,77764,78369,78402,85402,85402,86003,86036,86070,89192,1527,1006,605,7000,601,805,0,600,1656,3156,3122,1056,59.80434012,13.96337979,1,28,-18,150,-1,-1,49,10,28,1.0
64,2,41,89195,90717,90717,91721,91721,92324,92356,98856,98856,99460,99492,99526,102634,1522,1004,603,6500,604,561,0,600,1906,3142,3108,1306,73.24663134,13.44229122,1,7,7,160,1,1,51,14,7,2.0
64,2,42,102637,104166,104166,105173,105173,105780,105812,111812,111812,112428,112460,112493,115566,1529,1007,607,6000,616,596,0,600,1845,3106,3073,1245,86.17846146,12.93183011,1,4,1,160,1,1,51,5,4,2.0
64,2,43,115568,117088,117088,118090,118090,118692,118724,126724,126724,127354,127386,127421,130514,1520,1002,602,8000,630,481,0,600,1965,3128,3093,1365,101.1267291,14.94826762,1,79,-51,200,-1,-1,49,28,79,1.0
64,2,44,130517,132044,132044,133051,133051,133658,133691,140191,140191,140824,140857,140890,143969,1527,1007,607,6500,633,916,0,600,1510,3112,3079,910,114.5816975,13.45496847,1,28,-8,190,-1,-1,49,20,28,1.0
64,2,45,143972,145493,145493,146501,146501,147108,147140,154140,154140,154742,154775,154810,157923,1521,1008,607,7000,602,665,0,600,1797,3148,3113,1197,128.5356098,13.95391223,1,5,9,200,1,1,51,14,5,2.0
64,2,46,157926,159453,159453,160458,160458,161063,161096,167096,167096,167729,167761,167795,170866,1527,1005,605,6000,633,756,0,600,1674,3105,3071,1074,141.4788692,12.94325946,1,5,5,210,1,1,51,10,5,2.0
64,2,47,170869,172395,172395,173401,173401,174005,174038,182538,182538,183170,183204,183239,186315,1526,1006,604,8500,632,627,0,600,1805,3111,3076,1205,156.9276109,15.44874165,1,20,-6,160,-1,-1,49,14,20,1.0
64,2,48,186318,187842,187842,188851,188851,189456,189489,196989,196989,197621,197654,197688,200771,1524,1009,605,7500,632,829,0,600,1601,3117,3083,1001,171.3836904,14.45607955,0,14,6,210,1,-1,49,20,14,1.0
64,2,49,200774,202300,202300,203308,203308,203912,203944,211944,211944,212562,212595,212629,215717,1526,1008,604,8000,618,580,0,600,1864,3122,3088,1264,186.3295671,14.9458767,1,40,-20,160,-1,-1,49,20,40,1.0
64,2,50,215719,217242,217242,218246,218246,218848,218881,227881,227881,228482,228514,228547,231676,1523,1004,602,9000,601,580,0,600,1890,3162,3129,1290,202.2883317,15.95876459,1,40,-20,210,-1,-1,49,20,40,1.0
64,2,51,231679,233204,233204,234209,234209,234812,234846,241346,241346,241967,242000,242033,245131,1525,1005,603,6500,621,813,0,600,1633,3131,3098,1033,215.7435765,13.45524481,1,6,1,180,1,1,51,7,6,2.0
64,2,52,245134,246663,246663,247670,247670,248274,248307,257307,257307,257908,257940,257978,261072,1529,1007,604,9000,601,551,0,600,1908,3132,3094,1308,231.6843339,15.94075734,1,14,-4,190,-1,-1,49,10,14,1.0
64,2,53,261075,262596,262596,263601,263601,264209,264241,272241,272241,272841,272874,272908,276035,1521,1005,608,8000,600,649,0,600,1817,3161,3127,1217,246.6474057,14.96307181,1,20,8,160,1,1,51,28,20,2.0
64,2,54,276038,277562,277562,278569,278569,279180,279213,286713,286713,287326,287358,287391,290482,1524,1007,611,7500,613,1133,0,600,1312,3124,3091,712,261.0939351,14.44652943,1,40,-12,160,-1,-1,49,28,40,1.0
64,2,55,290485,292009,292009,293014,293014,293618,293650,299650,299650,300270,300302,300335,303441,1524,1005,604,6000,620,527,0,600,1920,3139,3106,1320,274.0534573,12.95952219,1,3,2,180,1,1,51,5,3,2.0
64,2,56,303444,304973,304973,305978,305978,306584,306616,313616,313616,314217,314251,314286,317393,1529,1005,606,7000,601,437,0,600,2022,3142,3107,1422,288.0047348,13.95127752,1,20,-13,190,-1,-1,49,7,20,1.0
64,2,57,317395,318917,318917,319919,319919,320547,320579,329079,329079,329693,329726,329760,332841,1522,1002,628,8500,614,502,0,600,1932,3115,3081,1332,303.4528506,15.44811574,1,40,-26,170,-1,-1,49,14,40,1.0
64,2,58,332843,334368,334368,335375,335375,335982,336014,342014,342014,342618,342650,342685,345776,1525,1007,607,6000,604,546,0,600,1911,3126,3091,1311,316.3882306,12.93538003,1,10,18,160,1,1,51,28,10,2.0
64,2,59,345778,347300,347300,348307,348307,348911,348943,355943,355943,356554,356586,356619,359704,1522,1007,604,7000,611,-1,2501,0,555,3118,3085,-45,330.3160341,13.92780346,-1,40,-20,170,-1,-2,-1,20,40,
64,2,60,359707,361231,361231,362233,362233,362843,362876,369376,369376,369977,370009,370042,373165,1524,1002,610,6500,601,1322,0,600,1141,3156,3123,541,343.7770513,13.46101719,1,14,6,150,1,1,51,20,14,2.0
64,2,61,373168,374695,374695,375703,375703,376308,376341,383841,383841,384474,384506,384540,387614,1527,1008,605,7500,633,688,0,600,1739,3108,3074,1139,358.2256504,14.44859911,1,20,-10,150,-1,-1,49,10,20,1.0
64,2,62,387617,389141,389141,390148,390148,390759,390792,398792,398792,399409,399441,399474,402556,1524,1007,611,8000,617,858,0,600,1583,3115,3082,983,373.1682393,14.94258896,1,10,18,200,1,1,51,28,10,2.0
64,2,63,402559,404086,404086,405090,405090,405701,405735,414735,414735,415369,415401,415436,418520,1527,1004,611,9000,634,1155,0,600,1269,3119,3084,669,389.1322122,15.96397285,1,10,18,180,1,1,51,28,10,2.0
64,2,64,418523,420047,420047,421052,421052,421654,421686,430186,430186,430788,430820,430854,433976,1524,1005,602,8500,602,602,0,600,1865,3156,3122,1265,404.5878753,15.45566308,1,20,-13,170,-1,-1,49,7,20,1.0
64,2,65,433979,435504,435504,436511,436511,437115,437147,444147,444147,444780,444812,444846,447922,1525,1007,604,7000,633,889,0,600,1542,3110,3076,942,418.534317,13.94644173,1,14,-4,150,-1,-1,49,10,14,1.0
64,2,66,447925,449455,449455,450466,450466,451074,451106,457606,457606,458208,458240,458275,461362,1530,1011,608,6500,602,604,0,600,1845,3122,3087,1245,431.9739581,13.43964114,1,20,-13,210,-1,-1,49,7,20,1.0
64,2,67,461365,462889,462889,463896,463896,464501,464533,473033,473033,473637,473670,473705,476818,1524,1007,605,8500,604,728,0,600,1732,3148,3113,1132,447.4302408,15.45628266,1,20,-6,190,-1,-1,49,14,20,1.0
64,2,68,476821,478347,478347,479349,479349,479952,479986,487486,487486,488086,488119,488153,491270,1526,1002,603,7500,600,926,0,600,1543,3151,3117,943,461.8811832,14.45094242,1,7,-2,200,-1,-1,49,5,7,1.0
64,2,69,491272,492793,492793,493796,493796,494416,494449,503449,503449,504077,504109,504142,507214,1521,1003,620,9000,628,621,0,600,1807,3105,3072,1207,477.8257159,15.94453267,1,4,3,150,1,1,51,7,4,2.0
64,2,70,507217,508740,508740,509744,509744,510368,510400,518400,518400,519032,519065,519099,522168,1523,1004,624,8000,632,948,0,600,1469,3103,3069,869,492.7802908,14.9545749,1,5,5,160,1,1,51,10,5,2.0
64,2,71,522171,523693,523693,524697,524697,525316,525348,531348,531348,531977,532009,532042,535132,1522,1004,619,6000,629,870,0,600,1556,3123,3090,956,505.7432327,12.96294192,1,4,1,170,1,1,51,5,4,2.0
64,2,72,535134,536664,536664,537674,537674,538279,538312,546312,546312,546941,546974,547008,550089,1530,1010,605,8000,629,534,0,600,1892,3115,3081,1292,520.7007575,14.95752483,1,4,1,170,1,1,51,5,4,2.0
64,3,73,30642,32168,32168,33188,33188,33797,33830,41830,41830,42450,42483,42519,45606,1526,1020,609,8000,620,414,0,600,2011,3123,3087,1411,14.97601816,14.97601816,1,2,3,150,1,1,51,5,2,2.0
64,3,74,45611,47137,47137,48140,48140,48771,48805,55805,55805,56435,56467,56500,59554,1526,1003,631,7000,630,566,0,600,1844,3087,3054,1244,28.92180385,13.94578569,1,8,-1,210,-1,-1,49,7,8,1.0
64,3,75,59557,61081,61081,62088,62088,62696,62729,71729,71729,72329,72362,72398,75519,1524,1007,608,9000,600,607,0,600,1854,3157,3121,1254,44.88708487,15.96528101,0,20,8,150,1,-1,49,28,20,1.0
64,3,76,75522,77045,77045,78050,78050,78656,78690,85190,85190,85820,85853,85886,88960,1523,1005,606,6500,630,496,0,600,1940,3107,3074,1340,58.32787687,13.440792,1,5,9,180,1,1,51,14,5,2.0
64,3,77,88963,90485,90485,91489,91489,92098,92131,100631,100631,101235,101267,101301,104408,1522,1004,609,8500,604,817,0,600,1644,3141,3107,1044,73.7761701,15.44829324,0,28,-8,190,-1,1,51,20,28,2.0
64,3,78,104411,105936,105936,106940,106940,107545,107577,115077,115077,115709,115741,115776,118852,1525,1004,605,7500,632,401,0,600,2033,3111,3076,1433,88.22046561,14.44429551,1,28,-14,180,-1,-1,49,14,28,1.0
64,3,79,118855,120379,120379,121385,121385,122015,122048,128048,128048,128675,128708,128741,131801,1524,1006,630,6000,627,1416,0,600,997,3093,3060,397,101.1695321,12.9490665,1,8,-1,180,-1,-1,49,7,8,1.0
64,3,80,131805,133322,133322,134328,134328,134935,134967,141967,141967,142586,142619,142652,145752,1517,1006,607,7000,619,551,0,600,1900,3133,3100,1300,115.1203799,13.95084779,1,40,-26,150,-1,-1,49,14,40,1.0
64,3,81,145755,147282,147282,148287,148287,148896,148928,156428,156428,157029,157062,157096,160217,1527,1005,609,7500,601,383,0,600,2075,3155,3121,1475,129.5847783,14.46439836,1,10,18,190,1,1,51,28,10,2.0
64,3,82,160220,161745,161745,162751,162751,163359,163392,172392,172392,173025,173057,173091,176175,1525,1006,608,9000,633,730,0,600,1698,3118,3084,1098,145.5427352,15.95795697,0,20,8,210,1,-1,49,28,20,1.0
64,3,83,176178,177702,177702,178710,178710,179341,179373,185873,185873,186476,186508,186541,189617,1524,1008,631,6500,603,432,0,600,2002,3109,3076,1402,158.985244,13.4425088,1,14,-9,180,-1,-1,49,5,14,1.0
64,3,84,189620,191146,191146,192150,192150,192775,192807,200807,200807,201437,201470,201503,204561,1526,1004,625,8000,630,801,0,600,1614,3091,3058,1014,173.9289546,14.94371059,1,6,-1,160,-1,-1,49,5,6,1.0
64,3,85,204564,206090,206090,207091,207091,207719,207751,213751,213751,214376,214408,214442,217493,1526,1001,628,6000,625,-1,2501,0,519,3085,3051,-81,186.8611632,12.93220861,-1,4,3,210,1,-2,-1,7,4,
64,3,86,217496,219017,219017,220023,220023,220625,220657,229157,229157,229761,229793,229826,232944,1521,1006,602,8500,604,1064,0,600,1403,3151,3118,803,202.3119176,15.45075437,1,11,-1,170,-1,-1,49,10,11,1.0
64,3,87,232947,234469,234469,235475,235475,236079,236112,243112,243112,243742,243775,243809,246912,1522,1006,604,7000,630,686,0,600,1752,3137,3103,1152,216.2792641,13.96734648,1,7,7,200,1,1,51,14,7,2.0
64,3,88,246915,248441,248441,249450,249450,250077,250110,258110,258110,258737,258769,258802,261869,1526,1009,627,8000,627,876,0,600,1535,3100,3067,935,231.2363965,14.95713247,1,4,1,180,1,1,51,5,4,2.0
64,3,89,261872,263397,263397,264404,264404,265011,265044,273544,273544,274145,274178,274212,277315,1525,1007,607,8500,601,654,0,600,1806,3137,3103,1206,246.6827705,15.44637393,1,10,10,170,1,1,51,20,10,2.0
64,3,90,277318,278844,278844,279850,279850,280456,280488,286988,286988,287590,287623,287656,290769,1526,1006,606,6500,602,728,0,600,1732,3146,3113,1132,260.1363443,13.45357382,1,40,-20,190,-1,-1,49,20,40,1.0
64,3,91,290771,292295,292296,293304,293304,293923,293955,301455,301455,302055,302088,302122,305205,1524,1008,619,7500,600,766,0,600,1683,3117,3083,1083,274.5728743,14.43652999,1,28,-14,160,-1,-1,49,14,28,1.0
64,3,92,305207,306727,306727,307737,307737,308341,308374,314374,314374,315005,315037,315071,318162,1520,1010,604,6000,631,541,0,600,1894,3125,3091,1294,287.529992,12.95711771,1,10,10,150,1,1,51,20,10,2.0
64,3,93,318165,319685,319685,320695,320695,321301,321334,330334,330334,330965,330997,331031,334117,1520,1010,606,9000,631,867,0,600,1566,3120,3086,966,303.4849605,15.95496847,1,4,6,190,1,1,51,10,4,2.0
64,3,94,334120,335642,335642,336652,336652,337252,337285,343285,343285,343913,343945,343979,347065,1522,1010,600,6000,628,602,0,600,1838,3120,3086,1238,316.4329114,12.9479509,1,5,5,170,1,1,51,10,5,2.0
64,3,95,347068,348592,348592,349600,349600,350200,350232,358232,358232,358850,358882,358915,362005,1524,1008,600,8000,618,545,0,600,1905,3123,3090,1305,331.3729211,14.94000969,1,4,3,200,1,1,51,7,4,2.0
64,3,96,362008,363534,363534,364540,364540,365145,365178,373678,373678,374305,374338,374372,377462,1526,1006,605,8500,627,962,0,600,1474,3124,3090,874,346.8292637,15.45634263,1,4,6,170,1,1,51,10,4,2.0
64,3,97,377465,378989,378989,379991,379991,380618,380650,387150,387150,387783,387815,387851,390916,1524,1002,627,6500,633,550,0,600,1864,3101,3065,1264,360.2831385,13.45387487,1,10,-5,150,-1,-1,49,5,10,1.0
64,3,98,390918,392444,392444,393451,393451,394058,394092,403092,403092,403695,403728,403761,406869,1526,1007,607,9000,603,823,0,600,1634,3141,3108,1034,376.2367326,15.95359401,1,14,6,160,1,1,51,20,14,2.0
64,3,99,406872,408393,408393,409399,409399,410030,410062,417562,417562,418182,418214,418248,421304,1521,1006,631,7500,620,506,0,600,1916,3090,3056,1316,390.6718501,14.43511755,1,5,2,160,1,1,51,7,5,2.0
64,3,100,421307,422834,422834,423843,423843,424449,424481,431481,431481,432109,432141,432175,435239,1527,1009,606,7000,628,453,0,600,1977,3098,3064,1377,404.6068791,13.93502896,1,79,-51,150,-1,-1,49,28,79,1.0
64,3,101,435242,436767,436767,437772,437772,438399,438431,444931,444931,445555,445587,445620,448692,1525,1005,627,6500,624,954,0,600,1465,3105,3072,865,418.0593644,13.45248533,1,4,1,150,1,1,51,5,4,2.0
64,3,102,448695,450217,450217,451225,451225,451830,451863,458863,458863,459495,459528,459561,462650,1522,1008,605,7000,632,544,0,600,1889,3122,3089,1289,432.0171017,13.95773729,1,29,-1,180,-1,-1,49,28,29,1.0
64,3,103,462653,464179,464179,465188,465188,465793,465826,471826,471826,472428,472461,472495,475602,1526,1009,605,6000,602,752,0,600,1706,3141,3107,1106,444.9695777,12.95247599,1,10,18,150,1,1,51,28,10,2.0
64,3,104,475605,477129,477129,478138,478138,478743,478775,486775,486775,487378,487411,487445,490544,1524,1009,605,8000,603,458,0,600,2001,3133,3099,1401,459.9110429,14.94146522,1,28,-8,210,-1,-1,49,20,28,1.0
64,3,105,490547,492072,492072,493077,493078,493701,493733,502733,502733,503361,503393,503427,506497,1525,1005,623,9000,628,432,0,600,1987,3104,3070,1387,475.8638685,15.95282556,1,4,3,180,1,1,51,7,4,2.0
64,3,106,506500,508022,508022,509028,509028,509633,509666,517166,517166,517785,517818,517852,520960,1522,1006,605,7500,619,365,0,600,2083,3142,3108,1483,490.3275725,14.46370404,1,4,6,210,1,1,51,10,4,2.0
64,3,107,520962,522486,522486,523494,523494,524099,524131,532631,532631,533256,533288,533321,536423,1524,1008,605,8500,625,654,0,600,1784,3135,3102,1184,505.7897559,15.46218342,0,10,4,190,1,-1,49,14,10,1.0
64,3,108,536425,537947,537947,538951,538951,539556,539588,546088,546088,546688,546720,546753,549862,1522,1004,605,6500,600,954,0,600,1515,3142,3109,915,519.2288347,13.43907882,0,11,-1,190,-1,1,51,10,11,2.0
64,4,109,49301,50831,50831,51853,51853,52462,52494,58994,58994,59610,59644,59680,62774,1530,1022,609,6500,616,381,0,600,2042,3130,3094,1442,13.48609535,13.48609535,1,2,3,200,1,1,51,5,2,2.0
64,4,110,62779,64304,64304,65306,65306,65915,65948,74948,74948,75564,75598,75632,78717,1525,1002,609,9000,616,735,0,600,1713,3119,3085,1113,29.42641001,15.94031466,1,56,-28,160,-1,-1,49,28,56,1.0
64,4,111,78720,80242,80242,81247,81247,81873,81905,87905,87905,88528,88560,88593,91681,1522,1005,626,6000,623,508,0,600,1916,3121,3088,1316,42.39107958,12.96466957,1,3,2,150,1,1,51,5,3,2.0
64,4,112,91684,93208,93208,94213,94213,94817,94849,102849,102849,103449,103482,103515,106620,1524,1005,604,8000,600,528,0,600,1939,3138,3105,1339,57.32966599,14.93858641,1,10,18,180,1,1,51,28,10,2.0
64,4,113,106623,108142,108142,109147,109147,109754,109786,118286,118286,118912,118945,118979,122078,1519,1005,607,8500,626,551,0,600,1892,3133,3099,1292,72.7876534,15.45798741,1,14,14,190,1,1,51,28,14,2.0
64,4,114,122081,123606,123606,124612,124612,125221,125253,132753,132753,133356,133389,133423,136514,1525,1006,609,7500,603,709,0,600,1748,3125,3091,1148,87.22323111,14.43557772,0,10,4,170,1,-1,49,14,10,1.0
64,4,115,136517,138040,138040,139046,139046,139654,139686,146686,146686,147288,147320,147355,150469,1523,1006,608,7000,602,501,0,600,1960,3149,3114,1360,101.1788833,13.95565224,1,14,6,210,1,1,51,20,14,2.0
64,4,116,150472,152000,152000,153003,153003,153607,153639,162139,162139,162743,162776,162811,165934,1528,1003,604,8500,604,550,0,600,1911,3158,3123,1311,116.6439411,15.46505771,1,28,-18,200,-1,-1,49,10,28,1.0
64,4,117,165937,167457,167457,168461,168461,169079,169111,175611,175611,176241,176273,176306,179394,1520,1004,618,6500,630,800,0,600,1628,3121,3088,1028,130.1036908,13.45974971,1,10,-5,160,-1,-1,49,5,10,1.0
64,4,118,179397,180923,180923,181927,181927,182534,182566,190566,190566,191166,191198,191231,194358,1526,1004,607,8000,600,683,0,600,1780,3160,3127,1180,145.0672933,14.96360249,1,15,-1,170,-1,-1,49,14,15,1.0
64,4,119,194361,195886,195886,196891,196891,197495,197528,205028,205028,205661,205694,205727,208793,1525,1005,604,7500,633,1005,0,600,1428,3099,3066,828,159.5021649,14.43487165,0,10,-3,170,-1,1,51,7,10,2.0
64,4,120,208796,210319,210319,211322,211322,211924,211958,217958,217958,218591,218624,218659,221740,1523,1003,602,6000,633,571,0,600,1868,3116,3081,1268,172.4496587,12.94749375,1,14,-9,210,-1,-1,49,5,14,1.0
64,4,121,221743,223272,223272,224279,224279,224882,224917,231917,231917,232520,232552,232587,235679,1529,1007,603,7000,603,482,0,600,1976,3127,3092,1376,186.3879503,13.93829169,1,10,-5,150,-1,-1,49,5,10,1.0
64,4,122,235682,237207,237207,238212,238212,238818,238851,247851,247851,248480,248512,248547,251617,1525,1005,606,9000,629,431,0,600,2004,3105,3070,1404,202.3264048,15.93845442,1,5,5,200,1,1,51,10,5,2.0
64,4,123,251620,253149,253149,254158,254158,254765,254798,263798,263798,264431,264463,264497,267579,1529,1009,607,9000,633,570,0,600,1852,3116,3082,1252,218.2880946,15.96168981,1,28,-14,150,-1,-1,49,14,28,1.0
64,4,124,267581,269101,269101,270103,270103,270731,270763,277763,277763,278394,278427,278461,281520,1520,1002,628,7000,631,1258,0,600,1161,3093,3059,561,232.2289993,13.9409047,1,8,-1,210,-1,-1,49,7,8,1.0
64,4,125,281523,283049,283049,284053,284053,284660,284693,292193,292193,292793,292826,292860,295978,1526,1004,607,7500,600,700,0,600,1763,3152,3118,1163,246.6874276,14.45842828,1,10,-3,190,-1,-1,49,7,10,1.0
64,4,126,295981,297507,297507,298511,298511,299115,299149,305149,305149,305752,305784,305817,308935,1526,1004,604,6000,603,997,0,600,1466,3151,3118,866,259.6444428,12.95701525,1,20,-10,200,-1,-1,49,10,20,1.0
64,4,127,308938,310458,310458,311461,311461,312069,312101,318601,318601,319219,319253,319286,322386,1520,1003,608,6500,618,396,0,600,2055,3133,3100,1455,273.0947099,13.45026709,1,57,-37,170,-1,-1,49,20,57,1.0
64,4,128,322388,323911,323911,324918,324918,325519,325551,333551,333551,334152,334184,334219,337348,1523,1007,601,8000,601,1298,0,600,1170,3164,3129,570,288.0567993,14.9620894,0,6,-1,180,-1,1,51,5,6,2.0
64,4,129,337350,338873,338873,339880,339880,340484,340517,349017,349017,349620,349653,349688,352799,1523,1007,604,8500,603,725,0,600,1738,3146,3111,1138,303.5080229,15.45122358,1,7,13,190,1,1,51,20,7,2.0
64,4,130,352802,354332,354332,355340,355340,355946,355979,361979,361979,362579,362611,362645,365757,1530,1008,606,6000,600,825,0,600,1631,3146,3112,1031,316.4653955,12.95737265,1,21,-1,160,-1,-1,49,20,21,1.0
64,4,131,365759,367283,367283,368284,368284,368903,368936,375436,375436,376057,376089,376123,379206,1524,1001,619,6500,621,601,0,600,1834,3117,3083,1234,329.9151166,13.44972104,1,4,3,170,1,1,51,7,4,2.0
64,4,132,379209,380733,380733,381739,381739,382344,382377,390377,390377,391003,391037,391072,394165,1524,1006,605,8000,626,611,0,600,1828,3128,3093,1228,344.8738341,14.95871758,1,5,9,210,1,1,51,14,5,2.0
64,4,133,394168,395699,395699,396706,396706,397310,397342,405842,405842,406442,406475,406508,409627,1531,1007,604,8500,600,768,0,600,1690,3152,3119,1090,360.3359344,15.46210025,1,20,-13,150,-1,-1,49,7,20,1.0
64,4,134,409629,411156,411156,412160,412160,412767,412799,420299,420299,420933,420965,420999,424067,1527,1004,607,7500,634,1555,0,600,873,3102,3068,273,374.7761128,14.44017845,1,5,5,170,1,1,51,10,5,2.0
64,4,135,424070,425595,425595,426602,426602,427211,427243,434243,434243,434860,434892,434925,438019,1525,1007,609,7000,617,611,0,600,1831,3127,3094,1231,388.728176,13.95206314,1,56,-28,200,-1,-1,49,28,56,1.0
64,4,136,438022,439546,439546,440553,440553,441159,441193,450193,450193,450795,450827,450863,453956,1524,1007,606,9000,602,582,0,600,1879,3129,3093,1279,404.6647602,15.93658423,1,5,5,160,1,1,51,10,5,2.0
64,4,137,453959,455483,455483,456488,456488,457090,457123,463123,463123,463725,463758,463793,466913,1524,1005,602,6000,602,640,0,600,1827,3155,3120,1227,417.6220946,12.95733438,1,10,18,170,1,1,51,28,10,2.0
64,4,138,466916,468439,468439,469441,469441,470042,470075,479075,479075,479676,479710,479744,482859,1523,1002,601,9000,601,510,0,600,1963,3149,3115,1363,433.5681006,15.94600598,1,21,-1,160,-1,-1,49,20,21,1.0
64,4,139,482862,484386,484386,485392,485392,486001,486033,494033,494033,494634,494668,494703,497820,1524,1006,609,8000,601,599,0,600,1861,3152,3117,1261,448.5285524,14.96045186,1,10,4,200,1,1,51,14,10,2.0
64,4,140,497823,499350,499350,500357,500357,500963,500997,508497,508497,509099,509131,509166,512273,1527,1007,606,7500,602,949,0,600,1509,3142,3107,909,462.9818939,14.45334147,1,5,9,150,1,1,51,14,5,2.0
64,4,141,512275,513799,513799,514803,514803,515409,515441,523941,523941,524556,524589,524623,527709,1524,1004,606,8500,615,510,0,600,1941,3120,3086,1341,478.4181409,15.43624702,1,40,-20,180,-1,-1,49,20,40,1.0
64,4,142,527712,529239,529239,530242,530242,530846,530878,537378,537378,537997,538029,538063,541164,1527,1003,604,6500,619,591,0,600,1856,3135,3101,1256,491.8731061,13.45496515,1,2,5,150,1,1,51,7,2,2.0
64,4,143,541167,542694,542694,543703,543703,544312,544344,551344,551344,551944,551978,552011,555128,1527,1009,609,7000,600,577,0,600,1878,3150,3117,1278,505.8369509,13.96384477,1,40,-12,180,-1,-1,49,28,40,1.0
64,4,144,555131,556657,556657,557664,557664,558267,558299,565299,565299,565929,565961,565994,569069,1526,1007,603,7000,630,757,0,600,1677,3108,3075,1077,519.7777908,13.94083991,1,7,3,190,1,1,51,10,7,2.0
64,5,145,25664,27187,27188,28208,28208,28810,28842,35342,35342,35946,35978,36015,39122,1523,1020,602,6500,604,391,0,600,2060,3144,3107,1460,13.4706089,13.4706089,1,20,-13,190,-1,-1,49,7,20,1.0
64,5,146,39127,40652,40652,41659,41659,42263,42296,48296,48296,48912,48946,48979,52067,1525,1007,604,6000,616,481,0,600,1967,3121,3088,1367,26.41404285,12.94343395,1,56,-28,200,-1,-1,49,28,56,1.0
64,5,147,52070,53597,53597,54600,54600,55226,55258,63758,63758,64388,64420,64453,67514,1527,1003,626,8500,630,487,0,600,1927,3094,3061,1327,41.86072868,15.44668583,1,10,-5,190,-1,-1,49,5,10,1.0
64,5,148,67517,69042,69042,70044,70044,70672,70706,79706,79706,80334,80366,80400,83467,1525,1002,628,9000,628,582,0,600,1835,3101,3067,1235,57.81328122,15.95255254,1,6,-1,160,-1,-1,49,5,6,1.0
64,5,149,83469,84993,84993,85997,85997,86604,86637,94137,94137,94739,94771,94807,97910,1524,1004,607,7500,602,556,0,600,1907,3139,3103,1307,72.25701651,14.4437353,1,14,14,210,1,1,51,28,14,2.0
64,5,150,97913,99438,99438,100445,100445,101061,101094,108094,108094,108727,108759,108792,111863,1525,1007,616,7000,633,526,0,600,1893,3104,3071,1293,86.20949944,13.95248292,1,10,-5,210,-1,-1,49,5,10,1.0
64,5,151,111865,113394,113394,114400,114400,115003,115035,123035,123035,123667,123700,123733,126818,1529,1006,603,8000,632,408,0,600,2022,3118,3085,1422,101.1642949,14.95479549,1,15,-1,200,-1,-1,49,14,15,1.0
64,5,152,126821,128345,128345,129348,129348,129972,130005,136505,136505,137122,137155,137189,140280,1524,1003,624,6500,617,413,0,600,2019,3125,3091,1419,114.6262557,13.46196072,1,3,2,170,1,1,51,5,3,2.0
64,5,153,140283,141808,141808,142839,142839,143444,143477,150977,150977,151610,151642,151676,154741,1525,1031,605,7500,633,680,0,600,1726,3099,3065,1126,129.0874232,14.46116757,1,28,-8,150,-1,-1,49,20,28,1.0
64,5,154,154744,156267,156267,157274,157274,157880,157914,163914,163914,164538,164570,164603,167689,1523,1007,606,6000,624,901,0,600,1539,3119,3086,939,142.0354407,12.9480175,1,7,13,160,1,1,51,20,7,2.0
64,5,155,167692,169218,169218,170221,170221,170827,170859,179359,179359,179960,179993,180026,183137,1526,1003,606,8500,601,533,0,600,1931,3144,3111,1331,157.4832608,15.44782011,1,28,-14,150,-1,-1,49,14,28,1.0
64,5,156,183140,184660,184660,185664,185664,186271,186304,194304,194304,194933,194965,194999,198089,1520,1004,607,8000,629,929,0,600,1511,3124,3090,911,172.4353089,14.95204807,1,10,18,210,1,1,51,28,10,2.0
64,5,157,198092,199615,199615,200625,200625,201231,201264,208264,208264,208897,208930,208963,212035,1523,1010,606,7000,633,848,0,600,1580,3105,3072,980,186.3813902,13.94608132,1,28,-14,200,-1,-1,49,14,28,1.0
64,5,158,212038,213561,213561,214566,214566,215195,215227,224227,224227,224827,224859,224892,227988,1523,1005,629,9000,600,583,0,600,1860,3129,3096,1260,202.3343176,15.95292742,0,28,-8,170,-1,1,51,20,28,2.0
64,5,159,227991,229515,229515,230522,230522,231150,231182,237682,237682,238309,238341,238374,241422,1524,1007,628,6500,627,565,0,600,1849,3081,3048,1249,215.7682635,13.4339459,1,4,1,180,1,1,51,5,4,2.0
64,5,160,241425,242950,242950,243955,243955,244562,244594,253094,253094,253696,253728,253761,256880,1525,1005,607,8500,602,442,0,600,2019,3152,3119,1419,231.2264842,15.45822065,1,57,-37,200,-1,-1,49,20,57,1.0
64,5,161,256882,258410,258410,259420,259420,260026,260059,268059,268059,268673,268705,268739,271828,1528,1010,606,8000,614,315,0,600,2127,3123,3089,1527,246.1741518,14.94766763,1,7,13,150,1,1,51,20,7,2.0
64,5,162,271831,273349,273349,274354,274354,274959,274991,281991,281991,282591,282624,282658,285792,1518,1005,605,7000,600,459,0,600,2013,3168,3134,1413,260.1381277,13.96397586,1,20,-6,210,-1,-1,49,14,20,1.0
64,5,163,285795,287321,287321,288329,288329,288935,288968,296468,296468,297068,297101,297134,300233,1526,1008,606,7500,600,494,0,600,1966,3132,3099,1366,274.5797144,14.44158666,1,28,-14,160,-1,-1,49,14,28,1.0
64,5,164,300236,301763,301763,302770,302770,303373,303406,312406,312406,313033,313065,313098,316169,1527,1007,603,9000,627,620,0,600,1816,3104,3071,1216,290.5153029,15.93558857,1,7,3,170,1,1,51,10,7,2.0
64,5,165,316172,317695,317695,318699,318699,319305,319337,325337,325337,325938,325970,326004,329132,1523,1004,606,6000,601,458,0,600,2008,3162,3128,1408,303.4782819,12.96297899,1,21,-1,190,-1,-1,49,20,21,1.0
64,5,166,329135,330659,330659,331665,331665,332268,332301,339801,339801,340421,340453,340486,343570,1524,1006,603,7500,620,601,0,600,1846,3117,3084,1246,317.9156515,14.43736955,1,5,5,150,1,1,51,10,5,2.0
64,5,167,343572,345089,345089,346092,346092,346697,346730,353230,353230,353847,353879,353913,357009,1517,1003,605,6500,617,422,0,600,2036,3130,3096,1436,331.3557112,13.44005972,1,56,-28,160,-1,-1,49,28,56,1.0
64,5,168,357013,358537,358537,359543,359543,360143,360176,367176,367176,367797,367829,367862,370944,1524,1006,600,7000,621,447,0,600,2002,3115,3082,1402,345.2896604,13.93394922,1,14,-7,190,-1,-1,49,7,14,1.0
64,5,169,370947,372465,372465,373469,373469,374094,374127,380127,380127,380750,380783,380816,383898,1518,1004,625,6000,623,528,0,600,1902,3115,3082,1302,358.2435009,12.95384051,1,14,-9,150,-1,-1,49,5,14,1.0
64,5,170,383900,385424,385424,386426,386426,387031,387063,395563,395563,396166,396199,396232,399337,1524,1002,605,8500,603,622,0,600,1844,3138,3105,1244,373.6835242,15.44002325,0,20,8,160,1,-1,49,28,20,1.0
64,5,171,399340,400865,400865,401872,401872,402478,402511,410511,410511,411112,411145,411178,414287,1525,1007,606,8000,601,668,0,600,1793,3142,3109,1193,388.6329511,14.94942692,1,15,-1,180,-1,-1,49,14,15,1.0
64,5,172,414290,415810,415810,416813,416813,417417,417450,426450,426450,427050,427082,427116,430238,1520,1003,604,9000,600,507,0,600,1966,3156,3122,1366,404.583719,15.95076793,1,11,-1,150,-1,-1,49,10,11,1.0
64,5,173,430241,431768,431768,432772,432772,433373,433405,440905,440905,441523,441556,441589,444681,1527,1004,601,7500,618,484,0,600,1966,3125,3092,1366,419.0266295,14.4429105,1,2,5,150,1,1,51,7,2,2.0
64,5,174,444684,446208,446208,447213,447213,447818,447851,456351,456351,456952,456985,457018,460120,1524,1005,605,8500,601,392,0,600,2073,3135,3102,1473,434.4660805,15.43945099,1,28,-18,180,-1,-1,49,10,28,1.0
64,5,175,460123,461640,461640,462641,462641,463250,463282,469782,469782,470405,470437,470470,473575,1517,1001,609,6500,623,626,0,600,1824,3138,3105,1224,447.9209275,13.45484703,1,14,14,170,1,1,51,28,14,2.0
64,5,176,473578,475098,475098,476105,476105,476724,476756,483756,483756,484382,484415,484448,487538,1520,1007,619,7000,626,353,0,600,2075,3123,3090,1475,461.8842537,13.96332615,1,4,3,190,1,1,51,7,4,2.0
64,5,177,487541,489061,489061,490068,490068,490696,490729,499729,499729,500351,500383,500417,503487,1520,1007,628,9000,622,492,0,600,1931,3104,3070,1331,477.8331541,15.94890046,1,5,2,180,1,1,51,7,5,2.0
64,5,178,503490,505015,505015,506019,506019,506624,506657,514657,514657,515287,515320,515352,518445,1525,1004,605,8000,630,683,0,600,1753,3125,3093,1153,492.7907847,14.95763061,1,11,-1,170,-1,-1,49,10,11,1.0
64,5,179,518448,519970,519970,520977,520977,521585,521618,527618,527618,528235,528267,528301,531397,1522,1007,608,6000,617,458,0,600,1988,3130,3096,1388,505.7428256,12.95204084,1,7,3,160,1,1,51,10,7,2.0
64,5,180,531399,532927,532927,533932,533932,534555,534587,543087,543087,543687,543719,543752,546853,1528,1005,623,8500,600,527,0,600,1917,3134,3101,1317,521.1991131,15.45628748,1,10,-3,190,-1,-1,49,7,10,1.0
64,6,181,30641,32167,32167,33189,33189,33807,33840,42840,42840,43467,43499,43534,46606,1526,1022,618,9000,627,457,0,600,1950,3107,3072,1350,15.97702467,15.97702467,1,5,5,190,1,1,51,10,5,2.0
64,6,182,46611,48132,48132,49137,49137,49769,49802,56302,56302,56920,56952,56986,60052,1521,1005,632,6500,618,391,0,600,2033,3100,3066,1433,29.42159019,13.44456552,1,2,3,160,1,1,51,5,2,2.0
64,6,183,60055,61580,61580,62586,62586,63186,63218,70218,70218,70818,70851,70885,73991,1525,1006,600,7000,600,629,0,600,1840,3140,3106,1240,43.36038062,13.93879042,1,14,14,160,1,1,51,28,14,2.0
64,6,184,73994,75517,75517,76523,76523,77126,77159,83159,83159,83785,83817,83851,86951,1523,1006,603,6000,626,360,0,600,2082,3134,3100,1482,56.32041691,12.96003629,1,2,3,150,1,1,51,5,2,2.0
64,6,185,86954,88479,88479,89487,89487,90093,90126,98626,98626,99247,99280,99313,102386,1525,1008,606,8500,621,525,0,600,1915,3106,3073,1315,71.75572613,15.43530921,1,79,-51,160,-1,-1,49,28,79,1.0
64,6,186,102389,103910,103910,104916,104916,105521,105553,113553,113553,114185,114217,114251,117323,1521,1006,605,8000,632,428,0,600,2008,3106,3072,1408,86.69215094,14.93642482,1,4,6,170,1,1,51,10,4,2.0
64,6,187,117326,118850,118850,119853,119853,120456,120488,127988,127988,128621,128652,128686,131781,1524,1003,603,7500,633,936,0,600,1501,3129,3095,901,101.149799,14.45764809,1,8,-1,200,-1,-1,49,7,8,1.0
64,6,188,131784,133306,133306,134312,134312,134918,134951,140951,140951,141551,141583,141617,144725,1522,1006,606,6000,600,306,0,600,2160,3142,3108,1560,114.0939915,12.94419245,1,40,-20,210,-1,-1,49,20,40,1.0
64,6,189,144728,146250,146250,147256,147256,147889,147921,154921,154921,155553,155586,155620,158684,1522,1006,633,7000,632,322,0,600,2085,3098,3064,1485,128.0532548,13.95926333,1,10,-5,190,-1,-1,49,5,10,1.0
64,6,190,158687,160213,160213,161222,161222,161826,161859,169359,169359,169963,169995,170029,173145,1526,1009,604,7500,604,377,0,600,2080,3150,3116,1480,142.5142648,14.46100996,1,40,-12,180,-1,-1,49,28,40,1.0
64,6,191,173148,174667,174667,175673,175673,176277,176311,182811,182811,183413,183446,183479,186597,1519,1006,604,6500,602,734,0,600,1735,3151,3118,1135,155.9664108,13.45214601,1,14,14,170,1,1,51,28,14,2.0
64,6,192,186600,188126,188126,189133,189133,189737,189770,197770,197770,198371,198404,198439,201534,1526,1007,604,8000,601,975,0,600,1487,3130,3095,887,170.9031201,14.93670929,1,5,5,170,1,1,51,10,5,2.0
64,6,193,201536,203061,203061,204068,204068,204690,204722,213222,213222,213822,213854,213887,216975,1525,1007,622,8500,600,287,0,600,2159,3121,3088,1559,186.3444774,15.44135733,1,14,-7,180,-1,-1,49,7,14,1.0
64,6,194,216978,218502,218502,219508,219508,220112,220145,229145,229145,229770,229802,229835,232917,1524,1006,604,9000,625,407,0,600,2034,3115,3082,1434,202.2861882,15.94171082,1,28,-14,180,-1,-1,49,14,28,1.0
64,6,195,232920,234445,234445,235452,235452,236059,236092,244592,244592,245213,245247,245280,248364,1525,1007,607,8500,621,283,0,600,2157,3117,3084,1557,217.7330639,15.44687568,1,79,-51,150,-1,-1,49,28,79,1.0
64,6,196,248366,249890,249890,250897,250897,251503,251535,258535,258535,259153,259185,259219,262321,1524,1007,606,7000,618,489,0,600,1956,3136,3102,1356,231.6894674,13.9564035,1,10,18,200,1,1,51,28,10,2.0
64,6,197,262323,263848,263848,264851,264851,265457,265490,273490,273490,274122,274154,274187,277257,1525,1003,606,8000,632,497,0,600,1937,3103,3070,1337,246.6263099,14.93684249,1,28,-14,190,-1,-1,49,14,28,1.0
64,6,198,277260,278787,278787,279794,279794,280401,280434,287934,287934,288562,288594,288627,291707,1527,1007,607,7500,628,759,0,600,1672,3113,3080,1072,261.0757694,14.44945947,1,10,10,160,1,1,51,20,10,2.0
64,6,199,291710,293234,293234,294239,294239,294844,294876,303876,303876,304476,304509,304543,307656,1524,1005,605,9000,600,632,0,600,1834,3147,3113,1234,277.0246234,15.94885405,0,14,6,170,1,-1,49,20,14,1.0
64,6,200,307658,309183,309183,310187,310187,310794,310826,317326,317326,317927,317961,317994,321112,1525,1004,607,6500,601,346,0,600,2117,3151,3118,1517,290.4802091,13.45558564,1,7,13,160,1,1,51,20,7,2.0
64,6,201,321114,322638,322638,323647,323647,324251,324283,330283,330283,330915,330947,330981,334058,1524,1009,604,6000,632,531,0,600,1900,3111,3077,1300,303.4267852,12.94657614,1,28,-8,160,-1,-1,49,20,28,1.0
64,6,202,334061,335587,335587,336594,336594,337203,337235,343235,343235,343858,343890,343923,346995,1526,1007,609,6000,623,400,0,600,2035,3105,3072,1435,316.3642328,12.9374476,1,7,3,190,1,1,51,10,7,2.0
64,6,203,346998,348524,348524,349528,349528,350130,350163,359163,359163,359765,359797,359831,362957,1526,1004,602,9000,602,745,0,600,1721,3160,3126,1121,332.3260983,15.9618655,1,7,3,180,1,1,51,10,7,2.0
64,6,204,362960,364488,364488,365494,365494,366112,366144,374144,374144,374767,374800,374833,377906,1528,1006,618,8000,623,466,0,600,1959,3106,3073,1359,347.275037,14.94893873,1,5,2,180,1,1,51,7,5,2.0
64,6,205,377909,379432,379432,380441,380441,381042,381075,389575,389575,390199,390232,390265,393373,1523,1009,601,8500,624,367,0,600,2076,3141,3108,1476,362.7419203,15.4668833,1,2,5,190,1,1,51,7,2,2.0
64,6,206,393376,394898,394898,395902,395902,396508,396541,403041,403041,403643,403675,403709,406823,1522,1004,606,6500,602,668,0,600,1798,3148,3114,1198,376.1921651,13.45024479,1,14,-4,180,-1,-1,49,10,14,1.0
64,6,207,406826,408347,408347,409353,409353,409984,410017,417017,417017,417617,417650,417683,420786,1521,1006,631,7000,600,429,0,600,2013,3136,3103,1413,390.1550962,13.96293108,1,14,-9,210,-1,-1,49,5,14,1.0
64,6,208,420790,422314,422314,423316,423316,423918,423950,431450,431450,432053,432085,432119,435246,1524,1002,602,7500,603,350,0,600,2119,3161,3127,1519,404.6140711,14.45897494,1,14,-7,200,-1,-1,49,7,14,1.0
64,6,209,435249,436770,436770,437778,437778,438384,438417,447417,447417,448051,448084,448118,451210,1521,1008,606,9000,634,648,0,600,1783,3126,3092,1183,420.578719,15.96464787,1,20,-6,190,-1,-1,49,14,20,1.0
64,6,210,451213,452737,452737,453738,453738,454347,454380,460880,460880,461489,461521,461555,464665,1524,1001,609,6500,609,309,0,600,2148,3144,3110,1548,434.0336049,13.4548859,1,40,-26,160,-1,-1,49,14,40,1.0
64,6,211,464668,466189,466189,467197,467197,467829,467862,475862,475862,476494,476526,476559,479609,1521,1008,632,8000,632,342,0,600,2065,3083,3050,1465,448.9777057,14.94410084,1,14,-9,210,-1,-1,49,5,14,1.0
64,6,212,479612,481136,481136,482144,482144,482747,482780,488780,488780,489382,489414,489448,492569,1524,1008,603,6000,602,317,0,600,2146,3155,3121,1546,461.9372481,12.95954238,1,14,-7,170,-1,-1,49,7,14,1.0
64,6,213,492572,494095,494095,495099,495099,495702,495734,504234,504234,504865,504897,504931,508026,1523,1004,603,8500,631,481,0,600,1958,3129,3095,1358,477.3944418,15.45719365,0,20,-6,170,-1,1,51,14,20,2.0
64,6,214,508029,509551,509551,510553,510553,511158,511190,518690,518690,519323,519356,519390,522474,1522,1002,605,7500,633,895,0,600,1543,3118,3084,943,491.8425662,14.44812448,1,14,6,150,1,1,51,20,14,2.0
64,6,215,522477,524003,524003,525009,525009,525637,525669,532669,532669,533290,533322,533356,536422,1526,1006,628,7000,621,621,0,600,1798,3100,3066,1198,505.789768,13.94720174,1,2,3,150,1,1,51,5,2,2.0
64,6,216,536425,537952,537952,538962,538962,539566,539599,546599,546599,547231,547264,547297,550358,1527,1010,604,7000,632,1260,0,600,1167,3094,3061,567,519.7262561,13.9364881,0,28,-14,200,-1,1,51,14,28,2.0
